0 0.10546875 0.8578125 0.0484375 0.159375
0 0.659375 0.73671875 0.05390625 0.11328125
0 0.175 0.70859375 0.05625 0.09375
0 0.25703125 0.91953125 0.04375 0.1609375
0 0.07734375 0.6359375 0.0421875 0.1359375
0 0.9234375 0.48046875 0.0171875 0.065625
0 0.21875 0.4390625 0.03828125 0.078125
0 0.490625 0.934375 0.103125 0.13125
0 0.53515625 0.36015625 0.01875 0.08203125
0 0.4796875 0.50234375 0.04296875 0.09453125
0 0.74609375 0.37734375 0.01875 0.0703125
0 0.78515625 0.36015625 0.0203125 0.06484375
0 0.0640625 0.553125 0.02890625 0.08203125
0 0.8828125 0.2796875 0.0234375 0.0546875
0 0.91328125 0.37890625 0.01875 0.04453125
0 0.85234375 0.2609375 0.0171875 0.03671875
0 0.69140625 0.50625 0.03828125 0.059375
0 0.22890625 0.7484375 0.09296875 0.1359375