0 0.034375 0.04453125 0.06875 0.0890625
0 0.0546875 0.6671875 0.08984375 0.18125
0 0.36640625 0.5546875 0.071875 0.15234375
0 0.13828125 0.21171875 0.08984375 0.22109375
0 0.2 0.22265625 0.1484375 0.19765625
0 0.384375 0.23671875 0.065625 0.109375
0 0.06875 0.865625 0.12109375 0.26875
0 0.4953125 0.65859375 0.04609375 0.14453125
0 0.496875 0.1328125 0.05078125 0.0890625
0 0.2015625 0.04609375 0.06875 0.0921875
0 0.38671875 0.1078125 0.04609375 0.109375
0 0.18671875 0.5828125 0.13984375 0.2484375
0 0.440625 0.1078125 0.04921875 0.0984375
0 0.21015625 0.85234375 0.06328125 0.178125
0 0.46640625 0.4984375 0.0625 0.15078125
0 0.5203125 0.89453125 0.05625 0.1140625
0 0.353125 0.32734375 0.07578125 0.1796875
0 0.36171875 0.73359375 0.06796875 0.140625
0 0.60625 0.86171875 0.040625 0.10234375
0 0.24765625 0.071875 0.07109375 0.10390625
0 0.31640625 0.04765625 0.0609375 0.0953125
0 0.2796875 0.8296875 0.0453125 0.1640625
0 0.528125 0.621875 0.03125 0.115625
0 0.41875 0.4890625 0.03671875 0.115625
0 0.68203125 0.89765625 0.04609375 0.1015625
0 0.7546875 0.8328125 0.03671875 0.096875
0 0.4515625 0.68515625 0.03984375 0.17734375
0 0.3328125 0.81796875 0.04921875 0.1453125
0 0.0125 0.9453125 0.025 0.109375
0 0.4234375 0.93515625 0.07734375 0.1296875
0 0.5390625 0.25859375 0.0578125 0.08203125
0 0.13359375 0.63671875 0.0484375 0.096875
0 0.3578125 0.978125 0.034375 0.04375
0 0.3671875 0.03203125 0.06484375 0.06328125
0 0.6984375 0.8234375 0.0359375 0.0875
0 0.51171875 0.96015625 0.0296875 0.0796875
0 0.5984375 0.28046875 0.034375 0.053125
0 0.78046875 0.91328125 0.0328125 0.115625
0 0.59375 0.740625 0.03671875 0.0921875
0 0.55390625 0.96015625 0.0515625 0.0796875
0 0.61171875 0.4421875 0.0375 0.06015625
0 0.7328125 0.9078125 0.0515625 0.07890625
0 0.68125 0.95859375 0.06015625 0.0828125
0 0.71640625 0.76640625 0.034375 0.0875
0 0.41796875 0.04296875 0.04453125 0.0859375
0 0.7828125 0.82734375 0.03046875 0.084375
0 0.56015625 0.5984375 0.03359375 0.08515625
0 0.628125 0.9359375 0.04140625 0.11484375
0 0.41796875 0.7265625 0.03203125 0.11015625
0 0.7953125 0.95703125 0.04921875 0.0859375
0 0.740625 0.74765625 0.034375 0.0984375
0 0.490625 0.8796875 0.04375 0.0890625
0 0.2546875 0.80390625 0.03671875 0.14296875
0 0.659375 0.4109375 0.05078125 0.0578125
0 0.640625 0.72265625 0.02734375 0.07734375
0 0.6171875 0.18828125 0.0328125 0.0453125
0 0.8109375 0.84765625 0.03984375 0.09453125
0 0.5671875 0.15390625 0.0625 0.075
0 0.59375 0.459375 0.0265625 0.0515625
0 0.7109375 0.6046875 0.028125 0.0578125
0 0.5078125 0.2546875 0.03046875 0.0734375
0 0.76640625 0.9828125 0.03671875 0.03359375
0 0.728125 0.85703125 0.034375 0.065625
0 0.69296875 0.71328125 0.02109375 0.07265625
0 0.53125 0.81171875 0.03125 0.090625
0 0.665625 0.6828125 0.01796875 0.06953125
0 0.6421875 0.64296875 0.02890625 0.0703125
0 0.61484375 0.55234375 0.046875 0.07109375
0 0.5703125 0.42578125 0.02109375 0.0578125
0 0.5515625 0.7703125 0.02734375 0.08671875
0 0.65390625 0.76953125 0.03125 0.06796875
0 0.6640625 0.28203125 0.02890625 0.0609375
0 0.77734375 0.6828125 0.034375 0.0546875
0 0.62890625 0.284375 0.0234375 0.04296875
0 0.66171875 0.23359375 0.0328125 0.04375
0 0.709375 0.36328125 0.02890625 0.03984375
0 0.5984375 0.409375 0.021875 0.0484375
0 0.38203125 0.9828125 0.03359375 0.03359375
0 0.74296875 0.621875 0.02421875 0.05390625
0 0.7734375 0.7328125 0.021875 0.07265625
0 0.73203125 0.9703125 0.0359375 0.059375
0 0.7109375 0.70078125 0.02578125 0.05546875
0 0.61640625 0.409375 0.0203125 0.04609375
0 0.79453125 0.7671875 0.02734375 0.05078125
0 0.72734375 0.31015625 0.025 0.04140625
0 0.7359375 0.678125 0.034375 0.05
0 0.821875 0.60703125 0.01953125 0.05625
0 0.80390625 0.68671875 0.02421875 0.05234375
0 0.7625 0.63515625 0.021875 0.0484375
0 0.7578125 0.6046875 0.02109375 0.05078125
0 0.70625 0.25703125 0.01875 0.03671875
0 0.653125 0.509375 0.02421875 0.05234375
0 0.621875 0.2625 0.02265625 0.02890625
0 0.7078125 0.3015625 0.0203125 0.0375
0 0.80703125 0.64609375 0.021875 0.05390625
0 0.7984375 0.7234375 0.0265625 0.0484375
0 0.721875 0.27421875 0.01328125 0.03359375
0 0.771875 0.36015625 0.02265625 0.0265625
0 0.77890625 0.55390625 0.0203125 0.03828125
0 0.73828125 0.49296875 0.0234375 0.03203125
0 0.75 0.58671875 0.01953125 0.03828125
0 0.77421875 0.6125 0.0171875 0.040625
0 0.73125 0.53046875 0.01484375 0.04140625
0 0.7875 0.62421875 0.02109375 0.0375
0 0.7984375 0.57578125 0.021875 0.03828125
0 0.15546875 0.71171875 0.134375 0.18125
0 0.1671875 0.93828125 0.04375 0.1234375
0 0.3984375 0.52734375 0.090625 0.17109375
0 0.26953125 0.02734375 0.04921875 0.0546875