0 0.234375 0.55546875 0.115625 0.1703125
0 0.01171875 0.07578125 0.0234375 0.1515625
0 0.06640625 0.88125 0.06953125 0.2375
0 0.00859375 0.7609375 0.01640625 0.19296875
0 0.06328125 0.69609375 0.06953125 0.24296875
0 0.20234375 0.70078125 0.10078125 0.2203125
0 0.11015625 0.6921875 0.06953125 0.23515625
0 0.2140625 0.0828125 0.07421875 0.165625
0 0.17890625 0.27890625 0.059375 0.159375
0 0.128125 0.96171875 0.06953125 0.07578125
0 0.359375 0.29296875 0.059375 0.115625
0 0.41796875 0.9390625 0.0515625 0.121875
0 0.015625 0.9390625 0.03125 0.121875
0 0.35859375 0.39140625 0.08203125 0.17734375
0 0.36328125 0.83359375 0.06640625 0.1671875
0 0.3640625 0.190625 0.06328125 0.10546875
0 0.346875 0.09609375 0.053125 0.10625
0 0.31015625 0.51953125 0.0890625 0.22421875
0 0.50703125 0.71015625 0.0359375 0.11171875
0 0.3875 0.10859375 0.05390625 0.10546875
0 0.78046875 0.98046875 0.0484375 0.0390625
0 0.58515625 0.228125 0.05234375 0.04765625
0 0.57734375 0.9671875 0.03125 0.06484375
0 0.17265625 0.88671875 0.065625 0.15625
0 0.425 0.1234375 0.0453125 0.1109375
0 0.56328125 0.44765625 0.034375 0.13984375
0 0.41640625 0.296875 0.046875 0.1125
0 0.7578125 0.9609375 0.03515625 0.07734375
0 0.4609375 0.75625 0.03359375 0.07109375
0 0.6109375 0.86171875 0.02265625 0.10859375
0 0.61640625 0.94375 0.0296875 0.1125
0 0.409375 0.7390625 0.05625 0.1015625
0 0.55390625 0.32734375 0.04453125 0.08671875
0 0.58203125 0.2671875 0.046875 0.0546875
0 0.58984375 0.7578125 0.04453125 0.07734375
0 0.55078125 0.24140625 0.0453125 0.0515625
0 0.6375 0.28125 0.01796875 0.03046875
0 0.49453125 0.9046875 0.03359375 0.08984375
0 0.51640625 0.54453125 0.028125 0.09140625
0 0.646875 0.46015625 0.046875 0.0734375
0 0.471875 0.56328125 0.03515625 0.08984375
0 0.45703125 0.93359375 0.0375 0.07265625
0 0.5671875 0.91328125 0.028125 0.07890625
0 0.63125 0.70703125 0.03046875 0.07890625
0 0.46328125 0.6796875 0.03828125 0.08359375
0 0.5234375 0.9515625 0.04921875 0.09609375
0 0.59140625 0.596875 0.02421875 0.06484375
0 0.63359375 0.44765625 0.0234375 0.04140625
0 0.65859375 0.95703125 0.03984375 0.0859375
0 0.6546875 0.8703125 0.028125 0.09765625
0 0.6234375 0.59453125 0.025 0.05859375
0 0.59296875 0.34609375 0.02109375 0.0421875
0 0.6796875 0.36484375 0.021875 0.03671875
0 0.6796875 0.98203125 0.0453125 0.03515625
0 0.61328125 0.3515625 0.02421875 0.03984375
0 0.65546875 0.3625 0.02421875 0.0375
0 0.51328125 0.6703125 0.0296875 0.0609375
0 0.6125 0.6421875 0.025 0.07421875
0 0.59921875 0.5078125 0.025 0.0625
0 0.61640625 0.49765625 0.02265625 0.06171875
0 0.67890625 0.3046875 0.021875 0.04609375
0 0.65234375 0.29609375 0.025 0.05078125
0 0.6671875 0.27890625 0.0203125 0.02734375
0 0.59140625 0.47734375 0.02109375 0.053125
0 0.5546875 0.82421875 0.015625 0.0609375
0 0.66796875 0.23984375 0.0234375 0.03125
0 0.7125 0.36796875 0.0140625 0.03046875
0 0.68984375 0.2328125 0.0203125 0.03125
0 0.6953125 0.5453125 0.02421875 0.04375
0 0.66796875 0.5578125 0.02109375 0.06484375
0 0.69765625 0.3265625 0.015625 0.02734375
0 0.71015625 0.42734375 0.0203125 0.03203125
0 0.765625 0.8703125 0.03671875 0.06953125
0 0.6984375 0.36796875 0.01796875 0.03203125
0 0.79375 0.36640625 0.03125 0.04140625
0 0.7203125 0.93046875 0.040625 0.09765625
0 0.63515625 0.55859375 0.01875 0.06796875
0 0.578125 0.8453125 0.0234375 0.0890625
0 0.66171875 0.70703125 0.0296875 0.05625
0 0.6859375 0.93984375 0.03359375 0.0859375
0 0.54375 0.6265625 0.02890625 0.078125
0 0.69609375 0.80859375 0.02890625 0.05390625
0 0.5296875 0.859375 0.02890625 0.1046875
0 0.7171875 0.8578125 0.02265625 0.084375
0 0.67890625 0.815625 0.025 0.06484375
0 0.7078125 0.446875 0.01875 0.03203125
0 0.7453125 0.39296875 0.01328125 0.03359375
0 0.69375 0.86484375 0.02890625 0.09375
0 0.678125 0.85703125 0.01640625 0.065625
0 0.65078125 0.5578125 0.0171875 0.06640625
0 0.71328125 0.33203125 0.01953125 0.0359375
0 0.734375 0.5046875 0.0203125 0.034375
0 0.76015625 0.42578125 0.0234375 0.0359375
0 0.76171875 0.8046875 0.02109375 0.05859375
0 0.740625 0.5265625 0.01953125 0.03046875
0 0.72265625 0.78984375 0.01875 0.05390625
0 0.75546875 0.76796875 0.01796875 0.0546875
0 0.68125 0.721875 0.01796875 0.06484375
0 0.72734375 0.83046875 0.02734375 0.06875
0 0.78125 0.7734375 0.0359375 0.04296875
0 0.76953125 0.7140625 0.01875 0.05546875
0 0.7453125 0.8421875 0.02578125 0.0703125
0 0.71953125 0.703125 0.0234375 0.04921875
0 0.75078125 0.71953125 0.01875 0.05390625
0 0.79609375 0.62734375 0.0171875 0.034375
0 0.72890625 0.66796875 0.01796875 0.0484375
0 0.7796875 0.6953125 0.02265625 0.05078125
0 0.77578125 0.82109375 0.03125 0.06796875
0 0.72734375 0.56953125 0.021875 0.0390625
0 0.75234375 0.63515625 0.01640625 0.0359375
0 0.765625 0.64140625 0.0171875 0.0390625
0 0.753125 0.36171875 0.0328125 0.0453125
0 0.7 0.70078125 0.02734375 0.0453125
0 0.7078125 0.6484375 0.02109375 0.059375
0 0.74921875 0.46796875 0.01796875 0.0421875
0 0.7203125 0.61796875 0.01875 0.0390625
0 0.23828125 0.85546875 0.0921875 0.18984375
0 0.4609375 0.17734375 0.03203125 0.09921875
0 0.50390625 0.16875 0.05 0.11640625
0 0.29375 0.3015625 0.053125 0.0875
0 0.0578125 0.078125 0.065625 0.1484375
0 0.25234375 0.14375 0.0640625 0.1078125
0 0.31875 0.0859375 0.075 0.1671875
0 0.45234375 0.28515625 0.08515625 0.13203125
0 0.409375 0.58515625 0.06875 0.159375