0 0.4109375 0.7078125 0.228125 0.36875
0 0.0953125 0.759375 0.190625 0.38515625
0 0.31875 0.60625 0.08046875 0.240625
0 0.415625 0.50390625 0.1140625 0.28046875
0 0.24296875 0.4609375 0.10859375 0.17734375
0 0.80078125 0.4875 0.1359375 0.28359375
0 0.4375 0.33515625 0.078125 0.109375
0 0.6734375 0.4703125 0.08046875 0.275
0 0.3515625 0.40625 0.0546875 0.17421875
0 0.25234375 0.3078125 0.08046875 0.11328125
0 0.6359375 0.32421875 0.103125 0.14296875
0 0.878125 0.74765625 0.1765625 0.30625
0 0.33828125 0.346875 0.0421875 0.11640625