0 0.65390625 0.48828125 0.0625 0.11328125
0 0.2296875 0.178125 0.07265625 0.140625
0 0.30546875 0.175 0.04453125 0.153125
0 0.22734375 0.4625 0.06953125 0.1046875
0 0.359375 0.27421875 0.1375 0.15234375
0 0.653125 0.3453125 0.0484375 0.08359375
0 0.35546875 0.85390625 0.08671875 0.215625
0 0.2625 0.2765625 0.05859375 0.11171875
0 0.303125 0.8203125 0.071875 0.16484375
0 0.46484375 0.3421875 0.05859375 0.10546875
0 0.128125 0.1546875 0.07421875 0.146875
0 0.05390625 0.19765625 0.10703125 0.16015625
0 0.59296875 0.33125 0.0484375 0.06640625
0 0.5796875 0.378125 0.05859375 0.0703125
0 0.02734375 0.434375 0.05390625 0.109375
0 0.6609375 0.85625 0.0453125 0.0953125
0 0.146875 0.85390625 0.12734375 0.215625
0 0.6625 0.4078125 0.04140625 0.06328125
0 0.49765625 0.315625 0.0484375 0.11015625
0 0.61953125 0.9140625 0.03671875 0.10703125
0 0.7625 0.42109375 0.03984375 0.04296875
0 0.17578125 0.44609375 0.04765625 0.12734375
0 0.48359375 0.69921875 0.11640625 0.2421875
0 0.35 0.2203125 0.0453125 0.075
0 0.80234375 0.9484375 0.04375 0.07421875
0 0.4828125 0.46328125 0.08515625 0.14609375
0 0.04296875 0.87578125 0.05078125 0.1875
0 0.46796875 0.9390625 0.0578125 0.12109375
0 0.2546875 0.975 0.06484375 0.05
0 0.61796875 0.71796875 0.11953125 0.17109375
0 0.70546875 0.853125 0.02265625 0.09765625
0 0.3921875 0.95234375 0.065625 0.0953125
0 0.22734375 0.8515625 0.0953125 0.16796875
0 0.70859375 0.71171875 0.05390625 0.096875
0 0.80859375 0.446875 0.0203125 0.065625
0 0.77109375 0.97734375 0.0359375 0.0453125
0 0.7140625 0.50234375 0.0484375 0.103125
0 0.52890625 0.31015625 0.05078125 0.11796875
0 0.8609375 0.96328125 0.02109375 0.06953125
0 0.82421875 0.46015625 0.02421875 0.04609375
0 0.884375 0.83046875 0.028125 0.05703125
0 0.81015625 0.8875 0.03828125 0.05078125
0 0.7578125 0.51796875 0.0265625 0.0671875
0 0.94140625 0.86484375 0.02109375 0.0609375
0 0.81015625 0.71640625 0.02109375 0.065625
0 0.0125 0.98203125 0.025 0.0359375
0 0.78125 0.67890625 0.04375 0.0703125
0 0.90546875 0.84609375 0.0171875 0.06953125
0 0.95625 0.87421875 0.02109375 0.0546875
0 0.43203125 0.753125 0.08828125 0.1921875
0 0.8515625 0.828125 0.02734375 0.05078125
0 0.78203125 0.5234375 0.02109375 0.05625
0 0.7359375 0.696875 0.03515625 0.0765625
0 0.89296875 0.678125 0.01640625 0.03828125
0 0.890625 0.49765625 0.01484375 0.0328125
0 0.875 0.565625 0.028125 0.078125
0 0.79296875 0.78046875 0.01796875 0.04296875
0 0.81484375 0.53203125 0.02734375 0.04765625
0 0.8578125 0.4640625 0.02265625 0.02421875
0 0.8625 0.7953125 0.034375 0.0421875
0 0.82265625 0.51640625 0.015625 0.034375
0 0.803125 0.5234375 0.015625 0.05390625
0 0.8515625 0.4796875 0.02265625 0.03828125
0 0.9296875 0.8375 0.01328125 0.04375
0 0.953125 0.8234375 0.0125 0.046875
0 0.92578125 0.78359375 0.015625 0.03125
0 0.84609375 0.5328125 0.01796875 0.04453125
0 0.91796875 0.76953125 0.01875 0.034375
0 0.77421875 0.76953125 0.01875 0.04921875
0 0.865625 0.6359375 0.0109375 0.0390625
0 0.81171875 0.6734375 0.0296875 0.0703125
0 0.96171875 0.7640625 0.02109375 0.04140625
0 0.94140625 0.7859375 0.025 0.0390625
0 0.878125 0.5421875 0.0171875 0.03125
0 0.8640625 0.534375 0.01328125 0.0359375
0 0.91328125 0.65390625 0.0109375 0.028125
0 0.90390625 0.73515625 0.01640625 0.04765625
0 0.928125 0.66796875 0.01796875 0.02890625
0 0.88515625 0.78671875 0.01953125 0.03828125
0 0.91875 0.69609375 0.015625 0.0453125
0 0.840625 0.70390625 0.01796875 0.0421875
0 0.875 0.49296875 0.01796875 0.03046875
0 0.80234375 0.91484375 0.0296875 0.03984375
0 0.915625 0.73125 0.01640625 0.0484375
0 0.946875 0.75234375 0.01640625 0.040625
0 0.8703125 0.825 0.02109375 0.0484375
0 0.89140625 0.61953125 0.01171875 0.040625
0 0.89609375 0.775 0.01171875 0.03515625
0 0.95859375 0.7328125 0.01640625 0.04453125
0 0.93515625 0.71015625 0.0140625 0.02890625
0 0.90234375 0.5046875 0.0109375 0.0265625
0 0.8953125 0.54609375 0.0109375 0.021875
0 0.88046875 0.76171875 0.01171875 0.03359375
0 0.83359375 0.83203125 0.028125 0.04453125
0 0.846875 0.465625 0.01328125 0.03359375
0 0.93671875 0.5328125 0.040625 0.0515625
0 0.96875 0.73125 0.01328125 0.0328125
0 0.15390625 0.9828125 0.05546875 0.03359375
0 0.0625 0.9875 0.0546875 0.02421875