0 0.29921875 0.67734375 0.0609375 0.1546875
0 0.846875 0.28515625 0.02265625 0.03984375
0 0.796875 0.28203125 0.03203125 0.05
0 0.7265625 0.49375 0.04453125 0.06796875
0 0.7890625 0.47265625 0.03046875 0.08203125
0 0.8390625 0.5078125 0.0375 0.09609375
0 0.809375 0.54609375 0.03671875 0.084375
0 0.7515625 0.59609375 0.05703125 0.1046875
0 0.4109375 0.81328125 0.0578125 0.153125
0 0.39609375 0.93125 0.090625 0.1375
0 0.43515625 0.54140625 0.05 0.11015625
0 0.590625 0.86328125 0.06953125 0.1484375
0 0.57734375 0.57734375 0.05078125 0.0953125
0 0.78203125 0.80234375 0.0609375 0.12578125
0 0.5734375 0.97578125 0.09453125 0.04765625
0 0.99765625 0.52421875 0.0046875 0.07421875
0 0.6796875 0.5609375 0.02890625 0.10234375
0 0.6375 0.52734375 0.046875 0.090625
0 0.8859375 0.8203125 0.0484375 0.12109375
0 0.93671875 0.68125 0.03828125 0.11328125
0 0.9984375 0.43203125 0.003125 0.05234375
0 0.9484375 0.6078125 0.02734375 0.0828125
0 0.871875 0.5921875 0.025 0.1
0 0.89921875 0.5953125 0.03984375 0.09921875
0 0.946875 0.51796875 0.01796875 0.06015625
0 0.89375 0.25390625 0.0109375 0.025
0 0.9515625 0.29765625 0.009375 0.02421875
0 0.97890625 0.3484375 0.00859375 0.02578125
0 0.8921875 0.7234375 0.06171875 0.1078125
0 0.4078125 0.69765625 0.08671875 0.15859375