0 0.10234375 0.71953125 0.09609375 0.3140625
0 0.13203125 0.95078125 0.1734375 0.09765625
0 0.296875 0.8921875 0.171875 0.215625
0 0.33984375 0.77265625 0.11328125 0.23671875
0 0.47109375 0.5765625 0.10625 0.2171875
0 0.56015625 0.46640625 0.04921875 0.09921875
0 0.66171875 0.58515625 0.07734375 0.2078125
0 0.57890625 0.69375 0.1390625 0.14140625
0 0.5390625 0.74609375 0.07578125 0.296875
0 0.43359375 0.8984375 0.08984375 0.20234375
0 0.5078125 0.9078125 0.215625 0.184375
0 0.66640625 0.77265625 0.071875 0.20546875