0 0.171875 0.96640625 0.02890625 0.0671875
0 0.75546875 0.796875 0.05546875 0.13828125
0 0.9828125 0.94140625 0.0328125 0.11484375
0 0.72578125 0.40703125 0.0328125 0.06953125
0 0.6359375 0.59296875 0.040625 0.10546875
0 0.88359375 0.39765625 0.0234375 0.053125
0 0.8734375 0.45625 0.0203125 0.0640625
0 0.3421875 0.94375 0.07109375 0.1125
0 0.8984375 0.5578125 0.03203125 0.071875
0 0.75234375 0.6328125 0.04140625 0.0890625
0 0.878125 0.6390625 0.02734375 0.09921875
0 0.39921875 0.39453125 0.03515625 0.078125
0 0.77265625 0.93828125 0.06484375 0.121875
0 0.83828125 0.38359375 0.01796875 0.06015625
0 0.8859375 0.31484375 0.0171875 0.03515625
0 0.91953125 0.49453125 0.01796875 0.06484375
0 0.89921875 0.346875 0.01875 0.03984375
0 0.91015625 0.31953125 0.015625 0.03125
0 0.84453125 0.28203125 0.01953125 0.03125
0 0.95625 0.3015625 0.01484375 0.02890625
0 0.8703125 0.49296875 0.01953125 0.07109375
0 0.8296875 0.2796875 0.015625 0.03203125
0 0.89296875 0.271875 0.0109375 0.0296875
0 0.96640625 0.4828125 0.01484375 0.0625
0 0.81953125 0.28828125 0.0109375 0.04921875
0 0.975 0.51484375 0.01640625 0.065625
0 0.5359375 0.3890625 0.0359375 0.0671875
0 0.55859375 0.3546875 0.0171875 0.059375
0 0.1125 0.73515625 0.0265625 0.11796875
0 0.3046875 0.43515625 0.0265625 0.05390625
0 0.88671875 0.24296875 0.01171875 0.02578125
0 0.946875 0.30234375 0.01171875 0.03125
0 0.97421875 0.3140625 0.01015625 0.03046875
0 0.07734375 0.525 0.01953125 0.06875
0 0.99765625 0.48984375 0.0046875 0.0640625
0 0.96171875 0.32734375 0.00859375 0.028125
0 0.91171875 0.33359375 0.01640625 0.02578125
0 0.8203125 0.26328125 0.01015625 0.0265625
0 0.99765625 0.33046875 0.0046875 0.03203125