0 0.1640625 0.92109375 0.07890625 0.115625
0 0.37421875 0.9296875 0.05546875 0.140625
0 0.22890625 0.93828125 0.0609375 0.1234375
0 0.64921875 0.88671875 0.04296875 0.12265625
0 0.35 0.7765625 0.06796875 0.09609375
0 0.29453125 0.74765625 0.05234375 0.10546875
0 0.4109375 0.9078125 0.07734375 0.14765625
0 0.21640625 0.85703125 0.04453125 0.103125
0 0.2453125 0.7546875 0.05703125 0.109375
0 0.60859375 0.91796875 0.0484375 0.0828125
0 0.6375 0.50078125 0.0234375 0.07265625
0 0.1734375 0.728125 0.0453125 0.09453125
0 0.2984375 0.66015625 0.04765625 0.08046875
0 0.440625 0.50390625 0.0296875 0.084375
0 0.61015625 0.65703125 0.04765625 0.09921875
0 0.3953125 0.59375 0.03671875 0.09453125
0 0.409375 0.80703125 0.04296875 0.08828125
0 0.3640625 0.7 0.04296875 0.09921875
0 0.57578125 0.46484375 0.0203125 0.05703125
0 0.64375 0.62109375 0.0296875 0.0671875
0 0.3375 0.56328125 0.034375 0.065625
0 0.6140625 0.46015625 0.01875 0.05546875
0 0.2109375 0.67578125 0.03046875 0.090625
0 0.60078125 0.5671875 0.01953125 0.071875
0 0.35859375 0.61875 0.046875 0.06953125
0 0.55546875 0.86875 0.04921875 0.10546875
0 0.33125 0.64375 0.040625 0.07578125
0 0.4921875 0.43125 0.02109375 0.05234375
0 0.521875 0.43828125 0.0171875 0.0578125
0 0.23046875 0.59375 0.0453125 0.07109375
0 0.02890625 0.934375 0.05078125 0.10234375
0 0.57265625 0.52578125 0.0515625 0.05390625
0 0.56328125 0.803125 0.05078125 0.09921875
0 0.43203125 0.39765625 0.01484375 0.05546875
0 0.11328125 0.8 0.03359375 0.0859375
0 0.075 0.8671875 0.0546875 0.071875
0 0.29453125 0.60625 0.03125 0.0609375
0 0.51015625 0.878125 0.046875 0.10234375
0 0.39375 0.7640625 0.03515625 0.07890625
0 0.4984375 0.92890625 0.0484375 0.06875
0 0.48203125 0.82890625 0.04921875 0.090625
0 0.39609375 0.55625 0.0296875 0.0609375
0 0.4046875 0.47421875 0.0203125 0.05234375
0 0.61171875 0.784375 0.04140625 0.11640625
0 0.509375 0.7609375 0.0578125 0.103125
0 0.54375 0.41328125 0.02578125 0.05859375
0 0.5359375 0.9765625 0.08046875 0.046875
0 0.6359375 0.7359375 0.04453125 0.0828125
0 0.41640625 0.446875 0.0171875 0.05703125
0 0.14921875 0.8171875 0.04375 0.090625
0 0.54453125 0.60390625 0.059375 0.09765625
0 0.5953125 0.73671875 0.03046875 0.07265625
0 0.1671875 0.78671875 0.03515625 0.08984375
0 0.4703125 0.91484375 0.0359375 0.0703125
0 0.45703125 0.42421875 0.01875 0.06015625
0 0.11953125 0.85703125 0.0328125 0.07265625
0 0.66171875 0.46796875 0.0140625 0.08203125
0 0.5546875 0.403125 0.01953125 0.04765625
0 0.253125 0.69765625 0.02578125 0.0703125
0 0.596875 0.846875 0.03125 0.08359375
0 0.57890625 0.7125 0.03515625 0.08671875
0 0.459375 0.81015625 0.034375 0.0828125
0 0.584375 0.36484375 0.0109375 0.03125
0 0.6234375 0.36640625 0.01484375 0.0515625
0 0.6625 0.7890625 0.0203125 0.08359375
0 0.6140625 0.959375 0.0234375 0.07109375
0 0.60859375 0.378125 0.01953125 0.0359375
0 0.44296875 0.44609375 0.015625 0.0328125
0 0.50625 0.39921875 0.0234375 0.05234375
0 0.33125 0.6 0.0203125 0.03984375
0 0.571875 0.37265625 0.01640625 0.03515625
0 0.5265625 0.38671875 0.0125 0.03828125
0 0.64296875 0.36875 0.01640625 0.03828125
0 0.46796875 0.3703125 0.01015625 0.0375
0 0.63515625 0.36328125 0.01640625 0.04140625
0 0.56484375 0.39609375 0.015625 0.03984375
0 0.5953125 0.33125 0.015625 0.02890625
0 0.50234375 0.6328125 0.0125 0.03359375
0 0.3171875 0.61015625 0.02578125 0.040625
0 0.60078125 0.3609375 0.015625 0.0359375
0 0.6625 0.4390625 0.01171875 0.0375
0 0.5515625 0.36796875 0.021875 0.0421875
0 0.5203125 0.3203125 0.01015625 0.028125
0 0.6359375 0.3125 0.0140625 0.03828125
0 0.5578125 0.73203125 0.02265625 0.053125
0 0.553125 0.3171875 0.0171875 0.03359375
0 0.6390625 0.4765625 0.01640625 0.0328125
0 0.5171875 0.35078125 0.01796875 0.03359375
0 0.478125 0.3671875 0.0234375 0.04453125
0 0.575 0.34453125 0.0140625 0.0359375
0 0.47109375 0.75078125 0.021875 0.03125
0 0.6609375 0.375 0.01171875 0.0296875
0 0.5046875 0.36328125 0.015625 0.0328125
0 0.48046875 0.75625 0.02109375 0.04765625
0 0.49453125 0.40859375 0.01484375 0.04296875
0 0.1828125 0.70390625 0.02421875 0.0578125
0 0.57890625 0.95078125 0.03046875 0.04453125
0 0.14375 0.88203125 0.06171875 0.0890625
0 0.4765625 0.39609375 0.0171875 0.0359375