0 0.3984375 0.984375 0.09609375 0.03125
0 0.09140625 0.909375 0.0515625 0.1296875
0 0.14453125 0.9515625 0.0765625 0.096875
0 0.021875 0.98359375 0.04375 0.0328125
0 0.2265625 0.953125 0.071875 0.09296875
0 0.1609375 0.86796875 0.0515625 0.10859375
0 0.25234375 0.81015625 0.04921875 0.10234375
0 0.67109375 0.96953125 0.0484375 0.06015625
0 0.325 0.90859375 0.0390625 0.13046875
0 0.47890625 0.953125 0.0890625 0.09296875
0 0.3953125 0.87890625 0.075 0.1078125
0 0.19140625 0.70859375 0.0453125 0.090625
0 0.1203125 0.8015625 0.0421875 0.109375
0 0.34296875 0.70390625 0.05390625 0.1078125
0 0.56796875 0.640625 0.07578125 0.1140625
0 0.59609375 0.55 0.0515625 0.096875
0 0.4671875 0.865625 0.0671875 0.090625
0 0.26171875 0.64765625 0.03984375 0.09140625
0 0.47109375 0.6375 0.06171875 0.12421875
0 0.615625 0.88671875 0.07578125 0.1359375
0 0.215625 0.759375 0.06171875 0.09296875
0 0.34453125 0.83125 0.05625 0.09921875
0 0.6328125 0.6296875 0.02578125 0.0890625
0 0.31796875 0.67734375 0.05078125 0.0921875
0 0.6234375 0.98671875 0.05234375 0.02578125
0 0.5125 0.49609375 0.03359375 0.07109375
0 0.63125 0.5015625 0.028125 0.06015625
0 0.25390625 0.7203125 0.046875 0.07421875
0 0.41328125 0.66875 0.046875 0.09765625
0 0.5421875 0.8796875 0.05078125 0.0828125
0 0.49140625 0.5078125 0.02734375 0.0703125
0 0.475 0.5515625 0.03359375 0.06640625
0 0.66953125 0.6734375 0.0453125 0.096875
0 0.64375 0.4390625 0.01640625 0.04609375
0 0.2828125 0.74765625 0.028125 0.075
0 0.315625 0.8140625 0.02578125 0.11640625
0 0.6171875 0.440625 0.01875 0.05078125
0 0.63828125 0.7140625 0.0421875 0.07265625
0 0.05234375 0.921875 0.05859375 0.08359375
0 0.4109375 0.61875 0.04453125 0.096875
0 0.4046875 0.784375 0.05859375 0.08359375
0 0.6 0.41015625 0.0203125 0.03515625
0 0.6703125 0.51875 0.025 0.0625
0 0.56015625 0.4015625 0.01640625 0.04765625
0 0.39921875 0.55234375 0.05 0.0625
0 0.60859375 0.75546875 0.04921875 0.0890625
0 0.29765625 0.6265625 0.04140625 0.07421875
0 0.6640625 0.4765625 0.0203125 0.0578125
0 0.6859375 0.509375 0.015625 0.05234375
0 0.36015625 0.6546875 0.0484375 0.06796875
0 0.678125 0.9375 0.03671875 0.0875
0 0.359375 0.60234375 0.04609375 0.071875
0 0.44375 0.56171875 0.03203125 0.06953125
0 0.68515625 0.8515625 0.025 0.10546875
0 0.66953125 0.8015625 0.03203125 0.08828125
0 0.525 0.82109375 0.03515625 0.0765625
0 0.5796875 0.7796875 0.040625 0.0734375
0 0.44296875 0.509375 0.0296875 0.0578125
0 0.5703125 0.8625 0.03203125 0.08984375
0 0.65703125 0.390625 0.02421875 0.0375
0 0.39453125 0.52109375 0.04765625 0.06015625
0 0.68046875 0.58125 0.01328125 0.05078125
0 0.32578125 0.61875 0.02421875 0.0671875
0 0.6875 0.46171875 0.0140625 0.040625
0 0.5390625 0.4 0.0171875 0.04765625
0 0.58125 0.6015625 0.05546875 0.06640625
0 0.6046875 0.8453125 0.0359375 0.06953125
0 0.51796875 0.7703125 0.0421875 0.065625
0 0.434375 0.48203125 0.0234375 0.05234375
0 0.4875 0.78984375 0.03359375 0.071875
0 0.478125 0.45390625 0.01953125 0.04765625
0 0.6203125 0.40859375 0.0203125 0.02578125
0 0.634375 0.39453125 0.015625 0.034375
0 0.58515625 0.37265625 0.01953125 0.0296875
0 0.6390625 0.36484375 0.02109375 0.040625
0 0.5296875 0.67265625 0.0171875 0.04453125
0 0.46015625 0.47421875 0.01953125 0.05234375
0 0.64296875 0.31796875 0.01171875 0.025
0 0.65703125 0.65 0.02578125 0.0578125
0 0.66953125 0.4421875 0.01171875 0.04453125
0 0.625 0.80625 0.0234375 0.07109375
0 0.65546875 0.459375 0.01640625 0.0484375
0 0.41796875 0.44296875 0.01484375 0.05
0 0.5109375 0.4515625 0.02421875 0.04609375
0 0.459375 0.5828125 0.040625 0.0640625
0 0.3203125 0.5859375 0.021875 0.0484375
0 0.384375 0.796875 0.03046875 0.06796875
0 0.3703125 0.5625 0.0234375 0.04609375
0 0.3921875 0.8328125 0.0390625 0.05625
0 0.503125 0.8140625 0.025 0.07890625
0 0.56015625 0.79453125 0.02421875 0.0625
0 0.59609375 0.3703125 0.01328125 0.02109375
0 0.61171875 0.3390625 0.01640625 0.0359375
0 0.46640625 0.434375 0.01875 0.0375
0 0.5453125 0.77109375 0.0375 0.05859375
0 0.51171875 0.428125 0.01484375 0.04296875
0 0.40703125 0.48359375 0.02734375 0.046875
0 0.65859375 0.50078125 0.01875 0.04921875
0 0.54375 0.8171875 0.02578125 0.06328125
0 0.51953125 0.378125 0.02265625 0.04296875
0 0.4953125 0.41171875 0.02109375 0.0421875
0 0.65703125 0.30546875 0.01328125 0.0296875
0 0.39609375 0.46015625 0.0171875 0.0453125
0 0.665625 0.36015625 0.01875 0.034375
0 0.59453125 0.81484375 0.04453125 0.06875
0 0.6296875 0.3078125 0.01640625 0.028125
0 0.59765625 0.334375 0.015625 0.0359375
0 0.453125 0.953125 0.0375 0.090625
0 0.534375 0.328125 0.009375 0.02734375
0 0.58515625 0.915625 0.03203125 0.071875
0 0.475 0.38671875 0.0109375 0.03828125
0 0.44375 0.81328125 0.059375 0.0640625
0 0.54921875 0.384375 0.01640625 0.03828125
0 0.48203125 0.41796875 0.01875 0.03125
0 0.07734375 0.86171875 0.0296875 0.0640625
0 0.30078125 0.59296875 0.0328125 0.0453125
0 0.571875 0.83125 0.02265625 0.04765625
0 0.66875 0.328125 0.01640625 0.040625