0 0.1453125 0.96640625 0.05625 0.0671875
0 0.20703125 0.7265625 0.0515625 0.09765625
0 0.2078125 0.9109375 0.04296875 0.0984375
0 0.24921875 0.8640625 0.05234375 0.090625
0 0.1140625 0.8984375 0.046875 0.1015625
0 0.13125 0.80546875 0.053125 0.128125
0 0.35703125 0.70234375 0.0375 0.1078125
0 0.05703125 0.896875 0.046875 0.09375
0 0.4765625 0.93984375 0.084375 0.1203125
0 0.3953125 0.52265625 0.03828125 0.06640625
0 0.27890625 0.9734375 0.05625 0.053125
0 0.28046875 0.665625 0.04140625 0.07890625
0 0.01328125 0.96484375 0.0265625 0.0703125
0 0.403125 0.94921875 0.06796875 0.08828125
0 0.65234375 0.89453125 0.07734375 0.16796875
0 0.3859375 0.7765625 0.046875 0.1046875
0 0.3109375 0.61484375 0.0375 0.07265625
0 0.36171875 0.51640625 0.02421875 0.0765625
0 0.56171875 0.934375 0.0796875 0.13125
0 0.18671875 0.6546875 0.05 0.06953125
0 0.0890625 0.82109375 0.0484375 0.08828125
0 0.3984375 0.85078125 0.071875 0.13203125
0 0.4453125 0.5515625 0.0390625 0.07421875
0 0.42421875 0.73203125 0.03828125 0.09921875
0 0.253125 0.68046875 0.03046875 0.08359375
0 0.34609375 0.9765625 0.0421875 0.046875
0 0.4484375 0.84921875 0.0515625 0.13671875
0 0.31953125 0.95546875 0.0546875 0.0890625
0 0.546875 0.39921875 0.015625 0.0515625
0 0.65234375 0.5109375 0.025 0.0640625
0 0.6703125 0.690625 0.0359375 0.10703125
0 0.56875 0.47734375 0.03203125 0.0703125
0 0.259375 0.578125 0.0234375 0.0765625
0 0.5921875 0.403125 0.01484375 0.05234375
0 0.62578125 0.5234375 0.034375 0.04609375
0 0.58203125 0.82421875 0.05390625 0.0953125
0 0.47890625 0.77734375 0.03359375 0.11640625
0 0.440625 0.5109375 0.028125 0.04921875
0 0.63828125 0.65703125 0.028125 0.07890625
0 0.57265625 0.63046875 0.046875 0.07578125
0 0.62265625 0.584375 0.0375 0.0875
0 0.44296875 0.63515625 0.0265625 0.09609375
0 0.58359375 0.76875 0.0515625 0.06875
0 0.6484375 0.79609375 0.04375 0.0953125
0 0.41796875 0.50078125 0.01953125 0.06953125
0 0.68203125 0.5015625 0.01640625 0.0734375
0 0.3921875 0.98515625 0.03046875 0.0296875
0 0.54921875 0.49765625 0.02421875 0.034375
0 0.578125 0.5578125 0.05546875 0.06015625
0 0.6 0.7015625 0.04296875 0.07890625
0 0.4546875 0.459375 0.02734375 0.04921875
0 0.6359375 0.73828125 0.0359375 0.07578125
0 0.2484375 0.97109375 0.03125 0.0578125
0 0.48671875 0.8671875 0.03984375 0.084375
0 0.54765625 0.8265625 0.03515625 0.1078125
0 0.6390625 0.8640625 0.04921875 0.0484375
0 0.48203125 0.43515625 0.0265625 0.046875
0 0.6265625 0.3453125 0.01484375 0.0421875
0 0.5078125 0.85234375 0.03203125 0.10625
0 0.5 0.409375 0.03046875 0.0484375
0 0.4390625 0.48359375 0.02578125 0.05234375
0 0.2234375 0.67890625 0.028125 0.06796875
0 0.51796875 0.390625 0.01875 0.04921875
0 0.41953125 0.4515625 0.0203125 0.05234375
0 0.6421875 0.37265625 0.01484375 0.03828125
0 0.58984375 0.51796875 0.0484375 0.0453125
0 0.66015625 0.47109375 0.01953125 0.06328125
0 0.49140625 0.3859375 0.02421875 0.0421875
0 0.6859375 0.828125 0.0171875 0.109375
0 0.63984375 0.29921875 0.0109375 0.02421875
0 0.571875 0.36015625 0.02109375 0.0421875
0 0.47734375 0.3640625 0.01171875 0.04765625
0 0.50703125 0.79296875 0.0265625 0.08359375
0 0.64765625 0.434375 0.01796875 0.0640625
0 0.61328125 0.3328125 0.015625 0.03828125
0 0.65546875 0.28671875 0.01328125 0.034375
0 0.60859375 0.65234375 0.028125 0.0546875
0 0.5296875 0.803125 0.02734375 0.07578125
0 0.60078125 0.6265625 0.0359375 0.05703125
0 0.36640625 0.978125 0.0359375 0.04375
0 0.61953125 0.3734375 0.03046875 0.03046875
0 0.5546875 0.35625 0.0171875 0.04140625
0 0.59921875 0.3390625 0.01484375 0.0484375
0 0.528125 0.3703125 0.0171875 0.03671875
0 0.63984375 0.3390625 0.01171875 0.0375
0 0.43203125 0.55390625 0.01875 0.04921875
0 0.65703125 0.359375 0.0265625 0.05
0 0.2078125 0.8765625 0.03359375 0.04765625
0 0.5390625 0.76875 0.015625 0.0515625
0 0.55703125 0.30390625 0.015625 0.040625
0 0.53046875 0.853125 0.02734375 0.0984375
0 0.66796875 0.30703125 0.01171875 0.034375
0 0.68359375 0.43828125 0.0109375 0.03984375
0 0.63203125 0.27890625 0.0109375 0.02578125
0 0.575 0.59609375 0.04765625 0.03828125
0 0.56875 0.31796875 0.01796875 0.0421875
0 0.584375 0.33203125 0.01796875 0.040625
0 0.5234375 0.32578125 0.01484375 0.0328125
0 0.41796875 0.70234375 0.02421875 0.05
0 0.66171875 0.42734375 0.01796875 0.0453125
0 0.51328125 0.36796875 0.01953125 0.04453125
0 0.58203125 0.3703125 0.02109375 0.03671875
0 0.4578125 0.80703125 0.02109375 0.05546875