0 0.453125 0.26875 0.06640625 0.14375
0 0.36953125 0.425 0.0953125 0.134375
0 0.66171875 0.46328125 0.05 0.09375
0 0.1609375 0.12734375 0.0875 0.13125
0 0.39375 0.71171875 0.084375 0.21484375
0 0.3921875 0.171875 0.07421875 0.08125
0 0.63125 0.3109375 0.05 0.08828125
0 0.56484375 0.3109375 0.06171875 0.115625
0 0.1046875 0.121875 0.0703125 0.11953125
0 0.07109375 0.828125 0.1109375 0.20078125
0 0.19609375 0.4296875 0.071875 0.20859375
0 0.365625 0.23046875 0.08984375 0.14921875
0 0.5125 0.234375 0.04296875 0.1234375
0 0.5625 0.7171875 0.1140625 0.14375
0 0.2390625 0.17265625 0.0546875 0.06953125
0 0.04453125 0.178125 0.08828125 0.12109375
0 0.51484375 0.3171875 0.0484375 0.103125
0 0.65703125 0.85 0.06796875 0.09765625
0 0.76875 0.3875 0.04296875 0.08828125
0 0.58515625 0.88828125 0.06171875 0.13515625
0 0.5125 0.91484375 0.0828125 0.11640625
0 0.5421875 0.8671875 0.03046875 0.09453125
0 0.6703125 0.6390625 0.04609375 0.1265625
0 0.77109375 0.940625 0.021875 0.0796875
0 0.84375 0.8515625 0.021875 0.0625
0 0.88203125 0.825 0.02734375 0.06796875
0 0.76015625 0.48828125 0.025 0.0515625
0 0.70703125 0.6609375 0.053125 0.09453125
0 0.028125 0.109375 0.05546875 0.10390625
0 0.8265625 0.496875 0.0390625 0.0640625
0 0.771875 0.87109375 0.0375 0.078125
0 0.7796875 0.6203125 0.034375 0.065625
0 0.7984375 0.8890625 0.0359375 0.06875
0 0.8421875 0.9734375 0.040625 0.053125
0 0.71015625 0.796875 0.04296875 0.071875
0 0.7828125 0.70390625 0.028125 0.08984375
0 0.74453125 0.6046875 0.0453125 0.06640625
0 0.90859375 0.81796875 0.02734375 0.0546875
0 0.16796875 0.9671875 0.0265625 0.065625
0 0.83359375 0.4453125 0.01875 0.0359375
0 0.721875 0.95390625 0.04609375 0.07265625
0 0.834375 0.74921875 0.034375 0.04921875
0 0.828125 0.66015625 0.01328125 0.04609375
0 0.85625 0.78671875 0.0171875 0.05078125
0 0.9078125 0.975 0.02734375 0.04921875
0 0.85078125 0.44765625 0.0125 0.0375
0 0.75859375 0.63984375 0.028125 0.0609375
0 0.74296875 0.98046875 0.02890625 0.0390625
0 0.728125 0.75546875 0.03359375 0.0515625
0 0.66484375 0.9609375 0.0171875 0.05546875
0 0.9109375 0.8734375 0.03125 0.03046875
0 0.884375 0.72890625 0.01640625 0.0453125
0 0.884375 0.61484375 0.01328125 0.02734375
0 0.90390625 0.928125 0.04140625 0.05234375
0 0.82265625 0.78359375 0.0296875 0.06015625
0 0.79921875 0.834375 0.01484375 0.04453125
0 0.88515625 0.76484375 0.02109375 0.0421875
0 0.86328125 0.7203125 0.01015625 0.034375
0 0.93125 0.796875 0.015625 0.04765625
0 0.91796875 0.77578125 0.01640625 0.0375
0 0.91328125 0.75859375 0.01484375 0.040625
0 0.875 0.6890625 0.01484375 0.0375
0 0.8671875 0.4625 0.02265625 0.03828125
0 0.90546875 0.725 0.01796875 0.03671875
0 0.9 0.6671875 0.01484375 0.0328125
0 0.92734375 0.75390625 0.01875 0.03828125
0 0.86953125 0.503125 0.01484375 0.0328125
0 0.91328125 0.68125 0.01328125 0.03359375
0 0.85078125 0.54375 0.01640625 0.03359375
0 0.8171875 0.66015625 0.0125 0.03984375
0 0.878125 0.98125 0.0140625 0.0375
0 0.8984375 0.79375 0.01640625 0.0328125
0 0.871875 0.59921875 0.0109375 0.03203125
0 0.9296875 0.6703125 0.01328125 0.0265625
0 0.83125 0.60390625 0.01171875 0.03828125
0 0.9375 0.709375 0.01328125 0.03515625
0 0.9328125 0.69609375 0.01015625 0.028125
0 0.8984375 0.59375 0.01328125 0.02421875
0 0.9109375 0.7078125 0.01640625 0.03203125
0 0.85234375 0.60078125 0.01015625 0.03984375
0 0.92890625 0.721875 0.0171875 0.03359375
0 0.86171875 0.5859375 0.0171875 0.0390625
0 0.859375 0.6390625 0.01328125 0.03203125
0 0.81171875 0.50859375 0.01796875 0.03046875
0 0.23671875 0.82578125 0.07265625 0.16953125
0 0.275 0.76875 0.07890625 0.17109375
0 0.76875 0.703125 0.01875 0.0765625
0 0.91328125 0.50625 0.046875 0.05625
0 0.021875 0.96171875 0.04375 0.0765625
0 0.375 0.92109375 0.04921875 0.12421875
0 0.61015625 0.69296875 0.0703125 0.1453125