0 0.07890625 0.50390625 0.04140625 0.084375
0 0.2234375 0.49375 0.04453125 0.09765625
0 0.18671875 0.63828125 0.07421875 0.1375
0 0.88828125 0.37421875 0.02421875 0.06484375
0 0.86328125 0.315625 0.02421875 0.059375
0 0.84921875 0.2578125 0.0265625 0.04765625
0 0.82109375 0.24765625 0.0171875 0.03046875
0 0.53203125 0.3375 0.05078125 0.06875
0 0.4 0.35703125 0.03828125 0.08828125
0 0.64296875 0.42265625 0.0328125 0.09765625
0 0.8328125 0.7015625 0.05078125 0.153125
0 0.8953125 0.5890625 0.0375 0.08984375
0 0.8421875 0.41015625 0.0265625 0.07265625
0 0.8875 0.44375 0.02109375 0.0671875
0 0.94296875 0.48203125 0.046875 0.075
0 0.984375 0.48046875 0.03125 0.0921875
0 0.9734375 0.540625 0.03515625 0.11875
0 0.9890625 0.6171875 0.021875 0.10625
0 0.9546875 0.625 0.04765625 0.0921875
0 0.975 0.9546875 0.046875 0.090625
0 0.5859375 0.66015625 0.07890625 0.13984375
0 0.31484375 0.56875 0.04921875 0.0859375
0 0.26640625 0.93515625 0.0984375 0.1296875
0 0.40546875 0.76640625 0.09296875 0.15703125
0 0.4421875 0.9359375 0.0875 0.12734375
0 0.54140625 0.840625 0.07265625 0.18984375
0 0.53515625 0.96328125 0.06953125 0.0734375
0 0.62578125 0.946875 0.084375 0.10625