0 0.3171875 0.40703125 0.078125 0.24140625
0 0.14453125 0.84375 0.26953125 0.31171875
0 0.425 0.4875 0.11171875 0.2765625
0 0.66796875 0.5671875 0.22265625 0.3671875
0 0.79296875 0.69453125 0.32109375 0.43203125
0 0.8578125 0.49609375 0.059375 0.1359375
0 0.7296875 0.41796875 0.13125 0.10390625
0 0.39453125 0.39609375 0.0796875 0.11640625
0 0.88125 0.36640625 0.05546875 0.11328125
0 0.78125 0.48984375 0.04140625 0.1171875
0 0.9640625 0.7421875 0.07109375 0.35390625
0 0.825 0.365625 0.0375 0.10546875