0 0.459375 0.9453125 0.0796875 0.10859375
0 0.15078125 0.921875 0.07890625 0.15625
0 0.378125 0.85390625 0.05390625 0.09140625
0 0.4484375 0.84140625 0.06640625 0.11328125
0 0.38515625 0.94140625 0.0515625 0.090625
0 0.5234375 0.80703125 0.0390625 0.11328125
0 0.6078125 0.975 0.065625 0.05
0 0.265625 0.87734375 0.04375 0.08671875
0 0.1203125 0.86640625 0.04921875 0.1
0 0.015625 0.9703125 0.03125 0.059375
0 0.59296875 0.8796875 0.06484375 0.11640625
0 0.3515625 0.80546875 0.05703125 0.0765625
0 0.04453125 0.94140625 0.05625 0.10234375
0 0.0609375 0.96484375 0.0421875 0.0703125
0 0.63359375 0.93203125 0.06171875 0.09296875
0 0.32265625 0.73046875 0.040625 0.09453125
0 0.1671875 0.76796875 0.0515625 0.084375
0 0.2609375 0.81171875 0.06015625 0.07109375
0 0.078125 0.83046875 0.04609375 0.1078125
0 0.39921875 0.65390625 0.03515625 0.07265625
0 0.56953125 0.46328125 0.02421875 0.06015625
0 0.6 0.565625 0.025 0.0703125
0 0.63359375 0.828125 0.04609375 0.11171875
0 0.24140625 0.76328125 0.046875 0.06875
0 0.38515625 0.73515625 0.04609375 0.10234375
0 0.496875 0.62265625 0.03125 0.08515625
0 0.58984375 0.76875 0.0546875 0.10703125
0 0.484375 0.79375 0.0453125 0.09140625
0 0.29375 0.61640625 0.02578125 0.0625
0 0.434375 0.57109375 0.0484375 0.10078125
0 0.47421875 0.75078125 0.0390625 0.071875
0 0.234375 0.69296875 0.04375 0.096875
0 0.5 0.41640625 0.01484375 0.04609375
0 0.11953125 0.70390625 0.0484375 0.08203125
0 0.428125 0.740625 0.0375 0.0765625
0 0.55078125 0.43359375 0.01640625 0.05546875
0 0.37265625 0.60703125 0.03046875 0.09609375
0 0.42578125 0.5 0.0296875 0.05625
0 0.31484375 0.56640625 0.03515625 0.071875
0 0.5703125 0.41640625 0.0203125 0.0546875
0 0.64921875 0.74296875 0.02734375 0.090625
0 0.5578125 0.51796875 0.0328125 0.06953125
0 0.640625 0.65234375 0.03671875 0.06953125
0 0.6125 0.42890625 0.01484375 0.04765625
0 0.5296875 0.521875 0.03125 0.06328125
0 0.29765625 0.66171875 0.0171875 0.06015625
0 0.621875 0.7171875 0.0375 0.0796875
0 0.53515625 0.62734375 0.0390625 0.07734375
0 0.3921875 0.55 0.0265625 0.08125
0 0.4265625 0.4578125 0.02734375 0.0515625
0 0.1953125 0.73984375 0.04296875 0.07265625
0 0.34609375 0.5328125 0.0234375 0.06015625
0 0.6296875 0.46796875 0.01953125 0.06796875
0 0.5265625 0.390625 0.01953125 0.04453125
0 0.41484375 0.98359375 0.0296875 0.0328125
0 0.625 0.403125 0.01796875 0.04765625
0 0.38203125 0.49296875 0.0265625 0.05234375
0 0.45 0.4453125 0.0171875 0.04921875
0 0.59453125 0.63515625 0.0359375 0.0609375
0 0.59453125 0.67734375 0.03125 0.07890625
0 0.459375 0.4140625 0.02578125 0.0515625
0 0.45390625 0.7796875 0.034375 0.065625
0 0.39296875 0.46171875 0.02734375 0.04453125
0 0.36484375 0.51875 0.0203125 0.0546875
0 0.40625 0.58125 0.021875 0.06328125
0 0.63359375 0.39609375 0.0171875 0.0390625
0 0.5609375 0.56953125 0.02890625 0.0734375
0 0.55390625 0.3734375 0.01796875 0.0390625
0 0.32421875 0.515625 0.025 0.0515625
0 0.47734375 0.41484375 0.01484375 0.0421875
0 0.378125 0.5296875 0.028125 0.05859375
0 0.38125 0.46796875 0.021875 0.04453125
0 0.41875 0.78984375 0.05078125 0.071875
0 0.34609375 0.49921875 0.0203125 0.04296875
0 0.59375 0.38125 0.0234375 0.04140625
0 0.4015625 0.70234375 0.03828125 0.0609375
0 0.5046875 0.375 0.0203125 0.0421875
0 0.6546875 0.48984375 0.0125 0.04765625
0 0.55390625 0.88203125 0.034375 0.0625
0 0.653125 0.44765625 0.0109375 0.03125
0 0.60390625 0.29609375 0.0109375 0.03046875
0 0.3578125 0.59375 0.01875 0.04453125
0 0.61171875 0.3828125 0.0140625 0.03359375
0 0.5796875 0.346875 0.0140625 0.028125
0 0.490625 0.33671875 0.01171875 0.03125
0 0.52421875 0.359375 0.0171875 0.0390625
0 0.55234375 0.34140625 0.01953125 0.034375
0 0.6171875 0.29375 0.0171875 0.02890625
0 0.6203125 0.36328125 0.0140625 0.03984375
0 0.40078125 0.49140625 0.01875 0.0546875
0 0.5765625 0.38359375 0.0125 0.0375
0 0.56953125 0.35078125 0.01953125 0.0375
0 0.215625 0.71171875 0.0296875 0.05625
0 0.509375 0.4140625 0.015625 0.04609375
0 0.56171875 0.3203125 0.015625 0.03125
0 0.53515625 0.54921875 0.03203125 0.04921875
0 0.51328125 0.64296875 0.02578125 0.06015625
0 0.03046875 0.88671875 0.0375 0.07109375
0 0.5125 0.34375 0.01328125 0.03125
0 0.48828125 0.365625 0.02109375 0.03671875
0 0.16953125 0.87265625 0.02578125 0.06171875
0 0.32734375 0.54453125 0.021875 0.0546875
0 0.59296875 0.30234375 0.0140625 0.02578125
0 0.58203125 0.321875 0.01796875 0.034375
0 0.4671875 0.3859375 0.01953125 0.02890625
0 0.5875 0.9734375 0.0265625 0.053125