0 0.39609375 0.95390625 0.0890625 0.0921875
0 0.1109375 0.85234375 0.04765625 0.11953125
0 0.16171875 0.9140625 0.0703125 0.1328125
0 0.034375 0.946875 0.06640625 0.08046875
0 0.2359375 0.9171875 0.06640625 0.1328125
0 0.17578125 0.8140625 0.04765625 0.1
0 0.26015625 0.7609375 0.04609375 0.09453125
0 0.64765625 0.940625 0.0453125 0.1171875
0 0.52890625 0.9625 0.08125 0.0703125
0 0.32734375 0.85234375 0.0359375 0.12109375
0 0.4703125 0.9125 0.0828125 0.12265625
0 0.3921875 0.82421875 0.06953125 0.1
0 0.203125 0.6671875 0.0421875 0.084375
0 0.1375 0.75234375 0.0390625 0.1015625
0 0.34375 0.6625 0.05 0.1
0 0.55234375 0.60390625 0.0703125 0.10546875
0 0.57890625 0.51953125 0.04765625 0.08984375
0 0.459375 0.81171875 0.06171875 0.084375
0 0.26875 0.61015625 0.03671875 0.08515625
0 0.4625 0.60078125 0.05703125 0.115625
0 0.59609375 0.83203125 0.0703125 0.12578125
0 0.22578125 0.7140625 0.05703125 0.08671875
0 0.34609375 0.7796875 0.05234375 0.0921875
0 0.6125 0.59375 0.0234375 0.0828125
0 0.32109375 0.6375 0.046875 0.08515625
0 0.60390625 0.9546875 0.04921875 0.08203125
0 0.50078125 0.46953125 0.03125 0.065625
0 0.6109375 0.475 0.02578125 0.05546875
0 0.26171875 0.67734375 0.04375 0.06875
0 0.40859375 0.6296875 0.04375 0.090625
0 0.52890625 0.825 0.046875 0.07734375
0 0.48125 0.48046875 0.025 0.065625
0 0.46640625 0.52109375 0.03125 0.06171875
0 0.64609375 0.634375 0.0421875 0.08984375
0 0.62265625 0.41640625 0.015625 0.04296875
0 0.28828125 0.703125 0.0265625 0.06953125
0 0.31875 0.7640625 0.02421875 0.1078125
0 0.5984375 0.41796875 0.0171875 0.046875
0 0.6171875 0.671875 0.0390625 0.0671875
0 0.075 0.8640625 0.0546875 0.07734375
0 0.40703125 0.58359375 0.04140625 0.0890625
0 0.4015625 0.73671875 0.0546875 0.07734375
0 0.58203125 0.38984375 0.01875 0.0328125
0 0.646875 0.490625 0.0234375 0.0578125
0 0.5453125 0.38203125 0.015625 0.04453125
0 0.39609375 0.521875 0.04609375 0.0578125
0 0.58984375 0.71015625 0.0453125 0.0828125
0 0.3015625 0.590625 0.03828125 0.06875
0 0.64140625 0.4515625 0.01875 0.053125
0 0.66171875 0.48203125 0.01484375 0.0484375
0 0.36015625 0.6171875 0.04453125 0.0625
0 0.65390625 0.87890625 0.034375 0.08125
0 0.58671875 0.9734375 0.04140625 0.0515625
0 0.359375 0.56796875 0.04296875 0.06640625
0 0.4375 0.53046875 0.0296875 0.0640625
0 0.6609375 0.79921875 0.0234375 0.09765625
0 0.64609375 0.75234375 0.0296875 0.08203125
0 0.5125 0.77109375 0.03203125 0.0703125
0 0.56328125 0.7328125 0.0375 0.06796875
0 0.43671875 0.48203125 0.02734375 0.05390625
0 0.55390625 0.809375 0.0296875 0.0828125
0 0.63515625 0.371875 0.02265625 0.03515625
0 0.39140625 0.49296875 0.04453125 0.05625
0 0.65703125 0.5484375 0.0125 0.04765625
0 0.328125 0.5828125 0.02265625 0.0625
0 0.66328125 0.4375 0.0125 0.0375
0 0.525 0.38046875 0.015625 0.04375
0 0.56484375 0.56796875 0.0515625 0.06171875
0 0.58671875 0.79296875 0.0328125 0.06484375
0 0.50625 0.7234375 0.0390625 0.0609375
0 0.42890625 0.45703125 0.021875 0.0484375
0 0.478125 0.7421875 0.03125 0.06640625
0 0.46953125 0.43046875 0.01796875 0.04375
0 0.60078125 0.38828125 0.01875 0.02421875
0 0.6140625 0.375 0.01484375 0.03203125
0 0.56875 0.35546875 0.01796875 0.02734375
0 0.61796875 0.34765625 0.01953125 0.0375
0 0.51640625 0.63359375 0.015625 0.04140625
0 0.45234375 0.44921875 0.01796875 0.0484375
0 0.621875 0.3046875 0.0109375 0.02265625
0 0.63515625 0.6125 0.02421875 0.053125
0 0.64609375 0.41953125 0.0109375 0.040625
0 0.60546875 0.75703125 0.021875 0.065625
0 0.63359375 0.4359375 0.015625 0.04453125
0 0.41328125 0.4203125 0.0140625 0.04609375
0 0.49921875 0.42890625 0.02265625 0.04296875
0 0.4515625 0.55 0.0375 0.059375
0 0.32265625 0.553125 0.0203125 0.0453125
0 0.38203125 0.7484375 0.028125 0.06328125
0 0.36875 0.53125 0.021875 0.04296875
0 0.3890625 0.78125 0.03671875 0.05234375
0 0.4921875 0.7640625 0.0234375 0.07265625
0 0.5453125 0.74609375 0.02265625 0.0578125
0 0.57890625 0.353125 0.01171875 0.01953125
0 0.59296875 0.32421875 0.015625 0.03359375
0 0.4578125 0.4125 0.0171875 0.034375
0 0.53203125 0.725 0.03515625 0.05390625
0 0.50078125 0.40703125 0.0140625 0.03984375
0 0.403125 0.45859375 0.025 0.04375
0 0.6359375 0.47421875 0.01796875 0.0453125
0 0.5296875 0.7671875 0.02421875 0.05859375
0 0.50703125 0.36015625 0.02109375 0.03984375
0 0.48515625 0.39140625 0.01953125 0.0390625
0 0.63515625 0.29296875 0.0125 0.028125
0 0.39296875 0.43671875 0.01640625 0.04140625
0 0.64296875 0.34375 0.0171875 0.03203125
0 0.57734375 0.76484375 0.04140625 0.06328125
0 0.61015625 0.2953125 0.01484375 0.02578125
0 0.5796875 0.31953125 0.0140625 0.0328125
0 0.44609375 0.89296875 0.034375 0.084375
0 0.52109375 0.3140625 0.00859375 0.02578125
0 0.56875 0.8578125 0.0296875 0.0671875
0 0.46640625 0.36796875 0.01015625 0.03515625
0 0.4375 0.76328125 0.0546875 0.059375
0 0.53515625 0.36640625 0.01484375 0.0359375
0 0.47265625 0.39765625 0.0171875 0.02890625
0 0.09765625 0.80859375 0.028125 0.059375
0 0.3046875 0.56015625 0.03046875 0.0421875
0 0.55625 0.78046875 0.02109375 0.04375
0 0.64609375 0.3140625 0.01484375 0.0375