0 0.41953125 0.884375 0.08125 0.13359375
0 0.37578125 0.7828125 0.0453125 0.11171875
0 0.62265625 0.87734375 0.06953125 0.11953125
0 0.46796875 0.80859375 0.05390625 0.1015625
0 0.27734375 0.73125 0.05078125 0.1203125
0 0.184375 0.9515625 0.07265625 0.096875
0 0.18671875 0.68984375 0.05234375 0.11328125
0 0.546875 0.81328125 0.0734375 0.096875
0 0.0640625 0.7375 0.04765625 0.11953125
0 0.184375 0.7828125 0.04453125 0.10546875
0 0.11015625 0.89375 0.04296875 0.12578125
0 0.62265625 0.76953125 0.05703125 0.128125
0 0.11796875 0.784375 0.05625 0.090625
0 0.06484375 0.9515625 0.0515625 0.096875
0 0.68125 0.89609375 0.06953125 0.0984375
0 0.496875 0.503125 0.05078125 0.090625
0 0.40234375 0.65546875 0.0296875 0.121875
0 0.240625 0.74921875 0.034375 0.0953125
0 0.4296875 0.79375 0.04921875 0.103125
0 0.58515625 0.58671875 0.07578125 0.11171875
0 0.61328125 0.48359375 0.0421875 0.0859375
0 0.434375 0.728125 0.071875 0.078125
0 0.33046875 0.5265625 0.0375 0.0609375
0 0.38203125 0.58984375 0.04609375 0.059375
0 0.5546875 0.73125 0.046875 0.1015625
0 0.54296875 0.884375 0.07109375 0.1
0 0.44609375 0.65234375 0.03125 0.0953125
0 0.5765625 0.95078125 0.04765625 0.0984375
0 0.5140625 0.76328125 0.04296875 0.0890625
0 0.05 0.85234375 0.06640625 0.10859375
0 0.6515625 0.9421875 0.05 0.115625
0 0.24296875 0.65078125 0.04296875 0.09375
0 0.4375 0.55390625 0.03046875 0.07109375
0 0.021875 0.9546875 0.04375 0.08828125
0 0.65234375 0.55078125 0.025 0.10078125
0 0.30859375 0.67421875 0.028125 0.07421875
0 0.446875 0.4859375 0.04140625 0.0609375
0 0.5359375 0.94453125 0.0578125 0.11015625
0 0.50703125 0.4453125 0.034375 0.04296875
0 0.69453125 0.653125 0.0390625 0.128125
0 0.13515625 0.85625 0.0390625 0.08515625
0 0.46953125 0.94921875 0.06640625 0.10078125
0 0.62109375 0.446875 0.01875 0.05859375
0 0.70234375 0.765625 0.03125 0.10703125
0 0.675 0.5 0.021875 0.0625
0 0.4203125 0.44921875 0.02578125 0.065625
0 0.6171875 0.346875 0.01953125 0.03359375
0 0.334375 0.61484375 0.03359375 0.07109375
0 0.5578125 0.61015625 0.03515625 0.05078125
0 0.6765625 0.5953125 0.02734375 0.07421875
0 0.36875 0.53125 0.03828125 0.0640625
0 0.40625 0.5515625 0.0265625 0.059375
0 0.49453125 0.91875 0.05078125 0.11015625
0 0.50234375 0.38359375 0.0265625 0.06015625
0 0.44765625 0.378125 0.02421875 0.059375
0 0.58515625 0.34921875 0.01875 0.03828125
0 0.47734375 0.4171875 0.0203125 0.0578125
0 0.646875 0.6921875 0.04609375 0.1015625
0 0.30546875 0.62265625 0.0375 0.06640625
0 0.49765625 0.60546875 0.0203125 0.04375
0 0.28125 0.590625 0.0375 0.0625
0 0.65234375 0.33828125 0.0171875 0.03515625
0 0.6359375 0.296875 0.01640625 0.03671875
0 0.678125 0.4453125 0.0265625 0.075
0 0.6390625 0.3421875 0.0234375 0.04140625
0 0.60703125 0.30859375 0.0171875 0.03828125
0 0.70625 0.40546875 0.0140625 0.0453125
0 0.53046875 0.296875 0.01171875 0.0390625
0 0.240625 0.609375 0.0328125 0.0578125
0 0.54140625 0.359375 0.02109375 0.0515625
0 0.68671875 0.496875 0.01875 0.04921875
0 0.565625 0.34921875 0.02109375 0.0484375
0 0.2828125 0.659375 0.03359375 0.06875
0 0.678125 0.32265625 0.021875 0.05703125
0 0.44765625 0.4328125 0.025 0.06015625
0 0.315625 0.56796875 0.03046875 0.0609375
0 0.50390625 0.31796875 0.015625 0.0375
0 0.5515625 0.2859375 0.01171875 0.03359375
0 0.39765625 0.4796875 0.025 0.0515625
0 0.18828125 0.87734375 0.03125 0.09296875
0 0.63359375 0.2765625 0.01640625 0.0390625
0 0.68984375 0.34765625 0.0171875 0.04140625
0 0.5546875 0.359375 0.0140625 0.04453125
0 0.6640625 0.25859375 0.01328125 0.02578125
0 0.61640625 0.703125 0.0328125 0.09296875
0 0.43515625 0.39375 0.0125 0.0484375
0 0.64921875 0.2953125 0.01953125 0.03203125
0 0.66015625 0.303125 0.015625 0.03359375
0 0.51953125 0.3703125 0.015625 0.0453125
0 0.70234375 0.96015625 0.02421875 0.07890625
0 0.63671875 0.73046875 0.025 0.0734375
0 0.16953125 0.71015625 0.02265625 0.05859375
0 0.70078125 0.4328125 0.02578125 0.06640625
0 0.20234375 0.6546875 0.021875 0.05546875
0 0.678125 0.24921875 0.0203125 0.02890625
0 0.39921875 0.52421875 0.01875 0.04453125
0 0.70625 0.325 0.00859375 0.04296875
0 0.534375 0.328125 0.01640625 0.04296875
0 0.48203125 0.378125 0.0140625 0.0375
0 0.60546875 0.7515625 0.025 0.0671875
0 0.38671875 0.475 0.02265625 0.03515625
0 0.678125 0.41171875 0.01796875 0.0453125
0 0.52109375 0.3375 0.021875 0.05234375
0 0.68828125 0.20546875 0.01328125 0.021875
0 0.61953125 0.2765625 0.01484375 0.0359375
0 0.578125 0.2703125 0.01484375 0.04375
0 0.63671875 0.19921875 0.0109375 0.021875
0 0.57890625 0.328125 0.0234375 0.0390625
0 0.70546875 0.29921875 0.01015625 0.04296875
0 0.59765625 0.29921875 0.01484375 0.0421875
0 0.35078125 0.5828125 0.02421875 0.04140625
0 0.6875 0.278125 0.01640625 0.034375
0 0.52265625 0.9109375 0.03984375 0.08046875
0 0.6765625 0.5640625 0.01796875 0.03125
0 0.51171875 0.32734375 0.02109375 0.04765625
0 0.6484375 0.25546875 0.0171875 0.02265625