0 0.27578125 0.5328125 0.04921875 0.090625
0 0.078125 0.66171875 0.06015625 0.1203125
0 0.1453125 0.7453125 0.07890625 0.13125
0 0.290625 0.89921875 0.08203125 0.13359375
0 0.328125 0.7734375 0.0828125 0.121875
0 0.5225903609375 0.8712737125000001 0.4932228921875 0.9010840109375 0.4721385546875 0.91192411875 0.46762048125 0.907859078125 0.457831325 0.8780487812500001 0.45180722968750003 0.8766937671875 0.44352409687499994 0.8875338749999999 0.4367469875 0.91192411875 0.4382530125 0.9403794031249999 0.47138554218750006 0.9905149046874999 0.48042168749999997 0.99186991875 0.48945783125000003 0.9864498640624999 0.5090361453125001 0.9539295390625 0.5233433734374999 0.91192411875 0.5308734937499999 0.8726287265625 0.5225903609375 0.8712737125000001
0 0.589524765625 1 0.5798192765625 0.9607046078125 0.5790662656250001 0.9457994578125 0.582831325 0.9363143624999999 0.5798192765625 0.922764228125 0.5685240968749999 0.9336043359374999 0.55271084375 0.9783197828124999 0.5534638546874999 0.9945799453124999 0.551706828125 1 0.589524765625 1
0 0.6957831328124999 0.8157181578125 0.69728915625 0.794037940625 0.6905120484375 0.777777778125 0.6837349390624999 0.787262871875 0.67695783125 0.8075880765625 0.6709337343749999 0.8130081296875 0.64683735 0.8130081296875 0.6317771078125001 0.8197831984375 0.6340361453125001 0.822493225 0.6310240968749999 0.8333333328125001 0.6167168671875001 0.8482384828124999 0.6317771078125001 0.8794037937500001 0.6370481921875 0.8848238484375001 0.6701807234375 0.8821138218750001 0.6784638546874999 0.8726287265625 0.6957831328124999 0.8157181578125
0 0.661897590625 0.4539295390625 0.649849396875 0.47967479687500003 0.6415662656250001 0.48373983750000005 0.630271084375 0.5149051484375 0.6317771078125001 0.5230352296875 0.6536144578124999 0.5230352296875 0.6649096390625 0.5176151765625 0.6701807234375 0.5027100265625 0.6731927703125 0.47560975625 0.6686746984374999 0.456639565625 0.661897590625 0.4539295390625
0 0.7371987953125 0.6707317078125 0.7492469875000001 0.6869918703125 0.7778614453125 0.673441734375 0.770331325 0.6463414640625 0.7628012046875 0.6355013546875 0.7409638546874999 0.6300813015625 0.7371987953125 0.6436314359375 0.7371987953125 0.6707317078125
0 0.48870481874999994 0.40108401093749996 0.4826807234375 0.382113821875 0.4774096390625 0.3848238484375 0.47816264999999997 0.4092140921875 0.4909638546875 0.43902439062500004 0.49548192812499997 0.44173441718750006 0.5075301203125 0.43360433593750003 0.5165662656250001 0.4173441734375 0.5165662656250001 0.40243902499999995 0.49642319218750003 0.40650406562499997 0.48870481874999994 0.40108401093749996
0 0.7334337343749999 0.3373983734375 0.7409638546874999 0.36043360468749996 0.7628012046875 0.32384823906250004 0.7635542171874999 0.3157181578125 0.7590361453125001 0.310298103125 0.7477409640625 0.31300812968749997 0.7364457828125001 0.3062330625 0.7334337343749999 0.3373983734375
0 0.47891566250000006 0.3319783203125 0.47891566250000006 0.3523035234375 0.4871987953125 0.36991869843749997 0.4992469875 0.367208671875 0.5022590359375 0.34823848281249997 0.49548192812499997 0.3197831984375 0.4917168671875 0.3279132796875 0.48192771093750003 0.326558265625 0.47891566250000006 0.3319783203125
0 0.7417168671875001 0.26829268281249996 0.7432228921874999 0.24525745312499997 0.7364457828125001 0.23983739843750002 0.7334337343749999 0.262872628125 0.7379518078125 0.2723577234375 0.7417168671875001 0.26829268281249996
0 0.9246987953125 0.7154471546875001 0.9201807234375 0.7086720875 0.9164156625000001 0.712737128125 0.9043674703125 0.7466124656249999 0.89683735 0.7533875343750001 0.8787650609375 0.74932249375 0.8516566265625001 0.769647696875 0.849397590625 0.777777778125 0.8561746984375 0.7886178859374999 0.8659638546874999 0.7994579953125001 0.875 0.8021680218749999 0.8825301203125001 0.8170731703125 0.900602409375 0.8048780484375 0.9254518078125 0.7533875343750001 0.9246987953125 0.7154471546875001
0 0.9450301203125001 0.8292682921875001 0.9375 0.8563685640625 0.9352409640625 0.899728996875 0.9412650609375 0.914634146875 0.9503012046875 0.9200542 0.9578313250000001 0.91056910625 0.9661144578125 0.8753387531250001 0.96762048125 0.8441734421874999 0.9653614453125 0.8197831984375 0.9450301203125001 0.8292682921875001
0 0.7611180015625 1 0.7620481921875 0.9905149046874999 0.770331325 0.9783197828124999 0.7778614453125 0.952574525 0.7612951812500001 0.9457994578125 0.7530120484375 0.956639565625 0.744728915625 0.9715447156250001 0.7361035046875 1 0.7611180015625 1
0 0.87890625 0.440625 0.02421875 0.078125
0 0.83984375 0.40703125 0.04296875 0.06953125
0 0.7671875 0.24375 0.01640625 0.0609375
0 0.8109375 0.25 0.01953125 0.04375
0 0.8390625 0.27734375 0.0265625 0.03984375
0 0.8453125 0.25703125 0.01796875 0.034375
0 0.8609375 0.246875 0.0171875 0.03984375
0 0.87734375 0.228125 0.01640625 0.028125
0 0.9203125 0.36015625 0.0265625 0.05703125
0 0.909375 0.3875 0.028125 0.05390625
0 0.91953125 0.41875 0.0296875 0.090625
0 0.946875 0.45 0.02890625 0.0734375
0 0.99375 0.42578125 0.01171875 0.0484375
0 0.9765625 0.46640625 0.034375 0.06953125
0 0.97890625 0.5421875 0.04140625 0.09453125