0 0.5140625 0.903125 0.07578125 0.1453125
0 0.5953125 0.84765625 0.0578125 0.115625
0 0.084375 0.84609375 0.078125 0.1875
0 0.7546875 0.746875 0.03125 0.09140625
0 0.43359375 0.7640625 0.06015625 0.15
0 0.47734375 0.43515625 0.05625 0.14453125
0 0.640625 0.853125 0.04140625 0.121875
0 0.61484375 0.32890625 0.0546875 0.13046875
0 0.6375 0.4625 0.034375 0.0890625
0 0.59765625 0.65078125 0.09453125 0.18828125
0 0.3453125 0.4359375 0.0828125 0.203125
0 0.48515625 0.28046875 0.04375 0.1453125
0 0.83828125 0.97578125 0.03359375 0.0484375
0 0.72109375 0.39375 0.04296875 0.07109375
0 0.89296875 0.9859375 0.0296875 0.02734375
0 0.6625 0.684375 0.05859375 0.10625
0 0.73359375 0.484375 0.03359375 0.0640625
0 0.3 0.20234375 0.1234375 0.16953125
0 0.18203125 0.81640625 0.09765625 0.1625
0 0.28046875 0.83515625 0.08671875 0.16015625
0 0.56953125 0.44921875 0.0859375 0.1265625
0 0.7046875 0.93125 0.04140625 0.115625
0 0.54296875 0.278125 0.08046875 0.11953125
0 0.02890625 0.0984375 0.05703125 0.196875
0 0.37421875 0.725 0.0828125 0.190625
0 0.775 0.4078125 0.02734375 0.059375
0 0.87421875 0.98046875 0.028125 0.0390625
0 0.26796875 0.959375 0.0515625 0.08125
0 0.7734375 0.49140625 0.0359375 0.053125
0 0.22265625 0.9640625 0.059375 0.071875
0 0.41015625 0.22578125 0.053125 0.08125
0 0.53515625 0.72578125 0.06796875 0.1609375
0 0.81875 0.91796875 0.02578125 0.0875
0 0.73984375 0.64453125 0.04296875 0.078125
0 0.86328125 0.7546875 0.01953125 0.046875
0 0.6828125 0.4671875 0.01640625 0.0828125
0 0.69140625 0.79296875 0.03671875 0.0984375
0 0.8390625 0.79375 0.02578125 0.0484375
0 0.0359375 0.83046875 0.04140625 0.1625
0 0.08984375 0.97421875 0.04375 0.0515625
0 0.8234375 0.76328125 0.03359375 0.05
0 0.7828125 0.9046875 0.03515625 0.065625
0 0.0484375 0.97578125 0.04375 0.0484375
0 0.48671875 0.71015625 0.0734375 0.15078125
0 0.75625 0.9484375 0.02734375 0.078125
0 0.9109375 0.9375 0.0203125 0.05625
0 0.8828125 0.9546875 0.0296875 0.05546875
0 0.9078125 0.91015625 0.03671875 0.06015625
0 0.89140625 0.89375 0.0265625 0.06015625
0 0.8171875 0.38515625 0.0140625 0.046875
0 0.8671875 0.84453125 0.01953125 0.0625
0 0.8140625 0.68984375 0.01953125 0.05390625
0 0.859375 0.7109375 0.01953125 0.0375
0 0.8375 0.45625 0.02109375 0.04375
0 0.7796875 0.87421875 0.02578125 0.04921875
0 0.85234375 0.8609375 0.01484375 0.078125
0 0.825 0.8578125 0.01875 0.065625
0 0.78046875 0.82734375 0.021875 0.05859375
0 0.9171875 0.77421875 0.0125 0.04921875
0 0.9234375 0.85703125 0.01328125 0.046875
0 0.84140625 0.8796875 0.0171875 0.0625
0 0.85390625 0.64296875 0.01640625 0.03203125
0 0.92890625 0.77578125 0.01484375 0.04375
0 0.92265625 0.71953125 0.01796875 0.040625
0 0.92109375 0.8234375 0.0171875 0.04765625
0 0.75234375 0.85703125 0.0296875 0.0734375
0 0.8984375 0.72421875 0.02265625 0.03671875
0 0.89921875 0.8375 0.01328125 0.0390625
0 0.90859375 0.81484375 0.015625 0.05390625
0 0.81015625 0.4359375 0.0296875 0.04765625
0 0.84375 0.59375 0.01484375 0.04375
0 0.8703125 0.93515625 0.0109375 0.04765625
0 0.79765625 0.6796875 0.01953125 0.04140625
0 0.7328125 0.9078125 0.01640625 0.05
0 0.8359375 0.6625 0.01484375 0.03359375
0 0.8609375 0.4640625 0.0125 0.0328125
0 0.85703125 0.50703125 0.01015625 0.02265625
0 0.8890625 0.678125 0.01796875 0.0421875