0 0.134375 0.9671875 0.03125 0.06484375
0 0.771875 0.7859375 0.0609375 0.15234375
0 0.740625 0.35859375 0.0359375 0.07578125
0 0.64140625 0.5625 0.04453125 0.115625
0 0.9125 0.3484375 0.02578125 0.05859375
0 0.9015625 0.4125 0.021875 0.0703125
0 0.3203125 0.94296875 0.07734375 0.1140625
0 0.92890625 0.52421875 0.03515625 0.07890625
0 0.76875 0.60625 0.04609375 0.09765625
0 0.90703125 0.61328125 0.03046875 0.10859375
0 0.38203125 0.3453125 0.03828125 0.0859375
0 0.78984375 0.9359375 0.0703125 0.128125
0 0.8625 0.3328125 0.01953125 0.06640625
0 0.915625 0.2578125 0.01875 0.0390625
0 0.9515625 0.4546875 0.01953125 0.0703125
0 0.93046875 0.2921875 0.0203125 0.04375
0 0.94140625 0.2625 0.0171875 0.034375
0 0.8703125 0.221875 0.021875 0.034375
0 0.99140625 0.2421875 0.01640625 0.0328125
0 0.8984375 0.453125 0.02109375 0.078125
0 0.85390625 0.21875 0.01640625 0.03515625
0 0.9234375 0.21015625 0.0125 0.0328125
0 0.99765625 0.440625 0.0046875 0.06796875
0 0.84296875 0.22890625 0.0125 0.0546875
0 0.53203125 0.33828125 0.03984375 0.0734375
0 0.55703125 0.30078125 0.01953125 0.06484375
0 0.06875 0.71796875 0.0296875 0.12890625
0 0.27890625 0.38984375 0.02890625 0.059375
0 0.91640625 0.17890625 0.01328125 0.028125
0 0.98203125 0.24375 0.01328125 0.03359375
0 0.03046875 0.4875 0.02109375 0.07578125
0 0.99609375 0.27109375 0.00703125 0.03125
0 0.94375 0.278125 0.01796875 0.02890625
0 0.84296875 0.2015625 0.0109375 0.02890625