0 0.321875 0.9265625 0.1109375 0.14296875
0 0.23515625 0.809375 0.09921875 0.2203125
0 0.43046875 0.96015625 0.08359375 0.07734375
0 0.36015625 0.80546875 0.09375 0.1546875
0 0.26640625 0.27265625 0.05546875 0.13984375
0 0.3734375 0.24140625 0.08359375 0.1453125
0 0.128125 0.4109375 0.103125 0.140625
0 0.12890625 0.803125 0.06640625 0.16875
0 0.17734375 0.8421875 0.04609375 0.1796875
0 0.60078125 0.47109375 0.0578125 0.08671875
0 0.025 0.20859375 0.04921875 0.19296875
0 0.0859375 0.828125 0.053125 0.21796875
0 0.3078125 0.17265625 0.06640625 0.1484375
0 0.64765625 0.803125 0.04140625 0.09375
0 0.59296875 0.8671875 0.0703125 0.13828125
0 0.43203125 0.725 0.0875 0.18671875
0 0.4125 0.44296875 0.075 0.20078125
0 0.53359375 0.73359375 0.07890625 0.12734375
0 0.68828125 0.6734375 0.05 0.10546875
0 0.64375 0.38828125 0.04140625 0.0640625
0 0.56640625 0.36328125 0.05859375 0.0734375
0 0.690625 0.48203125 0.03125 0.075
0 0.14765625 0.15703125 0.06328125 0.11796875
0 0.034375 0.8421875 0.0671875 0.1625
0 0.63671875 0.328125 0.04296875 0.0796875
0 0.7453125 0.92734375 0.0359375 0.0828125
0 0.90703125 0.94296875 0.03125 0.0609375
0 0.725 0.40625 0.0375 0.075
0 0.50546875 0.2984375 0.0828125 0.11953125
0 0.46328125 0.328125 0.06640625 0.09296875
0 0.09609375 0.18828125 0.08515625 0.16328125
0 0.75703125 0.4125 0.0421875 0.06640625
0 0.7546875 0.7546875 0.0375 0.0578125
0 0.65703125 0.48203125 0.046875 0.07265625
0 0.57890625 0.31484375 0.0484375 0.0625
0 0.67578125 0.82734375 0.03359375 0.0921875
0 0.61875 0.7078125 0.059375 0.10234375
0 0.646875 0.653125 0.06484375 0.11953125
0 0.88203125 0.96171875 0.0234375 0.06484375
0 0.75859375 0.49140625 0.02109375 0.0640625
0 0.81484375 0.69453125 0.0296875 0.07421875
0 0.796875 0.890625 0.0328125 0.0625
0 0.7203125 0.6640625 0.03515625 0.0953125
0 0.75703125 0.64296875 0.040625 0.07734375
0 0.83203125 0.896875 0.0390625 0.0609375
0 0.5109375 0.87734375 0.0265625 0.11640625
0 0.9015625 0.9046875 0.028125 0.05859375
0 0.01953125 0.37265625 0.0390625 0.1609375
0 0.84453125 0.859375 0.03125 0.0546875
0 0.86328125 0.9078125 0.0265625 0.06328125
0 0.92109375 0.8296875 0.01875 0.07578125
0 0.6078125 0.83125 0.0359375 0.0890625
0 0.8453125 0.790625 0.02421875 0.04765625
0 0.72734375 0.9671875 0.02109375 0.06328125
0 0.73515625 0.48515625 0.02265625 0.0765625
0 0.740625 0.61171875 0.03515625 0.065625
0 0.7125 0.75703125 0.025 0.05546875
0 0.92890625 0.76171875 0.01328125 0.0515625
0 0.58125 0.66328125 0.0640625 0.13671875
0 0.8625 0.95078125 0.0203125 0.05625
0 0.77421875 0.865625 0.03125 0.05859375
0 0.72890625 0.7375 0.0234375 0.0671875
0 0.77890625 0.50234375 0.015625 0.04921875
0 0.815625 0.496875 0.02421875 0.053125
0 0.78046875 0.62265625 0.021875 0.0609375
0 0.89140625 0.76328125 0.0109375 0.04765625
0 0.81484375 0.85078125 0.021875 0.05
0 0.75546875 0.8828125 0.02109375 0.04765625
0 0.7671875 0.7109375 0.01484375 0.05
0 0.825 0.43671875 0.028125 0.05625
0 0.8953125 0.8640625 0.01796875 0.06015625
0 0.88125 0.85859375 0.01640625 0.05703125
0 0.834375 0.75078125 0.03515625 0.04453125
0 0.84609375 0.471875 0.01796875 0.034375
0 0.02734375 0.19296875 0.05390625 0.12578125
0 0.84140625 0.509375 0.01640625 0.03359375
0 0.9234375 0.9109375 0.0140625 0.05859375
0 0.8609375 0.6421875 0.01328125 0.03046875
0 0.903125 0.7421875 0.0140625 0.03359375
0 0.93125 0.740625 0.01484375 0.03515625
0 0.7171875 0.58046875 0.021875 0.0578125
0 0.8578125 0.97421875 0.01640625 0.0484375
0 0.909375 0.72109375 0.01875 0.04140625
0 0.8703125 0.75078125 0.0125 0.04921875
0 0.934375 0.70546875 0.0125 0.03828125
0 0.825 0.6734375 0.01875 0.04140625
0 0.31484375 0.78203125 0.06015625 0.140625
0 0.79921875 0.5078125 0.015625 0.03828125
0 0.8546875 0.8421875 0.0171875 0.03515625
0 0.85859375 0.59921875 0.0203125 0.03359375
0 0.86875 0.48046875 0.0140625 0.0296875
0 0.79765625 0.834375 0.0234375 0.0359375
0 0.240625 0.41171875 0.059375 0.1796875
0 0.26328125 0.775 0.06015625 0.16171875
0 0.4359375 0.2890625 0.04609375 0.1109375