0 0.528125 0.72265625 0.184375 0.284375
0 0.73203125 0.44296875 0.08671875 0.15078125
0 0.6453125 0.50078125 0.10546875 0.18359375
0 0.8546875 0.78671875 0.18671875 0.42578125
0 0.30390625 0.7953125 0.27890625 0.40859375
0 0.78828125 0.5203125 0.13828125 0.17265625
0 0.11640625 0.66640625 0.10703125 0.4203125
0 0.31875 0.59921875 0.16796875 0.23515625
0 0.2078125 0.68203125 0.0859375 0.3203125
0 0.40859375 0.43515625 0.05390625 0.1125
0 0.94609375 0.59140625 0.07890625 0.2234375
0 0.471875 0.5828125 0.18359375 0.29609375
0 0.496875 0.4453125 0.1015625 0.13359375
0 0.83203125 0.596875 0.11328125 0.165625
0 0.64765625 0.415625 0.0421875 0.11875