0 0.16796875 0.925 0.0828125 0.14765625
0 0.3203125 0.559375 0.05234375 0.1109375
0 0.12265625 0.81875 0.0453125 0.13671875
0 0.39765625 0.54765625 0.03984375 0.1
0 0.1734375 0.58125 0.0421875 0.09609375
0 0.19453125 0.7875 0.03046875 0.12109375
0 0.59765625 0.7203125 0.07421875 0.12890625
0 0.44453125 0.8640625 0.0421875 0.14453125
0 0.82421875 0.45546875 0.01328125 0.05859375
0 0.8703125 0.628125 0.02890625 0.09609375
0 0.2171875 0.440625 0.03203125 0.07109375
0 0.36640625 0.4359375 0.040625 0.06796875
0 0.4140625 0.46171875 0.03125 0.0734375
0 0.1078125 0.659375 0.02421875 0.12734375
0 0.78203125 0.8390625 0.04453125 0.12578125
0 0.984375 0.3734375 0.01796875 0.04921875
0 0.8296875 0.39140625 0.01484375 0.0546875
0 0.96640625 0.415625 0.01015625 0.05078125
0 0.77890625 0.646875 0.03046875 0.0828125
0 0.79296875 0.34765625 0.01640625 0.0609375
0 0.98828125 0.421875 0.01640625 0.0609375
0 0.90078125 0.340625 0.0234375 0.04609375
0 0.5484375 0.41796875 0.02734375 0.0796875
0 0.4796875 0.39296875 0.01875 0.065625
0 0.6578125 0.50078125 0.03359375 0.05703125
0 0.95 0.39375 0.01796875 0.05625
0 0.81875 0.284375 0.0203125 0.03828125
0 0.83515625 0.2859375 0.01484375 0.03984375
0 0.98359375 0.29296875 0.01015625 0.01796875
0 0.80625 0.278125 0.015625 0.03828125
0 0.996875 0.409375 0.00625 0.0390625
0 0.8359375 0.26484375 0.0109375 0.028125
0 0.996875 0.79609375 0.00625 0.0390625
0 0.9421875 0.315625 0.00859375 0.015625
0 0.928125 0.3265625 0.0140625 0.04375