0 0.528125 0.46953125 0.0578125 0.13203125
0 0.65625 0.41171875 0.05625 0.0828125
0 0.88671875 0.46328125 0.0328125 0.0765625
0 0.1046875 0.96640625 0.078125 0.0671875
0 0.7203125 0.24296875 0.03046875 0.053125
0 0.7984375 0.23828125 0.01953125 0.0671875
0 0.84453125 0.3171875 0.02734375 0.05546875
0 0.88984375 0.2765625 0.02109375 0.04921875
0 0.8375 0.2125 0.01328125 0.0234375
0 0.821875 0.24609375 0.02265625 0.03125
0 0.83671875 0.240625 0.01171875 0.03515625
0 0.996875 0.32890625 0.00625 0.0328125
0 0.90625 0.328125 0.021875 0.0453125
0 0.990625 0.29921875 0.01171875 0.03125