0 0.06953125 0.965625 0.08203125 0.06875
0 0.20390625 0.90234375 0.07109375 0.146875
0 0.02421875 0.96796875 0.04765625 0.0640625
0 0.1203125 0.92734375 0.04765625 0.1453125
0 0.40625 0.871875 0.08359375 0.09140625
0 0.40625 0.9546875 0.06796875 0.090625
0 0.54140625 0.903125 0.05625 0.11953125
0 0.31796875 0.59375 0.034375 0.084375
0 0.484375 0.921875 0.078125 0.13046875
0 0.25 0.7234375 0.04921875 0.08671875
0 0.1234375 0.72265625 0.065625 0.08984375
0 0.0828125 0.82578125 0.05 0.1
0 0.0265625 0.9390625 0.05234375 0.09140625
0 0.421875 0.815625 0.07265625 0.08125
0 0.615625 0.9125 0.0484375 0.1234375
0 0.38515625 0.63125 0.0265625 0.0953125
0 0.2640625 0.83671875 0.0546875 0.08359375
0 0.65703125 0.94375 0.046875 0.1125
0 0.43828125 0.59765625 0.05859375 0.11484375
0 0.55390625 0.64375 0.07109375 0.11953125
0 0.50625 0.634375 0.04375 0.128125
0 0.06484375 0.90546875 0.05625 0.0984375
0 0.00546875 0.8796875 0.0109375 0.1
0 0.15390625 0.87890625 0.0484375 0.1171875
0 0.6140625 0.8 0.0515625 0.10078125
0 0.61875 0.434375 0.028125 0.07265625
0 0.51171875 0.4234375 0.01953125 0.05234375
0 0.3171875 0.5359375 0.0359375 0.0578125
0 0.475 0.43359375 0.01875 0.065625
0 0.634375 0.98828125 0.0703125 0.0234375
0 0.40703125 0.59921875 0.03046875 0.096875
0 0.6484375 0.59609375 0.02578125 0.06953125
0 0.66953125 0.4796875 0.0296875 0.090625
0 0.265625 0.66015625 0.03203125 0.06953125
0 0.1703125 0.809375 0.0390625 0.11484375
0 0.59296875 0.42421875 0.025 0.05859375
0 0.37109375 0.52421875 0.02265625 0.059375
0 0.403125 0.5 0.03984375 0.07421875
0 0.13359375 0.84609375 0.0453125 0.1015625
0 0.3890625 0.7203125 0.0328125 0.10390625
0 0.4390625 0.52421875 0.02890625 0.0609375
0 0.3421875 0.5625 0.02578125 0.0671875
0 0.5484375 0.80546875 0.0421875 0.09296875
0 0.64921875 0.41953125 0.021875 0.0484375
0 0.6421875 0.665625 0.0296875 0.0859375
0 0.41328125 0.7421875 0.034375 0.11015625
0 0.5703125 0.5765625 0.065625 0.065625
0 0.44609375 0.44375 0.021875 0.04921875
0 0.6203125 0.6921875 0.028125 0.0890625
0 0.58046875 0.8453125 0.0359375 0.0796875
0 0.66953125 0.82578125 0.034375 0.08125
0 0.51875 0.77890625 0.0265625 0.09375
0 0.66796875 0.7078125 0.03828125 0.071875
0 0.21328125 0.83671875 0.03046875 0.0578125
0 0.54765625 0.403125 0.01875 0.05234375
0 0.58515625 0.8953125 0.0359375 0.071875
0 0.3640625 0.59453125 0.02265625 0.05234375
0 0.640625 0.76484375 0.03671875 0.075
0 0.52578125 0.39765625 0.021875 0.05390625
0 0.68046875 0.45703125 0.01484375 0.05234375
0 0.67734375 0.6390625 0.0234375 0.05078125
0 0.58359375 0.72265625 0.02734375 0.08671875
0 0.6421875 0.3671875 0.01953125 0.0359375
0 0.66171875 0.484375 0.0125 0.06484375
0 0.53828125 0.765625 0.03671875 0.0875
0 0.23046875 0.6953125 0.0203125 0.0734375
0 0.61484375 0.35859375 0.0171875 0.03046875
0 0.5609375 0.40078125 0.015625 0.04921875
0 0.66796875 0.87578125 0.04453125 0.11953125
0 0.67734375 0.77265625 0.0234375 0.0890625
0 0.58515625 0.3625 0.0171875 0.0390625
0 0.509375 0.3734375 0.01875 0.0453125
0 0.48125 0.38203125 0.0109375 0.034375
0 0.55625 0.87421875 0.0328125 0.0703125
0 0.665625 0.6625 0.0296875 0.05703125
0 0.621875 0.39453125 0.01796875 0.040625
0 0.60078125 0.35390625 0.01640625 0.03125
0 0.6609375 0.334375 0.01640625 0.0390625
0 0.58828125 0.3140625 0.01328125 0.03671875
0 0.62734375 0.34921875 0.01640625 0.0390625
0 0.63515625 0.715625 0.02734375 0.065625
0 0.4921875 0.38828125 0.015625 0.03671875
0 0.38203125 0.60078125 0.01796875 0.04609375
0 0.5375 0.3515625 0.01796875 0.03671875
0 0.65546875 0.6390625 0.01640625 0.0484375
0 0.6171875 0.29921875 0.01640625 0.028125
0 0.63671875 0.3125 0.0125 0.03125
0 0.5765625 0.38046875 0.01484375 0.0359375
0 0.60625 0.31953125 0.015625 0.03984375
0 0.48515625 0.79453125 0.0203125 0.06796875
0 0.66484375 0.396875 0.015625 0.04453125
0 0.64453125 0.87421875 0.0265625 0.053125
0 0.6609375 0.3578125 0.01484375 0.0359375
0 0.57578125 0.31953125 0.0140625 0.0296875
0 0.653125 0.259375 0.009375 0.021875
0 0.54296875 0.31640625 0.01953125 0.0359375
0 0.4671875 0.4359375 0.01171875 0.05
0 0.55625 0.3796875 0.0140625 0.04921875
0 0.65 0.3046875 0.01640625 0.0390625
0 0.41171875 0.5625 0.02109375 0.04453125
0 0.68125 0.3453125 0.00703125 0.03671875
0 0.63515625 0.63046875 0.0140625 0.046875
0 0.6796875 0.3734375 0.0109375 0.04453125