0 0.56171875 0.50390625 0.05859375 0.1328125
0 0.690625 0.4453125 0.05625 0.0828125
0 0.92265625 0.49765625 0.0328125 0.07734375
0 0.13671875 0.98515625 0.07890625 0.02890625
0 0.7546875 0.2765625 0.03125 0.053125
0 0.8328125 0.27109375 0.01953125 0.0671875
0 0.8796875 0.35078125 0.02734375 0.05546875
0 0.925 0.31015625 0.02109375 0.04921875
0 0.87265625 0.24609375 0.01328125 0.0234375
0 0.85703125 0.2796875 0.0234375 0.03203125
0 0.871875 0.2734375 0.0125 0.0359375
0 0.9421875 0.36171875 0.021875 0.0453125