0 0.553125 0.4921875 0.053125 0.12109375
0 0.67109375 0.4390625 0.0515625 0.07578125
0 0.88359375 0.48671875 0.03046875 0.0703125
0 0.16484375 0.96015625 0.071875 0.0796875
0 0.73046875 0.28359375 0.028125 0.04921875
0 0.80234375 0.27890625 0.01796875 0.06171875
0 0.8453125 0.3515625 0.025 0.05078125
0 0.8859375 0.31484375 0.01953125 0.0453125
0 0.83828125 0.25546875 0.01171875 0.021875
0 0.8234375 0.28671875 0.02109375 0.02890625
0 0.8375 0.28125 0.0109375 0.0328125
0 0.9921875 0.43203125 0.015625 0.0578125
0 0.99140625 0.36328125 0.0171875 0.03046875
0 0.9015625 0.36171875 0.0203125 0.04140625
0 0.97890625 0.33515625 0.0109375 0.02890625