0 0.28671875 0.2296875 0.07421875 0.16171875
0 0.36015625 0.2328125 0.09375 0.175
0 0.22265625 0.828125 0.13046875 0.21796875
0 0.096875 0.84453125 0.1015625 0.15390625
0 0.51015625 0.68515625 0.13671875 0.21171875
0 0.38046875 0.75 0.0875 0.2015625
0 0.5484375 0.4515625 0.0765625 0.1578125
0 0.63984375 0.3546875 0.05234375 0.1171875
0 0.57734375 0.30703125 0.065625 0.15390625
0 0.73984375 0.41953125 0.03828125 0.06953125
0 0.515625 0.31328125 0.04296875 0.12421875
0 0.33046875 0.81328125 0.08984375 0.146875
0 0.45234375 0.265625 0.0546875 0.0703125
0 0.6515625 0.484375 0.05078125 0.09375
0 0.459375 0.775 0.0765625 0.13515625
0 0.62734375 0.7140625 0.06640625 0.1109375
0 0.0171875 0.140625 0.03359375 0.12890625
0 0.015625 0.85390625 0.03046875 0.16640625
0 0.76640625 0.4265625 0.02421875 0.04140625
0 0.6140625 0.84453125 0.04375 0.1140625
0 0.80234375 0.44296875 0.02265625 0.04765625
0 0.69765625 0.4859375 0.01953125 0.08125
0 0.6875 0.6890625 0.05234375 0.09921875
0 0.48359375 0.934375 0.0359375 0.13125
0 0.5578125 0.92734375 0.05 0.13515625
0 0.753125 0.921875 0.025 0.07734375
0 0.72109375 0.8046875 0.04296875 0.0640625
0 0.8234375 0.44453125 0.021875 0.03671875
0 0.14453125 0.96953125 0.05625 0.0609375
0 0.78984375 0.4328125 0.021875 0.03984375
0 0.2078125 0.4546875 0.04609375 0.0640625
0 0.71640625 0.66640625 0.03671875 0.1
0 0.78984375 0.51328125 0.0171875 0.046875
0 0.66171875 0.975 0.034375 0.05
0 0.85703125 0.86875 0.0171875 0.0609375
0 0.759375 0.50390625 0.02421875 0.05703125
0 0.821875 0.5078125 0.021875 0.05546875
0 0.6609375 0.84765625 0.0375 0.1078125
0 0.83671875 0.76015625 0.0328125 0.04765625
0 0.921875 0.84609375 0.02734375 0.053125
0 0.92109375 0.87890625 0.03984375 0.04609375
0 0.8734375 0.95703125 0.021875 0.0859375
0 0.8625 0.82421875 0.015625 0.0578125
0 0.8046875 0.71953125 0.021875 0.05234375
0 0.85703125 0.59921875 0.01796875 0.0453125
0 0.81484375 0.9171875 0.02421875 0.09921875
0 0.89921875 0.8359375 0.01640625 0.05703125
0 0.76484375 0.64765625 0.0390625 0.0734375
0 0.9125 0.96015625 0.01640625 0.0796875
0 0.78125 0.865625 0.02421875 0.0515625
0 0.84375 0.8203125 0.021875 0.04921875
0 0.89609375 0.96328125 0.021875 0.0734375
0 0.809375 0.50546875 0.01484375 0.0515625
0 0.728125 0.7515625 0.025 0.06640625
0 0.8859375 0.93515625 0.0328125 0.05625
0 0.8046875 0.63125 0.02578125 0.04765625
0 0.92734375 0.8078125 0.0171875 0.04375
0 0.8828125 0.78203125 0.01875 0.03828125
0 0.83125 0.84765625 0.021875 0.0453125
0 0.525 0.940625 0.03984375 0.11484375
0 0.075 0.98984375 0.04375 0.0203125
0 0.8265625 0.79140625 0.02265625 0.05
0 0.84921875 0.546875 0.01484375 0.03828125
0 0.86328125 0.4796875 0.01640625 0.03125
0 0.7375 0.50546875 0.01171875 0.04453125
0 0.796875 0.84765625 0.02890625 0.046875
0 0.84921875 0.47890625 0.021875 0.03203125
0 0.68828125 0.79375 0.015625 0.05703125
0 0.77578125 0.5109375 0.01796875 0.04375
0 0.88125 0.7265625 0.0171875 0.0390625
0 0.90078125 0.6390625 0.0109375 0.021875
0 0.8703125 0.62890625 0.01171875 0.02421875
0 0.9171875 0.7765625 0.0109375 0.03828125
0 0.85 0.6734375 0.0140625 0.03515625
0 0.86484375 0.6515625 0.015625 0.03203125
0 0.825 0.46796875 0.02109375 0.0265625
0 0.9140625 0.83828125 0.0109375 0.04296875
0 0.89921875 0.72578125 0.01796875 0.034375
0 0.821875 0.615625 0.028125 0.04296875
0 0.934375 0.7578125 0.01171875 0.03828125
0 0.9375 0.8 0.00859375 0.034375
0 0.85703125 0.7390625 0.01328125 0.03125
0 0.88125 0.915625 0.0109375 0.034375
0 0.88515625 0.62890625 0.0140625 0.0296875
0 0.9375 0.7 0.0140625 0.05390625
0 0.8796875 0.6734375 0.00859375 0.02265625
0 0.8140625 0.67265625 0.01875 0.04453125
0 0.84765625 0.63984375 0.021875 0.040625
0 0.053125 0.4078125 0.0890625 0.196875
0 0.27734375 0.96015625 0.0921875 0.0796875