0 0.00859375 0.94921875 0.01640625 0.10078125
0 0.115625 0.9546875 0.0453125 0.090625
0 0.171875 0.959375 0.059375 0.08125
0 0.296875 0.959375 0.04609375 0.08125
0 0.4640625 0.503125 0.0453125 0.06796875
0 0.37578125 0.6171875 0.04375 0.09765625
0 0.2953125 0.8546875 0.0625 0.12578125
0 0.14375 0.7328125 0.06015625 0.10234375
0 0.6390625 0.68359375 0.03828125 0.09609375
0 0.0234375 0.8859375 0.046875 0.0953125
0 0.44375 0.96640625 0.08203125 0.06640625
0 0.43984375 0.5578125 0.06484375 0.1078125
0 0.3484375 0.84765625 0.06796875 0.13125
0 0.2625 0.8109375 0.0390625 0.12578125
0 0.24609375 0.66171875 0.0390625 0.08125
0 0.3953125 0.6796875 0.03515625 0.09140625
0 0.6140625 0.9609375 0.06328125 0.078125
0 0.17421875 0.70078125 0.04140625 0.10859375
0 0.53203125 0.6546875 0.08125 0.10703125
0 0.60703125 0.58828125 0.0390625 0.071875
0 0.56796875 0.50703125 0.040625 0.06328125
0 0.2296875 0.86875 0.05546875 0.1296875
0 0.61015625 0.7484375 0.06171875 0.096875
0 0.05390625 0.98203125 0.046875 0.03515625
0 0.2421875 0.72109375 0.040625 0.07265625
0 0.53828125 0.96640625 0.059375 0.06640625
0 0.58984375 0.86875 0.07109375 0.11640625
0 0.4640625 0.90078125 0.0390625 0.1078125
0 0.26328125 0.75234375 0.065625 0.10625
0 0.52578125 0.884375 0.0734375 0.11796875
0 0.334375 0.62265625 0.03359375 0.09765625
0 0.065625 0.9421875 0.046875 0.09609375
0 0.29375 0.6484375 0.053125 0.08671875
0 0.5609375 0.56484375 0.06640625 0.0859375
0 0.0984375 0.8265625 0.0578125 0.07578125
0 0.640625 0.4875 0.0234375 0.08515625
0 0.0828125 0.91015625 0.04375 0.109375
0 0.37578125 0.796875 0.059375 0.1
0 0.37109375 0.55546875 0.0328125 0.075
0 0.3890625 0.49375 0.02890625 0.07890625
0 0.43203125 0.8859375 0.04609375 0.1
0 0.46953125 0.8296875 0.06171875 0.09453125
0 0.56953125 0.4171875 0.02421875 0.05390625
0 0.1203125 0.91875 0.04609375 0.1109375
0 0.39296875 0.9609375 0.0546875 0.078125
0 0.409375 0.484375 0.0296875 0.0671875
0 0.58671875 0.96796875 0.03671875 0.0640625
0 0.51171875 0.7890625 0.04375 0.1015625
0 0.49140625 0.44375 0.0203125 0.05390625
0 0.190625 0.896875 0.0546875 0.121875
0 0.38671875 0.75859375 0.03984375 0.08203125
0 0.159375 0.81328125 0.04453125 0.07890625
0 0.59453125 0.79921875 0.03828125 0.07734375
0 0.5390625 0.41796875 0.02890625 0.046875
0 0.26484375 0.60703125 0.03203125 0.05859375
0 0.159375 0.9265625 0.03515625 0.0859375
0 0.47109375 0.4453125 0.0265625 0.0640625
0 0.64296875 0.8421875 0.04375 0.08046875
0 0.19296875 0.81796875 0.0375 0.07890625
0 0.10625 0.8703125 0.046875 0.07265625
0 0.4203125 0.459375 0.0203125 0.05703125
0 0.55234375 0.83203125 0.02578125 0.08203125
0 0.359375 0.51640625 0.0203125 0.06171875
0 0.4453125 0.4296875 0.01953125 0.05
0 0.35703125 0.46328125 0.01875 0.04453125
0 0.459375 0.4375 0.01953125 0.0578125
0 0.2140625 0.8390625 0.0265625 0.08828125
0 0.5046875 0.415625 0.01875 0.05078125
0 0.140625 0.7953125 0.0421875 0.065625
0 0.4453125 0.38203125 0.015625 0.04296875
0 0.62421875 0.41328125 0.01796875 0.0390625
0 0.65859375 0.41015625 0.0109375 0.0484375
0 0.5484375 0.79453125 0.04296875 0.0578125
0 0.58828125 0.40078125 0.0234375 0.0421875
0 0.17421875 0.8640625 0.0359375 0.06640625
0 0.6609375 0.4640625 0.0109375 0.04453125
0 0.45625 0.4 0.01953125 0.03203125
0 0.51953125 0.38046875 0.01875 0.0390625
0 0.63984375 0.91484375 0.03828125 0.08046875
0 0.553125 0.61796875 0.04765625 0.059375
0 0.57734375 0.38828125 0.02265625 0.0453125
0 0.4828125 0.3984375 0.0171875 0.03671875
0 0.60546875 0.3890625 0.0234375 0.046875
0 0.61484375 0.31640625 0.0140625 0.025
0 0.51953125 0.3296875 0.01953125 0.03046875
0 0.6390625 0.40625 0.01484375 0.03671875
0 0.62109375 0.37890625 0.01875 0.046875
0 0.46796875 0.959375 0.05 0.08125
0 0.56796875 0.83828125 0.0328125 0.078125
0 0.50234375 0.884375 0.0234375 0.1
0 0.63046875 0.3046875 0.01875 0.03828125
0 0.5796875 0.3578125 0.021875 0.04765625
0 0.50703125 0.65078125 0.040625 0.0640625
0 0.54609375 0.3703125 0.025 0.0390625
0 0.56328125 0.3203125 0.01640625 0.03828125
0 0.42109375 0.53125 0.02890625 0.0625
0 0.36171875 0.6359375 0.0203125 0.05390625
0 0.64140625 0.33125 0.01484375 0.0375
0 0.52265625 0.99296875 0.02578125 0.0140625
0 0.5546875 0.49375 0.0140625 0.0421875