0 0.4546875 0.28359375 0.06640625 0.14375
0 0.37109375 0.4390625 0.0953125 0.134375
0 0.66328125 0.47734375 0.05 0.09375
0 0.1625 0.1421875 0.0875 0.13125
0 0.3953125 0.7265625 0.084375 0.21484375
0 0.39375 0.1859375 0.07421875 0.08125
0 0.6328125 0.325 0.05 0.08828125
0 0.56640625 0.325 0.06171875 0.115625
0 0.10625 0.13671875 0.0703125 0.11953125
0 0.07265625 0.8421875 0.1109375 0.20078125
0 0.19765625 0.44375 0.071875 0.20859375
0 0.36640625 0.24453125 0.08984375 0.14921875
0 0.5140625 0.2484375 0.04296875 0.1234375
0 0.5640625 0.73125 0.1140625 0.14375
0 0.23984375 0.18671875 0.0546875 0.06953125
0 0.0453125 0.1921875 0.08984375 0.12109375
0 0.51640625 0.33203125 0.0484375 0.103125
0 0.65859375 0.8640625 0.06796875 0.09765625
0 0.7703125 0.4015625 0.04296875 0.08828125
0 0.58671875 0.90234375 0.06171875 0.13515625
0 0.5140625 0.92890625 0.0828125 0.11640625
0 0.54375 0.88203125 0.03046875 0.09453125
0 0.671875 0.653125 0.04609375 0.1265625
0 0.77265625 0.9546875 0.021875 0.0796875
0 0.84453125 0.865625 0.021875 0.0625
0 0.88359375 0.8390625 0.02734375 0.06796875
0 0.76171875 0.50234375 0.025 0.0515625
0 0.7078125 0.675 0.053125 0.09453125
0 0.02890625 0.1234375 0.05703125 0.10390625
0 0.828125 0.5109375 0.0390625 0.0640625
0 0.7734375 0.8859375 0.0375 0.078125
0 0.78046875 0.634375 0.034375 0.065625
0 0.8 0.90390625 0.0359375 0.06875
0 0.84375 0.98046875 0.040625 0.0390625
0 0.71171875 0.81171875 0.04296875 0.071875
0 0.784375 0.71796875 0.028125 0.08984375
0 0.74609375 0.61875 0.0453125 0.06640625
0 0.91015625 0.8328125 0.02734375 0.0546875
0 0.16953125 0.9734375 0.0265625 0.053125
0 0.83515625 0.459375 0.01875 0.0359375
0 0.7234375 0.965625 0.04609375 0.06875
0 0.8359375 0.7640625 0.034375 0.04921875
0 0.8296875 0.67421875 0.01328125 0.04609375
0 0.8578125 0.80078125 0.0171875 0.05078125
0 0.9078125 0.98125 0.028125 0.0375
0 0.8515625 0.4625 0.0125 0.0375
0 0.76015625 0.6546875 0.028125 0.0609375
0 0.74453125 0.9875 0.02890625 0.025
0 0.7296875 0.76953125 0.03359375 0.0515625
0 0.66640625 0.9734375 0.01640625 0.053125
0 0.91171875 0.8875 0.03125 0.03046875
0 0.8859375 0.74296875 0.01640625 0.0453125
0 0.88515625 0.62890625 0.01328125 0.02734375
0 0.9046875 0.9421875 0.04140625 0.05234375
0 0.82421875 0.79765625 0.0296875 0.06015625
0 0.80078125 0.8484375 0.01484375 0.04453125
0 0.88671875 0.7796875 0.02109375 0.0421875
0 0.86484375 0.734375 0.01015625 0.034375
0 0.9328125 0.81171875 0.015625 0.04765625
0 0.91875 0.790625 0.01640625 0.0375
0 0.91484375 0.77265625 0.01484375 0.040625
0 0.8765625 0.703125 0.01484375 0.0375
0 0.86875 0.47734375 0.02265625 0.03828125
0 0.90625 0.7390625 0.01796875 0.03671875
0 0.9015625 0.68203125 0.01484375 0.0328125
0 0.92890625 0.76796875 0.01875 0.03828125
0 0.87109375 0.5171875 0.01484375 0.0328125
0 0.91484375 0.6953125 0.01328125 0.03359375
0 0.8515625 0.5578125 0.01640625 0.03359375
0 0.81875 0.67421875 0.0125 0.03984375
0 0.87890625 0.98828125 0.01484375 0.0234375
0 0.9 0.8078125 0.01640625 0.0328125
0 0.87265625 0.6140625 0.0109375 0.03203125
0 0.93125 0.684375 0.01328125 0.0265625
0 0.83203125 0.61796875 0.01171875 0.03828125
0 0.9390625 0.7234375 0.01328125 0.03515625
0 0.934375 0.71015625 0.01015625 0.028125
0 0.89921875 0.60859375 0.01328125 0.02421875
0 0.9125 0.721875 0.01640625 0.03203125
0 0.85390625 0.61484375 0.01015625 0.03984375
0 0.93046875 0.7359375 0.0171875 0.03359375
0 0.86328125 0.6 0.0171875 0.0390625
0 0.8609375 0.653125 0.01328125 0.03203125
0 0.8125 0.52265625 0.01796875 0.03046875
0 0.23828125 0.83984375 0.07265625 0.16953125
0 0.2765625 0.78359375 0.07890625 0.17109375
0 0.7703125 0.7171875 0.01875 0.0765625
0 0.91484375 0.5203125 0.046875 0.05625
0 0.02265625 0.96875 0.0453125 0.0625
0 0.3765625 0.93515625 0.04921875 0.12421875
0 0.61171875 0.70703125 0.0703125 0.1453125