0 0.059375 0.08828125 0.1125 0.15625
0 0.39609375 0.55625 0.04765625 0.12109375
0 0.25625 0.278125 0.08203125 0.128125
0 0.35703125 0.39765625 0.12734375 0.17265625
0 0.1609375 0.27578125 0.08671875 0.1921875
0 0.00859375 0.6078125 0.0171875 0.09140625
0 0.19375 0.6234375 0.046875 0.11796875
0 0.3875 0.27578125 0.05234375 0.109375
0 0.1265625 0.83984375 0.10859375 0.23359375
0 0.428125 0.9453125 0.059375 0.10703125
0 0.265625 0.8765625 0.07890625 0.16328125
0 0.4765625 0.2953125 0.04765625 0.08359375
0 0.23359375 0.08828125 0.06328125 0.13203125
0 0.11640625 0.6484375 0.046875 0.23828125
0 0.4484375 0.52109375 0.046875 0.1125
0 0.234375 0.6015625 0.05234375 0.1609375
0 0.02109375 0.6890625 0.0421875 0.2
0 0.3640625 0.17421875 0.065625 0.09921875
0 0.18671875 0.73671875 0.059375 0.17265625
0 0.31484375 0.07890625 0.08671875 0.13828125
0 0.25625 0.78046875 0.04140625 0.1046875
0 0.3703125 0.7015625 0.04140625 0.09921875
0 0.06953125 0.9234375 0.06015625 0.15234375
0 0.49140625 0.18671875 0.05546875 0.0765625
0 0.4484375 0.7375 0.07109375 0.09765625
0 0.46640625 0.65078125 0.05234375 0.0890625
0 0.39609375 0.771875 0.08046875 0.11796875
0 0.43984375 0.16953125 0.046875 0.08203125
0 0.47421875 0.9375 0.0453125 0.0921875
0 0.51640625 0.52421875 0.0359375 0.0734375
0 0.284375 0.61875 0.06875 0.1046875
0 0.6125 0.47109375 0.02734375 0.06015625
0 0.56796875 0.44453125 0.03828125 0.08515625
0 0.51640625 0.80546875 0.0375 0.08125
0 0.5484375 0.3109375 0.0328125 0.0640625
0 0.40703125 0.09453125 0.05390625 0.0734375
0 0.05078125 0.87421875 0.03046875 0.10390625
0 0.271875 0.5625 0.03515625 0.09453125
0 0.7171875 0.8671875 0.0453125 0.0671875
0 0.475 0.85546875 0.02265625 0.06796875
0 0.55703125 0.846875 0.02734375 0.096875
0 0.57421875 0.3203125 0.03515625 0.05625
0 0.5296875 0.91640625 0.02890625 0.08671875
0 0.61796875 0.32890625 0.02734375 0.0515625
0 0.6515625 0.328125 0.028125 0.05234375
0 0.5203125 0.3078125 0.02578125 0.0703125
0 0.584375 0.81015625 0.0421875 0.06640625
0 0.596875 0.75859375 0.03984375 0.06171875
0 0.55234375 0.6328125 0.0328125 0.065625
0 0.0125 0.9265625 0.025 0.1109375
0 0.63359375 0.44765625 0.0265625 0.05078125
0 0.15546875 0.60546875 0.034375 0.1578125
0 0.54765625 0.2046875 0.01875 0.03203125
0 0.3203125 0.75 0.0296875 0.103125
0 0.596875 0.87421875 0.03984375 0.0859375
0 0.7578125 0.87890625 0.03046875 0.0734375
0 0.53203125 0.371875 0.02890625 0.065625
0 0.59296875 0.25390625 0.03046875 0.0484375
0 0.61796875 0.26484375 0.02578125 0.0484375
0 0.67109375 0.94140625 0.03203125 0.0953125
0 0.62734375 0.91796875 0.0546875 0.08828125
0 0.57421875 0.94609375 0.0421875 0.10078125
0 0.64140625 0.8484375 0.02890625 0.08828125
0 0.7109375 0.92734375 0.04765625 0.08515625
0 0.7703125 0.97421875 0.0453125 0.05078125
0 0.6515625 0.44375 0.034375 0.05
0 0.51328125 0.63515625 0.034375 0.06328125
0 0.74453125 0.7890625 0.02421875 0.06484375
0 0.35625 0.56640625 0.0296875 0.10625
0 0.3765625 0.96484375 0.03203125 0.0703125
0 0.4125 0.6921875 0.04140625 0.075
0 0.67421875 0.8671875 0.02890625 0.084375
0 0.60546875 0.72265625 0.04296875 0.04140625
0 0.75703125 0.8109375 0.03125 0.059375
0 0.61171875 0.571875 0.01953125 0.059375
0 0.60625 0.2328125 0.03515625 0.0375
0 0.65625 0.765625 0.034375 0.08046875
0 0.50390625 0.84375 0.02421875 0.065625
0 0.65078125 0.28671875 0.0328125 0.0390625
0 0.64296875 0.534375 0.02109375 0.05390625
0 0.7 0.73984375 0.03203125 0.0578125
0 0.7015625 0.79609375 0.02421875 0.08515625
0 0.63046875 0.55390625 0.01875 0.05703125
0 0.68515625 0.64609375 0.025 0.0453125
0 0.56015625 0.80625 0.03125 0.0578125
0 0.68515625 0.828125 0.02109375 0.05703125
0 0.72265625 0.62890625 0.0203125 0.05703125
0 0.6984375 0.6875 0.02265625 0.04453125
0 0.67578125 0.434375 0.02890625 0.04453125
0 0.55390625 0.7640625 0.02109375 0.05703125
0 0.70625 0.65234375 0.021875 0.0390625
0 0.75859375 0.73671875 0.0328125 0.046875
0 0.70546875 0.34140625 0.01875 0.02734375
0 0.746875 0.6484375 0.0203125 0.04375
0 0.74140625 0.70234375 0.02890625 0.0625
0 0.675 0.725 0.0171875 0.05546875
0 0.67890625 0.403125 0.03671875 0.0359375
0 0.6921875 0.346875 0.01484375 0.0265625
0 0.76484375 0.6984375 0.0265625 0.04609375
0 0.6984375 0.41484375 0.02578125 0.04765625
0 0.78203125 0.34375 0.02734375 0.0375
0 0.79453125 0.6234375 0.0171875 0.04375
0 0.72109375 0.6734375 0.01875 0.03828125
0 0.78359375 0.540625 0.01875 0.04375
0 0.71953125 0.5234375 0.01953125 0.03515625
0 0.73984375 0.671875 0.01484375 0.0421875
0 0.75546875 0.59921875 0.0140625 0.0515625
0 0.73125 0.4984375 0.01875 0.03046875
0 0.72265625 0.56484375 0.0140625 0.0359375
0 0.778125 0.6625 0.02421875 0.0421875
0 0.76484375 0.63046875 0.01953125 0.0546875
0 0.690625 0.590625 0.01875 0.03359375
0 0.70625 0.5875 0.01875 0.02734375
0 0.759375 0.56640625 0.015625 0.03984375
0 0.71640625 0.553125 0.0125 0.03359375
0 0.7421875 0.54921875 0.01484375 0.03828125
0 0.27578125 0.13359375 0.06640625 0.1203125