0 0.52421875 0.934375 0.0671875 0.12578125
0 0.47109375 0.9 0.0546875 0.12890625
0 0.64765625 0.8359375 0.0546875 0.09296875
0 0.51953125 0.87109375 0.05234375 0.10390625
0 0.45546875 0.7609375 0.06953125 0.165625
0 0.65546875 0.47109375 0.03671875 0.09296875
0 0.515625 0.446875 0.0484375 0.13359375
0 0.84765625 0.8921875 0.03828125 0.07265625
0 0.75546875 0.909375 0.028125 0.06640625
0 0.3296875 0.78671875 0.06171875 0.20078125
0 0.46640625 0.31484375 0.06328125 0.109375
0 0.725 0.79453125 0.0390625 0.06640625
0 0.22578125 0.79453125 0.08515625 0.18828125
0 0.38515625 0.446875 0.0921875 0.1734375
0 0.63515625 0.32734375 0.046875 0.07578125
0 0.81484375 0.97109375 0.03984375 0.053125
0 0.70390625 0.67265625 0.05 0.09921875
0 0.61796875 0.71015625 0.059375 0.11484375
0 0.21640625 0.43046875 0.07421875 0.19921875
0 0.375 0.26875 0.0875 0.09765625
0 0.64609375 0.3875 0.0375 0.06328125
0 0.8328125 0.796875 0.03046875 0.05703125
0 0.11015625 0.10703125 0.03984375 0.15
0 0.67265625 0.64609375 0.046875 0.1234375
0 0.40078125 0.19140625 0.07421875 0.08203125
0 0.784375 0.82109375 0.03125 0.05703125
0 0.52109375 0.334375 0.04609375 0.09140625
0 0.1703125 0.1625 0.04921875 0.10390625
0 0.26328125 0.18515625 0.09296875 0.08984375
0 0.421875 0.9703125 0.07109375 0.05546875
0 0.13828125 0.96484375 0.0453125 0.06640625
0 0.40078125 0.90703125 0.05078125 0.10546875
0 0.05859375 0.184375 0.11640625 0.18671875
0 0.92578125 0.7796875 0.0234375 0.059375
0 0.63203125 0.7875 0.028125 0.0703125
0 0.5640625 0.35390625 0.05859375 0.0625
0 0.62421875 0.475 0.03359375 0.07890625
0 0.7171875 0.95234375 0.03046875 0.06484375
0 0.24140625 0.96484375 0.0515625 0.06875
0 0.7328125 0.49296875 0.028125 0.05859375
0 0.5578125 0.70390625 0.08828125 0.13359375
0 0.9078125 0.75859375 0.01796875 0.05078125
0 0.3296875 0.9453125 0.03671875 0.10234375
0 0.77734375 0.85625 0.025 0.0390625
0 0.76640625 0.41171875 0.04453125 0.059375
0 0.5625 0.303125 0.05703125 0.08046875
0 0.7328125 0.7390625 0.02578125 0.0625
0 0.90546875 0.9171875 0.01953125 0.06171875
0 0.81796875 0.52421875 0.015625 0.0625
0 0.8875 0.97890625 0.03671875 0.03984375
0 0.6390625 0.978125 0.0390625 0.03984375
0 0.71796875 0.6171875 0.0484375 0.06640625
0 0.878125 0.73984375 0.02109375 0.04921875
0 0.75234375 0.6375 0.03359375 0.10234375
0 0.49453125 0.2828125 0.02890625 0.071875
0 0.75625 0.49140625 0.03046875 0.0640625
0 0.17890625 0.4109375 0.0359375 0.1453125
0 0.7921875 0.6046875 0.02109375 0.06328125
0 0.83359375 0.753125 0.0328125 0.04296875
0 0.77578125 0.49609375 0.03515625 0.0625
0 0.86796875 0.734375 0.01640625 0.04140625
0 0.6828125 0.77109375 0.02734375 0.05234375
0 0.053125 0.8078125 0.0421875 0.15625
0 0.09609375 0.3953125 0.0609375 0.13671875
0 0.80859375 0.796875 0.02890625 0.05859375
0 0.66484375 0.77421875 0.0171875 0.059375
0 0.734375 0.9546875 0.02578125 0.05546875
0 0.9296875 0.75703125 0.01875 0.03671875
0 0.2609375 0.3328125 0.05390625 0.06328125
0 0.92890625 0.71953125 0.01640625 0.03671875
0 0.0109375 0.7921875 0.021875 0.05703125
0 0.70859375 0.91171875 0.0203125 0.04453125
0 0.90859375 0.72421875 0.015625 0.03125
0 0.77890625 0.65 0.021875 0.0390625
0 0.7765625 0.61484375 0.028125 0.04765625
0 0.0125 0.42421875 0.025 0.1484375
0 0.82734375 0.45625 0.0203125 0.03515625
0 0.884375 0.71484375 0.0125 0.034375
0 0.89453125 0.71875 0.01328125 0.028125
0 0.85 0.46796875 0.01640625 0.034375
0 0.8953125 0.68359375 0.02265625 0.04765625
0 0.846875 0.66171875 0.01796875 0.03671875
0 0.06015625 0.40390625 0.03125 0.11484375
0 0.82890625 0.61171875 0.01015625 0.03046875
0 0.83203125 0.66953125 0.01640625 0.04296875