0 0.2140625 0.1609375 0.08203125 0.17890625
0 0.2953125 0.1640625 0.103125 0.19296875
0 0.14375 0.8203125 0.14375 0.23984375
0 0.0296875 0.8375 0.059375 0.16875
0 0.46015625 0.66328125 0.15078125 0.23359375
0 0.3171875 0.734375 0.09609375 0.221875
0 0.50234375 0.40546875 0.084375 0.1734375
0 0.603125 0.2984375 0.0578125 0.12890625
0 0.534375 0.246875 0.07265625 0.16953125
0 0.71328125 0.36953125 0.0421875 0.0765625
0 0.465625 0.253125 0.046875 0.13671875
0 0.26171875 0.8046875 0.09921875 0.16171875
0 0.39609375 0.2 0.06015625 0.07734375
0 0.615625 0.44140625 0.05625 0.103125
0 0.403125 0.76171875 0.084375 0.14921875
0 0.5890625 0.69453125 0.07265625 0.12265625
0 0.7421875 0.378125 0.0265625 0.04609375
0 0.57421875 0.83828125 0.0484375 0.12578125
0 0.78203125 0.39609375 0.025 0.05234375
0 0.66640625 0.44296875 0.02109375 0.08984375
0 0.65546875 0.6671875 0.0578125 0.109375
0 0.43203125 0.9328125 0.0390625 0.134375
0 0.5125 0.92734375 0.0546875 0.14453125
0 0.72734375 0.92421875 0.02734375 0.08515625
0 0.6921875 0.79453125 0.04765625 0.07109375
0 0.8046875 0.396875 0.02421875 0.040625
0 0.05703125 0.97109375 0.0609375 0.0578125
0 0.76796875 0.384375 0.02421875 0.04375
0 0.12734375 0.409375 0.05078125 0.07109375
0 0.68671875 0.6421875 0.040625 0.11015625
0 0.76796875 0.4734375 0.01875 0.0515625
0 0.6265625 0.97734375 0.03828125 0.0453125
0 0.8421875 0.86484375 0.01953125 0.06796875
0 0.734375 0.46328125 0.0265625 0.06328125
0 0.80234375 0.4671875 0.02421875 0.0609375
0 0.62578125 0.84140625 0.04140625 0.11875
0 0.81875 0.7453125 0.0359375 0.05234375
0 0.91328125 0.840625 0.0296875 0.05859375
0 0.91171875 0.87578125 0.04375 0.05078125
0 0.8609375 0.9578125 0.025 0.08359375
0 0.84765625 0.81640625 0.0171875 0.0640625
0 0.784375 0.70078125 0.02421875 0.0578125
0 0.8421875 0.56796875 0.0203125 0.04921875
0 0.7953125 0.91796875 0.0265625 0.109375
0 0.88828125 0.8296875 0.01796875 0.0625
0 0.73984375 0.621875 0.04296875 0.08125
0 0.903125 0.9609375 0.01796875 0.078125
0 0.7578125 0.86171875 0.0265625 0.05703125
0 0.82734375 0.81171875 0.02421875 0.0546875
0 0.884375 0.9640625 0.025 0.071875
0 0.78984375 0.46484375 0.01640625 0.05625
0 0.69921875 0.7359375 0.02734375 0.0734375
0 0.8734375 0.9390625 0.0359375 0.06171875
0 0.784375 0.603125 0.028125 0.053125
0 0.91875 0.79765625 0.01875 0.04765625
0 0.8703125 0.7703125 0.0203125 0.04140625
0 0.81328125 0.8421875 0.02421875 0.05
0 0.475 0.93984375 0.04375 0.1203125
0 0.8078125 0.78046875 0.025 0.0546875
0 0.83359375 0.5109375 0.01640625 0.0421875
0 0.8484375 0.43671875 0.01796875 0.034375
0 0.71015625 0.46484375 0.01328125 0.04921875
0 0.77578125 0.8421875 0.03125 0.0515625
0 0.8328125 0.4359375 0.02421875 0.0359375
0 0.65546875 0.7828125 0.0171875 0.0625
0 0.75234375 0.47109375 0.01953125 0.0484375
0 0.86875 0.70859375 0.01875 0.04296875
0 0.88984375 0.61171875 0.01171875 0.0234375
0 0.85625 0.60078125 0.0125 0.0265625
0 0.9078125 0.76328125 0.0125 0.0421875
0 0.834375 0.65 0.01484375 0.03828125
0 0.85 0.62578125 0.0171875 0.03515625
0 0.80625 0.4234375 0.0234375 0.02890625
0 0.9046875 0.83125 0.01171875 0.04765625
0 0.88828125 0.7078125 0.0203125 0.0375
0 0.803125 0.5859375 0.03125 0.04765625
0 0.92734375 0.74296875 0.01328125 0.0421875
0 0.93046875 0.7890625 0.009375 0.0375
0 0.8421875 0.72265625 0.01484375 0.034375
0 0.86796875 0.9171875 0.01171875 0.03828125
0 0.87265625 0.60078125 0.015625 0.03203125
0 0.9296875 0.6796875 0.015625 0.059375
0 0.86640625 0.65 0.01015625 0.025
0 0.79453125 0.64921875 0.0203125 0.04921875
0 0.83125 0.6125 0.02421875 0.04453125
0 0.2046875 0.96171875 0.10078125 0.0765625