0 0.053125 0.08828125 0.10625 0.13515625
0 0.37421875 0.28203125 0.06015625 0.12734375
0 0.39296875 0.55390625 0.04921875 0.1140625
0 0.29140625 0.26796875 0.0890625 0.15234375
0 0.42578125 0.55546875 0.071875 0.13671875
0 0.20390625 0.2921875 0.0671875 0.14375
0 0.24296875 0.88046875 0.05234375 0.15078125
0 0.2390625 0.6171875 0.11171875 0.22890625
0 0.025 0.7046875 0.04921875 0.17109375
0 0.153125 0.73359375 0.1 0.2125
0 0.4015625 0.10546875 0.05 0.09609375
0 0.36953125 0.18046875 0.0515625 0.1046875
0 0.22890625 0.0921875 0.059375 0.134375
0 0.07578125 0.68046875 0.04921875 0.2109375
0 0.1078125 0.85625 0.05546875 0.1296875
0 0.515625 0.51328125 0.04140625 0.10546875
0 0.18125 0.60703125 0.0640625 0.1421875
0 0.13203125 0.0359375 0.04296875 0.071875
0 0.43984375 0.66796875 0.0453125 0.10390625
0 0.30390625 0.83046875 0.075 0.12265625
0 0.71171875 0.9515625 0.0453125 0.09609375
0 0.32734375 0.09375 0.06875 0.13125
0 0.3796875 0.78203125 0.07109375 0.1765625
0 0.51015625 0.67578125 0.03828125 0.1078125
0 0.53984375 0.48984375 0.03671875 0.08984375
0 0.43046875 0.27890625 0.03359375 0.128125
0 0.27578125 0.14453125 0.05625 0.0890625
0 0.70859375 0.878125 0.0375 0.08984375
0 0.13984375 0.62578125 0.03984375 0.15859375
0 0.3546875 0.57421875 0.03671875 0.13828125
0 0.44765625 0.9484375 0.0578125 0.103125
0 0.51484375 0.91640625 0.04375 0.11953125
0 0.140625 0.9375 0.06328125 0.121875
0 0.546875 0.31171875 0.0296875 0.06875
0 0.4640625 0.30234375 0.03046875 0.0734375
0 0.728125 0.7796875 0.0296875 0.0765625
0 0.53125 0.821875 0.0296875 0.0640625
0 0.65546875 0.928125 0.04140625 0.096875
0 0.74609375 0.921875 0.03671875 0.0703125
0 0.5890625 0.93828125 0.0625 0.1140625
0 0.48671875 0.19609375 0.04921875 0.0703125
0 0.5953125 0.47578125 0.034375 0.07109375
0 0.6546875 0.44296875 0.046875 0.059375
0 0.6765625 0.89453125 0.04140625 0.06796875
0 0.6796875 0.73515625 0.02890625 0.05390625
0 0.67890625 0.77734375 0.03515625 0.07421875
0 0.77109375 0.9515625 0.04609375 0.0734375
0 0.4953125 0.96484375 0.034375 0.0703125
0 0.00546875 0.75546875 0.0109375 0.153125
0 0.6234375 0.84921875 0.03359375 0.06640625
0 0.575 0.809375 0.03359375 0.08046875
0 0.571875 0.8625 0.02890625 0.07734375
0 0.58671875 0.225 0.0296875 0.0421875
0 0.665625 0.69921875 0.03203125 0.06015625
0 0.5296875 0.634375 0.034375 0.0640625
0 0.52578125 0.3109375 0.0234375 0.06328125
0 0.5609375 0.22109375 0.02421875 0.03359375
0 0.615625 0.26640625 0.02734375 0.05078125
0 0.5953125 0.71953125 0.03671875 0.0734375
0 0.48984375 0.13984375 0.025 0.05703125
0 0.64453125 0.8578125 0.03046875 0.07109375
0 0.64296875 0.32734375 0.03359375 0.05546875
0 0.76328125 0.84375 0.0296875 0.0609375
0 0.3765625 0.98046875 0.0546875 0.03828125
0 0.53828125 0.38203125 0.025 0.10546875
0 0.71953125 0.84140625 0.03359375 0.05703125
0 0.38984375 0.6875 0.0234375 0.09375
0 0.6078125 0.240625 0.03203125 0.0421875
0 0.6296875 0.8140625 0.034375 0.059375
0 0.5703125 0.315625 0.0234375 0.0671875
0 0.7015625 0.671875 0.0234375 0.0578125
0 0.634375 0.66796875 0.02265625 0.0640625
0 0.69453125 0.43515625 0.034375 0.0484375
0 0.45390625 0.49140625 0.0421875 0.07109375
0 0.66875 0.83515625 0.03046875 0.06171875
0 0.64921875 0.28984375 0.02421875 0.03359375
0 0.6875 0.62890625 0.02109375 0.05078125
0 0.71953125 0.7109375 0.02890625 0.0625
0 0.7078125 0.35625 0.01640625 0.03359375
0 0.63203125 0.56328125 0.021875 0.05
0 0.56171875 0.61015625 0.0171875 0.06015625
0 0.61328125 0.57734375 0.0234375 0.05
0 0.65703125 0.67890625 0.01640625 0.0453125
0 0.5671875 0.7546875 0.025 0.084375
0 0.63671875 0.26640625 0.021875 0.03515625
0 0.66875 0.28828125 0.01640625 0.03671875
0 0.32421875 0.9890625 0.03359375 0.021875
0 0.59609375 0.32734375 0.02578125 0.046875
0 0.4671875 0.19296875 0.02734375 0.05546875
0 0.75703125 0.69375 0.015625 0.05546875
0 0.7171875 0.540625 0.025 0.0421875
0 0.4890625 0.30546875 0.02109375 0.06875
0 0.6921875 0.35390625 0.015625 0.028125
0 0.63203125 0.52890625 0.01640625 0.03671875
0 0.66328125 0.5328125 0.0234375 0.0484375
0 0.50546875 0.5984375 0.0234375 0.0703125
0 0.62265625 0.3328125 0.01953125 0.0453125
0 0.77578125 0.703125 0.02890625 0.046875
0 0.76484375 0.72265625 0.0171875 0.04375
0 0.70234375 0.6375 0.02109375 0.04609375
0 0.5109375 0.3 0.02109375 0.0796875
0 0.70703125 0.30625 0.01328125 0.0296875
0 0.69453125 0.48671875 0.0171875 0.0515625
0 0.70625 0.590625 0.0234375 0.0359375
0 0.65859375 0.621875 0.021875 0.05078125
0 0.678125 0.409375 0.04140625 0.0421875
0 0.59609375 0.259375 0.02109375 0.0421875
0 0.79296875 0.6375 0.01953125 0.04765625
0 0.72265625 0.65234375 0.025 0.0515625
0 0.64921875 0.53046875 0.01953125 0.03515625
0 0.7453125 0.6765625 0.01875 0.04609375
0 0.68984375 0.31328125 0.01875 0.034375
0 0.6375 0.471875 0.02265625 0.04296875
0 0.72890625 0.46875 0.0109375 0.02734375
0 0.6953125 0.58046875 0.0171875 0.03359375
0 0.7578125 0.54609375 0.0265625 0.03671875
0 0.75625 0.64765625 0.01796875 0.04140625
0 0.74375 0.6078125 0.015625 0.0375
0 0.73515625 0.33125 0.0125 0.03046875
0 0.6515625 0.6515625 0.01640625 0.05078125
0 0.78125 0.665625 0.01875 0.040625
0 0.0015625 0.93046875 0.003125 0.1265625
0 0.75078125 0.4015625 0.0203125 0.0265625
0 0.7421875 0.6421875 0.0171875 0.03515625
0 0.75546875 0.60703125 0.0171875 0.03984375
0 0.76796875 0.6671875 0.01953125 0.040625
0 0.790625 0.57890625 0.01328125 0.03671875
0 0.77734375 0.57890625 0.0171875 0.03203125
0 0.759375 0.584375 0.01640625 0.0359375
0 0.77734375 0.7796875 0.01640625 0.04765625
0 0.771875 0.63203125 0.01953125 0.0375
0 0.7359375 0.41640625 0.015625 0.03125
0 0.77265625 0.60234375 0.01640625 0.03515625
0 0.765625 0.75546875 0.0234375 0.03515625
0 0.7828125 0.35 0.028125 0.03203125