0 0.3296875 0.13359375 0.06953125 0.14296875
0 0.54765625 0.25625 0.08125 0.12578125
0 0.37890625 0.82265625 0.08203125 0.23046875
0 0.69140625 0.2890625 0.05625 0.090625
0 0.265625 0.82734375 0.10703125 0.1640625
0 0.628125 0.275 0.053125 0.0703125
0 0.80703125 0.3546875 0.04453125 0.0609375
0 0.41328125 0.19921875 0.09921875 0.1609375
0 0.75234375 0.34609375 0.05625 0.071875
0 0.68515625 0.4296875 0.0859375 0.140625
0 0.47734375 0.68046875 0.14375 0.28984375
0 0.15703125 0.8171875 0.0859375 0.23046875
0 0.284375 0.22421875 0.06484375 0.1453125
0 0.05859375 0.86171875 0.10703125 0.203125
0 0.43046875 0.43515625 0.08125 0.18828125
0 0.20078125 0.3671875 0.06875 0.18515625
0 0.02109375 0.3640625 0.0421875 0.146875
0 0.81171875 0.9609375 0.0328125 0.078125
0 0.01640625 0.8375 0.0328125 0.15625
0 0.79765625 0.5953125 0.0671875 0.07734375
0 0.896875 0.4109375 0.03515625 0.06171875
0 0.9515625 0.840625 0.03671875 0.06953125
0 0.83359375 0.91484375 0.03125 0.0796875
0 0.7984375 0.46484375 0.0234375 0.0796875
0 0.8234375 0.471875 0.028125 0.0734375
0 0.83984375 0.73125 0.03984375 0.09375
0 0.98046875 0.96171875 0.0203125 0.07578125
0 0.9953125 0.8328125 0.009375 0.05625
0 0.01953125 0.9671875 0.0390625 0.065625
0 0.85390625 0.47578125 0.01796875 0.0609375
0 0.7828125 0.6609375 0.046875 0.0953125
0 0.8765625 0.8890625 0.01953125 0.0703125
0 0.90234375 0.48046875 0.03359375 0.053125
0 0.92734375 0.85390625 0.01640625 0.08671875
0 0.86796875 0.6234375 0.01953125 0.0734375
0 0.8859375 0.5890625 0.01640625 0.0578125
0 0.93125 0.590625 0.01640625 0.04765625
0 0.93828125 0.63671875 0.01796875 0.04140625
0 0.928125 0.7875 0.01875 0.04609375
0 0.89609375 0.82421875 0.02578125 0.0515625
0 0.984375 0.7625 0.01875 0.0453125
0 0.8421875 0.6734375 0.0234375 0.0515625
0 0.93828125 0.45 0.01328125 0.0359375
0 0.94921875 0.7171875 0.01640625 0.046875
0 0.8609375 0.8453125 0.01875 0.05
0 0.878125 0.68984375 0.0140625 0.0453125
0 0.9859375 0.72265625 0.01796875 0.04609375
0 0.90703125 0.37890625 0.01484375 0.034375
0 0.903125 0.6 0.01640625 0.040625
0 0.9328125 0.7484375 0.0171875 0.03828125
0 0.28046875 0.13046875 0.0734375 0.1328125
0 0.50703125 0.91875 0.05546875 0.15625
0 0.62421875 0.9125 0.04765625 0.15625
0 0.67265625 0.88828125 0.0390625 0.1
0 0.70546875 0.8203125 0.04140625 0.08046875
0 0.665625 0.8265625 0.04765625 0.10859375
0 0.74921875 0.67265625 0.059375 0.0984375
0 0.5125 0.66328125 0.06015625 0.2546875
0 0.559375 0.6546875 0.07578125 0.1984375
0 0.61953125 0.709375 0.09453125 0.15078125
0 0.66796875 0.6515625 0.11015625 0.16015625
0 0.03359375 0.16015625 0.0671875 0.1828125
0 0.0859375 0.13359375 0.0765625 0.1703125