0 0.415625 0.4375 0.11328125 0.2640625
0 0.325 0.378125 0.07265625 0.1703125
0 0.26171875 0.47578125 0.121875 0.1703125
0 0.25625 0.6171875 0.140625 0.31640625
0 0.73203125 0.49375 0.20859375 0.3
0 0.7734375 0.7109375 0.24921875 0.5640625
0 0.8734375 0.7140625 0.1453125 0.32578125
0 0.88984375 0.375 0.04453125 0.1171875
0 0.90703125 0.36640625 0.03671875 0.1359375
0 0.83046875 0.35703125 0.05703125 0.1390625
0 0.92890625 0.43984375 0.040625 0.1
0 0.953125 0.4546875 0.053125 0.13671875
0 0.9421875 0.603125 0.078125 0.2109375