0 0.75625 0.77890625 0.046875 0.11328125
0 0.14765625 0.92890625 0.0546875 0.13203125
0 0.68671875 0.65703125 0.06171875 0.1
0 0.6078125 0.61484375 0.02421875 0.1171875
0 0.8890625 0.971875 0.059375 0.04921875
0 0.17265625 0.6921875 0.0609375 0.10703125
0 0.74140625 0.646875 0.04609375 0.12421875
0 0.97734375 0.80390625 0.025 0.096875
0 0.12109375 0.8421875 0.0484375 0.125
0 0.44609375 0.496875 0.05 0.0828125
0 0.82890625 0.62421875 0.0546875 0.10625
0 0.21875 0.4578125 0.0375 0.06171875
0 0.94609375 0.43046875 0.015625 0.04765625
0 0.77890625 0.49375 0.02265625 0.07109375
0 0.88203125 0.37421875 0.01953125 0.0515625
0 0.80234375 0.27265625 0.01875 0.0359375
0 0.92109375 0.36015625 0.01796875 0.04609375
0 0.82890625 0.28203125 0.01484375 0.03359375
0 0.971875 0.36015625 0.0203125 0.05234375
0 0.9796875 0.44140625 0.02265625 0.053125
0 0.9390625 0.30625 0.0171875 0.03125
0 0.8875 0.2640625 0.0125 0.028125
0 0.878125 0.296875 0.01328125 0.034375
0 0.9328125 0.3953125 0.01171875 0.0453125
0 0.9953125 0.3390625 0.009375 0.02734375
0 0.85 0.25703125 0.00859375 0.01640625
0 0.9171875 0.325 0.015625 0.02734375