0 0.20934959349593496 0.4694244604316547 0.13109756097560976 0.24820143884892087
0 0.3755081300813008 0.39298561151079137 0.16056910569105692 0.2841726618705036
0 0.34247967479674796 0.5197841726618705 0.15142276422764228 0.1960431654676259
0 0.6366869918699187 0.12859712230215828 0.0975609756097561 0.17985611510791366
0 0.7494918699186992 0.13399280575539568 0.06910569105691057 0.17625899280575538
0 0.8318089430894309 0.1393884892086331 0.0782520325203252 0.17625899280575538
0 0.2505081300813008 0.26348920863309355 0.11280487804878049 0.16906474820143885
0 0.3318089430894309 0.22931654676258992 0.08333333333333333 0.13129496402877697
0 0.42276422764227645 0.1591726618705036 0.12703252032520326 0.24820143884892087
0 0.16209349593495934 0.1672661870503597 0.1209349593495935 0.18884892086330934
0 0.08841463414634146 0.11600719424460432 0.059959349593495935 0.13309352517985612
0 0.04369918699186992 0.10161870503597123 0.08130081300813008 0.17805755395683454
0 0.2301829268292683 0.09262589928057553 0.059959349593495935 0.17086330935251798