0 0.8244613821138211 0.4780935251798561 0.14965447154471545 0.19368705035971223
0 0.6627032520325203 0.5018705035971224 0.1286788617886179 0.17422661870503597
0 0.32965447154471544 0.521294964028777 0.15241869918699186 0.18224820143884893
0 0.09971544715447155 0.20285971223021584 0.1404979674796748 0.16685251798561151
0 0.8596747967479674 0.20442446043165466 0.12433943089430893 0.18631294964028777
0 0.0208739837398374 0.1825 0.03747967479674797 0.15176258992805755
0 0.22470528455284555 0.17386690647482014 0.08882113821138211 0.20580935251798563
0 0.33987804878048783 0.22341726618705035 0.12503048780487805 0.19886690647482014
0 0.3966158536585366 0.19424460431654678 0.0657520325203252 0.16929856115107914
0 0.52625 0.12032374100719426 0.0752439024390244 0.16532374100719424
0 0.5971138211382113 0.1737589928057554 0.10291666666666666 0.18230215827338128