0 0.3409552845528455 0.47571942446043164 0.16565040650406504 0.2158273381294964
0 0.7809959349593496 0.5620503597122302 0.16971544715447154 0.2392086330935252
0 0.6138211382113821 0.5314748201438849 0.14126016260162602 0.21223021582733814
0 0.6646341463414634 0.3255395683453237 0.14634146341463414 0.210431654676259
0 0.8399390243902439 0.3039568345323741 0.13821138211382114 0.22841726618705036
0 0.09959349593495935 0.08453237410071943 0.13821138211382114 0.16906474820143885
0 0.7413617886178862 0.32464028776978415 0.15548780487804878 0.2823741007194245
0 0.3241869918699187 0.1735611510791367 0.1524390243902439 0.20323741007194246
0 0.21290650406504066 0.10071942446043165 0.10873983739837398 0.2014388489208633
0 0.592479674796748 0.19244604316546762 0.11890243902439024 0.22122302158273383
0 0.5198170731707317 0.1223021582733813 0.08434959349593496 0.18705035971223022
0 0.47764227642276424 0.08363309352517985 0.08943089430894309 0.1672661870503597
0 0.3821138211382114 0.06924460431654676 0.10772357723577236 0.13848920863309352