0 0.3323170731707317 0.5386690647482014 0.16056910569105692 0.24640287769784172
0 0.5813008130081301 0.4829136690647482 0.15142276422764228 0.22302158273381295
0 0.7474593495934959 0.42985611510791366 0.15447154471544716 0.2733812949640288
0 0.5990853658536586 0.25449640287769787 0.1402439024390244 0.20863309352517986
0 0.6849593495934959 0.20863309352517986 0.1016260162601626 0.17805755395683454
0 0.766260162601626 0.15377697841726617 0.13008130081300814 0.19424460431654678
0 0.9578252032520326 0.08363309352517985 0.05386178861788618 0.1672661870503597
0 0.13516260162601626 0.2185251798561151 0.09857723577235772 0.2787769784172662
0 0.2540650406504065 0.2697841726618705 0.13008130081300814 0.1672661870503597
0 0.304369918699187 0.21402877697841727 0.0741869918699187 0.1528776978417266
0 0.42886178861788615 0.125 0.07215447154471545 0.1474820143884892
0 0.49847560975609756 0.15737410071942445 0.10264227642276423 0.18705035971223022
0 0.5762195121951219 0.08183453237410072 0.07520325203252033 0.16007194244604317
0 0.04014227642276423 0.2787769784172662 0.08028455284552846 0.22661870503597123
0 0.2845528455284553 0.09982014388489209 0.08536585365853659 0.13309352517985612
0 0.383130081300813 0.10431654676258993 0.0701219512195122 0.17446043165467626