2 0.48272357723577236 0.30913978494623656 0.016260162601626018 0.03763440860215054
2 0.6742886178861789 0.23297491039426524 0.019308943089430895 0.02867383512544803
2 0.5111788617886179 0.5241935483870968 0.021341463414634148 0.044802867383512544
2 0.47764227642276424 0.5188172043010753 0.04065040650406504 0.06093189964157706
2 0.45172764227642276 0.510752688172043 0.024390243902439025 0.05734767025089606
2 0.5508130081300813 0.2903225806451613 0.02032520325203252 0.03046594982078853
2 0.20121951219512196 0.4211469534050179 0.031504065040650404 0.03942652329749104
2 0.3048780487804878 0.37544802867383514 0.017276422764227643 0.03942652329749104
2 0.23526422764227642 0.4103942652329749 0.02032520325203252 0.044802867383512544
2 0.5350609756097561 0.2939068100358423 0.018292682926829267 0.03046594982078853
2 0.09654471544715447 0.4578853046594982 0.019308943089430895 0.03046594982078853
2 0.6056910569105691 0.20878136200716846 0.017276422764227643 0.02867383512544803
2 0.7098577235772358 0.471326164874552 0.014227642276422764 0.034050179211469536
2 0.9878048780487805 0.6057347670250897 0.024390243902439025 0.07168458781362007
2 0.36636178861788615 0.3485663082437276 0.018292682926829267 0.03942652329749104
2 0.421239837398374 0.2992831541218638 0.019308943089430895 0.04121863799283154
2 0.3201219512195122 0.36469534050179214 0.017276422764227643 0.03046594982078853
2 0.11788617886178862 0.8584229390681004 0.017276422764227643 0.026881720430107527
2 0.37347560975609756 0.3172043010752688 0.014227642276422764 0.03046594982078853
2 0.5558943089430894 0.503584229390681 0.014227642276422764 0.02867383512544803
2 0.4054878048780488 0.29838709677419356 0.022357723577235773 0.03942652329749104
2 0.48628048780487804 0.21415770609318996 0.022357723577235773 0.03225806451612903
2 0.34247967479674796 0.3575268817204301 0.019308943089430895 0.044802867383512544
2 0.5132113821138211 0.27598566308243727 0.016260162601626018 0.02867383512544803
2 0.586890243902439 0.2867383512544803 0.013211382113821139 0.026881720430107527
2 0.6407520325203252 0.1586021505376344 0.017276422764227643 0.034050179211469536
2 0.133130081300813 0.44623655913978494 0.02032520325203252 0.03225806451612903
2 0.6122967479674797 0.6863799283154122 0.03353658536585366 0.043010752688172046
2 0.9878048780487805 0.48118279569892475 0.019308943089430895 0.03225806451612903
2 0.3704268292682927 0.3216845878136201 0.012195121951219513 0.02867383512544803
2 0.16869918699186992 0.42562724014336917 0.016260162601626018 0.023297491039426525
2 0.2815040650406504 0.38799283154121866 0.017276422764227643 0.04121863799283154
2 0.7042682926829268 0.13978494623655913 0.017276422764227643 0.03046594982078853
2 0.27947154471544716 0.3736559139784946 0.014227642276422764 0.01971326164874552
2 0.5741869918699187 0.2007168458781362 0.013211382113821139 0.017921146953405017
2 0.26473577235772355 0.39157706093189965 0.017276422764227643 0.034050179211469536
2 0.5741869918699187 0.21953405017921146 0.017276422764227643 0.026881720430107527
2 0.43546747967479676 0.5098566308243727 0.018292682926829267 0.03942652329749104
2 0.32926829268292684 0.38530465949820786 0.021341463414634148 0.034050179211469536
2 0.16615853658536586 0.43637992831541217 0.018292682926829267 0.03225806451612903
2 0.5767276422764228 0.5053763440860215 0.016260162601626018 0.043010752688172046