2 0.22306910569105692 0.39336917562724016 0.029471544715447155 0.035842293906810034
2 0.695630081300813 0.29121863799283154 0.02032520325203252 0.023297491039426525
2 0.5137195121951219 0.3342293906810036 0.01524390243902439 0.02867383512544803
2 0.5086382113821138 0.3333333333333333 0.01524390243902439 0.03046594982078853
2 0.46747967479674796 0.5304659498207885 0.024390243902439025 0.053763440860215055
2 0.6488821138211383 0.25268817204301075 0.013211382113821139 0.023297491039426525
2 0.5284552845528455 0.5492831541218638 0.018292682926829267 0.03763440860215054
2 0.5797764227642277 0.3288530465949821 0.019308943089430895 0.02867383512544803
2 0.7311991869918699 0.5385304659498208 0.014227642276422764 0.026881720430107527
2 0.11636178861788618 0.4103942652329749 0.018292682926829267 0.03046594982078853
2 0.2616869918699187 0.3817204301075269 0.017276422764227643 0.03763440860215054
2 0.5899390243902439 0.546594982078853 0.01524390243902439 0.02867383512544803
2 0.40040650406504064 0.31810035842293904 0.013211382113821139 0.03046594982078853
2 0.6737804878048781 0.20967741935483872 0.016260162601626018 0.03942652329749104
2 0.5640243902439024 0.33064516129032256 0.019308943089430895 0.03046594982078853
2 0.49339430894308944 0.5403225806451613 0.03556910569105691 0.05197132616487455
2 0.391260162601626 0.35125448028673834 0.01524390243902439 0.034050179211469536
2 0.34502032520325204 0.3539426523297491 0.017276422764227643 0.025089605734767026
2 0.33028455284552843 0.3611111111111111 0.01524390243902439 0.03942652329749104
2 0.9908536585365854 0.7293906810035843 0.018292682926829267 0.06810035842293907
2 0.5650406504065041 0.546594982078853 0.011178861788617886 0.025089605734767026
2 0.36941056910569103 0.35304659498207885 0.017276422764227643 0.03942652329749104
2 0.016260162601626018 0.4265232974910394 0.021341463414634148 0.03942652329749104
2 0.5157520325203252 0.23387096774193547 0.019308943089430895 0.034050179211469536
2 0.4507113821138211 0.30824372759856633 0.014227642276422764 0.03763440860215054
2 0.15752032520325204 0.40053763440860213 0.026422764227642278 0.02867383512544803
2 0.1875 0.3978494623655914 0.014227642276422764 0.03225806451612903
2 0.603150406504065 0.25627240143369173 0.01524390243902439 0.021505376344086023
2 0.2936991869918699 0.37007168458781364 0.017276422764227643 0.026881720430107527
2 0.5391260162601627 0.2921146953405018 0.016260162601626018 0.017921146953405017
2 0.5157520325203252 0.2921146953405018 0.013211382113821139 0.025089605734767026
2 0.304369918699187 0.3709677419354839 0.016260162601626018 0.04121863799283154
2 0.5315040650406504 0.289426523297491 0.01524390243902439 0.01971326164874552
2 0.41971544715447157 0.3010752688172043 0.012195121951219513 0.023297491039426525
2 0.5365853658536586 0.30286738351254483 0.018292682926829267 0.023297491039426525
2 0.30284552845528456 0.35663082437275984 0.013211382113821139 0.021505376344086023
2 0.11280487804878049 0.807347670250896 0.016260162601626018 0.025089605734767026
2 0.6072154471544715 0.25985663082437277 0.018292682926829267 0.025089605734767026
2 0.7286585365853658 0.21863799283154123 0.01524390243902439 0.025089605734767026
2 0.2886178861788618 0.3611111111111111 0.01524390243902439 0.016129032258064516
2 0.6117886178861789 0.7329749103942652 0.031504065040650404 0.034050179211469536
2 0.4491869918699187 0.521505376344086 0.01524390243902439 0.035842293906810034