2 0.2255589430894309 0.3763799283154122 0.0291869918699187 0.03394265232974911
2 0.6996239837398374 0.3032437275985663 0.019867886178861788 0.02261648745519713
2 0.5167886178861788 0.3356093189964158 0.014237804878048781 0.027329749103942653
2 0.5119918699186992 0.3340143369175627 0.014410569105691056 0.030304659498207886
2 0.46668699186991874 0.5281541218637993 0.023790650406504067 0.051845878136200715
2 0.6536483739837399 0.26216845878136197 0.012876016260162602 0.021810035842293907
2 0.5276626016260163 0.5510752688172043 0.017347560975609758 0.03691756272401434
2 0.5830182926829269 0.3338351254480287 0.01923780487804878 0.02731182795698925
2 0.7302337398373984 0.5529569892473118 0.013831300813008129 0.02560931899641577
2 0.11820121951219513 0.38645161290322577 0.01818089430894309 0.02982078853046595
2 0.26417682926829267 0.3669534050179211 0.01692073170731707 0.037132616487455194
2 0.5892073170731708 0.5522401433691756 0.014654471544715447 0.027939068100358424
2 0.40427845528455286 0.3116487455197133 0.012357723577235772 0.02983870967741935
2 0.6796544715447154 0.22064516129032258 0.015853658536585366 0.03792114695340502
2 0.5672764227642277 0.33491039426523295 0.018729674796747968 0.028799283154121863
2 0.4928353658536585 0.5402329749103942 0.034319105691056916 0.0503584229390681
2 0.39427845528455285 0.34453405017921146 0.014207317073170732 0.033637992831541216
2 0.34789634146341464 0.3445161290322581 0.01654471544715447 0.02449820788530466
2 0.3331808943089431 0.3504121863799283 0.01478658536585366 0.0393010752688172
2 0.9887499999999999 0.7601254480286738 0.0225 0.06727598566308243
2 0.5638414634146341 0.5505376344086022 0.011026422764227642 0.025268817204301075
2 0.3723983739837398 0.34523297491039423 0.016707317073170733 0.0382258064516129
2 0.017794715447154472 0.3967025089605735 0.020142276422764227 0.03838709677419355
2 0.5209857723577236 0.23465949820788531 0.018353658536585365 0.03232974910394265
2 0.45438008130081303 0.3053225806451613 0.01309959349593496 0.03761648745519713
2 0.15955284552845528 0.37955197132616486 0.025691056910569107 0.026379928315412186
2 0.18972560975609756 0.3789784946236559 0.014065040650406504 0.03207885304659498
2 0.608089430894309 0.2623655913978495 0.015264227642276423 0.021308243727598566
2 0.2963414634146342 0.35749103942652327 0.016534552845528454 0.025053763440860216
2 0.5430284552845529 0.2946594982078853 0.01603658536585366 0.01686379928315412
2 0.5200609756097561 0.2929749103942652 0.012286585365853659 0.023620071684587813
2 0.3072560975609756 0.35905017921146953 0.015315040650406505 0.040501792114695345
2 0.5357012195121951 0.2913978494623656 0.014573170731707316 0.019408602150537635
2 0.423760162601626 0.2964516129032258 0.011371951219512195 0.022311827956989248
2 0.5402134146341464 0.30550179211469536 0.018231707317073173 0.021523297491039425
2 0.30596544715447155 0.3442114695340502 0.01323170731707317 0.020501792114695338
2 0.10715447154471544 0.7836917562724015 0.015721544715447153 0.023297491039426525
2 0.6116666666666667 0.266415770609319 0.01766260162601626 0.0239426523297491
2 0.7339430894308944 0.2328673835125448 0.014471544715447154 0.024587813620071685
2 0.2916056910569106 0.3481182795698925 0.015406504065040651 0.015304659498207885
2 0.6070934959349593 0.7398028673835125 0.030518292682926832 0.0324731182795699
2 0.4488109756097561 0.5187275985663082 0.015 0.03578853046594982