2 0.5335365853658537 0.7302867383512545 0.042682926829268296 0.05913978494623656
2 0.48577235772357724 0.26523297491039427 0.019308943089430895 0.03225806451612903
2 0.28353658536585363 0.3906810035842294 0.016260162601626018 0.03225806451612903
2 0.3938008130081301 0.3781362007168459 0.018292682926829267 0.03763440860215054
2 0.37296747967479676 0.5770609318996416 0.026422764227642278 0.05913978494623656
2 0.48221544715447157 0.27060931899641577 0.02032520325203252 0.034050179211469536
2 0.9136178861788617 0.4327956989247312 0.03048780487804878 0.06093189964157706
2 0.9141260162601627 0.6227598566308243 0.032520325203252036 0.06093189964157706
2 0.375 0.3575268817204301 0.022357723577235773 0.026881720430107527
2 0.4476626016260163 0.5860215053763441 0.02540650406504065 0.044802867383512544
2 0.8495934959349594 0.04390681003584229 0.013211382113821139 0.025089605734767026
2 0.2576219512195122 0.4345878136200717 0.02032520325203252 0.04659498207885305
2 0.3699186991869919 0.3611111111111111 0.019308943089430895 0.025089605734767026
2 0.21697154471544716 0.4578853046594982 0.017276422764227643 0.03225806451612903
2 0.5431910569105691 0.2446236559139785 0.016260162601626018 0.02867383512544803
2 0.23272357723577236 0.4489247311827957 0.018292682926829267 0.034050179211469536
2 0.46189024390243905 0.35125448028673834 0.024390243902439025 0.044802867383512544
2 0.6788617886178862 0.5062724014336918 0.019308943089430895 0.034050179211469536
2 0.41971544715447157 0.3225806451612903 0.013211382113821139 0.025089605734767026
2 0.14939024390243902 0.4982078853046595 0.021341463414634148 0.043010752688172046
2 0.4344512195121951 0.3154121863799283 0.01016260162601626 0.025089605734767026
2 0.25609756097560976 0.3826164874551971 0.021341463414634148 0.034050179211469536
2 0.3323170731707317 0.3709677419354839 0.016260162601626018 0.03763440860215054
2 0.2759146341463415 0.4283154121863799 0.018292682926829267 0.035842293906810034
2 0.19410569105691056 0.4551971326164875 0.016260162601626018 0.023297491039426525
2 0.22560975609756098 0.3996415770609319 0.012195121951219513 0.01971326164874552
2 0.19817073170731708 0.4767025089605735 0.018292682926829267 0.034050179211469536
2 0.31453252032520324 0.37007168458781364 0.02032520325203252 0.026881720430107527
2 0.39939024390243905 0.5833333333333334 0.04065040650406504 0.06451612903225806
2 0.989329268292683 0.40860215053763443 0.021341463414634148 0.05734767025089606
2 0.012703252032520325 0.5636200716845878 0.018292682926829267 0.02867383512544803
2 0.5447154471544715 0.2867383512544803 0.014227642276422764 0.02867383512544803
2 0.9019308943089431 0.492831541218638 0.021341463414634148 0.034050179211469536
2 0.5431910569105691 0.2060931899641577 0.016260162601626018 0.035842293906810034
2 0.4476626016260163 0.35842293906810035 0.022357723577235773 0.03763440860215054
2 0.18140243902439024 0.47491039426523296 0.017276422764227643 0.03225806451612903
2 0.11128048780487805 0.5197132616487455 0.026422764227642278 0.03763440860215054
2 0.7698170731707317 0.492831541218638 0.024390243902439025 0.044802867383512544
2 0.03861788617886179 0.5555555555555556 0.012195121951219513 0.026881720430107527
2 0.047764227642276426 0.546594982078853 0.016260162601626018 0.03046594982078853
2 0.33028455284552843 0.40860215053763443 0.027439024390243903 0.044802867383512544
2 0.8521341463414634 0.07885304659498207 0.02032520325203252 0.044802867383512544
2 0.3170731707317073 0.3835125448028674 0.022357723577235773 0.035842293906810034