2 0.4767378048780488 0.3738669064748201 0.06135162601626016 0.08971223021582735
2 0.5763922764227641 0.4323201438848921 0.047245934959349596 0.08070143884892086
2 0.8890142276422763 0.41363309352517985 0.056636178861788615 0.054136690647482014
2 0.2961178861788618 0.4517086330935252 0.04768292682926829 0.06192446043165468
2 0.38702235772357724 0.5276258992805756 0.06688008130081301 0.10584532374100719
2 0.46578252032520323 0.5367086330935252 0.05164634146341463 0.0916546762589928
2 0.13752032520325203 0.4750719424460431 0.05772357723577236 0.06710431654676259
2 0.0810060975609756 0.5555035971223021 0.04427845528455285 0.0860611510791367
2 0.24384146341463414 0.5313309352517986 0.03254065040650407 0.06649280575539568
2 0.32660569105691056 0.5642985611510791 0.04768292682926829 0.06048561151079137
2 0.6159654471544715 0.4713848920863309 0.06294715447154471 0.09048561151079137