2 0.45884146341463417 0.38848920863309355 0.07215447154471545 0.11510791366906475
2 0.5640243902439024 0.39928057553956836 0.057926829268292686 0.09892086330935251
2 0.8633130081300813 0.2383093525179856 0.06300813008130081 0.07733812949640288
2 0.296239837398374 0.5467625899280576 0.054878048780487805 0.08093525179856115
2 0.3948170731707317 0.5782374100719424 0.08028455284552846 0.13309352517985612
2 0.4725609756097561 0.5512589928057554 0.06300813008130081 0.11151079136690648
2 0.14634146341463414 0.6420863309352518 0.06605691056910569 0.09172661870503597
2 0.10315040650406504 0.7455035971223022 0.054878048780487805 0.10251798561151079
2 0.2571138211382114 0.6474820143884892 0.04065040650406504 0.07913669064748201
2 0.34197154471544716 0.6411870503597122 0.054878048780487805 0.08093525179856115
2 0.6077235772357723 0.41906474820143885 0.0741869918699187 0.11690647482014388