2 0.1296875 0.19609375 0.04375 0.0515625
2 0.3578125 0.37109375 0.04375 0.0453125
2 0.3171875 0.43671875 0.05 0.0515625
2 0.25625 0.20625 0.0296875 0.04375
2 0.1921875 0.209375 0.0234375 0.040625
2 0.19609375 0.32578125 0.0421875 0.040625
2 0.43046875 0.44765625 0.0390625 0.0484375
2 0.2546875 0.3390625 0.046875 0.05
2 0.44375 0.3203125 0.0203125 0.0453125
2 0.27734375 0.484375 0.046875 0.0546875
2 0.3875 0.48984375 0.0421875 0.0453125
2 0.38359375 0.25546875 0.0328125 0.0390625
2 0.32734375 0.21484375 0.0390625 0.0421875
2 0.20546875 0.4109375 0.05 0.0453125
2 0.3546875 0.5171875 0.046875 0.0421875
2 0.384375 0.421875 0.0390625 0.0390625
2 0.06328125 0.56953125 0.0578125 0.0515625
2 0.20390625 0.4625 0.046875 0.053125
2 0.225 0.26640625 0.040625 0.0421875
2 0.47578125 0.3671875 0.028125 0.0453125
2 0.490625 0.38515625 0.03125 0.046875
2 0.290625 0.36484375 0.0421875 0.0296875