2 0.69375 0.47890625 0.0734375 0.128125
2 0.61953125 0.47265625 0.08125 0.1328125
2 0.31796875 0.5359375 0.065625 0.1328125
2 0.95546875 0.421875 0.0890625 0.146875
2 0.50234375 0.4984375 0.0625 0.1171875
2 0.78515625 0.459375 0.06875 0.14375
2 0.08984375 0.540625 0.0625 0.09375
2 0.21796875 0.56796875 0.053125 0.1140625
2 0.028125 0.62734375 0.05625 0.1515625
2 0.125 0.6015625 0.084375 0.0890625
2 0.88203125 0.45078125 0.0875 0.109375
2 0.0296875 0.521875 0.059375 0.096875
2 0.915625 0.4375 0.1515625 0.1546875