2 0.2078125 0.1203125 0.053125 0.059375
2 0.390625 0.3421875 0.0515625 0.0515625
2 0.3359375 0.396875 0.0578125 0.059375
2 0.328125 0.159375 0.0375 0.0484375
2 0.265625 0.14765625 0.0296875 0.04375
2 0.24375 0.26171875 0.0484375 0.046875
2 0.44453125 0.43359375 0.046875 0.0546875
2 0.296875 0.28828125 0.0546875 0.0578125
2 0.48515625 0.3125 0.028125 0.0484375
2 0.28671875 0.43515625 0.0546875 0.0625
2 0.39296875 0.46484375 0.05 0.053125
2 0.4421875 0.2359375 0.0390625 0.04375
2 0.39609375 0.18359375 0.0453125 0.0484375
2 0.2328125 0.346875 0.0578125 0.0546875
2 0.3546875 0.484375 0.053125 0.05
2 0.4046875 0.39765625 0.0453125 0.0453125
2 0.05859375 0.46953125 0.065625 0.0609375
2 0.21953125 0.396875 0.0546875 0.0609375
2 0.284375 0.2109375 0.0484375 0.0484375
2 0.50625 0.36484375 0.0359375 0.05
2 0.5171875 0.3859375 0.0390625 0.0515625
2 0.3265625 0.32109375 0.046875 0.0375