2 0.09567187499999999 0.197015625 0.10389062499999999 0.13379687499999998
2 0.282703125 0.176890625 0.08479687500000001 0.20187499999999997
2 0.5721406250000001 0.20265624999999998 0.098859375 0.145265625
2 0.37503125000000004 0.291734375 0.11085937500000001 0.11696875
2 0.199625 0.36696875 0.114359375 0.1134375
2 0.823421875 0.285953125 0.078734375 0.14384375
2 0.166578125 0.264078125 0.0831875 0.133125
2 0.97734375 0.2385625 0.0453125 0.11278125000000001
2 0.4771875 0.384765625 0.11920312500000001 0.151515625
2 0.9012968750000001 0.47715625 0.09896875000000001 0.1579375
2 0.9139687500000001 0.37025 0.12160937499999999 0.134328125