0 0.1796875 0.08671875 0.08203125 0.1484375
0 0.375 0.4109375 0.0984375 0.121875
0 0.56875 0.43203125 0.0453125 0.10703125
0 0.3703125 0.22734375 0.1 0.10703125
0 0.58203125 0.2921875 0.046875 0.1015625
0 0.1046875 0.08671875 0.06484375 0.11796875
0 0.1984375 0.41171875 0.06328125 0.20625
0 0.65859375 0.28515625 0.03046875 0.096875
0 0.52890625 0.2453125 0.0578125 0.06796875
0 0.16953125 0.8015625 0.109375 0.20625
0 0.40078125 0.7203125 0.1 0.20078125
0 0.02890625 0.809375 0.0578125 0.23828125
0 0.60703125 0.84296875 0.05703125 0.09140625
0 0.03671875 0.0671875 0.05859375 0.10546875
0 0.3984375 0.15 0.065625 0.07890625
0 0.43203125 0.93828125 0.0421875 0.1234375
0 0.5265625 0.30234375 0.04765625 0.0859375
0 0.24140625 0.8078125 0.08046875 0.18359375
0 0.6421875 0.69140625 0.0625 0.12421875
0 0.0484375 0.15625 0.096875 0.11875
0 0.3203125 0.80546875 0.07890625 0.17578125
0 0.01484375 0.0734375 0.0296875 0.11484375
0 0.75703125 0.46171875 0.01953125 0.07265625
0 0.56640625 0.7046875 0.10703125 0.140625
0 0.79296875 0.375 0.02109375 0.04921875
0 0.62890625 0.3171875 0.05390625 0.090625
0 0.24375 0.14296875 0.0578125 0.06796875
0 0.496875 0.896875 0.06171875 0.10546875
0 0.2828125 0.95078125 0.046875 0.0984375
0 0.66640625 0.62890625 0.059375 0.13046875
0 0.55546875 0.85078125 0.03125 0.08671875
0 0.55234375 0.92421875 0.06875 0.09765625
0 0.7265625 0.65703125 0.07578125 0.10390625
0 0.515625 0.75859375 0.040625 0.1171875
0 0.37734375 0.80390625 0.04375 0.11640625
0 0.38984375 0.97109375 0.06875 0.0578125
0 0.825 0.403125 0.021875 0.04375
0 0.80859375 0.47265625 0.01875 0.05234375
0 0.68515625 0.771875 0.02421875 0.0765625
0 0.24140625 0.965625 0.05 0.06875
0 0.85625 0.41953125 0.02109375 0.03671875
0 0.8 0.609375 0.0296875 0.06328125
0 0.7859375 0.4640625 0.01484375 0.0625
0 0.3171875 0.95390625 0.04375 0.09140625
0 0.75390625 0.7296875 0.02734375 0.0703125
0 0.58515625 0.85546875 0.03359375 0.0765625
0 0.8171875 0.60078125 0.02421875 0.05
0 0.8484375 0.409375 0.01640625 0.04140625
0 0.7671875 0.9765625 0.02421875 0.046875
0 0.875 0.43046875 0.0171875 0.0390625
0 0.809375 0.8921875 0.0234375 0.0671875
0 0.8453125 0.4734375 0.01875 0.040625
0 0.53203125 0.70546875 0.04140625 0.0921875
0 0.78828125 0.86171875 0.0296875 0.05390625
0 0.93203125 0.93515625 0.04296875 0.07734375
0 0.78203125 0.63359375 0.0265625 0.0625
0 0.846875 0.78046875 0.0296875 0.06328125
0 0.90703125 0.984375 0.04609375 0.03125
0 0.9609375 0.73359375 0.021875 0.04765625
0 0.7984375 0.46875 0.01328125 0.05546875
0 0.85703125 0.3703125 0.01171875 0.04140625
0 0.68984375 0.97421875 0.03828125 0.0515625
0 0.9390625 0.8671875 0.03046875 0.02734375
0 0.89296875 0.93046875 0.02734375 0.0875
0 0.9140625 0.634375 0.01796875 0.0375
0 0.8328125 0.5984375 0.01796875 0.03828125
0 0.740625 0.9046875 0.0390625 0.04921875
0 0.9421875 0.7875 0.01875 0.046875
0 0.81484375 0.81015625 0.028125 0.0640625
0 0.9125 0.76796875 0.015625 0.040625
0 0.95703125 0.78359375 0.0140625 0.0546875
0 0.74296875 0.94765625 0.04375 0.0515625
0 0.88671875 0.67265625 0.021875 0.03359375
0 0.96484375 0.69140625 0.015625 0.03515625
0 0.9296875 0.909375 0.03046875 0.040625
0 0.9125 0.72265625 0.01640625 0.0390625
0 0.89765625 0.7328125 0.01484375 0.0453125
0 0.47421875 0.73046875 0.0515625 0.103125
0 0.89296875 0.44765625 0.02734375 0.0359375
0 0.89140625 0.69609375 0.0125 0.034375
0 0.946875 0.646875 0.015625 0.0359375
0 0.8640625 0.4390625 0.01640625 0.0328125
0 0.89296875 0.48984375 0.0140625 0.025
0 0.72109375 0.75390625 0.015625 0.04375
0 0.9109375 0.60234375 0.01171875 0.02734375
0 0.83984375 0.6546875 0.01796875 0.04296875
0 0.88125 0.709375 0.0140625 0.0390625
0 0.940625 0.746875 0.021875 0.03515625
0 0.85 0.5890625 0.0171875 0.028125
0 0.9375 0.71015625 0.02265625 0.0453125
0 0.81953125 0.48046875 0.0140625 0.03828125
0 0.884375 0.6203125 0.009375 0.03125
0 0.8140625 0.3921875 0.028125 0.03671875
0 0.87109375 0.74609375 0.0171875 0.04453125
0 0.94140625 0.48671875 0.04140625 0.05078125
0 0.665625 0.44140625 0.07421875 0.140625
0 0.16328125 0.95859375 0.053125 0.08203125
0 0.26953125 0.72265625 0.1234375 0.1171875