0 0.09140625 0.94921875 0.0734375 0.1015625
0 0.24296875 0.9375 0.09921875 0.115625
0 0.02890625 0.95 0.0578125 0.0984375
0 0.38984375 0.840625 0.06640625 0.11328125
0 0.05078125 0.9015625 0.0640625 0.090625
0 0.17734375 0.86328125 0.05390625 0.128125
0 0.63828125 0.9296875 0.053125 0.1296875
0 0.425 0.51796875 0.03046875 0.0625
0 0.2875 0.67421875 0.03984375 0.06796875
0 0.4625 0.80859375 0.053125 0.103125
0 0.1203125 0.87109375 0.0671875 0.103125
0 0.2859375 0.6078125 0.0375 0.071875
0 0.43125 0.61328125 0.0390625 0.07109375
0 0.32734375 0.5828125 0.03203125 0.08984375
0 0.20546875 0.67421875 0.03515625 0.0859375
0 0.3890625 0.5796875 0.03828125 0.07890625
0 0.609375 0.4421875 0.02265625 0.05703125
0 0.4 0.73203125 0.0515625 0.125
0 0.40625 0.91953125 0.05546875 0.084375
0 0.5296875 0.85390625 0.04765625 0.08359375
0 0.46796875 0.5359375 0.04765625 0.0703125
0 0.5125 0.95 0.0671875 0.0859375
0 0.3484375 0.68125 0.034375 0.0859375
0 0.25078125 0.74921875 0.03828125 0.06875
0 0.12109375 0.79296875 0.065625 0.090625
0 0.18125 0.75078125 0.05859375 0.08828125
0 0.575 0.79609375 0.034375 0.0984375
0 0.61484375 0.69609375 0.04375 0.0765625
0 0.58984375 0.85546875 0.03359375 0.08828125
0 0.3984375 0.48828125 0.03359375 0.0359375
0 0.65546875 0.44140625 0.025 0.04765625
0 0.35078125 0.7484375 0.0328125 0.0765625
0 0.4421875 0.44609375 0.02109375 0.03125
0 0.41328125 0.46328125 0.0234375 0.0546875
0 0.5921875 0.74296875 0.03671875 0.08203125
0 0.45390625 0.90078125 0.0453125 0.06328125
0 0.5234375 0.63046875 0.034375 0.05390625
0 0.66015625 0.4875 0.01328125 0.0484375
0 0.65078125 0.65234375 0.0265625 0.0953125
0 0.50859375 0.39765625 0.0203125 0.04375
0 0.60234375 0.64375 0.04609375 0.059375
0 0.3265625 0.5375 0.02734375 0.0515625
0 0.58125 0.971875 0.03984375 0.05625
0 0.55390625 0.9140625 0.0453125 0.0890625
0 0.56953125 0.52421875 0.05234375 0.0609375
0 0.4796875 0.40859375 0.01640625 0.0484375
0 0.53359375 0.3859375 0.0140625 0.03828125
0 0.4015625 0.98125 0.06796875 0.03671875
0 0.628125 0.45859375 0.01875 0.0296875
0 0.5203125 0.79453125 0.02734375 0.0703125
0 0.209375 0.978125 0.071875 0.04296875
0 0.2140625 0.86484375 0.0359375 0.08125
0 0.16171875 0.9796875 0.0390625 0.040625
0 0.57890625 0.68828125 0.034375 0.0796875
0 0.56953125 0.3734375 0.0203125 0.03046875
0 0.5453125 0.81015625 0.046875 0.0828125
0 0.465625 0.40234375 0.015625 0.046875
0 0.646875 0.825 0.03359375 0.075
0 0.60390625 0.37578125 0.0203125 0.0328125
0 0.15703125 0.74375 0.03125 0.06953125
0 0.54609375 0.60390625 0.06875 0.1125
0 0.60703125 0.92421875 0.040625 0.12421875
0 0.58203125 0.36171875 0.01171875 0.03046875
0 0.45078125 0.4140625 0.0125 0.040625
0 0.49765625 0.90234375 0.04296875 0.04921875
0 0.61171875 0.85703125 0.03359375 0.0703125
0 0.56171875 0.36640625 0.015625 0.03515625
0 0.64921875 0.7765625 0.03828125 0.065625
0 0.6328125 0.79375 0.0421875 0.0640625
0 0.64140625 0.37265625 0.01484375 0.03125
0 0.09296875 0.81875 0.0265625 0.0578125
0 0.59609375 0.3078125 0.01328125 0.03359375
0 0.56171875 0.29453125 0.01484375 0.03359375
0 0.4140625 0.43125 0.0203125 0.03515625
0 0.0109375 0.93203125 0.02109375 0.07421875
0 0.6140625 0.3421875 0.0125 0.0328125
0 0.615625 0.81484375 0.034375 0.04453125
0 0.54140625 0.359375 0.015625 0.03203125
0 0.36484375 0.7953125 0.025 0.04765625
0 0.571875 0.30546875 0.0109375 0.03046875
0 0.59765625 0.340625 0.01953125 0.03515625
0 0.66171875 0.38515625 0.00859375 0.0375
0 0.51640625 0.365625 0.01640625 0.0328125
0 0.46640625 0.3578125 0.01015625 0.02421875
0 0.62109375 0.303125 0.009375 0.02265625
0 0.63203125 0.3546875 0.01640625 0.028125
0 0.57734375 0.571875 0.02265625 0.0515625
0 0.34921875 0.6578125 0.01796875 0.05
0 0.565625 0.74609375 0.03046875 0.05234375
0 0.4765625 0.37578125 0.021875 0.03125
0 0.07890625 0.87265625 0.0234375 0.0515625
0 0.66328125 0.425 0.01015625 0.03984375
0 0.6578125 0.8796875 0.0265625 0.05390625
0 0.4921875 0.384375 0.0171875 0.0359375
0 0.6453125 0.33984375 0.01171875 0.04375
0 0.528125 0.36953125 0.01484375 0.03828125
0 0.51171875 0.32890625 0.0140625 0.025
0 0.64140625 0.46328125 0.03984375 0.05078125
0 0.53515625 0.33203125 0.01953125 0.0328125