0 0.4296875 0.1359375 0.0734375 0.08359375
0 0.5015625 0.278125 0.06640625 0.115625
0 0.4875 0.74375 0.084375 0.1625
0 0.515625 0.19296875 0.05234375 0.103125
0 0.69140625 0.28125 0.0515625 0.09609375
0 0.19609375 0.83125 0.09765625 0.2359375
0 0.4015625 0.19765625 0.10078125 0.1515625
0 0.20078125 0.109375 0.0546875 0.09453125
0 0.56328125 0.2890625 0.046875 0.10234375
0 0.60859375 0.26328125 0.0703125 0.13984375
0 0.209375 0.3765625 0.1171875 0.225
0 0.41796875 0.76640625 0.0765625 0.1734375
0 0.03984375 0.140625 0.07890625 0.15234375
0 0.58046875 0.871875 0.0546875 0.096875
0 0.8328125 0.37734375 0.04609375 0.06796875
0 0.65703125 0.4328125 0.059375 0.12109375
0 0.49765625 0.91796875 0.05625 0.13828125
0 0.1171875 0.06328125 0.05 0.1265625
0 0.70234375 0.35 0.0421875 0.06875
0 0.5484375 0.41796875 0.0765625 0.13671875
0 0.0578125 0.8078125 0.0546875 0.20703125
0 0.7 0.815625 0.05 0.0984375
0 0.021875 0.83828125 0.04375 0.1984375
0 0.75859375 0.46171875 0.03671875 0.0625
0 0.6828125 0.85546875 0.04609375 0.121875
0 0.878125 0.40625 0.02109375 0.03984375
0 0.90390625 0.9015625 0.040625 0.08046875
0 0.5640625 0.94765625 0.06484375 0.1046875
0 0.61875 0.43671875 0.0546875 0.09921875
0 0.09765625 0.1625 0.05625 0.10703125
0 0.62109375 0.70546875 0.09453125 0.15078125
0 0.7953125 0.46640625 0.03046875 0.05859375
0 0.44921875 0.92890625 0.0421875 0.12890625
0 0.8546875 0.6265625 0.025 0.0796875
0 0.7296875 0.63359375 0.0515625 0.12734375
0 0.35234375 0.95390625 0.0984375 0.0921875
0 0.78828125 0.78515625 0.04921875 0.12109375
0 0.81875 0.4703125 0.02734375 0.0515625
0 0.84375 0.69765625 0.0265625 0.0953125
0 0.88203125 0.59609375 0.028125 0.06796875
0 0.86875 0.97578125 0.034375 0.0484375
0 0.78359375 0.59453125 0.05546875 0.07890625
0 0.92421875 0.43046875 0.01875 0.04140625
0 0.90625 0.66953125 0.02421875 0.04609375
0 0.9078125 0.365625 0.01796875 0.046875
0 0.85859375 0.88203125 0.021875 0.08671875
0 0.09296875 0.9734375 0.04140625 0.053125
0 0.90859375 0.74765625 0.0359375 0.04765625
0 0.77421875 0.66328125 0.04296875 0.09453125
0 0.88359375 0.478125 0.0140625 0.04375
0 0.9578125 0.80390625 0.02265625 0.06328125
0 0.15390625 0.9703125 0.03828125 0.05859375
0 0.91640625 0.98125 0.03046875 0.0375
0 0.0078125 0.36484375 0.015625 0.12734375
0 0.98046875 0.99453125 0.01953125 0.0109375
0 0.8859375 0.83515625 0.03515625 0.0640625
0 0.9921875 0.8203125 0.015625 0.06875
0 0.77890625 0.95546875 0.0484375 0.0890625
0 0.89140625 0.46953125 0.01171875 0.03046875
0 0.82734375 0.875 0.0234375 0.06640625
0 0.84375 0.8640625 0.02109375 0.06875
0 0.95390625 0.98828125 0.0171875 0.0234375
0 0.94609375 0.76640625 0.02109375 0.06015625
0 0.93671875 0.79921875 0.01640625 0.05703125
0 0.946875 0.45 0.01640625 0.034375
0 0.9046875 0.78984375 0.0234375 0.05859375
0 0.90546875 0.42578125 0.01953125 0.03125
0 0.934375 0.45078125 0.015625 0.028125
0 0.98828125 0.76640625 0.021875 0.05078125
0 0.88828125 0.7890625 0.02265625 0.05625
0 0.97734375 0.82890625 0.01796875 0.06875
0 0.96171875 0.6046875 0.0109375 0.0265625
0 0.946875 0.59296875 0.01171875 0.0296875
0 0.93125 0.71953125 0.02109375 0.0359375
0 0.9125 0.44140625 0.01875 0.02421875
0 0.9578125 0.72734375 0.01953125 0.04296875
0 0.92578125 0.79609375 0.01953125 0.04921875
0 0.34921875 0.809375 0.084375 0.1765625
0 0.97734375 0.725 0.0171875 0.04453125
0 0.83671875 0.478125 0.02578125 0.0359375
0 0.996875 0.80703125 0.00625 0.053125
0 0.8890625 0.559375 0.01015625 0.0453125
0 0.934375 0.62421875 0.01015625 0.02890625
0 0.9734375 0.55703125 0.0125 0.0296875
0 0.97109375 0.46796875 0.0109375 0.02421875
0 0.97734375 0.67734375 0.015625 0.0359375
0 0.965625 0.70859375 0.01484375 0.04609375
0 0.86640625 0.803125 0.0265625 0.05390625
0 0.95390625 0.684375 0.0140625 0.03984375
0 0.99765625 0.72109375 0.0046875 0.0328125
0 0.9484375 0.5640625 0.009375 0.02890625
0 0.9140625 0.8078125 0.025 0.0546875
0 0.984375 0.74765625 0.0171875 0.04296875
0 0.890625 0.6390625 0.01796875 0.053125
0 0.86015625 0.58515625 0.015625 0.03515625
0 0.98359375 0.4859375 0.0328125 0.053125
0 0.9671875 0.671875 0.01484375 0.03203125
0 0.3703125 0.7828125 0.1015625 0.22109375
0 0.23359375 0.3765625 0.0828125 0.17578125
0 0.6703125 0.6890625 0.0609375 0.16171875
0 0.69609375 0.45234375 0.0265625 0.09140625
0 0.81328125 0.7359375 0.0265625 0.0640625