0 0.640625 0.4640625 0.059375 0.10703125
0 0.2390625 0.17109375 0.06875 0.1328125
0 0.3109375 0.16796875 0.0421875 0.14453125
0 0.23671875 0.440625 0.06640625 0.09921875
0 0.3625 0.26171875 0.13046875 0.14375
0 0.63984375 0.32890625 0.0453125 0.0796875
0 0.3578125 0.81015625 0.08203125 0.20390625
0 0.26953125 0.2640625 0.05546875 0.10546875
0 0.30859375 0.77890625 0.06796875 0.15546875
0 0.46171875 0.32578125 0.05546875 0.1
0 0.1421875 0.1484375 0.0703125 0.1390625
0 0.0625 0.190625 0.121875 0.1515625
0 0.5828125 0.31640625 0.04609375 0.06328125
0 0.5703125 0.36015625 0.05546875 0.06640625
0 0.03671875 0.4140625 0.07109375 0.103125
0 0.64765625 0.81328125 0.04296875 0.08984375
0 0.1609375 0.81015625 0.1203125 0.2046875
0 0.6484375 0.38828125 0.0390625 0.059375
0 0.49296875 0.3015625 0.04609375 0.10390625
0 0.60859375 0.86796875 0.034375 0.1015625
0 0.74375 0.40078125 0.0375 0.040625
0 0.18828125 0.425 0.0453125 0.12109375
0 0.4796875 0.6640625 0.11015625 0.2296875
0 0.353125 0.2109375 0.04296875 0.07109375
0 0.78203125 0.9 0.04140625 0.06953125
0 0.47890625 0.440625 0.08125 0.13828125
0 0.06171875 0.83203125 0.0484375 0.17734375
0 0.465625 0.8984375 0.05390625 0.1265625
0 0.2625 0.95078125 0.06171875 0.0984375
0 0.60703125 0.68203125 0.11328125 0.16171875
0 0.68984375 0.809375 0.021875 0.0921875
0 0.88359375 0.9734375 0.0546875 0.053125
0 0.39296875 0.921875 0.0625 0.12265625
0 0.23671875 0.80859375 0.08984375 0.159375
0 0.6921875 0.6765625 0.0515625 0.0921875
0 0.7875 0.425 0.01953125 0.06171875
0 0.753125 0.9390625 0.0328125 0.06328125
0 0.69765625 0.478125 0.04609375 0.09765625
0 0.52265625 0.29609375 0.0484375 0.11171875
0 0.8375 0.9140625 0.0203125 0.065625
0 0.8015625 0.43828125 0.0234375 0.04296875
0 0.859375 0.78828125 0.0265625 0.05390625
0 0.78828125 0.8421875 0.0359375 0.0484375
0 0.7390625 0.49296875 0.025 0.06328125
0 0.9125 0.82109375 0.01953125 0.0578125
0 0.7890625 0.68125 0.01953125 0.06171875
0 0.02265625 0.9578125 0.0453125 0.084375
0 0.928125 0.978125 0.02265625 0.04375
0 0.01171875 0.840625 0.0234375 0.17890625
0 0.7609375 0.64453125 0.04140625 0.06640625
0 0.8796875 0.803125 0.01640625 0.06640625
0 0.92734375 0.8296875 0.0203125 0.0515625
0 0.43046875 0.715625 0.08359375 0.18203125
0 0.828125 0.7859375 0.02578125 0.0484375
0 0.7625 0.4984375 0.0203125 0.053125
0 0.71875 0.66171875 0.03359375 0.07265625
0 0.8671875 0.64453125 0.015625 0.0359375
0 0.865625 0.4734375 0.0140625 0.03125
0 0.85 0.5375 0.0265625 0.07421875
0 0.77265625 0.74140625 0.01640625 0.040625
0 0.79296875 0.50546875 0.02578125 0.04453125
0 0.83359375 0.44140625 0.02109375 0.02265625
0 0.83828125 0.7546875 0.0328125 0.03984375
0 0.80078125 0.49140625 0.01484375 0.0328125
0 0.78203125 0.4984375 0.01484375 0.05078125
0 0.828125 0.45625 0.021875 0.0359375
0 0.90234375 0.7953125 0.0125 0.04140625
0 0.92421875 0.78203125 0.01171875 0.04453125
0 0.8984375 0.74453125 0.01484375 0.0296875
0 0.82265625 0.50703125 0.0171875 0.0421875
0 0.89140625 0.73125 0.01796875 0.03203125
0 0.7546875 0.73046875 0.01796875 0.046875
0 0.84140625 0.6046875 0.01015625 0.03671875
0 0.78984375 0.63984375 0.028125 0.06640625
0 0.9328125 0.72578125 0.0203125 0.0390625
0 0.86796875 0.9703125 0.01875 0.05078125
0 0.9125 0.74609375 0.02421875 0.03671875
0 0.853125 0.515625 0.01640625 0.0296875
0 0.83984375 0.5078125 0.01328125 0.034375
0 0.88671875 0.621875 0.01015625 0.0265625
0 0.87734375 0.6984375 0.015625 0.0453125
0 0.90078125 0.63515625 0.0171875 0.02734375
0 0.86015625 0.746875 0.01875 0.0359375
0 0.89140625 0.66171875 0.01484375 0.04296875
0 0.81796875 0.66875 0.0171875 0.03984375
0 0.85 0.46953125 0.0171875 0.02890625
0 0.78125 0.86875 0.028125 0.0375
0 0.8890625 0.69453125 0.015625 0.04609375
0 0.91796875 0.7140625 0.015625 0.0390625
0 0.84609375 0.78359375 0.01953125 0.04609375
0 0.865625 0.5890625 0.0109375 0.03828125
0 0.8703125 0.7359375 0.0109375 0.0328125
0 0.9296875 0.69609375 0.015625 0.0421875
0 0.90703125 0.675 0.01328125 0.02734375
0 0.8765625 0.48046875 0.01015625 0.025
0 0.86953125 0.51875 0.01015625 0.02109375
0 0.85546875 0.7234375 0.0109375 0.03203125
0 0.8109375 0.78984375 0.0265625 0.0421875
0 0.82421875 0.44375 0.0125 0.03125
0 0.90859375 0.50703125 0.03828125 0.0484375
0 0.9390625 0.69453125 0.0125 0.03125
0 0.1671875 0.95859375 0.05234375 0.0828125
0 0.08046875 0.9625 0.0515625 0.075