0 0.746875 0.41484375 0.03359375 0.0921875
0 0.66796875 0.3453125 0.02734375 0.07421875
0 0.665625 0.2671875 0.03125 0.078125
0 0.1140625 0.95703125 0.09375 0.0859375
0 0.80859375 0.46015625 0.05 0.08359375
0 0.91015625 0.509375 0.03046875 0.0828125
0 0.940625 0.46953125 0.028125 0.0921875
0 0.984375 0.4046875 0.02109375 0.06484375
0 0.99609375 0.3484375 0.0078125 0.06171875
0 0.97109375 0.303125 0.0171875 0.03828125
0 0.93828125 0.3515625 0.0296875 0.06484375
0 0.86171875 0.3125 0.02265625 0.0453125
0 0.80859375 0.24140625 0.0265625 0.04609375
0 0.83125 0.24609375 0.02109375 0.04921875
0 0.85390625 0.25 0.01796875 0.04609375
0 0.8453125 0.22734375 0.01328125 0.03359375
0 0.87109375 0.22421875 0.0171875 0.04296875
0 0.89765625 0.26796875 0.01875 0.0375