0 0.540625 0.72890625 0.1859375 0.2875
0 0.746875 0.44609375 0.0875 0.15234375
0 0.659375 0.5046875 0.10625 0.18515625
0 0.87109375 0.7890625 0.1890625 0.42109375
0 0.31484375 0.79765625 0.28125 0.40390625
0 0.80390625 0.52421875 0.1390625 0.175
0 0.125 0.671875 0.1078125 0.425
0 0.32890625 0.6046875 0.16953125 0.2375
0 0.2171875 0.68828125 0.08671875 0.3234375
0 0.4203125 0.43828125 0.0546875 0.1140625
0 0.9609375 0.5953125 0.078125 0.225
0 0.484375 0.58828125 0.18515625 0.29921875
0 0.509375 0.44921875 0.10234375 0.13515625
0 0.84765625 0.60234375 0.1140625 0.16796875
0 0.66171875 0.41875 0.0421875 0.1203125