0 0.5328125 0.69921875 0.17734375 0.2734375
0 0.72890625 0.4296875 0.08359375 0.1453125
0 0.6453125 0.4859375 0.1015625 0.1765625
0 0.84765625 0.765625 0.1796875 0.41796875
0 0.31796875 0.76953125 0.26875 0.39375
0 0.78359375 0.50390625 0.1328125 0.16640625
0 0.1359375 0.64453125 0.103125 0.4046875
0 0.33046875 0.58046875 0.16171875 0.2265625
0 0.22421875 0.66015625 0.0828125 0.3078125
0 0.4171875 0.421875 0.0515625 0.1078125
0 0.93515625 0.57265625 0.07578125 0.21484375
0 0.47890625 0.56484375 0.1765625 0.284375
0 0.503125 0.43203125 0.09765625 0.12890625
0 0.825 0.578125 0.10859375 0.159375
0 0.64765625 0.403125 0.040625 0.1140625