0 0.75234375 0.784375 0.04765625 0.11484375
0 0.134375 0.934375 0.05625 0.13125
0 0.68203125 0.66015625 0.0625 0.1015625
0 0.6015625 0.61796875 0.025 0.11953125
0 0.8875 0.97734375 0.059375 0.0453125
0 0.16015625 0.696875 0.06171875 0.109375
0 0.73828125 0.65 0.046875 0.1265625
0 0.97734375 0.809375 0.02578125 0.0984375
0 0.1078125 0.8484375 0.04921875 0.1265625
0 0.43828125 0.49765625 0.05078125 0.084375
0 0.8265625 0.62734375 0.05546875 0.1078125
0 0.20703125 0.45859375 0.03828125 0.06328125
0 0.94609375 0.43125 0.015625 0.0484375
0 0.7765625 0.4953125 0.0234375 0.071875
0 0.88125 0.3734375 0.0203125 0.05234375
0 0.8 0.2703125 0.01875 0.03671875
0 0.92109375 0.359375 0.01796875 0.046875
0 0.82734375 0.2796875 0.015625 0.034375
0 0.97265625 0.359375 0.02109375 0.053125
0 0.9796875 0.44140625 0.02265625 0.05390625
0 0.9390625 0.3046875 0.01796875 0.03125
0 0.88671875 0.26171875 0.0125 0.028125
0 0.87734375 0.2953125 0.01328125 0.03515625
0 0.93203125 0.3953125 0.01171875 0.04609375
0 0.9953125 0.33671875 0.009375 0.02734375
0 0.84765625 0.2546875 0.00859375 0.0171875
0 0.91640625 0.3234375 0.015625 0.028125