0 0.7390625 0.73125 0.26796875 0.36484375
0 0.4171875 0.61171875 0.12265625 0.24765625
0 0.63984375 0.54375 0.15625 0.2390625
0 0.3125 0.64765625 0.078125 0.23125
0 0.80234375 0.54140625 0.05546875 0.18125
0 0.30390625 0.4625 0.059375 0.11484375
0 0.7 0.428125 0.0609375 0.14375
0 0.75625 0.44609375 0.05546875 0.0984375
0 0.29921875 0.36015625 0.06484375 0.10078125
0 0.38203125 0.371875 0.06875 0.17421875
0 0.4109375 0.42421875 0.08046875 0.1015625
0 0.4546875 0.5109375 0.09453125 0.1703125
0 0.8921875 0.66015625 0.190625 0.30078125