0 0.30546875 0.7078125 0.11484375 0.33515625
0 0.2875 0.47421875 0.09375 0.13984375
0 0.31328125 0.37109375 0.05078125 0.17578125
0 0.4515625 0.446875 0.07734375 0.2078125
0 0.36796875 0.4484375 0.071875 0.14765625
0 0.5109375 0.38046875 0.04296875 0.1515625
0 0.64140625 0.61484375 0.109375 0.25703125
0 0.81875 0.71484375 0.2953125 0.453125
0 0.75546875 0.9171875 0.2203125 0.165625
0 0.98984375 0.63984375 0.0203125 0.1578125
0 0.97265625 0.8640625 0.0515625 0.271875
0 0.87734375 0.63671875 0.128125 0.209375