0 0.15859375 0.9484375 0.053125 0.096875
0 0.215625 0.70625 0.0484375 0.09140625
0 0.21640625 0.878125 0.040625 0.0921875
0 0.2546875 0.83515625 0.04921875 0.084375
0 0.128125 0.86640625 0.04453125 0.0953125
0 0.14375 0.7796875 0.04921875 0.11953125
0 0.35625 0.6828125 0.03515625 0.1015625
0 0.075 0.86484375 0.04375 0.0875
0 0.46953125 0.91484375 0.0796875 0.128125
0 0.3921875 0.51484375 0.0359375 0.06171875
0 0.2828125 0.95546875 0.05234375 0.0859375
0 0.28359375 0.64921875 0.0390625 0.0734375
0 0.02265625 0.94375 0.0453125 0.096875
0 0.39921875 0.9140625 0.06328125 0.0828125
0 0.6328125 0.86328125 0.07265625 0.15703125
0 0.3828125 0.75234375 0.04375 0.09765625
0 0.3125 0.60078125 0.03515625 0.06796875
0 0.36015625 0.50859375 0.02265625 0.071875
0 0.5484375 0.9109375 0.07421875 0.1421875
0 0.19609375 0.63828125 0.046875 0.065625
0 0.1046875 0.79453125 0.0453125 0.0828125
0 0.39453125 0.821875 0.0671875 0.1234375
0 0.4390625 0.5421875 0.03671875 0.06953125
0 0.41875 0.7109375 0.0359375 0.09296875
0 0.25859375 0.6625 0.028125 0.07890625
0 0.346875 0.959375 0.03984375 0.08125
0 0.44140625 0.82109375 0.0484375 0.128125
0 0.321875 0.92109375 0.05234375 0.08125
0 0.534375 0.39921875 0.01484375 0.0484375
0 0.63359375 0.50390625 0.0234375 0.06015625
0 0.65 0.67265625 0.03359375 0.1
0 0.5546875 0.47265625 0.03046875 0.06640625
0 0.26484375 0.5671875 0.021875 0.071875
0 0.5765625 0.403125 0.0140625 0.04921875
0 0.60859375 0.515625 0.0328125 0.04375
0 0.5671875 0.79765625 0.05 0.0890625
0 0.4703125 0.75390625 0.03203125 0.109375
0 0.434375 0.50390625 0.0265625 0.04609375
0 0.6203125 0.640625 0.0265625 0.0734375
0 0.5578125 0.615625 0.04375 0.07109375
0 0.6046875 0.57265625 0.03515625 0.08203125
0 0.43671875 0.6203125 0.025 0.08984375
0 0.56875 0.7453125 0.0484375 0.06484375
0 0.6296875 0.77109375 0.04140625 0.0890625
0 0.4125 0.49453125 0.01875 0.06484375
0 0.6609375 0.49453125 0.015625 0.06875
0 0.38984375 0.96640625 0.028125 0.06171875
0 0.53671875 0.49140625 0.02265625 0.0328125
0 0.56328125 0.54765625 0.05234375 0.05625
0 0.584375 0.6828125 0.040625 0.07421875
0 0.446875 0.45546875 0.02578125 0.04609375
0 0.61796875 0.7171875 0.03359375 0.07109375
0 0.25546875 0.946875 0.0296875 0.07578125
0 0.47734375 0.8375 0.0375 0.07890625
0 0.534375 0.79921875 0.0328125 0.1015625
0 0.6203125 0.83515625 0.04609375 0.0453125
0 0.47265625 0.4328125 0.025 0.04375
0 0.60859375 0.34921875 0.0140625 0.0390625
0 0.49765625 0.8234375 0.0296875 0.1
0 0.490625 0.40859375 0.028125 0.0453125
0 0.4328125 0.47890625 0.02421875 0.04921875
0 0.23046875 0.66171875 0.02578125 0.06328125
0 0.50703125 0.39140625 0.01796875 0.04609375
0 0.4140625 0.4484375 0.01875 0.04921875
0 0.6234375 0.37421875 0.0140625 0.0359375
0 0.57421875 0.51015625 0.0453125 0.0421875
0 0.63984375 0.46640625 0.01796875 0.059375
0 0.48203125 0.38671875 0.02265625 0.03984375
0 0.66484375 0.80078125 0.01640625 0.10234375
0 0.621875 0.30546875 0.01015625 0.02265625
0 0.5578125 0.3625 0.0203125 0.03984375
0 0.46875 0.36640625 0.0109375 0.04453125
0 0.23671875 0.984375 0.05546875 0.028125
0 0.496875 0.76796875 0.025 0.078125
0 0.628125 0.43203125 0.0171875 0.06015625
0 0.59609375 0.3375 0.01484375 0.0359375
0 0.6359375 0.29375 0.0125 0.03203125
0 0.5921875 0.6359375 0.0265625 0.05078125
0 0.51796875 0.77734375 0.02578125 0.07109375
0 0.584375 0.61171875 0.03359375 0.053125
0 0.365625 0.95703125 0.03359375 0.06953125
0 0.60234375 0.375 0.028125 0.02890625
0 0.54140625 0.359375 0.01640625 0.0390625
0 0.58359375 0.34296875 0.0140625 0.0453125
0 0.51640625 0.371875 0.015625 0.034375
0 0.621875 0.34296875 0.0109375 0.03515625
0 0.42578125 0.54453125 0.01796875 0.04609375
0 0.6375 0.36171875 0.025 0.046875
0 0.215625 0.84609375 0.03125 0.04453125
0 0.5265625 0.7453125 0.01484375 0.0484375
0 0.54375 0.31015625 0.0140625 0.03828125
0 0.51875 0.82421875 0.02578125 0.0921875
0 0.64765625 0.31328125 0.0109375 0.03203125
0 0.6625 0.4359375 0.01015625 0.03671875
0 0.6140625 0.28671875 0.01015625 0.02421875
0 0.5609375 0.58359375 0.04453125 0.0359375
0 0.5546875 0.3234375 0.01640625 0.0390625
0 0.56953125 0.33671875 0.01640625 0.0375
0 0.5125 0.33046875 0.0140625 0.03046875
0 0.41328125 0.68359375 0.02265625 0.046875
0 0.6421875 0.42578125 0.0171875 0.0421875
0 0.50234375 0.36953125 0.01796875 0.04140625
0 0.5671875 0.37265625 0.01953125 0.034375
0 0.45 0.78125 0.01953125 0.0515625