0 0.51875 0.9359375 0.06875 0.128125
0 0.4640625 0.90234375 0.05625 0.13125
0 0.64453125 0.8359375 0.05625 0.0953125
0 0.51328125 0.87265625 0.053125 0.10625
0 0.44765625 0.759375 0.07109375 0.16875
0 0.65234375 0.4640625 0.0375 0.09453125
0 0.509375 0.4390625 0.04921875 0.1359375
0 0.8484375 0.89375 0.0390625 0.07421875
0 0.7546875 0.9109375 0.02890625 0.06796875
0 0.31953125 0.7859375 0.06328125 0.2046875
0 0.45859375 0.3046875 0.06484375 0.11171875
0 0.72265625 0.79375 0.03984375 0.06796875
0 0.21328125 0.79375 0.08671875 0.1921875
0 0.3765625 0.4390625 0.09453125 0.17734375
0 0.63125 0.3171875 0.0484375 0.07734375
0 0.81484375 0.9734375 0.040625 0.053125
0 0.70234375 0.6703125 0.0515625 0.1015625
0 0.6140625 0.7078125 0.06015625 0.1171875
0 0.20390625 0.42265625 0.07578125 0.203125
0 0.36640625 0.2578125 0.08984375 0.09921875
0 0.64296875 0.37890625 0.03828125 0.0640625
0 0.83359375 0.796875 0.03125 0.05859375
0 0.0953125 0.09296875 0.040625 0.153125
0 0.66953125 0.64296875 0.04765625 0.12578125
0 0.3921875 0.178125 0.07578125 0.08359375
0 0.78359375 0.82109375 0.03203125 0.05859375
0 0.51484375 0.32421875 0.046875 0.09296875
0 0.15703125 0.1484375 0.05 0.10546875
0 0.2515625 0.17265625 0.0953125 0.09140625
0 0.41328125 0.971875 0.071875 0.05546875
0 0.1234375 0.96640625 0.046875 0.0671875
0 0.3921875 0.909375 0.05234375 0.1078125
0 0.05078125 0.1703125 0.1015625 0.190625
0 0.928125 0.7796875 0.02421875 0.06015625
0 0.628125 0.78671875 0.02890625 0.07109375
0 0.55859375 0.34375 0.06015625 0.0640625
0 0.62109375 0.46796875 0.03359375 0.08046875
0 0.715625 0.9546875 0.03125 0.06640625
0 0.22890625 0.96640625 0.0515625 0.0671875
0 0.73125 0.4859375 0.02890625 0.06015625
0 0.55234375 0.7015625 0.090625 0.1359375
0 0.91015625 0.75703125 0.01796875 0.0515625
0 0.31953125 0.94765625 0.0375 0.1046875
0 0.7765625 0.85703125 0.025 0.03984375
0 0.765625 0.40390625 0.0453125 0.06015625
0 0.55703125 0.29296875 0.05859375 0.08203125
0 0.73125 0.7375 0.0265625 0.06328125
0 0.9078125 0.91875 0.01953125 0.06328125
0 0.81796875 0.51796875 0.015625 0.06328125
0 0.8890625 0.98046875 0.0375 0.0390625
0 0.63515625 0.98046875 0.03984375 0.0390625
0 0.715625 0.6125 0.04921875 0.06796875
0 0.8796875 0.73828125 0.02109375 0.05
0 0.75078125 0.63359375 0.034375 0.1046875
0 0.48828125 0.271875 0.0296875 0.0734375
0 0.7546875 0.484375 0.03125 0.065625
0 0.165625 0.40234375 0.03671875 0.1484375
0 0.7921875 0.60078125 0.021875 0.06484375
0 0.834375 0.7515625 0.03359375 0.04375
0 0.775 0.4890625 0.0359375 0.0640625
0 0.86953125 0.7328125 0.01640625 0.0421875
0 0.68046875 0.7703125 0.028125 0.05390625
0 0.03671875 0.8078125 0.04375 0.159375
0 0.08046875 0.38671875 0.0625 0.1390625
0 0.80859375 0.79609375 0.0296875 0.059375
0 0.6625 0.7734375 0.01796875 0.06015625
0 0.7328125 0.9578125 0.0265625 0.05703125
0 0.9328125 0.75625 0.01953125 0.0375
0 0.24921875 0.32265625 0.05546875 0.0640625
0 0.93125 0.7171875 0.01640625 0.0375
0 0.70703125 0.9140625 0.0203125 0.0453125
0 0.9109375 0.72265625 0.01640625 0.03203125
0 0.778125 0.646875 0.02265625 0.03984375
0 0.7765625 0.6109375 0.02890625 0.0484375
0 0.0046875 0.41640625 0.00859375 0.1515625
0 0.828125 0.44921875 0.02109375 0.0359375
0 0.8859375 0.71328125 0.01328125 0.03515625
0 0.896875 0.71640625 0.0140625 0.02890625
0 0.85078125 0.46015625 0.0171875 0.03515625
0 0.896875 0.68125 0.0234375 0.0484375
0 0.8484375 0.65859375 0.01796875 0.0375
0 0.04375 0.3953125 0.03125 0.1171875
0 0.82890625 0.6078125 0.01015625 0.03125
0 0.8328125 0.6671875 0.01640625 0.04375