0 0.1828125 0.19296875 0.11484375 0.17890625
0 0.43671875 0.721875 0.12734375 0.1796875
0 0.27890625 0.44140625 0.11953125 0.2
0 0.6421875 0.35234375 0.0453125 0.125
0 0.5859375 0.30078125 0.05390625 0.10390625
0 0.53359375 0.325 0.06796875 0.1109375
0 0.43828125 0.22578125 0.04140625 0.1328125
0 0.0859375 0.4171875 0.08984375 0.13203125
0 0.53515625 0.6984375 0.1046875 0.16953125
0 0.6390625 0.47578125 0.05390625 0.084375
0 0.07265625 0.1421875 0.12734375 0.21953125
0 0.515625 0.934375 0.040625 0.12734375
0 0.59609375 0.87421875 0.05546875 0.0921875
0 0.26484375 0.75078125 0.1078125 0.12578125
0 0.0328125 0.17890625 0.06328125 0.15625
0 0.90078125 0.96640625 0.0375 0.059375
0 0.215625 0.95078125 0.06328125 0.09453125
0 0.09140625 0.85234375 0.1078125 0.18984375
0 0.54921875 0.91796875 0.0359375 0.12734375
0 0.73984375 0.3984375 0.0375 0.0359375
0 0.69375 0.77421875 0.0359375 0.08515625
0 0.58984375 0.36640625 0.05234375 0.07109375
0 0.9125 0.9078125 0.028125 0.07265625
0 0.15625 0.796875 0.071875 0.196875
0 0.6375 0.6859375 0.0328125 0.06484375
0 0.8671875 0.89921875 0.0265625 0.07109375
0 0.73125 0.7796875 0.0265625 0.084375
0 0.6890625 0.67578125 0.0515625 0.09296875
0 0.79375 0.89921875 0.03515625 0.071875
0 0.7640625 0.91171875 0.03671875 0.06953125
0 0.73046875 0.975 0.0375 0.046875
0 0.721875 0.48828125 0.0171875 0.06796875
0 0.76328125 0.64453125 0.04765625 0.07890625
0 0.8546875 0.86015625 0.02734375 0.0640625
0 0.771875 0.41953125 0.0390625 0.04609375
0 0.87890625 0.9390625 0.028125 0.05703125
0 0.65859375 0.78515625 0.01796875 0.084375
0 0.8 0.43125 0.015625 0.0515625
0 0.87578125 0.78125 0.02109375 0.05
0 0.7390625 0.49609375 0.01875 0.05390625
0 0.78671875 0.625 0.01875 0.0484375
0 0.696875 0.96875 0.03828125 0.06015625
0 0.72734375 0.65859375 0.0375 0.075
0 0.8265625 0.6890625 0.01953125 0.04453125
0 0.79765625 0.83671875 0.02421875 0.0640625
0 0.82109375 0.77265625 0.0296875 0.059375
0 0.75703125 0.4015625 0.02578125 0.0421875
0 0.89375 0.79140625 0.0171875 0.05703125
0 0.834375 0.79609375 0.01875 0.07109375
0 0.92421875 0.80625 0.021875 0.0578125
0 0.7609375 0.49921875 0.01640625 0.05390625
0 0.7953125 0.50546875 0.0203125 0.0390625
0 0.89921875 0.74765625 0.02734375 0.04765625
0 0.8578125 0.76484375 0.0171875 0.0484375
0 0.2953125 0.82890625 0.0921875 0.16171875
0 0.91640625 0.878125 0.0265625 0.04140625
0 0.8234375 0.4484375 0.03125 0.046875
0 0.77265625 0.84609375 0.01953125 0.04921875
0 0.9265625 0.89296875 0.0171875 0.0515625
0 0.83671875 0.753125 0.02578125 0.03828125
0 0.846875 0.4734375 0.0203125 0.0359375
0 0.85078125 0.51171875 0.0171875 0.03515625
0 0.8359375 0.83984375 0.01953125 0.05859375
0 0.8125 0.6921875 0.015625 0.03828125
0 0.82265625 0.5046875 0.0171875 0.03671875
0 0.8484375 0.65 0.01796875 0.03359375
0 0.8609375 0.47109375 0.0140625 0.03671875
0 0.81328125 0.50703125 0.01640625 0.034375
0 0.8703125 0.7109375 0.01640625 0.03671875
0 0.8625 0.640625 0.0140625 0.028125
0 0.5875 0.7203125 0.04375 0.1375
0 0.8921875 0.49609375 0.01171875 0.0234375
0 0.83125 0.60859375 0.01328125 0.0359375
0 0.83984375 0.51015625 0.01328125 0.03203125
0 0.921875 0.7296875 0.0125 0.03828125
0 0.92421875 0.69375 0.01875 0.04765625
0 0.859375 0.72265625 0.0171875 0.03671875
0 0.79140625 0.70703125 0.0140625 0.0359375
0 0.90859375 0.7203125 0.01640625 0.04140625
0 0.93203125 0.76328125 0.0125 0.03671875
0 0.88125 0.71875 0.0125 0.03125
0 0.884375 0.66171875 0.01640625 0.02421875
0 0.909375 0.69296875 0.01484375 0.0359375
0 0.85 0.54609375 0.01015625 0.0265625
0 0.86484375 0.51640625 0.01328125 0.02265625
0 0.8421875 0.590625 0.01484375 0.05078125
0 0.8921875 0.56796875 0.015625 0.03671875
0 0.88203125 0.61796875 0.01015625 0.0234375
0 0.89375 0.71875 0.0140625 0.03203125
0 0.815625 0.66015625 0.01796875 0.0390625
0 0.8921875 0.609375 0.015625 0.02734375
0 0.8921875 0.59609375 0.01015625 0.02421875
0 0.7453125 0.72109375 0.0265625 0.046875
0 0.92890625 0.65859375 0.015625 0.03515625
0 0.37265625 0.2359375 0.0828125 0.15234375
0 0.32109375 0.228125 0.07578125 0.15625
0 0.01640625 0.77265625 0.02421875 0.159375
0 0.35703125 0.775 0.096875 0.16875
0 0.38046875 0.9234375 0.05546875 0.11796875
0 0.6671875 0.96953125 0.03515625 0.0546875
0 0.7 0.93203125 0.0265625 0.0578125