0 0.3953125 0.8859375 0.07578125 0.12421875
0 0.3546875 0.79140625 0.0421875 0.10390625
0 0.58515625 0.8796875 0.06484375 0.11171875
0 0.43984375 0.81484375 0.05078125 0.09453125
0 0.2625 0.74296875 0.046875 0.11171875
0 0.1765625 0.95078125 0.06796875 0.0953125
0 0.178125 0.7046875 0.04921875 0.10546875
0 0.5140625 0.81953125 0.06796875 0.08984375
0 0.0640625 0.74921875 0.04453125 0.1109375
0 0.17578125 0.79140625 0.04140625 0.09765625
0 0.10703125 0.89453125 0.03984375 0.1171875
0 0.584375 0.77890625 0.053125 0.11953125
0 0.1140625 0.79296875 0.05234375 0.084375
0 0.065625 0.95078125 0.04765625 0.0953125
0 0.63984375 0.896875 0.06484375 0.09140625
0 0.4671875 0.53046875 0.04765625 0.084375
0 0.3796875 0.67265625 0.028125 0.11328125
0 0.228125 0.76015625 0.03203125 0.0890625
0 0.4046875 0.8015625 0.04609375 0.09609375
0 0.55 0.60859375 0.0703125 0.10390625
0 0.5765625 0.5125 0.03984375 0.0796875
0 0.40859375 0.73984375 0.0671875 0.07265625
0 0.31171875 0.553125 0.03515625 0.05703125
0 0.36015625 0.61171875 0.04296875 0.0546875
0 0.52109375 0.74375 0.04375 0.09453125
0 0.5109375 0.8859375 0.06640625 0.09296875
0 0.4203125 0.66953125 0.0296875 0.0890625
0 0.5421875 0.95078125 0.04375 0.0953125
0 0.48359375 0.77265625 0.03984375 0.0828125
0 0.05078125 0.85625 0.06171875 0.1015625
0 0.61171875 0.94296875 0.04609375 0.11328125
0 0.23125 0.66875 0.03984375 0.0875
0 0.4125 0.578125 0.028125 0.06640625
0 0.02265625 0.95234375 0.04453125 0.0828125
0 0.6125 0.575 0.0234375 0.09375
0 0.2921875 0.690625 0.0265625 0.06953125
0 0.4203125 0.51484375 0.03828125 0.05703125
0 0.50390625 0.9453125 0.05390625 0.109375
0 0.47734375 0.4765625 0.03203125 0.03984375
0 0.6515625 0.67109375 0.0359375 0.11875
0 0.1296875 0.859375 0.0359375 0.07890625
0 0.4421875 0.95 0.0625 0.09921875
0 0.5828125 0.478125 0.01796875 0.0546875
0 0.659375 0.77578125 0.02890625 0.09921875
0 0.63359375 0.528125 0.0203125 0.05859375
0 0.39609375 0.48046875 0.02421875 0.0609375
0 0.5796875 0.38515625 0.01796875 0.03125
0 0.315625 0.63515625 0.03125 0.06640625
0 0.52421875 0.63125 0.0328125 0.046875
0 0.634375 0.6171875 0.02578125 0.06953125
0 0.34765625 0.55703125 0.0359375 0.06015625
0 0.38359375 0.57578125 0.025 0.05546875
0 0.465625 0.91796875 0.04765625 0.103125
0 0.471875 0.41953125 0.025 0.05625
0 0.421875 0.41484375 0.02265625 0.05546875
0 0.55 0.3875 0.0171875 0.0359375
0 0.44921875 0.45078125 0.01875 0.05390625
0 0.6078125 0.70703125 0.04296875 0.09453125
0 0.2890625 0.6421875 0.03515625 0.06171875
0 0.46796875 0.6265625 0.01875 0.040625
0 0.26640625 0.61171875 0.03515625 0.05859375
0 0.6125 0.37734375 0.015625 0.0328125
0 0.596875 0.3390625 0.015625 0.034375
0 0.6359375 0.47734375 0.025 0.0703125
0 0.6 0.38125 0.021875 0.03828125
0 0.56953125 0.35 0.01640625 0.0359375
0 0.6625 0.43984375 0.01328125 0.0421875
0 0.4984375 0.3390625 0.0109375 0.0359375
0 0.228125 0.6296875 0.03046875 0.05390625
0 0.509375 0.396875 0.01953125 0.0484375
0 0.64375 0.525 0.0171875 0.04609375
0 0.53203125 0.3875 0.0203125 0.0453125
0 0.26796875 0.67578125 0.03125 0.0640625
0 0.6359375 0.3625 0.0203125 0.053125
0 0.421875 0.46484375 0.0234375 0.05546875
0 0.2984375 0.590625 0.028125 0.05703125
0 0.47421875 0.35859375 0.01484375 0.034375
0 0.51875 0.32890625 0.0109375 0.03125
0 0.375 0.50859375 0.0234375 0.0484375
0 0.1796875 0.8796875 0.02890625 0.08671875
0 0.5953125 0.31953125 0.01484375 0.0359375
0 0.64765625 0.3859375 0.01640625 0.0390625
0 0.521875 0.396875 0.01328125 0.04140625
0 0.6234375 0.303125 0.0125 0.02421875
0 0.57890625 0.7171875 0.03046875 0.08671875
0 0.41015625 0.42890625 0.01171875 0.0453125
0 0.609375 0.3375 0.01796875 0.03046875
0 0.61953125 0.34453125 0.0140625 0.03125
0 0.48828125 0.40703125 0.0140625 0.0421875
0 0.659375 0.95703125 0.0234375 0.0734375
0 0.59765625 0.74296875 0.02265625 0.06875
0 0.16171875 0.72421875 0.02109375 0.0546875
0 0.65703125 0.46484375 0.0234375 0.06171875
0 0.19296875 0.671875 0.0203125 0.05234375
0 0.6359375 0.29453125 0.01875 0.0265625
0 0.3765625 0.55 0.0171875 0.04140625
0 0.6625 0.36484375 0.0078125 0.03984375
0 0.50234375 0.36796875 0.015625 0.03984375
0 0.45390625 0.41484375 0.01328125 0.03515625
0 0.56875 0.7625 0.02265625 0.06328125
0 0.36484375 0.5046875 0.02109375 0.0328125
0 0.6359375 0.44609375 0.0171875 0.0421875
0 0.48984375 0.3765625 0.02109375 0.04921875
0 0.64609375 0.25390625 0.0125 0.0203125
0 0.58125 0.3203125 0.0140625 0.03359375
0 0.54296875 0.3140625 0.0140625 0.040625
0 0.5984375 0.24765625 0.01015625 0.0203125
0 0.54375 0.36796875 0.021875 0.03671875
0 0.6625 0.34140625 0.009375 0.03984375
0 0.56171875 0.34140625 0.01328125 0.0390625
0 0.33125 0.6046875 0.021875 0.03828125
0 0.6453125 0.32109375 0.015625 0.03203125
0 0.49140625 0.9109375 0.0375 0.075
0 0.634375 0.5875 0.0171875 0.0296875
0 0.48125 0.3671875 0.01953125 0.04453125
0 0.60859375 0.3 0.015625 0.02109375