0 0.31953125 0.5625 0.04921875 0.08203125
0 0.14453125 0.7359375 0.0484375 0.1328125
0 0.428125 0.83125 0.0453125 0.153125
0 0.13359375 0.91640625 0.03515625 0.12421875
0 0.56640625 0.61484375 0.0359375 0.115625
0 0.55390625 0.40546875 0.02734375 0.07890625
0 0.09765625 0.60625 0.02578125 0.10546875
0 0.82421875 0.628125 0.0375 0.10078125
0 0.11796875 0.825 0.0390625 0.13359375
0 0.08203125 0.5015625 0.0296875 0.0734375
0 0.93359375 0.3953125 0.0109375 0.0359375
0 0.65859375 0.4734375 0.0328125 0.0765625
0 0.915625 0.3453125 0.0125 0.0265625
0 0.9328125 0.51953125 0.02421875 0.059375
0 0.934375 0.9390625 0.03515625 0.11953125
0 0.85859375 0.45234375 0.01640625 0.0515625
0 0.81328125 0.28359375 0.01171875 0.0328125
0 0.83671875 0.29375 0.015625 0.03203125
0 0.990625 0.709375 0.01875 0.071875
0 0.93671875 0.42265625 0.01484375 0.03828125
0 0.84296875 0.35234375 0.0125 0.05625
0 0.84609375 0.33125 0.01015625 0.03671875
0 0.96328125 0.35859375 0.00859375 0.03359375
0 0.99609375 0.4578125 0.00703125 0.05078125
0 0.80703125 0.2671875 0.009375 0.03125
0 0.8390625 0.2765625 0.015625 0.02109375
0 0.825 0.378125 0.0125 0.04609375
0 0.78125 0.97109375 0.040625 0.05703125