0 0.23671875 0.21796875 0.125 0.1625
0 0.13125 0.128125 0.084375 0.14296875
0 0.58046875 0.31484375 0.04453125 0.06171875
0 0.63671875 0.32890625 0.05 0.078125
0 0.459375 0.32265625 0.06953125 0.10546875
0 0.1859375 0.80390625 0.08671875 0.18515625
0 0.3796875 0.25234375 0.0953125 0.146875
0 0.53984375 0.3265625 0.05546875 0.103125
0 0.64609375 0.3875 0.04296875 0.06328125
0 0.49765625 0.3015625 0.04375 0.1078125
0 0.0890625 0.81484375 0.0828125 0.17734375
0 0.0484375 0.14765625 0.08515625 0.20234375
0 0.52734375 0.4578125 0.065625 0.14453125
0 0.4296875 0.7078125 0.08203125 0.19375
0 0.62109375 0.859375 0.0453125 0.103125
0 0.51171875 0.92890625 0.075 0.1421875
0 0.325 0.79921875 0.0796875 0.17734375
0 0.29375 0.94609375 0.12734375 0.10390625
0 0.13984375 0.8140625 0.0578125 0.17421875
0 0.46015625 0.92890625 0.0546875 0.14140625
0 0.15234375 0.4125 0.08515625 0.13125
0 0.48515625 0.77109375 0.0671875 0.159375
0 0.61328125 0.63515625 0.10234375 0.175
0 0.2453125 0.4359375 0.04375 0.19765625
0 0.2375 0.12265625 0.0359375 0.0875
0 0.415625 0.92890625 0.04453125 0.13828125
0 0.2546875 0.803125 0.06328125 0.1734375
0 0.6484375 0.81796875 0.03671875 0.075
0 0.57890625 0.48046875 0.0578125 0.109375
0 0.184375 0.95546875 0.06953125 0.08515625
0 0.76015625 0.39453125 0.01640625 0.06171875
0 0.7984375 0.5859375 0.03046875 0.05546875
0 0.80234375 0.8796875 0.03203125 0.05078125
0 0.525 0.690625 0.078125 0.16015625
0 0.90234375 0.846875 0.03359375 0.05625
0 0.67734375 0.77890625 0.034375 0.06484375
0 0.71015625 0.77890625 0.0234375 0.06796875
0 0.68828125 0.6734375 0.0515625 0.08515625
0 0.58046875 0.75 0.08515625 0.13984375
0 0.74921875 0.7375 0.01796875 0.0609375
0 0.74140625 0.3984375 0.03984375 0.03359375
0 0.7953125 0.428125 0.02578125 0.05390625
0 0.9015625 0.96328125 0.021875 0.0703125
0 0.921875 0.815625 0.02421875 0.0546875
0 0.88046875 0.934375 0.021875 0.0640625
0 0.8375 0.834375 0.03046875 0.04765625
0 0.75859375 0.64140625 0.0375 0.06796875
0 0.209375 0.35546875 0.0390625 0.059375
0 0.78359375 0.50234375 0.015625 0.04765625
0 0.6828125 0.82578125 0.025 0.0796875
0 0.76953125 0.84921875 0.02734375 0.0609375
0 0.0125 0.846875 0.025 0.20703125
0 0.74140625 0.934375 0.04296875 0.0890625
0 0.7875 0.6578125 0.0203125 0.078125
0 0.7171875 0.66015625 0.0375 0.07578125
0 0.83671875 0.67578125 0.028125 0.03671875
0 0.81328125 0.50546875 0.025 0.04375
0 0.79765625 0.62109375 0.02265625 0.0609375
0 0.80625 0.69765625 0.0171875 0.05546875
0 0.76875 0.4953125 0.0234375 0.05546875
0 0.8609375 0.7953125 0.02421875 0.05703125
0 0.9140625 0.78203125 0.01640625 0.05390625
0 0.896875 0.81171875 0.01640625 0.04375
0 0.7953125 0.83203125 0.02421875 0.05078125
0 0.76484375 0.70703125 0.01171875 0.04296875
0 0.82578125 0.43984375 0.02109375 0.0296875
0 0.928125 0.71015625 0.01953125 0.0453125
0 0.85078125 0.50859375 0.0109375 0.0390625
0 0.85 0.6375 0.02578125 0.03984375
0 0.80546875 0.64765625 0.01953125 0.0453125
0 0.86484375 0.76328125 0.01953125 0.04609375
0 0.90859375 0.74453125 0.02421875 0.04296875
0 0.86015625 0.47265625 0.01484375 0.03046875
0 0.8375 0.59296875 0.01328125 0.04453125
0 0.83359375 0.74921875 0.03125 0.0359375
0 0.83359375 0.4546875 0.01875 0.0328125
0 0.7859375 0.71640625 0.02265625 0.05234375
0 0.87890625 0.72890625 0.02734375 0.0375
0 0.85703125 0.59765625 0.01875 0.034375
0 0.84765625 0.471875 0.01796875 0.028125
0 0.834375 0.7859375 0.0203125 0.04375
0 0.8859375 0.98359375 0.0234375 0.02734375
0 0.7703125 0.7390625 0.02421875 0.03984375
0 0.8046875 0.5578125 0.01484375 0.0390625
0 0.7953125 0.5 0.01640625 0.03984375
0 0.86875 0.6078125 0.01171875 0.02734375
0 0.91171875 0.72421875 0.01640625 0.040625
0 0.7984375 0.478125 0.01171875 0.02265625
0 0.89375 0.74375 0.015625 0.03828125
0 0.8703125 0.48046875 0.0125 0.02734375
0 0.8234375 0.4609375 0.01484375 0.02109375
0 0.9015625 0.68515625 0.0171875 0.04453125
0 0.62109375 0.33203125 0.02109375 0.0359375
0 0.78828125 0.409375 0.015625 0.04765625
0 0.89609375 0.7078125 0.01328125 0.034375
0 0.86640625 0.51796875 0.01328125 0.0234375
0 0.8796875 0.6921875 0.01875 0.04140625
0 0.8328125 0.40625 0.01640625 0.025
0 0.815625 0.44140625 0.01171875 0.0265625
0 0.89921875 0.63203125 0.01484375 0.025
0 0.86484375 0.73671875 0.01171875 0.028125
0 0.8203125 0.7734375 0.01953125 0.0390625
0 0.82265625 0.61015625 0.0265625 0.0578125
0 0.37109375 0.79375 0.0703125 0.1921875