0 0.17734375 0.1765625 0.1234375 0.19296875
0 0.4515625 0.74765625 0.1375 0.19375
0 0.28125 0.44453125 0.12890625 0.215625
0 0.6734375 0.34921875 0.04921875 0.13515625
0 0.6125 0.29296875 0.05859375 0.1125
0 0.55546875 0.31953125 0.0734375 0.1203125
0 0.453125 0.2125 0.04453125 0.14296875
0 0.07265625 0.41875 0.096875 0.1421875
0 0.5578125 0.72265625 0.11328125 0.18359375
0 0.66953125 0.48203125 0.0578125 0.09140625
0 0.06328125 0.12109375 0.1265625 0.23671875
0 0.5359375 0.95390625 0.04375 0.09140625
0 0.6234375 0.9125 0.06015625 0.09921875
0 0.26640625 0.77890625 0.11640625 0.1359375
0 0.025 0.1609375 0.04921875 0.16875
0 0.95234375 0.9890625 0.04140625 0.021875
0 0.2125 0.971875 0.06875 0.05625
0 0.07890625 0.88828125 0.115625 0.2046875
0 0.57265625 0.9453125 0.0390625 0.109375
0 0.77890625 0.3984375 0.03984375 0.03828125
0 0.728125 0.8046875 0.0390625 0.0921875
0 0.61640625 0.3640625 0.05625 0.0765625
0 0.96484375 0.9484375 0.03046875 0.078125
0 0.1484375 0.828125 0.078125 0.2125
0 0.66875 0.709375 0.0359375 0.0703125
0 0.91640625 0.9390625 0.028125 0.0765625
0 0.76953125 0.81015625 0.02890625 0.09140625
0 0.7234375 0.69765625 0.05546875 0.10078125
0 0.83671875 0.9390625 0.0375 0.07734375
0 0.8046875 0.95234375 0.03984375 0.075
0 0.759375 0.4953125 0.01875 0.0734375
0 0.80390625 0.66484375 0.0515625 0.08515625
0 0.90234375 0.896875 0.0296875 0.06953125
0 0.81328125 0.42109375 0.0421875 0.05
0 0.928125 0.975 0.03046875 0.04921875
0 0.69140625 0.81640625 0.01953125 0.090625
0 0.84375 0.43359375 0.0171875 0.05546875
0 0.92578125 0.81171875 0.02265625 0.0546875
0 0.77734375 0.50390625 0.0203125 0.05859375
0 0.82890625 0.64296875 0.0203125 0.0515625
0 0.73125 0.98984375 0.040625 0.0203125
0 0.765625 0.6796875 0.040625 0.08125
0 0.871875 0.7125 0.02109375 0.0484375
0 0.840625 0.871875 0.02578125 0.06875
0 0.86640625 0.803125 0.03203125 0.0640625
0 0.79765625 0.4015625 0.02734375 0.0453125
0 0.9453125 0.82265625 0.01796875 0.06171875
0 0.88046875 0.828125 0.0203125 0.0765625
0 0.978125 0.83828125 0.0234375 0.0625
0 0.8015625 0.50703125 0.01796875 0.0578125
0 0.83828125 0.5140625 0.02265625 0.04140625
0 0.95078125 0.77578125 0.0296875 0.0515625
0 0.90625 0.79453125 0.01875 0.05234375
0 0.29921875 0.86328125 0.09921875 0.17421875
0 0.96875 0.91640625 0.02890625 0.04453125
0 0.86875 0.45234375 0.03359375 0.05
0 0.8140625 0.88203125 0.0203125 0.053125
0 0.9796875 0.9328125 0.01875 0.05546875
0 0.8828125 0.78125 0.028125 0.04140625
0 0.89453125 0.4796875 0.021875 0.03828125
0 0.8984375 0.52109375 0.01875 0.0375
0 0.88203125 0.875 0.02109375 0.06328125
0 0.85703125 0.715625 0.0171875 0.04140625
0 0.86796875 0.51328125 0.01875 0.0390625
0 0.8953125 0.66953125 0.01953125 0.0359375
0 0.91015625 0.47734375 0.01484375 0.03984375
0 0.8578125 0.515625 0.0171875 0.0375
0 0.91953125 0.7359375 0.01796875 0.03984375
0 0.9109375 0.66015625 0.015625 0.03046875
0 0.6140625 0.74609375 0.04765625 0.1484375
0 0.94296875 0.50390625 0.0125 0.025
0 0.87734375 0.625 0.01484375 0.0390625
0 0.88671875 0.51875 0.0140625 0.034375
0 0.975 0.75625 0.0140625 0.04140625
0 0.978125 0.7171875 0.0203125 0.0515625
0 0.9078125 0.74921875 0.01796875 0.03984375
0 0.834375 0.73203125 0.015625 0.0390625
0 0.9609375 0.74609375 0.0171875 0.04453125
0 0.9859375 0.7921875 0.01328125 0.03984375
0 0.93125 0.74453125 0.0140625 0.03359375
0 0.934375 0.6828125 0.01796875 0.02578125
0 0.96171875 0.71640625 0.01640625 0.0390625
0 0.896875 0.5578125 0.0109375 0.02890625
0 0.9140625 0.52578125 0.0140625 0.025
0 0.8890625 0.60625 0.015625 0.0546875
0 0.94375 0.58125 0.01640625 0.03984375
0 0.93203125 0.6359375 0.0109375 0.02578125
0 0.9453125 0.74453125 0.015625 0.034375
0 0.8609375 0.68046875 0.01953125 0.0421875
0 0.94375 0.6265625 0.01640625 0.0296875
0 0.94375 0.61171875 0.0109375 0.0265625
0 0.78515625 0.746875 0.02890625 0.05078125
0 0.9828125 0.6796875 0.01640625 0.0375
0 0.38203125 0.22265625 0.0890625 0.1640625
0 0.32734375 0.21484375 0.08203125 0.16796875
0 0.00546875 0.8015625 0.0109375 0.17265625
0 0.365625 0.80546875 0.1046875 0.18203125
0 0.390625 0.95078125 0.059375 0.0984375
0 0.70078125 0.9921875 0.03828125 0.01484375
0 0.73515625 0.97109375 0.02890625 0.0578125