0 0.540625 0.27578125 0.05703125 0.08984375
0 0.646875 0.4765625 0.0484375 0.08046875
0 0.346875 0.43984375 0.075 0.1265625
0 0.17265625 0.4109375 0.10703125 0.15625
0 0.6375 0.328125 0.04375 0.08125
0 0.49140625 0.30234375 0.053125 0.109375
0 0.2671875 0.26640625 0.05625 0.12890625
0 0.21640625 0.79921875 0.0921875 0.2015625
0 0.73046875 0.409375 0.05390625 0.06875
0 0.39765625 0.209375 0.07578125 0.10390625
0 0.13671875 0.16171875 0.09921875 0.23828125
0 0.20859375 0.39609375 0.05703125 0.16484375
0 0.434375 0.72265625 0.08671875 0.18515625
0 0.56484375 0.359375 0.0546875 0.06796875
0 0.5625 0.66484375 0.10234375 0.16484375
0 0.253125 0.4234375 0.09921875 0.1390625
0 0.0484375 0.20625 0.096875 0.13671875
0 0.35 0.21328125 0.05 0.08671875
0 0.49921875 0.90390625 0.04765625 0.14921875
0 0.59921875 0.4640625 0.06328125 0.1078125
0 0.64609375 0.3890625 0.040625 0.06015625
0 0.5984375 0.84921875 0.0453125 0.11796875
0 0.2921875 0.7859375 0.05546875 0.16640625
0 0.53671875 0.73671875 0.07734375 0.1265625
0 0.3359375 0.79765625 0.07421875 0.175
0 0.8234375 0.96171875 0.03515625 0.071875
0 0.79140625 0.43125 0.034375 0.05625
0 0.02890625 0.375 0.05703125 0.1828125
0 0.81875 0.53984375 0.01796875 0.07265625
0 0.246875 0.9578125 0.1 0.07890625
0 0.46171875 0.3203125 0.05546875 0.090625
0 0.4890625 0.76015625 0.05859375 0.1359375
0 0.64609375 0.64296875 0.0609375 0.10234375
0 0.79140625 0.503125 0.02890625 0.05859375
0 0.68828125 0.671875 0.053125 0.103125
0 0.1546875 0.96875 0.05078125 0.059375
0 0.63984375 0.8203125 0.0359375 0.078125
0 0.753125 0.79375 0.021875 0.0828125
0 0.80234375 0.59609375 0.01796875 0.05625
0 0.81484375 0.440625 0.03125 0.05078125
0 0.01171875 0.8046875 0.02265625 0.19453125
0 0.8484375 0.4640625 0.0140625 0.03515625
0 0.8796875 0.95234375 0.02421875 0.07578125
0 0.7578125 0.640625 0.0421875 0.084375
0 0.4328125 0.93984375 0.084375 0.115625
0 0.8734375 0.846875 0.0296875 0.065625
0 0.7828125 0.96953125 0.02421875 0.059375
0 0.725 0.66484375 0.03515625 0.090625
0 0.8078125 0.87734375 0.02578125 0.06953125
0 0.74296875 0.74921875 0.02421875 0.06484375
0 0.8359375 0.534375 0.021875 0.06484375
0 0.70546875 0.62109375 0.05625 0.0609375
0 0.83359375 0.75390625 0.03125 0.04140625
0 0.9078125 0.921875 0.0265625 0.06796875
0 0.7546875 0.925 0.02734375 0.065625
0 0.8609375 0.8078125 0.015625 0.04609375
0 0.8515625 0.51171875 0.0125 0.028125
0 0.74296875 0.59296875 0.0328125 0.03828125
0 0.84453125 0.7921875 0.01640625 0.04453125
0 0.82734375 0.6796875 0.0171875 0.0453125
0 0.9 0.975 0.02421875 0.0453125
0 0.83984375 0.61484375 0.015625 0.03359375
0 0.85703125 0.8953125 0.0171875 0.05078125
0 0.87265625 0.775 0.0125 0.04453125
0 0.86875 0.4828125 0.0140625 0.02109375
0 0.8921875 0.84609375 0.01953125 0.05234375
0 0.88125 0.61953125 0.0140625 0.03125
0 0.7859375 0.71875 0.01484375 0.04140625
0 0.91796875 0.87265625 0.0171875 0.04296875
0 0.00625 0.05234375 0.0125 0.0796875
0 0.925 0.80234375 0.01875 0.0421875
0 0.8921875 0.7609375 0.01640625 0.04140625
0 0.8609375 0.47109375 0.01171875 0.02421875
0 0.80859375 0.81484375 0.034375 0.0625
0 0.79609375 0.81015625 0.01875 0.0375
0 0.84140625 0.50859375 0.0109375 0.03203125
0 0.90078125 0.746875 0.0171875 0.04296875
0 0.06171875 0.771875 0.0328125 0.06328125
0 0.91796875 0.834375 0.01484375 0.0390625
0 0.85390625 0.73984375 0.01484375 0.034375
0 0.89765625 0.5109375 0.01640625 0.0375
0 0.9265625 0.72265625 0.01875 0.0375
0 0.8921875 0.825 0.02265625 0.0265625
0 0.88125 0.70625 0.01640625 0.03515625
0 0.91875 0.78515625 0.0125 0.034375
0 0.86796875 0.72109375 0.01484375 0.03359375
0 0.90625 0.71640625 0.01640625 0.028125
0 0.85625 0.65625 0.01171875 0.02890625
0 0.89296875 0.4984375 0.0109375 0.021875
0 0.8859375 0.7328125 0.01953125 0.03203125
0 0.82734375 0.52109375 0.01328125 0.03984375
0 0.8875 0.6890625 0.01640625 0.03671875
0 0.934375 0.70859375 0.0125 0.0296875
0 0.76796875 0.69921875 0.01640625 0.05625
0 0.8265625 0.60703125 0.0140625 0.0421875
0 0.91484375 0.7375 0.0140625 0.028125
0 0.89765625 0.88828125 0.01015625 0.0359375
0 0.86796875 0.69921875 0.0140625 0.03046875
0 0.925 0.69140625 0.015625 0.03828125
0 0.9015625 0.6828125 0.01328125 0.03828125
0 0.16015625 0.1265625 0.0734375 0.18125
0 0.48046875 0.45859375 0.06328125 0.18515625