0 0.17421875 0.9765625 0.0875 0.04609375
0 0.40546875 0.97421875 0.0609375 0.0515625
0 0.24609375 0.984375 0.0671875 0.03125
0 0.71015625 0.95546875 0.0484375 0.08828125
0 0.3796875 0.8578125 0.075 0.10625
0 0.31796875 0.8265625 0.0578125 0.1171875
0 0.44609375 0.96015625 0.0859375 0.0796875
0 0.23203125 0.94453125 0.04921875 0.1109375
0 0.2640625 0.83359375 0.06328125 0.12109375
0 0.665625 0.98359375 0.053125 0.03203125
0 0.696875 0.553125 0.02578125 0.0796875
0 0.18515625 0.80390625 0.05078125 0.1046875
0 0.32265625 0.7296875 0.05234375 0.08828125
0 0.4796875 0.55625 0.0328125 0.09296875
0 0.6671875 0.72578125 0.053125 0.109375
0 0.4296875 0.65625 0.040625 0.1046875
0 0.4453125 0.89140625 0.04765625 0.09765625
0 0.39453125 0.77265625 0.04765625 0.11015625
0 0.62890625 0.5125 0.02265625 0.06328125
0 0.70390625 0.6859375 0.0328125 0.075
0 0.365625 0.621875 0.03828125 0.07265625
0 0.67109375 0.5078125 0.02109375 0.06171875
0 0.22578125 0.74609375 0.034375 0.10078125
0 0.65703125 0.62578125 0.021875 0.07890625
0 0.3890625 0.68359375 0.0515625 0.0765625
0 0.60625 0.95078125 0.0546875 0.0984375
0 0.35859375 0.7109375 0.04453125 0.08359375
0 0.53671875 0.47578125 0.02265625 0.0578125
0 0.56875 0.48359375 0.01953125 0.06328125
0 0.246875 0.65546875 0.05 0.07890625
0 0.62578125 0.58046875 0.05703125 0.059375
0 0.615625 0.8875 0.05625 0.11015625
0 0.4703125 0.43828125 0.01640625 0.06171875
0 0.11796875 0.88359375 0.03671875 0.0953125
0 0.07578125 0.9578125 0.0609375 0.0796875
0 0.31796875 0.66953125 0.034375 0.0671875
0 0.55625 0.95625 0.0515625 0.08671875
0 0.428125 0.84453125 0.0390625 0.08671875
0 0.525 0.91640625 0.05390625 0.1
0 0.43046875 0.6140625 0.0328125 0.06796875
0 0.43984375 0.5234375 0.02265625 0.0578125
0 0.66875 0.86640625 0.04609375 0.12890625
0 0.55625 0.840625 0.06328125 0.11484375
0 0.59296875 0.45546875 0.028125 0.06484375
0 0.6953125 0.8125 0.04921875 0.09140625
0 0.453125 0.49296875 0.01953125 0.06328125
0 0.1578125 0.903125 0.0484375 0.1
0 0.59453125 0.66640625 0.06484375 0.1078125
0 0.65078125 0.8140625 0.03359375 0.08046875
0 0.17734375 0.86953125 0.0390625 0.1
0 0.51171875 0.9859375 0.03984375 0.028125
0 0.4984375 0.46796875 0.0203125 0.06640625
0 0.125 0.94765625 0.0359375 0.08046875
0 0.7234375 0.51640625 0.015625 0.090625
0 0.60546875 0.44453125 0.02109375 0.053125
0 0.27265625 0.77109375 0.02890625 0.078125
0 0.65234375 0.9359375 0.03515625 0.0921875
0 0.63203125 0.7875 0.0390625 0.09609375
0 0.50078125 0.8953125 0.03828125 0.09140625
0 0.63828125 0.403125 0.01171875 0.034375
0 0.68125 0.40390625 0.01640625 0.05703125
0 0.725 0.871875 0.02265625 0.09296875
0 0.66484375 0.4171875 0.021875 0.03984375
0 0.48203125 0.4921875 0.0171875 0.03671875
0 0.55234375 0.43984375 0.02578125 0.0578125
0 0.35859375 0.6625 0.02265625 0.04375
0 0.62421875 0.4109375 0.01796875 0.0390625
0 0.57421875 0.4265625 0.0140625 0.04296875
0 0.703125 0.40703125 0.01796875 0.0421875
0 0.509375 0.4078125 0.01171875 0.04140625
0 0.69453125 0.40078125 0.01875 0.0453125
0 0.6171875 0.43671875 0.0171875 0.04453125
0 0.65078125 0.365625 0.0171875 0.03203125
0 0.54765625 0.69921875 0.0140625 0.0375
0 0.34296875 0.67421875 0.028125 0.0453125
0 0.65703125 0.3984375 0.0171875 0.0390625
0 0.72421875 0.484375 0.0125 0.04140625
0 0.60234375 0.40625 0.02421875 0.046875
0 0.5671875 0.35390625 0.0109375 0.03046875
0 0.6953125 0.34453125 0.015625 0.04296875
0 0.609375 0.80859375 0.025 0.05859375
0 0.60390625 0.34921875 0.01875 0.0375
0 0.6984375 0.5265625 0.01796875 0.03671875
0 0.56484375 0.38671875 0.0203125 0.03671875
0 0.52109375 0.4046875 0.0265625 0.04921875
0 0.628125 0.3796875 0.015625 0.03984375
0 0.51328125 0.8296875 0.02421875 0.03515625
0 0.72265625 0.41328125 0.0125 0.03359375
0 0.55 0.40078125 0.0171875 0.0359375
0 0.5234375 0.8359375 0.0234375 0.05234375
0 0.5390625 0.45078125 0.01640625 0.04765625
0 0.1953125 0.778125 0.02734375 0.0640625
0 0.1515625 0.96171875 0.06875 0.07578125
0 0.51875 0.43671875 0.01875 0.0390625