0 0.39765625 0.19453125 0.0671875 0.07578125
0 0.46328125 0.32421875 0.06015625 0.1046875
0 0.45 0.746875 0.0765625 0.14765625
0 0.4765625 0.24609375 0.04765625 0.09375
0 0.6359375 0.3265625 0.046875 0.0875
0 0.18515625 0.82578125 0.0890625 0.21484375
0 0.371875 0.25078125 0.09140625 0.1375
0 0.1890625 0.17109375 0.05 0.0859375
0 0.51953125 0.33359375 0.04296875 0.09296875
0 0.5609375 0.31015625 0.0640625 0.1265625
0 0.19765625 0.41328125 0.10703125 0.2046875
0 0.38671875 0.76796875 0.0703125 0.1578125
0 0.03984375 0.19921875 0.07890625 0.1390625
0 0.53515625 0.86328125 0.05 0.0875
0 0.76484375 0.4140625 0.0421875 0.06171875
0 0.6046875 0.46484375 0.05390625 0.11015625
0 0.459375 0.90546875 0.05078125 0.12578125
0 0.11328125 0.109375 0.0453125 0.15546875
0 0.64609375 0.3890625 0.03828125 0.0625
0 0.50625 0.45078125 0.06953125 0.12421875
0 0.059375 0.8046875 0.05 0.18828125
0 0.64375 0.81171875 0.04609375 0.0890625
0 0.0234375 0.8328125 0.0453125 0.1796875
0 0.69765625 0.490625 0.03359375 0.05703125
0 0.628125 0.8484375 0.04140625 0.1109375
0 0.80625 0.43984375 0.01875 0.0359375
0 0.8296875 0.890625 0.03671875 0.0734375
0 0.52109375 0.9390625 0.059375 0.10625
0 0.56953125 0.46796875 0.05 0.08984375
0 0.0953125 0.21875 0.0515625 0.09765625
0 0.571875 0.71171875 0.08671875 0.13671875
0 0.73125 0.49453125 0.02734375 0.053125
0 0.415625 0.91484375 0.03828125 0.1171875
0 0.78515625 0.640625 0.02265625 0.07265625
0 0.67109375 0.646875 0.046875 0.115625
0 0.328125 0.94765625 0.08984375 0.1015625
0 0.72421875 0.784375 0.04453125 0.109375
0 0.75234375 0.4984375 0.025 0.046875
0 0.775 0.7046875 0.02421875 0.08671875
0 0.809375 0.6125 0.02578125 0.06171875
0 0.79921875 0.96796875 0.03125 0.0609375
0 0.7203125 0.6109375 0.05078125 0.071875
0 0.8484375 0.4625 0.01640625 0.0375
0 0.83203125 0.67890625 0.02265625 0.04140625
0 0.83359375 0.40390625 0.01640625 0.0421875
0 0.78828125 0.87265625 0.0203125 0.07890625
0 0.09140625 0.965625 0.0375 0.06796875
0 0.83359375 0.75 0.0328125 0.04296875
0 0.71171875 0.67421875 0.0390625 0.0859375
0 0.8109375 0.50546875 0.01328125 0.03984375
0 0.87890625 0.8015625 0.02109375 0.05703125
0 0.146875 0.9625 0.034375 0.071875
0 0.84140625 0.971875 0.02734375 0.05234375
0 0.01015625 0.403125 0.0203125 0.115625
0 0.89921875 0.984375 0.01796875 0.028125
0 0.81328125 0.8296875 0.03203125 0.0578125
0 0.9125 0.81796875 0.0171875 0.06328125
0 0.71640625 0.9453125 0.04453125 0.090625
0 0.81875 0.49765625 0.01015625 0.028125
0 0.76015625 0.865625 0.02109375 0.06015625
0 0.775 0.85625 0.01953125 0.0625
0 0.8765625 0.97890625 0.01484375 0.0390625
0 0.86796875 0.7671875 0.01953125 0.0546875
0 0.86015625 0.796875 0.01484375 0.0515625
0 0.86875 0.4796875 0.01484375 0.03125
0 0.83046875 0.7890625 0.02109375 0.05390625
0 0.83125 0.4578125 0.01796875 0.028125
0 0.8578125 0.48046875 0.0140625 0.025
0 0.90703125 0.7671875 0.0203125 0.04609375
0 0.815625 0.78828125 0.0203125 0.05078125
0 0.89609375 0.82421875 0.01640625 0.0625
0 0.88203125 0.6203125 0.01015625 0.02421875
0 0.86875 0.61015625 0.01015625 0.02734375
0 0.8546875 0.725 0.01953125 0.0328125
0 0.8375 0.471875 0.0171875 0.021875
0 0.87890625 0.73203125 0.01796875 0.0390625
0 0.85 0.79453125 0.01796875 0.04453125
0 0.325 0.80625 0.0765625 0.16015625
0 0.896875 0.7296875 0.015625 0.040625
0 0.76875 0.50546875 0.0234375 0.0328125
0 0.92109375 0.80546875 0.01796875 0.04765625
0 0.81640625 0.57890625 0.009375 0.040625
0 0.9328125 0.7640625 0.0140625 0.0390625
0 0.8578125 0.63828125 0.009375 0.02578125
0 0.89296875 0.5765625 0.01171875 0.02734375
0 0.89140625 0.49609375 0.009375 0.02265625
0 0.9328125 0.71171875 0.015625 0.03671875
0 0.896875 0.68671875 0.0140625 0.03203125
0 0.8859375 0.71484375 0.0140625 0.0421875
0 0.79609375 0.80078125 0.02421875 0.04921875
0 0.87578125 0.69296875 0.01328125 0.03671875
0 0.92265625 0.728125 0.01640625 0.03046875
0 0.8703125 0.58359375 0.00859375 0.02578125
0 0.8390625 0.8046875 0.0234375 0.05
0 0.903125 0.75 0.015625 0.0390625
0 0.81796875 0.6515625 0.01640625 0.04765625
0 0.78984375 0.603125 0.0140625 0.03203125
0 0.90859375 0.51328125 0.03984375 0.04765625
0 0.8875 0.68203125 0.01328125 0.02890625
0 0.34375 0.78203125 0.09296875 0.2015625
0 0.21953125 0.41328125 0.07578125 0.159375
0 0.6171875 0.696875 0.05546875 0.146875
0 0.640625 0.48203125 0.02421875 0.08359375
0 0.74765625 0.73984375 0.02421875 0.0578125