0 0.05625 0.0859375 0.1125 0.1484375
0 0.4078125 0.3 0.06640625 0.140625
0 0.428125 0.59921875 0.05390625 0.12578125
0 0.31640625 0.284375 0.0984375 0.16796875
0 0.4640625 0.60078125 0.0796875 0.15078125
0 0.21953125 0.3109375 0.07421875 0.1578125
0 0.2625 0.9375 0.0578125 0.125
0 0.25859375 0.66875 0.12265625 0.2515625
0 0.025 0.765625 0.05 0.18828125
0 0.16328125 0.796875 0.11015625 0.234375
0 0.43828125 0.10546875 0.05546875 0.10546875
0 0.40234375 0.1875 0.05703125 0.115625
0 0.24765625 0.090625 0.065625 0.14765625
0 0.07890625 0.73828125 0.05390625 0.23203125
0 0.11328125 0.9296875 0.06171875 0.13984375
0 0.56328125 0.55390625 0.0453125 0.11640625
0 0.19453125 0.6578125 0.07109375 0.15625
0 0.140625 0.034375 0.04765625 0.06796875
0 0.4796875 0.725 0.05 0.11484375
0 0.3296875 0.90390625 0.0828125 0.13515625
0 0.35546875 0.0921875 0.07578125 0.14453125
0 0.4140625 0.85078125 0.078125 0.19453125
0 0.55703125 0.7328125 0.0421875 0.11875
0 0.58984375 0.52890625 0.040625 0.09921875
0 0.46953125 0.29609375 0.0375 0.14140625
0 0.2984375 0.14765625 0.0625 0.0984375
0 0.775 0.953125 0.040625 0.09375
0 0.14921875 0.678125 0.04375 0.17421875
0 0.3859375 0.621875 0.040625 0.15234375
0 0.56171875 0.965625 0.0484375 0.06796875
0 0.14921875 0.9765625 0.06953125 0.046875
0 0.59765625 0.33203125 0.0328125 0.07578125
0 0.50625 0.321875 0.03359375 0.08125
0 0.79765625 0.84765625 0.0328125 0.084375
0 0.58046875 0.89453125 0.0328125 0.0703125
0 0.7171875 0.97890625 0.04609375 0.0421875
0 0.81640625 0.9828125 0.03984375 0.034375
0 0.64375 0.97890625 0.06875 0.0421875
0 0.53125 0.2046875 0.05390625 0.07734375
0 0.65078125 0.51328125 0.0375 0.078125
0 0.71640625 0.4765625 0.0515625 0.06484375
0 0.73984375 0.96796875 0.04609375 0.0640625
0 0.74375 0.7984375 0.03203125 0.059375
0 0.74296875 0.8453125 0.03828125 0.08125
0 0.003125 0.8203125 0.00625 0.16875
0 0.68203125 0.92421875 0.03671875 0.07265625
0 0.628125 0.88046875 0.03671875 0.0890625
0 0.625 0.9390625 0.03203125 0.08515625
0 0.6421875 0.23671875 0.0328125 0.04609375
0 0.72890625 0.759375 0.03515625 0.06640625
0 0.57890625 0.68828125 0.0375 0.0703125
0 0.575 0.33125 0.02578125 0.06953125
0 0.61328125 0.23203125 0.0265625 0.03671875
0 0.6734375 0.2828125 0.03046875 0.05625
0 0.6515625 0.78203125 0.040625 0.08125
0 0.53515625 0.1421875 0.02734375 0.06328125
0 0.70546875 0.93359375 0.03359375 0.078125
0 0.703125 0.34921875 0.03671875 0.0609375
0 0.8359375 0.91875 0.0328125 0.0671875
0 0.58828125 0.41015625 0.028125 0.11640625
0 0.7875 0.915625 0.0375 0.0625
0 0.425 0.74609375 0.02578125 0.103125
0 0.66484375 0.25390625 0.03515625 0.046875
0 0.6890625 0.8859375 0.03828125 0.065625
0 0.6234375 0.33671875 0.02578125 0.07421875
0 0.76796875 0.72890625 0.02578125 0.06328125
0 0.69453125 0.725 0.025 0.07109375
0 0.76015625 0.46796875 0.03828125 0.053125
0 0.4953125 0.53046875 0.04609375 0.07890625
0 0.73203125 0.909375 0.03359375 0.06796875
0 0.71015625 0.3078125 0.0265625 0.03671875
0 0.75234375 0.68203125 0.0234375 0.05625
0 0.7875 0.771875 0.03125 0.06875
0 0.775 0.38125 0.01875 0.0375
0 0.69140625 0.609375 0.0234375 0.0546875
0 0.6140625 0.6609375 0.01875 0.06640625
0 0.67109375 0.625 0.02578125 0.0546875
0 0.71875 0.73671875 0.01796875 0.05
0 0.6203125 0.8203125 0.028125 0.09296875
0 0.696875 0.28203125 0.0234375 0.03828125
0 0.73125 0.30625 0.01796875 0.03984375
0 0.6515625 0.35 0.02890625 0.0515625
0 0.51015625 0.2015625 0.03046875 0.0609375
0 0.82890625 0.753125 0.0171875 0.0609375
0 0.7859375 0.58515625 0.028125 0.046875
0 0.534375 0.32578125 0.02265625 0.07578125
0 0.7578125 0.37890625 0.01796875 0.03046875
0 0.69140625 0.571875 0.01796875 0.040625
0 0.72578125 0.57578125 0.0265625 0.05390625
0 0.5515625 0.64765625 0.02578125 0.07734375
0 0.68046875 0.35546875 0.02109375 0.05
0 0.84921875 0.76328125 0.03203125 0.05234375
0 0.8375 0.784375 0.01953125 0.04765625
0 0.76875 0.69140625 0.0234375 0.05078125
0 0.55859375 0.31953125 0.02265625 0.0875
0 0.77421875 0.3265625 0.0140625 0.0328125
0 0.76015625 0.525 0.01953125 0.05703125
0 0.7734375 0.6390625 0.02578125 0.03984375
0 0.72109375 0.6734375 0.02421875 0.05625
0 0.7421875 0.43984375 0.04609375 0.046875
0 0.6515625 0.27421875 0.0234375 0.04609375
0 0.86875 0.69140625 0.02109375 0.053125
0 0.79140625 0.7078125 0.02734375 0.05625
0 0.71015625 0.57265625 0.02109375 0.0390625
0 0.81640625 0.734375 0.0203125 0.05078125
0 0.7546875 0.334375 0.0203125 0.03828125
0 0.696875 0.50859375 0.025 0.046875
0 0.7984375 0.5046875 0.0125 0.0296875
0 0.76171875 0.628125 0.01875 0.0375
0 0.8296875 0.590625 0.02890625 0.03984375
0 0.828125 0.70234375 0.01953125 0.04609375
0 0.81484375 0.65859375 0.0171875 0.04140625
0 0.8046875 0.35390625 0.0140625 0.0328125
0 0.71328125 0.70625 0.01796875 0.05625
0 0.85546875 0.721875 0.02109375 0.04453125
0 0.821875 0.43125 0.021875 0.02890625
0 0.8125 0.69609375 0.01875 0.0390625
0 0.82734375 0.65703125 0.01875 0.04453125
0 0.84140625 0.72421875 0.02109375 0.04453125
0 0.86640625 0.6265625 0.01484375 0.040625
0 0.85078125 0.6265625 0.01875 0.0359375
0 0.83125 0.63203125 0.01796875 0.03984375
0 0.85078125 0.84765625 0.01875 0.053125
0 0.8453125 0.68515625 0.021875 0.04140625
0 0.80546875 0.44765625 0.0171875 0.034375
0 0.846875 0.65234375 0.01796875 0.03828125
0 0.83828125 0.82109375 0.02578125 0.0390625
0 0.85703125 0.37421875 0.03125 0.03515625