0 0.23125 0.23125 0.13359375 0.1734375
0 0.11796875 0.13515625 0.090625 0.153125
0 0.596875 0.33515625 0.046875 0.06640625
0 0.65703125 0.34921875 0.053125 0.08359375
0 0.46796875 0.34296875 0.07421875 0.1125
0 0.1765625 0.85703125 0.0921875 0.19765625
0 0.3828125 0.26796875 0.1015625 0.15703125
0 0.55390625 0.346875 0.059375 0.11015625
0 0.6671875 0.4125 0.0453125 0.0671875
0 0.50859375 0.3203125 0.046875 0.115625
0 0.0734375 0.86875 0.08828125 0.18984375
0 0.0375 0.15546875 0.07421875 0.215625
0 0.540625 0.4875 0.06953125 0.1546875
0 0.4359375 0.7546875 0.0875 0.20703125
0 0.640625 0.91640625 0.0484375 0.11015625
0 0.5234375 0.95625 0.0796875 0.08671875
0 0.32421875 0.8515625 0.08515625 0.1890625
0 0.290625 0.97578125 0.134375 0.0484375
0 0.1265625 0.86796875 0.06171875 0.1859375
0 0.46875 0.95703125 0.0578125 0.08515625
0 0.140625 0.4390625 0.090625 0.140625
0 0.4953125 0.821875 0.071875 0.1703125
0 0.63203125 0.6765625 0.10859375 0.18671875
0 0.23984375 0.46484375 0.046875 0.2109375
0 0.23125 0.1296875 0.03828125 0.09375
0 0.4203125 0.9578125 0.04765625 0.084375
0 0.25 0.85625 0.0671875 0.18515625
0 0.66953125 0.871875 0.0390625 0.0796875
0 0.5953125 0.51171875 0.06171875 0.11640625
0 0.1734375 0.9859375 0.075 0.028125
0 0.7890625 0.4203125 0.0171875 0.06640625
0 0.8296875 0.62421875 0.03203125 0.059375
0 0.834375 0.9375 0.034375 0.0546875
0 0.5375 0.73671875 0.08359375 0.17109375
0 0.940625 0.90234375 0.0359375 0.06015625
0 0.7 0.83046875 0.03671875 0.06875
0 0.7359375 0.83046875 0.025 0.07265625
0 0.7125 0.71796875 0.0546875 0.090625
0 0.596875 0.79921875 0.090625 0.14921875
0 0.77734375 0.7859375 0.01953125 0.065625
0 0.76875 0.4234375 0.0421875 0.0359375
0 0.82578125 0.45625 0.02734375 0.0578125
0 0.9609375 0.8703125 0.02578125 0.05859375
0 0.915625 0.98046875 0.021875 0.0390625
0 0.871875 0.88984375 0.03203125 0.05078125
0 0.78671875 0.68359375 0.03984375 0.07265625
0 0.2015625 0.378125 0.04140625 0.06328125
0 0.81328125 0.53515625 0.0171875 0.05078125
0 0.70625 0.88046875 0.0265625 0.08515625
0 0.7984375 0.90546875 0.02890625 0.065625
0 0.76796875 0.97421875 0.0453125 0.0515625
0 0.8171875 0.7015625 0.021875 0.08359375
0 0.74296875 0.703125 0.03984375 0.08125
0 0.8703125 0.7203125 0.0296875 0.0390625
0 0.8453125 0.5390625 0.0265625 0.04609375
0 0.82890625 0.66171875 0.02421875 0.065625
0 0.8375 0.74375 0.01796875 0.059375
0 0.7984375 0.52734375 0.025 0.059375
0 0.896875 0.84765625 0.02578125 0.0609375
0 0.953125 0.83359375 0.01796875 0.0578125
0 0.934375 0.865625 0.0171875 0.046875
0 0.82578125 0.8875 0.02578125 0.05390625
0 0.79375 0.75390625 0.0125 0.04609375
0 0.85859375 0.46796875 0.02265625 0.03125
0 0.96796875 0.75703125 0.02109375 0.0484375
0 0.88515625 0.54140625 0.01171875 0.04140625
0 0.884375 0.67890625 0.02734375 0.04296875
0 0.8375 0.690625 0.0203125 0.0484375
0 0.9 0.8140625 0.0203125 0.04921875
0 0.946875 0.79375 0.02578125 0.04609375
0 0.8953125 0.503125 0.015625 0.0328125
0 0.871875 0.63125 0.0140625 0.04765625
0 0.8671875 0.7984375 0.03359375 0.03828125
0 0.8671875 0.48359375 0.01953125 0.03515625
0 0.81640625 0.76328125 0.02421875 0.05546875
0 0.915625 0.77734375 0.02890625 0.03984375
0 0.8921875 0.63671875 0.01953125 0.03671875
0 0.88203125 0.50234375 0.01953125 0.03046875
0 0.86796875 0.8375 0.02109375 0.046875
0 0.8 0.78828125 0.02578125 0.0421875
0 0.8359375 0.59453125 0.015625 0.0421875
0 0.8265625 0.5328125 0.01796875 0.04296875
0 0.9046875 0.64765625 0.0125 0.02890625
0 0.95 0.771875 0.0171875 0.04375
0 0.8296875 0.509375 0.0125 0.02421875
0 0.93125 0.79296875 0.01640625 0.040625
0 0.90625 0.51171875 0.01328125 0.02890625
0 0.85625 0.490625 0.015625 0.021875
0 0.9390625 0.7296875 0.01796875 0.04765625
0 0.640625 0.353125 0.02265625 0.03828125
0 0.81875 0.4359375 0.0171875 0.05078125
0 0.93359375 0.75390625 0.01484375 0.03671875
0 0.9015625 0.5515625 0.0140625 0.025
0 0.91640625 0.7375 0.01953125 0.04453125
0 0.865625 0.43203125 0.0171875 0.02734375
0 0.84765625 0.46953125 0.0125 0.028125
0 0.93671875 0.6734375 0.015625 0.02734375
0 0.90078125 0.7859375 0.0125 0.0296875
0 0.853125 0.82421875 0.0203125 0.04140625
0 0.8546875 0.65 0.02890625 0.06171875
0 0.37421875 0.846875 0.075 0.20546875