0 0.30546875 0.6625 0.059375 0.15
0 0.8375 0.28203125 0.021875 0.0390625
0 0.7890625 0.27890625 0.03125 0.0484375
0 0.7203125 0.484375 0.04296875 0.06640625
0 0.78203125 0.4640625 0.02890625 0.0796875
0 0.8296875 0.4984375 0.03671875 0.09375
0 0.8015625 0.53515625 0.0359375 0.08203125
0 0.7453125 0.58359375 0.05546875 0.1015625
0 0.4140625 0.79453125 0.05625 0.1484375
0 0.4 0.92109375 0.0875 0.1578125
0 0.4375 0.53125 0.0484375 0.10703125
0 0.5890625 0.84296875 0.06796875 0.14375
0 0.57578125 0.565625 0.04921875 0.09296875
0 0.775 0.78359375 0.059375 0.121875
0 0.571875 0.9640625 0.090625 0.071875
0 0.990625 0.51484375 0.01796875 0.07265625
0 0.675 0.54921875 0.028125 0.09921875
0 0.634375 0.51640625 0.04609375 0.0875
0 0.87578125 0.8015625 0.046875 0.1171875
0 0.925 0.66640625 0.03671875 0.11015625
0 0.990625 0.425 0.01484375 0.05
0 0.93671875 0.59453125 0.0265625 0.08046875
0 0.86171875 0.5796875 0.02421875 0.096875
0 0.80625 0.98046875 0.040625 0.0390625
0 0.8890625 0.5828125 0.03828125 0.096875
0 0.934375 0.5078125 0.0171875 0.05859375
0 0.8828125 0.2515625 0.0109375 0.02421875
0 0.93984375 0.29375 0.009375 0.0234375
0 0.965625 0.34375 0.00859375 0.025
0 0.88203125 0.70703125 0.06015625 0.1046875
0 0.4109375 0.68203125 0.084375 0.15390625