0 0.27890625 0.96171875 0.0703125 0.07578125
0 0.15390625 0.946875 0.0640625 0.10625
0 0.053125 0.95859375 0.05625 0.0828125
0 0.22890625 0.88828125 0.05546875 0.0953125
0 0.17734375 0.84765625 0.04296875 0.14140625
0 0.2921875 0.83828125 0.06328125 0.09296875
0 0.09921875 0.8453125 0.05234375 0.0953125
0 0.2421875 0.8328125 0.04140625 0.1109375
0 0.153125 0.82109375 0.04375 0.10859375
0 0.29140625 0.7078125 0.03515625 0.0875
0 0.43359375 0.571875 0.04296875 0.06953125
0 0.5328125 0.63203125 0.04375 0.06171875
0 0.34140625 0.6203125 0.02421875 0.0921875
0 0.34765625 0.93828125 0.065625 0.12265625
0 0.40078125 0.88203125 0.07578125 0.13515625
0 0.434375 0.91640625 0.05859375 0.13203125
0 0.49140625 0.84140625 0.0765625 0.10703125
0 0.42578125 0.63671875 0.04375 0.09375
0 0.65546875 0.5875 0.0234375 0.0671875
0 0.62421875 0.91640625 0.04609375 0.1265625
0 0.56484375 0.9203125 0.0578125 0.1328125
0 0.3515625 0.76328125 0.065625 0.0875
0 0.5296875 0.50234375 0.02890625 0.10390625
0 0.65703125 0.50078125 0.0203125 0.071875
0 0.25234375 0.58359375 0.03828125 0.08125
0 0.46484375 0.528125 0.03046875 0.0703125
0 0.2671875 0.65625 0.04609375 0.075
0 0.3125 0.59453125 0.034375 0.07890625
0 0.64375 0.45625 0.0265625 0.0578125
0 0.1859375 0.73046875 0.0453125 0.08515625
0 0.66328125 0.93984375 0.04765625 0.10234375
0 0.58125 0.625 0.059375 0.0765625
0 0.41328125 0.528125 0.028125 0.0578125
0 0.4578125 0.96640625 0.0640625 0.06640625
0 0.6703125 0.8796875 0.04140625 0.08671875
0 0.41171875 0.809375 0.075 0.09453125
0 0.52578125 0.9234375 0.04375 0.11796875
0 0.56171875 0.78671875 0.046875 0.10234375
0 0.58984375 0.44921875 0.02109375 0.046875
0 0.2375 0.7640625 0.0421875 0.08828125
0 0.62734375 0.55703125 0.03203125 0.06484375
0 0.2515625 0.72421875 0.03046875 0.0875
0 0.61796875 0.81484375 0.065625 0.1015625
0 0.58671875 0.525 0.0515625 0.06875
0 0.659375 0.7890625 0.040625 0.09140625
0 0.4109375 0.75234375 0.03671875 0.0828125
0 0.5515625 0.4890625 0.021875 0.0359375
0 0.37421875 0.70390625 0.03984375 0.08515625
0 0.39296875 0.50234375 0.01796875 0.06171875
0 0.21796875 0.71484375 0.0359375 0.075
0 0.59375 0.3734375 0.01328125 0.02890625
0 0.68203125 0.48125 0.01484375 0.0484375
0 0.5828125 0.575 0.0515625 0.06640625
0 0.48359375 0.45078125 0.02109375 0.0578125
0 0.29296875 0.62265625 0.0203125 0.06015625
0 0.346875 0.6953125 0.03046875 0.05859375
0 0.59921875 0.665625 0.034375 0.078125
0 0.6078125 0.4296875 0.028125 0.0546875
0 0.49375 0.41875 0.01953125 0.05
0 0.634375 0.6515625 0.02421875 0.08515625
0 0.64140625 0.37421875 0.015625 0.0359375
0 0.45625 0.48046875 0.028125 0.0609375
0 0.3859375 0.58125 0.025 0.05390625
0 0.12734375 0.803125 0.025 0.06953125
0 0.01171875 0.95390625 0.02265625 0.0921875
0 0.65703125 0.68125 0.0359375 0.09375
0 0.21484375 0.7828125 0.02421875 0.08671875
0 0.471875 0.9203125 0.0359375 0.08828125
0 0.4296875 0.51171875 0.02109375 0.05859375
0 0.5078125 0.7796875 0.05546875 0.07890625
0 0.31640625 0.921875 0.03125 0.07578125
0 0.59375 0.7515625 0.0359375 0.0578125
0 0.50390625 0.40703125 0.0203125 0.04609375
0 0.678125 0.7328125 0.0234375 0.06796875
0 0.453125 0.44296875 0.02109375 0.0515625
0 0.2265625 0.6796875 0.02578125 0.05859375
0 0.6140625 0.3265625 0.01484375 0.03203125
0 0.4265625 0.4234375 0.01640625 0.03125
0 0.5390625 0.37265625 0.015625 0.0328125
0 0.6640625 0.36796875 0.01328125 0.034375
0 0.6078125 0.709375 0.0296875 0.06796875
0 0.4859375 0.4 0.02109375 0.0453125
0 0.49921875 0.93203125 0.03046875 0.08125
0 0.62265625 0.75 0.0234375 0.05859375
0 0.49140625 0.37109375 0.02578125 0.0390625
0 0.67734375 0.6375 0.02421875 0.075
0 0.5828125 0.3125 0.0140625 0.03046875
0 0.4828125 0.353125 0.01328125 0.0375
0 0.5453125 0.74375 0.02890625 0.04375
0 0.640625 0.33984375 0.01875 0.04140625
0 0.378125 0.8046875 0.02890625 0.090625
0 0.6625 0.45625 0.01640625 0.0421875
0 0.075 0.86171875 0.0234375 0.05859375
0 0.55859375 0.3640625 0.01953125 0.03671875
0 0.5875 0.8734375 0.028125 0.0890625
0 0.17265625 0.78125 0.03359375 0.0640625
0 0.58671875 0.7 0.0171875 0.06328125
0 0.65546875 0.2890625 0.0171875 0.0296875
0 0.578125 0.3421875 0.01640625 0.028125
0 0.65703125 0.33046875 0.01953125 0.034375
0 0.58515625 0.3703125 0.0140625 0.02421875
0 0.375 0.546875 0.0171875 0.0484375
0 0.684375 0.43359375 0.0125 0.03984375
0 0.43671875 0.73515625 0.03203125 0.04609375
0 0.51875 0.3734375 0.0171875 0.03359375
0 0.6078125 0.2953125 0.01328125 0.02578125
0 0.50625 0.99609375 0.04375 0.0078125
0 0.53359375 0.3171875 0.009375 0.025
0 0.46484375 0.4203125 0.01328125 0.03671875
0 0.5859375 0.740625 0.01484375 0.04765625
0 0.65234375 0.6328125 0.01875 0.04609375
0 0.4390625 0.415625 0.01328125 0.0390625
0 0.59765625 0.3234375 0.01796875 0.03828125