0 0.3765625 0.94765625 0.0765625 0.10390625
0 0.6609375 0.9375 0.05390625 0.125
0 0.27890625 0.9328125 0.06953125 0.12890625
0 0.2828125 0.6671875 0.05 0.10390625
0 0.19765625 0.61875 0.05 0.0984375
0 0.2265625 0.77109375 0.05390625 0.1390625
0 0.27578125 0.82890625 0.07109375 0.1078125
0 0.4875 0.821875 0.08671875 0.1
0 0.45 0.9140625 0.07265625 0.12890625
0 0.3734375 0.7515625 0.08828125 0.11328125
0 0.446875 0.53046875 0.0375 0.07421875
0 0.12265625 0.91640625 0.071875 0.1671875
0 0.51328125 0.95390625 0.0765625 0.0921875
0 0.2453125 0.65625 0.04375 0.1078125
0 0.2390625 0.5796875 0.040625 0.08359375
0 0.58125 0.8953125 0.0453125 0.16015625
0 0.6125 0.8625 0.05625 0.12890625
0 0.42421875 0.69921875 0.03359375 0.10546875
0 0.4875 0.47421875 0.02421875 0.065625
0 0.62421875 0.403125 0.03515625 0.040625
0 0.5359375 0.50546875 0.05078125 0.07109375
0 0.40078125 0.9171875 0.0609375 0.0984375
0 0.32734375 0.9203125 0.04453125 0.109375
0 0.50859375 0.9171875 0.05546875 0.078125
0 0.396875 0.6796875 0.02734375 0.115625
0 0.290625 0.52734375 0.0328125 0.07265625
0 0.02109375 0.959375 0.04140625 0.08046875
0 0.14609375 0.8109375 0.06953125 0.09765625
0 0.57265625 0.61015625 0.046875 0.0796875
0 0.284375 0.61171875 0.0375 0.0875
0 0.65625 0.48203125 0.0171875 0.0703125
0 0.53125 0.759375 0.0421875 0.10546875
0 0.11796875 0.8546875 0.04296875 0.0890625
0 0.4171875 0.4484375 0.03359375 0.06796875
0 0.57265625 0.73828125 0.06171875 0.11015625
0 0.63046875 0.471875 0.028125 0.05390625
0 0.32734375 0.5984375 0.0234375 0.08359375
0 0.44609375 0.44921875 0.03359375 0.0671875
0 0.50859375 0.3984375 0.03203125 0.0484375
0 0.63984375 0.7015625 0.03359375 0.09921875
0 0.66796875 0.84296875 0.04296875 0.07734375
0 0.5578125 0.8171875 0.03203125 0.09296875
0 0.02734375 0.8890625 0.0546875 0.11640625
0 0.5984375 0.365625 0.02890625 0.0265625
0 0.61953125 0.57578125 0.0265625 0.05
0 0.57578125 0.559375 0.053125 0.07734375
0 0.62578125 0.778125 0.0375 0.06640625
0 0.6796875 0.484375 0.01640625 0.0703125
0 0.55390625 0.4671875 0.025 0.03203125
0 0.49375 0.77265625 0.0265625 0.075
0 0.6484375 0.60703125 0.02890625 0.071875
0 0.65078125 0.76484375 0.03359375 0.0921875
0 0.66171875 0.6640625 0.03515625 0.090625
0 0.58515625 0.4984375 0.04765625 0.0640625
0 0.48359375 0.39296875 0.025 0.059375
0 0.659375 0.434375 0.0203125 0.046875
0 0.67421875 0.6015625 0.02265625 0.0484375
0 0.66328125 0.365625 0.01640625 0.0390625
0 0.6125 0.6984375 0.0328125 0.0921875
0 0.6375 0.36015625 0.0171875 0.03046875
0 0.49453125 0.3609375 0.0234375 0.04296875
0 0.4609375 0.40078125 0.0171875 0.0515625
0 0.446875 0.490625 0.02734375 0.0453125
0 0.54609375 0.3484375 0.0203125 0.0375
0 0.5671875 0.34765625 0.01484375 0.03515625
0 0.51484375 0.340625 0.015625 0.034375
0 0.546875 0.6984375 0.02890625 0.05390625
0 0.4828125 0.3421875 0.0140625 0.04375
0 0.6390625 0.28515625 0.0109375 0.02109375
0 0.57890625 0.31953125 0.01484375 0.0359375
0 0.5859375 0.36796875 0.015625 0.02265625
0 0.62890625 0.6234375 0.03515625 0.07109375
0 0.68125 0.3640625 0.009375 0.02890625
0 0.5953125 0.340625 0.0125 0.02578125
0 0.52890625 0.34296875 0.01796875 0.03671875
0 0.54921875 0.3125 0.01796875 0.03203125
0 0.6296875 0.35625 0.01484375 0.034375
0 0.6390625 0.98984375 0.04375 0.01953125
0 0.45390625 0.603125 0.0234375 0.05859375
0 0.6484375 0.49375 0.01875 0.0453125
0 0.615625 0.32890625 0.01796875 0.0359375
0 0.6484375 0.346875 0.02109375 0.0453125
0 0.3734375 0.7265625 0.04609375 0.05078125
0 0.43046875 0.48984375 0.01796875 0.04609375
0 0.52578125 0.315625 0.0171875 0.03203125
0 0.4625 0.78203125 0.0375 0.05390625
0 0.52421875 0.5171875 0.0234375 0.040625
0 0.34609375 0.72890625 0.03125 0.06328125
0 0.603125 0.29765625 0.01875 0.03046875
0 0.6203125 0.35703125 0.01796875 0.02734375
0 0.6765625 0.5578125 0.01328125 0.03515625
0 0.60234375 0.67578125 0.0234375 0.0484375
0 0.475 0.88828125 0.02578125 0.05234375
0 0.6515625 0.271875 0.0171875 0.0296875
0 0.57578125 0.28984375 0.0140625 0.0328125
0 0.66328125 0.32734375 0.01484375 0.0390625
0 0.509375 0.7734375 0.01953125 0.06953125