0 0.34375 0.64296875 0.05546875 0.13984375
0 0.8390625 0.28828125 0.0203125 0.0359375
0 0.79453125 0.28515625 0.02890625 0.0453125
0 0.73046875 0.4765625 0.040625 0.06171875
0 0.7875 0.4578125 0.02734375 0.07421875
0 0.83203125 0.48984375 0.034375 0.08671875
0 0.80546875 0.52421875 0.03359375 0.07578125
0 0.753125 0.56953125 0.0515625 0.09453125
0 0.44453125 0.765625 0.05234375 0.13828125
0 0.43125 0.884375 0.08203125 0.14765625
0 0.46640625 0.51953125 0.0453125 0.1
0 0.6078125 0.81015625 0.06328125 0.13359375
0 0.5953125 0.55234375 0.0453125 0.0859375
0 0.78046875 0.75546875 0.05546875 0.11328125
0 0.5921875 0.9453125 0.0859375 0.1078125
0 0.9828125 0.5046875 0.01640625 0.0671875
0 0.68828125 0.53671875 0.02578125 0.0921875
0 0.65 0.50703125 0.04296875 0.08203125
0 0.875 0.771875 0.04375 0.109375
0 0.92109375 0.64609375 0.034375 0.10234375
0 0.9828125 0.42109375 0.01328125 0.046875
0 0.93125 0.5796875 0.025 0.075
0 0.86171875 0.565625 0.02265625 0.090625
0 0.81171875 0.96015625 0.0390625 0.07578125
0 0.8875 0.56796875 0.0359375 0.08984375
0 0.9296875 0.4984375 0.01640625 0.0546875
0 0.88203125 0.259375 0.01015625 0.02265625
0 0.996875 0.3203125 0.00625 0.0296875
0 0.934375 0.29921875 0.00859375 0.021875
0 0.95859375 0.3453125 0.0078125 0.0234375
0 0.99765625 0.378125 0.0046875 0.03359375
0 0.88046875 0.68359375 0.05546875 0.096875
0 0.4421875 0.6609375 0.07890625 0.14296875