0 0.32421875 0.56875 0.05 0.0828125
0 0.14609375 0.7453125 0.04921875 0.13515625
0 0.434375 0.84140625 0.04609375 0.15546875
0 0.13515625 0.92734375 0.0359375 0.12578125
0 0.575 0.621875 0.03671875 0.1171875
0 0.56171875 0.409375 0.028125 0.08046875
0 0.0984375 0.61328125 0.0265625 0.10703125
0 0.83671875 0.63515625 0.03828125 0.10234375
0 0.11953125 0.83515625 0.03984375 0.13515625
0 0.0828125 0.50625 0.03046875 0.07421875
0 0.94765625 0.3984375 0.0109375 0.03671875
0 0.66796875 0.47890625 0.0328125 0.078125
0 0.92890625 0.34765625 0.0125 0.02734375
0 0.946875 0.525 0.02421875 0.06015625
0 0.94765625 0.94453125 0.0359375 0.1109375
0 0.87109375 0.45703125 0.01640625 0.05234375
0 0.82578125 0.28515625 0.01171875 0.03359375
0 0.84921875 0.2953125 0.01640625 0.0328125
0 0.95078125 0.4265625 0.015625 0.0390625
0 0.85546875 0.35546875 0.0125 0.05703125
0 0.85859375 0.334375 0.01015625 0.03671875
0 0.978125 0.36171875 0.00859375 0.034375
0 0.81953125 0.26875 0.009375 0.03203125
0 0.8515625 0.27890625 0.01640625 0.021875
0 0.83671875 0.38125 0.0125 0.046875
0 0.7921875 0.9765625 0.040625 0.04609375