0 0.16199649737302976 0.5006756756756757 0.24168126094570927 0.5006756756756757 0.24168126094570927 0.39256756756756755 0.16199649737302976 0.39256756756756755 0.16199649737302976 0.5006756756756757
0 0.06129597197898424 0.7047297297297297 0.13485113835376533 0.7047297297297297 0.13485113835376533 0.6047297297297297 0.06129597197898424 0.6047297297297297 0.06129597197898424 0.7047297297297297
0 0.36558669001751315 0.6560810810810811 0.45052539404553416 0.6560810810810811 0.45052539404553416 0.5452702702702703 0.36558669001751315 0.5452702702702703 0.36558669001751315 0.6560810810810811
0 0.2180385288966725 0.7905405405405406 0.29422066549912435 0.7905405405405406 0.29422066549912435 0.6878378378378378 0.2180385288966725 0.6878378378378378 0.2180385288966725 0.7905405405405406
0 0.3042907180385289 0.42364864864864865 0.388353765323993 0.42364864864864865 0.388353765323993 0.31824324324324327 0.3042907180385289 0.31824324324324327 0.3042907180385289 0.42364864864864865
0 0.3839754816112084 0.2756756756756757 0.46628721541155865 0.2756756756756757 0.46628721541155865 0.17027027027027028 0.3839754816112084 0.17027027027027028 0.3839754816112084 0.2756756756756757
0 0.28371278458844135 0.652027027027027 0.36339754816112085 0.652027027027027 0.36339754816112085 0.543918918918919 0.28371278458844135 0.543918918918919 0.28371278458844135 0.652027027027027
0 0.30078809106830123 0.2743243243243243 0.38134851138353765 0.2743243243243243 0.38134851138353765 0.17162162162162162 0.30078809106830123 0.17162162162162162 0.30078809106830123 0.2743243243243243
0 0.18695271453590193 0.2756756756756757 0.2701401050788091 0.2756756756756757 0.2701401050788091 0.17297297297297298 0.18695271453590193 0.17297297297297298 0.18695271453590193 0.2756756756756757
0 0.11164623467600701 0.27635135135135136 0.18607705779334502 0.27635135135135136 0.18607705779334502 0.17635135135135135 0.11164623467600701 0.17635135135135135 0.11164623467600701 0.27635135135135136
0 0.06260945709281962 0.20810810810810812 0.1361646234676007 0.20810810810810812 0.1361646234676007 0.10675675675675676 0.06260945709281962 0.10675675675675676 0.06260945709281962 0.20810810810810812
0 0.22329246935201402 0.575 0.3073555166374781 0.575 0.3073555166374781 0.46418918918918917 0.22329246935201402 0.46418918918918917 0.22329246935201402 0.575
0 0.3393169877408056 0.9391891891891891 0.4172504378283713 0.9391891891891891 0.4172504378283713 0.8405405405405405 0.3393169877408056 0.8405405405405405 0.3393169877408056 0.9391891891891891
0 0.24387040280210157 0.3452702702702703 0.3209281961471103 0.3452702702702703 0.3209281961471103 0.24256756756756756 0.24387040280210157 0.24256756756756756 0.24387040280210157 0.3452702702702703
0 0.30166374781085814 0.7945945945945946 0.3787215411558669 0.7945945945945946 0.3787215411558669 0.7013513513513514 0.30166374781085814 0.7013513513513514 0.30166374781085814 0.7945945945945946
0 0.3108581436077058 0.13108108108108107 0.39404553415061294 0.13108108108108107 0.39404553415061294 0.02972972972972973 0.3108581436077058 0.02972972972972973 0.3108581436077058 0.13108108108108107
0 0.21103327495621715 0.9290540540540541 0.28809106830122594 0.9290540540540541 0.28809106830122594 0.8331081081081081 0.21103327495621715 0.8331081081081081 0.21103327495621715 0.9290540540540541
0 0.419877408056042 0.9432432432432433 0.4995621716287215 0.9432432432432433 0.4995621716287215 0.8486486486486486 0.419877408056042 0.8486486486486486 0.419877408056042 0.9432432432432433
0 0.09982486865148861 0 0.09982486865148861 0.07027027027027027 0.17075306479859895 0.07027027027027027 0.17075306479859895 0 0.09982486865148861 0
0 0.2504378283712785 0 0.2504378283712785 0.062162162162162166 0.3266199649737303 0.062162162162162166 0.3266199649737303 0 0.2504378283712785 0
0 0.3533274956217163 1 0.3533274956217163 0.9027027027027027 0.27714535901926446 0.9027027027027027 0.27714535901926446 1 0.3533274956217163 1
0 0.20928196147110334 1 0.20928196147110334 0.9554054054054054 0.13660245183887915 0.9554054054054054 0.13660245183887915 1 0.20928196147110334 1
0 0.28546409807355516 1 0.28546409807355516 0.9716216216216216 0.2171628721541156 0.9716216216216216 0.2171628721541156 1 0.28546409807355516 1
0 0.4115586690017513 1 0.4115586690017513 0.9837837837837838 0.3458844133099825 0.9837837837837838 0.3458844133099825 1 0.4115586690017513 1