0 0.38441330998248685 0.25472972972972974 0.47285464098073554 0.25472972972972974 0.47285464098073554 0.14256756756756755 0.38441330998248685 0.14256756756756755 0.38441330998248685 0.25472972972972974
0 0.1637478108581436 0.768918918918919 0.24168126094570927 0.768918918918919 0.24168126094570927 0.6648648648648648 0.1637478108581436 0.6648648648648648 0.1637478108581436 0.768918918918919
0 0.30385288966725044 0.39864864864864863 0.38791593695271454 0.39864864864864863 0.38791593695271454 0.2972972972972973 0.30385288966725044 0.2972972972972973 0.30385288966725044 0.39864864864864863
0 0.3660245183887916 0.9243243243243243 0.44921190893169877 0.9243243243243243 0.44921190893169877 0.8175675675675675 0.3660245183887916 0.8175675675675675 0.3660245183887916 0.9243243243243243
0 0.10507880910683012 0.543918918918919 0.18038528896672504 0.543918918918919 0.18038528896672504 0.4412162162162162 0.10507880910683012 0.4412162162162162 0.10507880910683012 0.543918918918919
0 0.29597197898423816 0.24864864864864866 0.38266199649737304 0.24864864864864866 0.38266199649737304 0.1445945945945946 0.29597197898423816 0.1445945945945946 0.29597197898423816 0.24864864864864866
0 0.3787215411558669 0.5540540540540541 0.462784588441331 0.5540540540540541 0.462784588441331 0.4472972972972973 0.3787215411558669 0.4472972972972973 0.3787215411558669 0.5540540540540541
0 0.22635726795096323 0.8418918918918918 0.30779334500875655 0.8418918918918918 0.30779334500875655 0.7391891891891892 0.22635726795096323 0.7391891891891892 0.22635726795096323 0.8418918918918918
0 0.2968476357267951 0.5513513513513514 0.37740805604203154 0.5513513513513514 0.37740805604203154 0.4486486486486487 0.2968476357267951 0.4486486486486487 0.2968476357267951 0.5513513513513514
0 0.239492119089317 0.32635135135135135 0.31742556917688264 0.32635135135135135 0.31742556917688264 0.2222972972972973 0.239492119089317 0.2222972972972973 0.239492119089317 0.32635135135135135
0 0.28677758318739055 0.9175675675675675 0.36471103327495624 0.9175675675675675 0.36471103327495624 0.8162162162162162 0.28677758318739055 0.8162162162162162 0.28677758318739055 0.9175675675675675
0 0.3021015761821366 0.7006756756756757 0.38791593695271454 0.7006756756756757 0.38791593695271454 0.6006756756756757 0.3021015761821366 0.6006756756756757 0.3021015761821366 0.7006756756756757
0 0.18126094570928197 0.5466216216216216 0.2635726795096322 0.5466216216216216 0.2635726795096322 0.44256756756756754 0.18126094570928197 0.44256756756756754 0.18126094570928197 0.5466216216216216
0 0.23992994746059546 0.6222972972972973 0.31961471103327493 0.6222972972972973 0.31961471103327493 0.5209459459459459 0.23992994746059546 0.5209459459459459 0.23992994746059546 0.6222972972972973
0 0.053415061295971976 0.4722972972972973 0.12697022767075306 0.4722972972972973 0.12697022767075306 0.3668918918918919 0.053415061295971976 0.3668918918918919 0.053415061295971976 0.4722972972972973
0 0.1904553415061296 0.25405405405405407 0.2657618213660245 0.25405405405405407 0.2657618213660245 0.1527027027027027 0.1904553415061296 0.1527027027027027 0.1904553415061296 0.25405405405405407
0 0.22154115586690018 0.11013513513513513 0.29859894921190894 0.11013513513513513 0.29859894921190894 0.008783783783783784 0.22154115586690018 0.008783783783783784 0.22154115586690018 0.11013513513513513
0 0.07180385288966724 0.9540540540540541 0.1436077057793345 0.9540540540540541 0.1436077057793345 0.8594594594594595 0.07180385288966724 0.8594594594594595 0.07180385288966724 0.9540540540540541
0 0.08450087565674255 0.325 0.15805604203152365 0.325 0.15805604203152365 0.225 0.08450087565674255 0.225 0.08450087565674255 0.325
0 0.29772329246935203 1 0.29772329246935203 0.9472972972972973 0.22591943957968477 0.9472972972972973 0.22591943957968477 1 0.29772329246935203 1
0 0.409369527145359 0 0.409369527145359 0.03918918918918919 0.4881786339754816 0.03918918918918919 0.4881786339754816 0 0.409369527145359 0
0 0.38134851138353765 1 0.38134851138353765 0.9608108108108108 0.30604203152364273 0.9608108108108108 0.30604203152364273 1 0.38134851138353765 1