0 0.18695271453590193 0.33783783783783783 0.2640105078809107 0.33783783783783783 0.2640105078809107 0.2391891891891892 0.18695271453590193 0.2391891891891892 0.18695271453590193 0.33783783783783783
0 0.30385288966725044 0.48783783783783785 0.38704028021015763 0.48783783783783785 0.38704028021015763 0.39054054054054055 0.30385288966725044 0.39054054054054055 0.30385288966725044 0.48783783783783785
0 0.10683012259194395 0.6337837837837837 0.18126094570928197 0.6337837837837837 0.18126094570928197 0.5297297297297298 0.10683012259194395 0.5297297297297298 0.10683012259194395 0.6337837837837837
0 0.23686514886164622 0.4155405405405405 0.3156742556917688 0.4155405405405405 0.3156742556917688 0.31148648648648647 0.23686514886164622 0.31148648648648647 0.23686514886164622 0.4155405405405405
0 0.4071803852889667 0.12094594594594595 0.489492119089317 0.12094594594594595 0.489492119089317 0.019594594594594596 0.4071803852889667 0.019594594594594596 0.4071803852889667 0.12094594594594595
0 0.37959719789842383 0.647972972972973 0.462784588441331 0.647972972972973 0.462784588441331 0.5385135135135135 0.37959719789842383 0.5385135135135135 0.37959719789842383 0.647972972972973
0 0.16549912434325745 0.852027027027027 0.24168126094570927 0.852027027027027 0.24168126094570927 0.7506756756756757 0.16549912434325745 0.7506756756756757 0.16549912434325745 0.852027027027027
0 0.08362521891418565 0.41216216216216217 0.1554290718038529 0.41216216216216217 0.1554290718038529 0.3108108108108108 0.08362521891418565 0.3108108108108108 0.08362521891418565 0.41216216216216217
0 0.29509632224168125 0.34054054054054056 0.38266199649737304 0.34054054054054056 0.38266199649737304 0.23243243243243245 0.29509632224168125 0.23243243243243245 0.29509632224168125 0.34054054054054056
0 0.38441330998248685 0.34256756756756757 0.47285464098073554 0.34256756756756757 0.47285464098073554 0.2304054054054054 0.38441330998248685 0.2304054054054054 0.38441330998248685 0.34256756756756757
0 0.24168126094570927 0.7114864864864865 0.31961471103327493 0.7114864864864865 0.31961471103327493 0.6087837837837838 0.24168126094570927 0.6087837837837838 0.24168126094570927 0.7114864864864865
0 0.05297723292469352 0.5587837837837838 0.1265323992994746 0.5587837837837838 0.1265323992994746 0.45337837837837835 0.05297723292469352 0.45337837837837835 0.05297723292469352 0.5587837837837838
0 0.29553415061295973 0.6412162162162162 0.37784588441330996 0.6412162162162162 0.37784588441330996 0.5398648648648648 0.29553415061295973 0.5398648648648648 0.29553415061295973 0.6412162162162162
0 0.30253940455341505 0.7912162162162162 0.38747810858143605 0.7912162162162162 0.38747810858143605 0.6925675675675675 0.30253940455341505 0.6925675675675675 0.30253940455341505 0.7912162162162162
0 0.21935201401050788 0.19054054054054054 0.29640980735551664 0.19054054054054054 0.29640980735551664 0.09054054054054055 0.21935201401050788 0.09054054054054055 0.21935201401050788 0.19054054054054054
0 0.18126094570928197 0.6364864864864865 0.2635726795096322 0.6364864864864865 0.2635726795096322 0.5337837837837838 0.18126094570928197 0.5337837837837838 0.18126094570928197 0.6364864864864865
0 0.22898423817863398 0.925 0.3104203152364273 0.925 0.3104203152364273 0.825 0.22898423817863398 0.825 0.22898423817863398 0.925
0 0.36865148861646235 0.9993243243243243 0.4500875656742557 0.9993243243243243 0.4500875656742557 0.902027027027027 0.36865148861646235 0.902027027027027 0.36865148861646235 0.9993243243243243
0 0.29028021015761823 0.9986486486486487 0.36646234676007006 0.9986486486486487 0.36646234676007006 0.9 0.29028021015761823 0.9 0.29028021015761823 0.9986486486486487
0 0.22416812609457093 0 0.22416812609457093 0.05675675675675676 0.3021015761821366 0.05675675675675676 0.3021015761821366 0 0.22416812609457093 0
0 0.14798598949211908 1 0.14798598949211908 0.9364864864864865 0.07618213660245184 0.9364864864864865 0.07618213660245184 1 0.14798598949211908 1
0 0.3502626970227671 0 0.3502626970227671 0.052702702702702706 0.4316987740805604 0.052702702702702706 0.4316987740805604 0 0.3502626970227671 0