0 0.18782837127845883 0.5337837837837838 0.2657618213660245 0.5337837837837838 0.2657618213660245 0.4297297297297297 0.18782837127845883 0.4297297297297297 0.18782837127845883 0.5337837837837838
0 0.5433450087565674 0.33378378378378376 0.6107705779334501 0.33378378378378376 0.6107705779334501 0.20540540540540542 0.5433450087565674 0.20540540540540542 0.5433450087565674 0.33378378378378376
0 0.37521891418563924 0.8364864864864865 0.45665499124343256 0.8364864864864865 0.45665499124343256 0.7364864864864865 0.37521891418563924 0.7364864864864865 0.37521891418563924 0.8364864864864865
0 0.4246935201401051 0.16554054054054054 0.5131348511383538 0.16554054054054054 0.5131348511383538 0.06283783783783783 0.4246935201401051 0.06283783783783783 0.4246935201401051 0.16554054054054054
0 0.324430823117338 0.6148648648648649 0.40586690017513133 0.6148648648648649 0.40586690017513133 0.5054054054054054 0.324430823117338 0.5054054054054054 0.324430823117338 0.6148648648648649
0 0.398861646234676 0.6932432432432433 0.483800350262697 0.6932432432432433 0.483800350262697 0.5837837837837838 0.398861646234676 0.5837837837837838 0.398861646234676 0.6932432432432433
0 0.22942206654991243 0.3141891891891892 0.30910683012259194 0.3141891891891892 0.30910683012259194 0.20743243243243242 0.22942206654991243 0.20743243243243242 0.22942206654991243 0.3141891891891892
0 0.4391418563922942 0.31486486486486487 0.5275831873905429 0.31486486486486487 0.5275831873905429 0.20945945945945946 0.4391418563922942 0.20945945945945946 0.4391418563922942 0.31486486486486487
0 0.5048161120840631 0.5398648648648648 0.5836252189141856 0.5398648648648648 0.5836252189141856 0.4358108108108108 0.5048161120840631 0.4358108108108108 0.5048161120840631 0.5398648648648648
0 0.2670753064798599 0.5358108108108108 0.34851138353765326 0.5358108108108108 0.34851138353765326 0.4331081081081081 0.2670753064798599 0.4331081081081081 0.2670753064798599 0.5358108108108108
0 0.15017513134851138 0.10135135135135136 0.22285464098073554 0.10135135135135136 0.22285464098073554 0.002702702702702703 0.15017513134851138 0.002702702702702703 0.15017513134851138 0.10135135135135136
0 0.29115586690017514 0 0.29115586690017514 0.09324324324324325 0.36558669001751315 0.09324324324324325 0.36558669001751315 0 0.29115586690017514 0
0 0.28765323992994746 0.3837837837837838 0.36646234676007006 0.3837837837837838 0.36646234676007006 0.2810810810810811 0.28765323992994746 0.2810810810810811 0.28765323992994746 0.3837837837837838
0 0.3471978984238179 0.16486486486486487 0.4225043782837128 0.16486486486486487 0.4225043782837128 0.06486486486486487 0.3471978984238179 0.06486486486486487 0.3471978984238179 0.16486486486486487
0 0.1668126094570928 0.38513513513513514 0.2447460595446585 0.38513513513513514 0.2447460595446585 0.2864864864864865 0.1668126094570928 0.2864864864864865 0.1668126094570928 0.38513513513513514
0 0.44746059544658495 0.4648648648648649 0.5280210157618214 0.4648648648648649 0.5280210157618214 0.3621621621621622 0.44746059544658495 0.3621621621621622 0.44746059544658495 0.4648648648648649
0 0.361646234676007 0.46418918918918917 0.4413309982486865 0.46418918918918917 0.4413309982486865 0.3614864864864865 0.361646234676007 0.3614864864864865 0.361646234676007 0.46418918918918917
0 0.35157618213660247 0.31148648648648647 0.4373905429071804 0.31148648648648647 0.4373905429071804 0.2087837837837838 0.35157618213660247 0.2087837837837838 0.35157618213660247 0.31148648648648647
0 0.22898423817863398 0.16418918918918918 0.30779334500875655 0.16418918918918918 0.30779334500875655 0.06824324324324324 0.22898423817863398 0.06824324324324324 0.22898423817863398 0.16418918918918918
0 0.22066549912434325 0.6804054054054054 0.29947460595446584 0.6804054054054054 0.29947460595446584 0.5817567567567568 0.22066549912434325 0.5817567567567568 0.22066549912434325 0.6804054054054054
0 0.1711908931698774 0.23783783783783785 0.24737302977232925 0.23783783783783785 0.24737302977232925 0.13648648648648648 0.1711908931698774 0.13648648648648648 0.1711908931698774 0.23783783783783785
0 0.24518388791593695 0.8283783783783784 0.3239929947460595 0.8283783783783784 0.3239929947460595 0.7283783783783784 0.24518388791593695 0.7283783783783784 0.24518388791593695 0.8283783783783784
0 0.260507880910683 0.970945945945946 0.3375656742556918 0.970945945945946 0.3375656742556918 0.8763513513513513 0.260507880910683 0.8763513513513513 0.260507880910683 0.970945945945946
0 0.30297723292469353 0.7601351351351351 0.38266199649737304 0.7601351351351351 0.38266199649737304 0.6628378378378378 0.30297723292469353 0.6628378378378378 0.30297723292469353 0.7601351351351351
0 0.38309982486865146 0.9804054054054054 0.46541155866900175 0.9804054054054054 0.46541155866900175 0.8831081081081081 0.38309982486865146 0.8831081081081081 0.38309982486865146 0.9804054054054054
0 0.19220665499124343 0.8959459459459459 0.2631348511383538 0.8959459459459459 0.2631348511383538 0.7945945945945946 0.19220665499124343 0.7945945945945946 0.19220665499124343 0.8959459459459459
0 0.23204903677758318 0 0.23204903677758318 0.025675675675675677 0.30297723292469353 0.025675675675675677 0.30297723292469353 0 0.23204903677758318 0
0 0.4500875656742557 0 0.4500875656742557 0.024324324324324326 0.5183887915936952 0.024324324324324326 0.5183887915936952 0 0.4500875656742557 0
0 0.36471103327495624 0 0.36471103327495624 0.021621621621621623 0.4330122591943958 0.021621621621621623 0.4330122591943958 0 0.36471103327495624 0