0 0.43345008756567427 0.6594594594594595 0.5175131348511384 0.6594594594594595 0.5175131348511384 0.5472972972972973 0.43345008756567427 0.5472972972972973 0.43345008756567427 0.6594594594594595
0 0.3489492119089317 0.6533783783783784 0.431260945709282 0.6533783783783784 0.431260945709282 0.547972972972973 0.3489492119089317 0.547972972972973 0.3489492119089317 0.6533783783783784
0 0.27714535901926446 0.7297297297297297 0.35595446584938706 0.7297297297297297 0.35595446584938706 0.6256756756756757 0.27714535901926446 0.6256756756756757 0.27714535901926446 0.7297297297297297
0 0.4168126094570928 0.504054054054054 0.4956217162872154 0.504054054054054 0.4956217162872154 0.39864864864864863 0.4168126094570928 0.39864864864864863 0.4168126094570928 0.504054054054054
0 0.19746059544658495 0.3527027027027027 0.2753940455341506 0.3527027027027027 0.2753940455341506 0.2472972972972973 0.19746059544658495 0.2472972972972973 0.19746059544658495 0.3527027027027027
0 0.5380910683012259 0.9668918918918918 0.6028896672504378 0.9668918918918918 0.6028896672504378 0.8398648648648649 0.5380910683012259 0.8398648648648649 0.5380910683012259 0.9668918918918918
0 0.489492119089317 0.43108108108108106 0.5814360770577933 0.43108108108108106 0.5814360770577933 0.32297297297297295 0.489492119089317 0.32297297297297295 0.489492119089317 0.43108108108108106
0 0.1361646234676007 0.7162162162162162 0.2105954465849387 0.7162162162162162 0.2105954465849387 0.6148648648648649 0.1361646234676007 0.6148648648648649 0.1361646234676007 0.7162162162162162
0 0.16768826619964974 0.8614864864864865 0.2447460595446585 0.8614864864864865 0.2447460595446585 0.7614864864864865 0.16768826619964974 0.7614864864864865 0.16768826619964974 0.8614864864864865
0 0.22854640980735552 0.49932432432432433 0.30998248686514884 0.49932432432432433 0.30998248686514884 0.3966216216216216 0.22854640980735552 0.3966216216216216 0.22854640980735552 0.49932432432432433
0 0.35376532399299476 0.2756756756756757 0.43782837127845886 0.2756756756756757 0.43782837127845886 0.17162162162162162 0.35376532399299476 0.17162162162162162 0.35376532399299476 0.2756756756756757
0 0.4194395796847636 0.8027027027027027 0.5070052539404554 0.8027027027027027 0.5070052539404554 0.7040540540540541 0.4194395796847636 0.7040540540540541 0.4194395796847636 0.8027027027027027
0 0.27802101576182137 0.3533783783783784 0.36471103327495624 0.3533783783783784 0.36471103327495624 0.24527027027027026 0.27802101576182137 0.24527027027027026 0.27802101576182137 0.3533783783783784
0 0.3520140105078809 0.42567567567567566 0.43782837127845886 0.42567567567567566 0.43782837127845886 0.3256756756756757 0.3520140105078809 0.3256756756756757 0.3520140105078809 0.42567567567567566
0 0.21147110332749564 0.647972972972973 0.29203152364273205 0.647972972972973 0.29203152364273205 0.5466216216216216 0.21147110332749564 0.5466216216216216 0.21147110332749564 0.647972972972973
0 0.3397548161120841 0.8013513513513514 0.4168126094570928 0.8013513513513514 0.4168126094570928 0.7054054054054054 0.3397548161120841 0.7054054054054054 0.3397548161120841 0.8013513513513514
0 0.29115586690017514 0.5763513513513514 0.36996497373029774 0.5763513513513514 0.36996497373029774 0.4722972972972973 0.29115586690017514 0.4722972972972973 0.29115586690017514 0.5763513513513514
0 0.3524518388791594 0.9425675675675675 0.4330122591943958 0.9425675675675675 0.4330122591943958 0.8493243243243244 0.3524518388791594 0.8493243243243244 0.3524518388791594 0.9425675675675675
0 0.4365148861646235 0.95 0.5223292469352014 0.95 0.5223292469352014 0.8486486486486486 0.4365148861646235 0.8486486486486486 0.4365148861646235 0.95
0 0.23117338003502627 0.9378378378378378 0.30998248686514884 0.9378378378378378 0.30998248686514884 0.8418918918918918 0.23117338003502627 0.8418918918918918 0.23117338003502627 0.9378378378378378
0 0.17819614711033274 0 0.17819614711033274 0.06621621621621622 0.2517513134851138 0.06621621621621622 0.2517513134851138 0 0.17819614711033274 0
0 0.24649737302977234 0.20135135135135135 0.3261821366024518 0.20135135135135135 0.3261821366024518 0.10675675675675676 0.24649737302977234 0.10675675675675676 0.24649737302977234 0.20135135135135135
0 0.4286339754816112 0.34864864864864864 0.5013134851138353 0.34864864864864864 0.5013134851138353 0.24864864864864866 0.4286339754816112 0.24864864864864866 0.4286339754816112 0.34864864864864864
0 0.4141856392294221 0 0.4141856392294221 0.06351351351351352 0.4947460595446585 0.06351351351351352 0.4947460595446585 0 0.4141856392294221 0
0 0.330122591943958 0 0.330122591943958 0.06351351351351352 0.4124343257443082 0.06351351351351352 0.4124343257443082 0 0.330122591943958 0
0 0.2521891418563923 0 0.2521891418563923 0.06351351351351352 0.3283712784588441 0.06351351351351352 0.3283712784588441 0 0.2521891418563923 0
0 0.22066549912434325 0.7932432432432432 0.3021015761821366 0.7932432432432432 0.3021015761821366 0.6972972972972973 0.22066549912434325 0.6972972972972973 0.22066549912434325 0.7932432432432432
0 0.29203152364273205 0.9993243243243243 0.36821366024518387 0.9993243243243243 0.36821366024518387 0.9074324324324324 0.29203152364273205 0.9074324324324324 0.29203152364273205 0.9993243243243243
0 0.17688266199649738 0.9952702702702703 0.24956217162872155 0.9952702702702703 0.24956217162872155 0.9074324324324324 0.17688266199649738 0.9074324324324324 0.17688266199649738 0.9952702702702703
0 0.43345008756567427 1 0.43345008756567427 0.9878378378378379 0.3712784588441331 0.9878378378378379 0.3712784588441331 1 0.43345008756567427 1