0 0.5389667250437828 0.30743243243243246 0.6186514886164624 0.30743243243243246 0.6186514886164624 0.20472972972972972 0.5389667250437828 0.20472972972972972 0.5389667250437828 0.30743243243243246
0 0.4868651488616462 0.5344594594594595 0.5700525394045534 0.5344594594594595 0.5700525394045534 0.42364864864864865 0.4868651488616462 0.42364864864864865 0.4868651488616462 0.5344594594594595
0 0.22416812609457093 0.6006756756756757 0.30472854640980734 0.6006756756756757 0.30472854640980734 0.497972972972973 0.22416812609457093 0.497972972972973 0.22416812609457093 0.6006756756756757
0 0.3362521891418564 0 0.3362521891418564 0.08378378378378379 0.4168126094570928 0.08378378378378379 0.4168126094570928 0 0.3362521891418564 0
0 0.4680385288966725 0.23175675675675675 0.5512259194395797 0.23175675675675675 0.5512259194395797 0.12905405405405404 0.4680385288966725 0.12905405405405404 0.4680385288966725 0.23175675675675675
0 0.2000875656742557 0.2304054054054054 0.2745183887915937 0.2304054054054054 0.2745183887915937 0.1304054054054054 0.2000875656742557 0.1304054054054054 0.2000875656742557 0.2304054054054054
0 0.2618213660245184 0.30202702702702705 0.3397548161120841 0.30202702702702705 0.3397548161120841 0.19932432432432431 0.2618213660245184 0.19932432432432431 0.2618213660245184 0.30202702702702705
0 0.26751313485113837 0.15608108108108107 0.34632224168126097 0.15608108108108107 0.34632224168126097 0.05472972972972973 0.26751313485113837 0.05472972972972973 0.26751313485113837 0.15608108108108107
0 0.39010507880910683 0.7547297297297297 0.47416812609457093 0.7547297297297297 0.47416812609457093 0.6533783783783784 0.39010507880910683 0.6533783783783784 0.39010507880910683 0.7547297297297297
0 0.2753940455341506 0.8972972972972973 0.3533274956217163 0.8972972972972973 0.3533274956217163 0.7932432432432432 0.2753940455341506 0.7932432432432432 0.2753940455341506 0.8972972972972973
0 0.2640105078809107 0.4527027027027027 0.3428196147110333 0.4527027027027027 0.3428196147110333 0.3527027027027027 0.2640105078809107 0.3527027027027027 0.2640105078809107 0.4527027027027027
0 0.3073555166374781 0.7520270270270271 0.38879159369527144 0.7520270270270271 0.38879159369527144 0.6493243243243243 0.3073555166374781 0.6493243243243243 0.3073555166374781 0.7520270270270271
0 0.39842381786339753 0.30405405405405406 0.47723292469352013 0.30405405405405406 0.47723292469352013 0.19864864864864865 0.39842381786339753 0.19864864864864865 0.39842381786339753 0.30405405405405406
0 0.329246935201401 0.3824324324324324 0.4115586690017513 0.3824324324324324 0.4115586690017513 0.2716216216216216 0.329246935201401 0.2716216216216216 0.329246935201401 0.3824324324324324
0 0.20665499124343256 0 0.20665499124343256 0.0891891891891892 0.2775831873905429 0.0891891891891892 0.2775831873905429 0 0.20665499124343256 0
0 0.3366900175131349 0.9695945945945946 0.4128721541155867 0.9695945945945946 0.4128721541155867 0.8655405405405405 0.3366900175131349 0.8655405405405405 0.3366900175131349 0.9695945945945946
0 0.3314360770577933 0.22702702702702704 0.4102451838879159 0.22702702702702704 0.4102451838879159 0.12972972972972974 0.3314360770577933 0.12972972972972974 0.3314360770577933 0.22702702702702704
0 0.22285464098073554 0.7493243243243243 0.3051663747810858 0.7493243243243243 0.3051663747810858 0.6493243243243243 0.22285464098073554 0.6493243243243243 0.22285464098073554 0.7493243243243243
0 0.39404553415061294 0.8993243243243243 0.4711033274956217 0.8993243243243243 0.4711033274956217 0.8047297297297298 0.39404553415061294 0.8047297297297298 0.39404553415061294 0.8993243243243243
0 0.17950963222416813 0.8824324324324324 0.2521891418563923 0.8824324324324324 0.2521891418563923 0.7932432432432432 0.17950963222416813 0.7932432432432432 0.17950963222416813 0.8824324324324324
0 0.2626970227670753 0 0.2626970227670753 0.01891891891891892 0.3336252189141856 0.01891891891891892 0.3336252189141856 0 0.2626970227670753 0