0 0.4890542907180385 0.2587837837837838 0.5704903677758318 0.2587837837837838 0.5704903677758318 0.15067567567567566 0.4890542907180385 0.15067567567567566 0.4890542907180385 0.2587837837837838
0 0.22810858143607707 0.3277027027027027 0.30691768826619964 0.3277027027027027 0.30691768826619964 0.225 0.22810858143607707 0.225 0.22810858143607707 0.3277027027027027
0 0.22373029772329248 0.4777027027027027 0.30604203152364273 0.4777027027027027 0.30604203152364273 0.37905405405405407 0.22373029772329248 0.37905405405405407 0.22373029772329248 0.4777027027027027
0 0.39098073555166374 0.4804054054054054 0.47504378283712784 0.4804054054054054 0.47504378283712784 0.37635135135135134 0.39098073555166374 0.37635135135135134 0.39098073555166374 0.4804054054054054
0 0.3073555166374781 0.4783783783783784 0.38879159369527144 0.4783783783783784 0.38879159369527144 0.37432432432432433 0.3073555166374781 0.37432432432432433 0.3073555166374781 0.4783783783783784
0 0.27189141856392296 0.6324324324324324 0.3533274956217163 0.6324324324324324 0.3533274956217163 0.5256756756756756 0.27189141856392296 0.5256756756756756 0.27189141856392296 0.6324324324324324
0 0.3353765323992995 0.11486486486486487 0.4185639229422067 0.11486486486486487 0.4185639229422067 0.006756756756756757 0.3353765323992995 0.006756756756756757 0.3353765323992995 0.11486486486486487
0 0.2613835376532399 0.9891891891891892 0.3393169877408056 0.9891891891891892 0.3393169877408056 0.8864864864864865 0.2613835376532399 0.8864864864864865 0.2613835376532399 0.9891891891891892
0 0.17381786339754815 0.6243243243243243 0.25 0.6243243243243243 0.25 0.5243243243243243 0.17381786339754815 0.5243243243243243 0.17381786339754815 0.6243243243243243
0 0.3204903677758319 0.925 0.4028021015761821 0.925 0.4028021015761821 0.8209459459459459 0.3204903677758319 0.8209459459459459 0.3204903677758319 0.925
0 0.3914185639229422 0.6344594594594595 0.47285464098073554 0.6344594594594595 0.47285464098073554 0.5331081081081082 0.3914185639229422 0.5331081081081082 0.3914185639229422 0.6344594594594595
0 0.3323117338003503 0.7101351351351352 0.41112084063047283 0.7101351351351352 0.41112084063047283 0.6006756756756757 0.3323117338003503 0.6006756756756757 0.3323117338003503 0.7101351351351352
0 0.2714535901926445 0.1810810810810811 0.34938704028021017 0.1810810810810811 0.34938704028021017 0.08243243243243244 0.2714535901926445 0.08243243243243244 0.2714535901926445 0.1810810810810811
0 0.5394045534150613 0 0.5394045534150613 0.05 0.6182136602451839 0.05 0.6182136602451839 0 0.5394045534150613 0
0 0.4041155866900175 0 0.4041155866900175 0.041891891891891894 0.48117338003502624 0.041891891891891894 0.48117338003502624 0 0.4041155866900175 0
0 0.2723292469352014 0 0.2723292469352014 0.041891891891891894 0.34851138353765326 0.041891891891891894 0.34851138353765326 0 0.2723292469352014 0
0 0.2000875656742557 0.9993243243243243 0.2701401050788091 0.9993243243243243 0.2701401050788091 0.947972972972973 0.2000875656742557 0.947972972972973 0.2000875656742557 0.9993243243243243
0 0.4154991243432574 1 0.4154991243432574 0.9635135135135136 0.3366900175131349 0.9635135135135136 0.3366900175131349 1 0.4154991243432574 1