0 0.3809106830122592 0.5297297297297298 0.4711033274956217 0.5297297297297298 0.4711033274956217 0.41486486486486485 0.3809106830122592 0.41486486486486485 0.3809106830122592 0.5297297297297298
0 0.08012259194395797 0.5898648648648649 0.15455341506129597 0.5898648648648649 0.15455341506129597 0.4885135135135135 0.08012259194395797 0.4885135135135135 0.08012259194395797 0.5898648648648649
0 0.29115586690017514 0.5243243243243243 0.3787215411558669 0.5243243243243243 0.3787215411558669 0.41486486486486485 0.29115586690017514 0.41486486486486485 0.29115586690017514 0.5243243243243243
0 0.21015761821366025 0.3695945945945946 0.28984238178633975 0.3695945945945946 0.28984238178633975 0.2695945945945946 0.21015761821366025 0.2695945945945946 0.21015761821366025 0.3695945945945946
0 0.21453590192644484 0.22297297297297297 0.29422066549912435 0.22297297297297297 0.29422066549912435 0.12297297297297298 0.21453590192644484 0.12297297297297298 0.21453590192644484 0.22297297297297297
0 0.3436952714535902 0.22635135135135134 0.4268826619964974 0.22635135135135134 0.4268826619964974 0.12094594594594595 0.3436952714535902 0.12094594594594595 0.3436952714535902 0.22635135135135134
0 0.37915936952714535 0.825 0.46147110332749564 0.825 0.46147110332749564 0.720945945945946 0.37915936952714535 0.720945945945946 0.37915936952714535 0.825
0 0.4019264448336252 0.3054054054054054 0.4859894921190893 0.3054054054054054 0.4859894921190893 0.1945945945945946 0.4019264448336252 0.1945945945945946 0.4019264448336252 0.3054054054054054
0 0.3419439579684764 0 0.3419439579684764 0.07972972972972973 0.4233800350262697 0.07972972972972973 0.4233800350262697 0 0.3419439579684764 0
0 0.2775831873905429 0.15202702702702703 0.35989492119089317 0.15202702702702703 0.35989492119089317 0.05067567567567568 0.2775831873905429 0.05067567567567568 0.2775831873905429 0.15202702702702703
0 0.11033274956217162 0.8027027027027027 0.1830122591943958 0.8027027027027027 0.1830122591943958 0.7040540540540541 0.11033274956217162 0.7040540540540541 0.11033274956217162 0.8027027027027027
0 0.29728546409807355 0.8209459459459459 0.37697022767075306 0.8209459459459459 0.37697022767075306 0.7236486486486486 0.29728546409807355 0.7236486486486486 0.29728546409807355 0.8209459459459459
0 0.2447460595446585 0.8885135135135135 0.3200525394045534 0.8885135135135135 0.3200525394045534 0.7858108108108108 0.2447460595446585 0.7858108108108108 0.2447460595446585 0.8885135135135135
0 0.1830122591943958 0.5182432432432432 0.2618213660245184 0.5182432432432432 0.2618213660245184 0.41824324324324325 0.1830122591943958 0.41824324324324325 0.1830122591943958 0.5182432432432432
0 0.0542907180385289 0.731081081081081 0.12784588441331 0.731081081081081 0.12784588441331 0.6297297297297297 0.0542907180385289 0.6297297297297297 0.0542907180385289 0.731081081081081
0 0.23555166374781086 0.5966216216216216 0.3134851138353765 0.5966216216216216 0.3134851138353765 0.49527027027027026 0.23555166374781086 0.49527027027027026 0.23555166374781086 0.5966216216216216
0 0.30253940455341505 0.6702702702702703 0.38572679509632224 0.6702702702702703 0.38572679509632224 0.5756756756756757 0.30253940455341505 0.5756756756756757 0.30253940455341505 0.6702702702702703
0 0.2031523642732049 0 0.2031523642732049 0.08378378378378379 0.27408056042031526 0.08378378378378379 0.27408056042031526 0 0.2031523642732049 0
0 0.18388791593695272 0.8108108108108109 0.26444833625218916 0.8108108108108109 0.26444833625218916 0.7135135135135136 0.18388791593695272 0.7135135135135136 0.18388791593695272 0.8108108108108109
0 0.3064798598949212 0.9614864864864865 0.38704028021015763 0.9614864864864865 0.38704028021015763 0.8668918918918919 0.3064798598949212 0.8668918918918919 0.3064798598949212 0.9614864864864865
0 0.24824868651488616 1 0.24824868651488616 0.918918918918919 0.17294220665499124 0.918918918918919 0.17294220665499124 1 0.24824868651488616 1
0 0.2797723292469352 0 0.2797723292469352 0.012162162162162163 0.3428196147110333 0.012162162162162163 0.3428196147110333 0 0.2797723292469352 0
0 0.29640980735551664 1 0.29640980735551664 0.9891891891891892 0.24824868651488616 0.9891891891891892 0.24824868651488616 1 0.29640980735551664 1