0 0.21847635726795098 0.4277027027027027 0.2946584938704028 0.4277027027027027 0.2946584938704028 0.3222972972972973 0.21847635726795098 0.3222972972972973 0.21847635726795098 0.4277027027027027
0 0.36996497373029774 0.2864864864864865 0.45490367775831875 0.2864864864864865 0.45490367775831875 0.17567567567567569 0.36996497373029774 0.17567567567567569 0.36996497373029774 0.2864864864864865
0 0.06304728546409807 0.35743243243243245 0.13747810858143608 0.35743243243243245 0.13747810858143608 0.25472972972972974 0.06304728546409807 0.25472972972972974 0.06304728546409807 0.35743243243243245
0 0.20577933450087565 0.5790540540540541 0.28458844133099825 0.5790540540540541 0.28458844133099825 0.4804054054054054 0.20577933450087565 0.4804054054054054 0.20577933450087565 0.5790540540540541
0 0.1733800350262697 0.14189189189189189 0.2530647985989492 0.14189189189189189 0.2530647985989492 0.041891891891891894 0.1733800350262697 0.041891891891891894 0.1733800350262697 0.14189189189189189
0 0.30253940455341505 0.4277027027027027 0.38134851138353765 0.4277027027027027 0.38134851138353765 0.3344594594594595 0.30253940455341505 0.3344594594594595 0.30253940455341505 0.4277027027027027
0 0.3371278458844133 0.5804054054054054 0.4159369527145359 0.5804054054054054 0.4159369527145359 0.47905405405405405 0.3371278458844133 0.47905405405405405 0.3371278458844133 0.5804054054054054
0 0.4181260945709282 0.5858108108108108 0.5039404553415061 0.5858108108108108 0.5039404553415061 0.4817567567567568 0.4181260945709282 0.4817567567567568 0.4181260945709282 0.5858108108108108
0 0.23117338003502627 0.21216216216216216 0.31436077057793343 0.21216216216216216 0.31436077057793343 0.10405405405405406 0.23117338003502627 0.10405405405405406 0.23117338003502627 0.21216216216216216
0 0.26970227670753066 0.8081081081081081 0.3520140105078809 0.8081081081081081 0.3520140105078809 0.7027027027027027 0.26970227670753066 0.7027027027027027 0.26970227670753066 0.8081081081081081
0 0.28765323992994746 0.2851351351351351 0.36733800350262696 0.2851351351351351 0.36733800350262696 0.1783783783783784 0.28765323992994746 0.1783783783783784 0.28765323992994746 0.2851351351351351
0 0.12215411558669002 0.7236486486486486 0.2000875656742557 0.7236486486486486 0.2000875656742557 0.6182432432432432 0.12215411558669002 0.6182432432432432 0.12215411558669002 0.7236486486486486
0 0.2692644483362522 0.654054054054054 0.3489492119089317 0.654054054054054 0.3489492119089317 0.5513513513513514 0.2692644483362522 0.5513513513513514 0.2692644483362522 0.654054054054054
0 0.06523642732049037 0.7824324324324324 0.14054290718038528 0.7824324324324324 0.14054290718038528 0.6864864864864865 0.06523642732049037 0.6864864864864865 0.06523642732049037 0.7824324324324324
0 0.3358143607705779 0.7364864864864865 0.4146234676007005 0.7364864864864865 0.4146234676007005 0.6351351351351351 0.3358143607705779 0.6351351351351351 0.3358143607705779 0.7364864864864865
0 0.3147985989492119 0 0.3147985989492119 0.06891891891891892 0.39711033274956214 0.06891891891891892 0.39711033274956214 0 0.3147985989492119 0
0 0.20665499124343256 0.727027027027027 0.28108581436077057 0.727027027027027 0.28108581436077057 0.6283783783783784 0.20665499124343256 0.6283783783783784 0.20665499124343256 0.727027027027027
0 0.2105954465849387 0.870945945945946 0.28765323992994746 0.870945945945946 0.28765323992994746 0.775 0.2105954465849387 0.775 0.2105954465849387 0.870945945945946
0 0.28327495621716287 0.9459459459459459 0.3638353765323993 0.9459459459459459 0.3638353765323993 0.845945945945946 0.28327495621716287 0.845945945945946 0.28327495621716287 0.9459459459459459