0 0.3839754816112084 0.43986486486486487 0.4680385288966725 0.43986486486486487 0.4680385288966725 0.3304054054054054 0.3839754816112084 0.3304054054054054 0.3839754816112084 0.43986486486486487
0 0.4063047285464098 0.14121621621621622 0.4903677758318739 0.14121621621621622 0.4903677758318739 0.037162162162162164 0.4063047285464098 0.037162162162162164 0.4063047285464098 0.14121621621621622
0 0.2548161120840631 0.43445945945945946 0.3345008756567426 0.43445945945945946 0.3345008756567426 0.3331081081081081 0.2548161120840631 0.3331081081081081 0.2548161120840631 0.43445945945945946
0 0.37784588441330996 0.2864864864864865 0.46103327495621715 0.2864864864864865 0.46103327495621715 0.18243243243243243 0.37784588441330996 0.18243243243243243 0.37784588441330996 0.2864864864864865
0 0.19702276707530647 0.5878378378378378 0.276707530647986 0.5878378378378378 0.276707530647986 0.4783783783783784 0.19702276707530647 0.4783783783783784 0.19702276707530647 0.5878378378378378
0 0.3366900175131349 0.6668918918918919 0.419877408056042 0.6668918918918919 0.419877408056042 0.5547297297297298 0.3366900175131349 0.5547297297297298 0.3366900175131349 0.6668918918918919
0 0.462784588441331 0.9567567567567568 0.5424693520140105 0.9567567567567568 0.5424693520140105 0.8554054054054054 0.462784588441331 0.8554054054054054 0.462784588441331 0.9567567567567568
0 0.4220665499124343 0.6702702702702703 0.5070052539404554 0.6702702702702703 0.5070052539404554 0.5608108108108109 0.4220665499124343 0.5608108108108109 0.4220665499124343 0.6702702702702703
0 0.18914185639229422 0.3608108108108108 0.2635726795096322 0.3608108108108108 0.2635726795096322 0.25675675675675674 0.18914185639229422 0.25675675675675674 0.18914185639229422 0.3608108108108108
0 0.27933450087565675 0.5851351351351352 0.35901926444833626 0.5851351351351352 0.35901926444833626 0.48243243243243245 0.27933450087565675 0.48243243243243245 0.27933450087565675 0.5851351351351352
0 0.23204903677758318 0.14121621621621622 0.30910683012259194 0.14121621621621622 0.30910683012259194 0.04527027027027027 0.23204903677758318 0.04527027027027027 0.23204903677758318 0.14121621621621622
0 0.24080560420315236 0.7317567567567568 0.3204903677758319 0.7317567567567568 0.3204903677758319 0.6304054054054054 0.24080560420315236 0.6304054054054054 0.24080560420315236 0.7317567567567568
0 0.2618213660245184 0.8810810810810811 0.3423817863397548 0.8810810810810811 0.3423817863397548 0.7783783783783784 0.2618213660245184 0.7783783783783784 0.2618213660245184 0.8810810810810811
0 0.3358143607705779 0 0.3358143607705779 0.07027027027027027 0.4172504378283713 0.07027027027027027 0.4172504378283713 0 0.3358143607705779 0
0 0.19614711033274956 0.7993243243243243 0.26970227670753066 0.7993243243243243 0.26970227670753066 0.706081081081081 0.19614711033274956 0.706081081081081 0.19614711033274956 0.7993243243243243
0 0.3257443082311734 0.8094594594594594 0.4089316987740806 0.8094594594594594 0.4089316987740806 0.7135135135135136 0.3257443082311734 0.7135135135135136 0.3257443082311734 0.8094594594594594
0 0.3283712784588441 0.9506756756756757 0.4063047285464098 0.9506756756756757 0.4063047285464098 0.8587837837837838 0.3283712784588441 0.8587837837837838 0.3283712784588441 0.9506756756756757
0 0.48336252189141854 0.5952702702702702 0.5718038528896673 0.5952702702702702 0.5718038528896673 0.4831081081081081 0.48336252189141854 0.4831081081081081 0.48336252189141854 0.5952702702702702
0 0.3095446584938704 0.21081081081081082 0.3892294220665499 0.21081081081081082 0.3892294220665499 0.11081081081081082 0.3095446584938704 0.11081081081081082 0.3095446584938704 0.21081081081081082
0 0.2469352014010508 0.28783783783783784 0.3257443082311734 0.28783783783783784 0.3257443082311734 0.18513513513513513 0.2469352014010508 0.18513513513513513 0.2469352014010508 0.28783783783783784
0 0.6103327495621717 1 0.6103327495621717 0.9243243243243243 0.531523642732049 0.9243243243243243 0.531523642732049 1 0.6103327495621717 1
0 0.2000875656742557 0.9412162162162162 0.2736427320490368 0.9412162162162162 0.2736427320490368 0.847972972972973 0.2000875656742557 0.847972972972973 0.2000875656742557 0.9412162162162162
0 0.47154115586690015 1 0.47154115586690015 0.9243243243243243 0.39623467600700524 0.9243243243243243 0.39623467600700524 1 0.47154115586690015 1
0 0.3380035026269702 1 0.3380035026269702 0.918918918918919 0.26444833625218916 0.918918918918919 0.26444833625218916 1 0.3380035026269702 1