0 0.20140105078809106 0.32094594594594594 0.2775831873905429 0.32094594594594594 0.2775831873905429 0.2141891891891892 0.20140105078809106 0.2141891891891892 0.20140105078809106 0.32094594594594594
0 0.27845884413309985 0.3168918918918919 0.3563922942206655 0.3168918918918919 0.3563922942206655 0.2168918918918919 0.27845884413309985 0.2168918918918919 0.27845884413309985 0.3168918918918919
0 0.3572679509632224 0.3195945945945946 0.43870402802101577 0.3195945945945946 0.43870402802101577 0.21554054054054053 0.3572679509632224 0.21554054054054053 0.3572679509632224 0.3195945945945946
0 0.30910683012259194 0.4722972972972973 0.3922942206654991 0.4722972972972973 0.3922942206654991 0.3614864864864865 0.30910683012259194 0.3614864864864865 0.30910683012259194 0.4722972972972973
0 0.2000875656742557 0.9722972972972973 0.2788966725043783 0.9722972972972973 0.2788966725043783 0.8777027027027027 0.2000875656742557 0.8777027027027027 0.2000875656742557 0.9722972972972973
0 0.18870402802101577 0.4689189189189189 0.2745183887915937 0.4689189189189189 0.2745183887915937 0.36486486486486486 0.18870402802101577 0.36486486486486486 0.18870402802101577 0.4689189189189189
0 0.2508756567425569 0.5452702702702703 0.3314360770577933 0.5452702702702703 0.3314360770577933 0.43986486486486487 0.2508756567425569 0.43986486486486487 0.2508756567425569 0.5452702702702703
0 0.351138353765324 0.9175675675675675 0.4352014010507881 0.9175675675675675 0.4352014010507881 0.8162162162162162 0.351138353765324 0.8162162162162162 0.351138353765324 0.9175675675675675
0 0.404553415061296 0.7006756756756757 0.4886164623467601 0.7006756756756757 0.4886164623467601 0.5939189189189189 0.404553415061296 0.5939189189189189 0.404553415061296 0.7006756756756757
0 0.15980735551663747 0.6864864864864865 0.23774080560420316 0.6864864864864865 0.23774080560420316 0.5891891891891892 0.15980735551663747 0.5891891891891892 0.15980735551663747 0.6864864864864865
0 0.3178633975481611 0.6952702702702702 0.40367775831873903 0.6952702702702702 0.40367775831873903 0.5939189189189189 0.3178633975481611 0.5939189189189189 0.3178633975481611 0.6952702702702702
0 0.3975481611208406 0.4689189189189189 0.47197898423817863 0.4689189189189189 0.47197898423817863 0.3689189189189189 0.3975481611208406 0.3689189189189189 0.3975481611208406 0.4689189189189189
0 0.29422066549912435 0.1 0.37478108581436076 0.1 0.37478108581436076 0.0013513513513513514 0.29422066549912435 0.0013513513513513514 0.29422066549912435 0.1
0 0.239492119089317 0.8364864864864865 0.3226795096322242 0.8364864864864865 0.3226795096322242 0.7418918918918919 0.239492119089317 0.7418918918918919 0.239492119089317 0.8364864864864865
0 0.23861646234676007 0.6945945945945946 0.31654991243432573 0.6945945945945946 0.31654991243432573 0.5972972972972973 0.23861646234676007 0.5972972972972973 0.23861646234676007 0.6945945945945946
0 0.4251313485113835 0.9817567567567568 0.4978108581436077 0.9817567567567568 0.4978108581436077 0.8898648648648648 0.4251313485113835 0.8898648648648648 0.4251313485113835 0.9817567567567568
0 0.27933450087565675 0.9804054054054054 0.36514886164623467 0.9804054054054054 0.36514886164623467 0.8817567567567568 0.27933450087565675 0.8817567567567568 0.27933450087565675 0.9804054054054054
0 0.4373905429071804 1 0.4373905429071804 0.9554054054054054 0.3542031523642732 0.9554054054054054 0.3542031523642732 1 0.4373905429071804 1
0 0.5739929947460596 1 0.5739929947460596 0.9567567567567568 0.4864273204903678 0.9567567567567568 0.4864273204903678 1 0.5739929947460596 1