0 0.40027322404371585 0.5309090909090909 0.4685792349726776 0.5309090909090909 0.4685792349726776 0.4290909090909091 0.40027322404371585 0.4290909090909091 0.40027322404371585 0.5309090909090909
0 0.3073770491803279 0.25727272727272726 0.3702185792349727 0.25727272727272726 0.3702185792349727 0.1572727272727273 0.3073770491803279 0.1572727272727273 0.3073770491803279 0.25727272727272726
0 0.16666666666666666 0.5172727272727272 0.24316939890710382 0.5172727272727272 0.24316939890710382 0.4081818181818182 0.16666666666666666 0.4081818181818182 0.16666666666666666 0.5172727272727272
0 0.34153005464480873 0.6509090909090909 0.4098360655737705 0.6509090909090909 0.4098360655737705 0.54 0.34153005464480873 0.54 0.34153005464480873 0.6509090909090909
0 0.12978142076502733 0.7445454545454545 0.20218579234972678 0.7445454545454545 0.20218579234972678 0.6354545454545455 0.12978142076502733 0.6354545454545455 0.12978142076502733 0.7445454545454545
0 0.15846994535519127 0.09727272727272727 0.2226775956284153 0.09727272727272727 0.2226775956284153 0.01 0.15846994535519127 0.01 0.15846994535519127 0.09727272727272727
0 0.18989071038251365 0.9990909090909091 0.2677595628415301 0.9990909090909091 0.2677595628415301 0.9390909090909091 0.18989071038251365 0.9390909090909091 0.18989071038251365 0.9990909090909091
0 0.4883879781420765 0.67 0.5539617486338798 0.67 0.5539617486338798 0.5572727272727273 0.4883879781420765 0.5572727272727273 0.4883879781420765 0.67
0 0.546448087431694 0.9981818181818182 0.6133879781420765 0.9981818181818182 0.6133879781420765 0.9072727272727272 0.546448087431694 0.9072727272727272 0.546448087431694 0.9981818181818182
0 0.555327868852459 0.6527272727272727 0.6127049180327869 0.6527272727272727 0.6127049180327869 0.5472727272727272 0.555327868852459 0.5472727272727272 0.555327868852459 0.6527272727272727
0 0.6755464480874317 0.3690909090909091 0.7247267759562842 0.3690909090909091 0.7247267759562842 0.28 0.6755464480874317 0.28 0.6755464480874317 0.3690909090909091
0 0.2827868852459016 0.7227272727272728 0.3469945355191257 0.7227272727272728 0.3469945355191257 0.6118181818181818 0.2827868852459016 0.6118181818181818 0.2827868852459016 0.7227272727272728
0 0.3941256830601093 0 0.3941256830601093 0.08 0.4487704918032787 0.08 0.4487704918032787 0 0.3941256830601093 0
0 0.5915300546448088 0.39454545454545453 0.6434426229508197 0.39454545454545453 0.6434426229508197 0.29454545454545455 0.5915300546448088 0.29454545454545455 0.5915300546448088 0.39454545454545453
0 0.48633879781420764 0.36727272727272725 0.5437158469945356 0.36727272727272725 0.5437158469945356 0.26545454545454544 0.48633879781420764 0.26545454545454544 0.48633879781420764 0.36727272727272725
0 0.578551912568306 0.9372727272727273 0.6413934426229508 0.9372727272727273 0.6413934426229508 0.8227272727272728 0.578551912568306 0.8227272727272728 0.578551912568306 0.9372727272727273
0 0.5478142076502732 0.3563636363636364 0.5969945355191257 0.3563636363636364 0.5969945355191257 0.26181818181818184 0.5478142076502732 0.26181818181818184 0.5478142076502732 0.3563636363636364
0 0.42349726775956287 0.8027272727272727 0.49043715846994534 0.8027272727272727 0.49043715846994534 0.6936363636363636 0.42349726775956287 0.6936363636363636 0.42349726775956287 0.8027272727272727
0 0.5068306010928961 0.9045454545454545 0.5724043715846995 0.9045454545454545 0.5724043715846995 0.7954545454545454 0.5068306010928961 0.7954545454545454 0.5068306010928961 0.9045454545454545
0 0.4228142076502732 0.6909090909090909 0.48975409836065575 0.6909090909090909 0.48975409836065575 0.5763636363636364 0.4228142076502732 0.5763636363636364 0.4228142076502732 0.6909090909090909
0 0.43306010928961747 0.3190909090909091 0.4918032786885246 0.3190909090909091 0.4918032786885246 0.22272727272727272 0.43306010928961747 0.22272727272727272 0.43306010928961747 0.3190909090909091
0 0.700136612021858 0.9981818181818182 0.7629781420765027 0.9981818181818182 0.7629781420765027 0.9 0.700136612021858 0.9 0.700136612021858 0.9981818181818182
0 0.5771857923497268 0.5763636363636364 0.630464480874317 0.5763636363636364 0.630464480874317 0.48727272727272725 0.5771857923497268 0.48727272727272725 0.5771857923497268 0.5763636363636364
0 0.6769125683060109 0.7336363636363636 0.7288251366120219 0.7336363636363636 0.7288251366120219 0.639090909090909 0.6769125683060109 0.639090909090909 0.6769125683060109 0.7336363636363636
0 0.6256830601092896 0.6281818181818182 0.680327868852459 0.6281818181818182 0.680327868852459 0.5263636363636364 0.6256830601092896 0.5263636363636364 0.6256830601092896 0.6281818181818182
0 0.22814207650273224 0.6790909090909091 0.296448087431694 0.6790909090909091 0.296448087431694 0.5609090909090909 0.22814207650273224 0.5609090909090909 0.22814207650273224 0.6790909090909091
0 0.5826502732240437 0.8209090909090909 0.64275956284153 0.8209090909090909 0.64275956284153 0.7081818181818181 0.5826502732240437 0.7081818181818181 0.5826502732240437 0.8209090909090909
0 0.5887978142076503 0.20909090909090908 0.6366120218579235 0.20909090909090908 0.6366120218579235 0.1290909090909091 0.5887978142076503 0.1290909090909091 0.5887978142076503 0.20909090909090908
0 0.40095628415300544 0.37454545454545457 0.4542349726775956 0.37454545454545457 0.4542349726775956 0.2690909090909091 0.40095628415300544 0.2690909090909091 0.40095628415300544 0.37454545454545457
0 0.46174863387978143 0.20272727272727273 0.5163934426229508 0.20272727272727273 0.5163934426229508 0.10454545454545454 0.46174863387978143 0.10454545454545454 0.46174863387978143 0.20272727272727273
0 0.5218579234972678 0.56 0.5778688524590164 0.56 0.5778688524590164 0.45636363636363636 0.5218579234972678 0.45636363636363636 0.5218579234972678 0.56
0 0.4692622950819672 0.10363636363636364 0.5157103825136612 0.10363636363636364 0.5157103825136612 0.02909090909090909 0.4692622950819672 0.02909090909090909 0.4692622950819672 0.10363636363636364
0 0.6898907103825137 0.8963636363636364 0.7486338797814208 0.8963636363636364 0.7486338797814208 0.7854545454545454 0.6898907103825137 0.7854545454545454 0.6898907103825137 0.8963636363636364
0 0.3251366120218579 0.5518181818181818 0.3866120218579235 0.5518181818181818 0.3866120218579235 0.4390909090909091 0.3251366120218579 0.4390909090909091 0.3251366120218579 0.5518181818181818
0 0.519808743169399 0.10636363636363637 0.5635245901639344 0.10636363636363637 0.5635245901639344 0.028181818181818183 0.519808743169399 0.028181818181818183 0.519808743169399 0.10636363636363637
0 0.8476775956284153 0.9372727272727273 0.9009562841530054 0.9372727272727273 0.9009562841530054 0.8318181818181818 0.8476775956284153 0.8318181818181818 0.8476775956284153 0.9372727272727273
0 0.7684426229508197 0.9818181818181818 0.8299180327868853 0.9818181818181818 0.8299180327868853 0.8672727272727273 0.7684426229508197 0.8672727272727273 0.7684426229508197 0.9818181818181818
0 0.5266393442622951 0.18181818181818182 0.5812841530054644 0.18181818181818182 0.5812841530054644 0.09272727272727273 0.5266393442622951 0.09272727272727273 0.5266393442622951 0.18181818181818182
0 0.28210382513661203 0.38545454545454544 0.3476775956284153 0.38545454545454544 0.3476775956284153 0.29454545454545455 0.28210382513661203 0.29454545454545455 0.28210382513661203 0.38545454545454544
0 0.7725409836065574 0.8127272727272727 0.8258196721311475 0.8127272727272727 0.8258196721311475 0.6945454545454546 0.7725409836065574 0.6945454545454546 0.7725409836065574 0.8127272727272727
0 0.42349726775956287 0.4581818181818182 0.4849726775956284 0.4581818181818182 0.4849726775956284 0.35818181818181816 0.42349726775956287 0.35818181818181816 0.42349726775956287 0.4581818181818182
0 0.3333333333333333 0.12181818181818181 0.38524590163934425 0.12181818181818181 0.38524590163934425 0.034545454545454546 0.3333333333333333 0.034545454545454546 0.3333333333333333 0.12181818181818181
0 0.2547814207650273 0.08545454545454545 0.3094262295081967 0.08545454545454545 0.3094262295081967 0.0018181818181818182 0.2547814207650273 0.0018181818181818182 0.2547814207650273 0.08545454545454545
0 0.7281420765027322 0.7063636363636364 0.7745901639344263 0.7063636363636364 0.7745901639344263 0.6045454545454545 0.7281420765027322 0.6045454545454545 0.7281420765027322 0.7063636363636364
0 0.837431693989071 0.8336363636363636 0.8934426229508197 0.8336363636363636 0.8934426229508197 0.7263636363636363 0.837431693989071 0.7263636363636363 0.837431693989071 0.8336363636363636
0 0.5730874316939891 0.2690909090909091 0.6209016393442623 0.2690909090909091 0.6209016393442623 0.17636363636363636 0.5730874316939891 0.17636363636363636 0.5730874316939891 0.2690909090909091
0 0.6168032786885246 0.46090909090909093 0.6700819672131147 0.46090909090909093 0.6700819672131147 0.37727272727272726 0.6168032786885246 0.37727272727272726 0.6168032786885246 0.46090909090909093
0 0.8189890710382514 0.6681818181818182 0.8722677595628415 0.6681818181818182 0.8722677595628415 0.5718181818181818 0.8189890710382514 0.5718181818181818 0.8189890710382514 0.6681818181818182
0 0.6700819672131147 0.49636363636363634 0.7165300546448088 0.49636363636363634 0.7165300546448088 0.4218181818181818 0.6700819672131147 0.4218181818181818 0.6700819672131147 0.49636363636363634
0 0.4494535519125683 0.40454545454545454 0.5013661202185792 0.40454545454545454 0.5013661202185792 0.31545454545454543 0.4494535519125683 0.31545454545454543 0.4494535519125683 0.40454545454545454
0 0.6010928961748634 0.519090909090909 0.6543715846994536 0.519090909090909 0.6543715846994536 0.4354545454545454 0.6010928961748634 0.4354545454545454 0.6010928961748634 0.519090909090909
0 0.6612021857923497 0.5681818181818182 0.7117486338797814 0.5681818181818182 0.7117486338797814 0.47 0.6612021857923497 0.47 0.6612021857923497 0.5681818181818182
0 0.8524590163934426 0.740909090909091 0.8975409836065574 0.740909090909091 0.8975409836065574 0.6681818181818182 0.8524590163934426 0.6681818181818182 0.8524590163934426 0.740909090909091
0 0.5013661202185792 0.28545454545454546 0.5505464480874317 0.28545454545454546 0.5505464480874317 0.21454545454545454 0.5013661202185792 0.21454545454545454 0.5013661202185792 0.28545454545454546
0 0.6837431693989071 0.65 0.7315573770491803 0.65 0.7315573770491803 0.5627272727272727 0.6837431693989071 0.5627272727272727 0.6837431693989071 0.65
0 0.5676229508196722 0.13727272727272727 0.6127049180327869 0.13727272727272727 0.6127049180327869 0.057272727272727274 0.5676229508196722 0.057272727272727274 0.5676229508196722 0.13727272727272727
0 0.8012295081967213 0.9181818181818182 0.8531420765027322 0.9181818181818182 0.8531420765027322 0.8036363636363636 0.8012295081967213 0.8036363636363636 0.8012295081967213 0.9181818181818182
0 0.6769125683060109 0.44181818181818183 0.7274590163934426 0.44181818181818183 0.7274590163934426 0.3690909090909091 0.6769125683060109 0.3690909090909091 0.6769125683060109 0.44181818181818183
0 0.7219945355191257 0.5 0.7670765027322405 0.5 0.7670765027322405 0.40545454545454546 0.7219945355191257 0.40545454545454546 0.7219945355191257 0.5
0 0.6215846994535519 0.35545454545454547 0.6762295081967213 0.35545454545454547 0.6762295081967213 0.24818181818181817 0.6215846994535519 0.24818181818181817 0.6215846994535519 0.35545454545454547
0 0.7957650273224044 0.57 0.8408469945355191 0.57 0.8408469945355191 0.4809090909090909 0.7957650273224044 0.4809090909090909 0.7957650273224044 0.57
0 0.6331967213114754 0.889090909090909 0.6919398907103825 0.889090909090909 0.6919398907103825 0.7563636363636363 0.6331967213114754 0.7563636363636363 0.6331967213114754 0.889090909090909
0 0.6174863387978142 0.13272727272727272 0.6612021857923497 0.13272727272727272 0.6612021857923497 0.04909090909090909 0.6174863387978142 0.04909090909090909 0.6174863387978142 0.13272727272727272
0 0.5211748633879781 0.25363636363636366 0.5689890710382514 0.25363636363636366 0.5689890710382514 0.1809090909090909 0.5211748633879781 0.1809090909090909 0.5211748633879781 0.25363636363636366
0 0.6536885245901639 0.2018181818181818 0.6892076502732241 0.2018181818181818 0.6892076502732241 0.11454545454545455 0.6536885245901639 0.11454545454545455 0.6536885245901639 0.2018181818181818
0 0.889344262295082 0.9981818181818182 0.9316939890710383 0.9981818181818182 0.9316939890710383 0.9472727272727273 0.889344262295082 0.9472727272727273 0.889344262295082 0.9981818181818182
0 0.18442622950819673 0 0.18442622950819673 0.04 0.23633879781420766 0.04 0.23633879781420766 0 0.18442622950819673 0
0 0.4685792349726776 0 0.4685792349726776 0.03090909090909091 0.5068306010928961 0.03090909090909091 0.5068306010928961 0 0.4685792349726776 0