0 0.6638170055452866 0 0.6638170055452866 0.29375 0.7539279112754159 0.29375 0.7539279112754159 0 0.6638170055452866 0
0 0.5658502772643254 0 0.5658502772643254 0.2625 0.6527264325323475 0.2625 0.6527264325323475 0 0.5658502772643254 0
0 0.4177449168207024 1 0.4177449168207024 0.6953125 0.2911275415896488 0.6953125 0.2911275415896488 1 0.4177449168207024 1
0 0.3916358595194085 0.7703125 0.5020794824399261 0.7703125 0.5020794824399261 0.4234375 0.3916358595194085 0.4234375 0.3916358595194085 0.7703125
0 0.4135859519408503 0.99921875 0.533271719038817 0.99921875 0.533271719038817 0.64296875 0.4135859519408503 0.64296875 0.4135859519408503 0.99921875
0 0.5198706099815157 0.696875 0.6358595194085028 0.696875 0.6358595194085028 0.35625 0.5198706099815157 0.35625 0.5198706099815157 0.696875
0 0.29228280961182995 1 0.29228280961182995 0.7328125 0.18877079482439926 0.7328125 0.18877079482439926 1 0.29228280961182995 1
0 0.4944547134935305 0 0.4944547134935305 0.1671875 0.5660813308687616 0.1671875 0.5660813308687616 0 0.4944547134935305 0
0 0.6541127541589649 1 0.6541127541589649 0.615625 0.5344269870609981 0.615625 0.5344269870609981 1 0.6541127541589649 1
0 0.4690388170055453 0.384375 0.5559149722735675 0.384375 0.5559149722735675 0.0890625 0.4690388170055453 0.0890625 0.4690388170055453 0.384375
0 0.48867837338262476 0.5484375 0.5875693160813309 0.5484375 0.5875693160813309 0.209375 0.48867837338262476 0.209375 0.48867837338262476 0.5484375
0 0.15780961182994455 0.68828125 0.2271256931608133 0.68828125 0.2271256931608133 0.42265625 0.15780961182994455 0.42265625 0.15780961182994455 0.68828125
0 0.13817005545286506 0.96484375 0.21256931608133087 0.96484375 0.21256931608133087 0.56484375 0.13817005545286506 0.56484375 0.13817005545286506 0.96484375
0 0.6427911275415896 0 0.6427911275415896 0.1015625 0.6908502772643254 0.1015625 0.6908502772643254 0 0.6427911275415896 0