0 0.15062434963579605 0.7052704576976422 0.29318418314255984 0.7052704576976422 0.29318418314255984 0.4986130374479889 0.15062434963579605 0.4986130374479889 0.15062434963579605 0.7052704576976422
0 0.23595213319458896 0.3748266296809986 0.34573361082206033 0.3748266296809986 0.34573361082206033 0.21740638002773924 0.23595213319458896 0.21740638002773924 0.23595213319458896 0.3748266296809986
0 0.04500520291363164 0.8280166435506241 0.1693548387096774 0.8280166435506241 0.1693548387096774 0.5721220527045769 0.04500520291363164 0.5721220527045769 0.04500520291363164 0.8280166435506241
0 0.2099375650364204 0 0.2099375650364204 0.108876560332871 0.27341311134235174 0.108876560332871 0.27341311134235174 0 0.2099375650364204 0
0 0.14334027055150886 0.3748266296809986 0.2375130072840791 0.3748266296809986 0.2375130072840791 0.19382801664355062 0.14334027055150886 0.19382801664355062 0.14334027055150886 0.3748266296809986
0 0.2718522372528616 0.11061026352288489 0.3316857440166493 0.11061026352288489 0.3316857440166493 0.0031206657420249652 0.2718522372528616 0.0031206657420249652 0.2718522372528616 0.11061026352288489
0 0.3322060353798127 0.11615811373092927 0.4014047866805411 0.11615811373092927 0.4014047866805411 0.015603328710124827 0.3322060353798127 0.015603328710124827 0.3322060353798127 0.11615811373092927
0 0.8876170655567117 0.6445908460471568 0.9849115504682622 0.6445908460471568 0.9849115504682622 0.47815533980582525 0.8876170655567117 0.47815533980582525 0.8876170655567117 0.6445908460471568
0 0.8030697190426639 0.26109570041608876 0.8608220603537982 0.26109570041608876 0.8608220603537982 0.1515256588072122 0.8030697190426639 0.1515256588072122 0.8030697190426639 0.26109570041608876
0 0.6207075962539021 0 0.6207075962539021 0.07212205270457697 0.6768990634755463 0.07212205270457697 0.6768990634755463 0 0.6207075962539021 0
0 0.7224245577523413 0.11026352288488211 0.7786160249739854 0.11026352288488211 0.7786160249739854 0.030513176144244106 0.7224245577523413 0.030513176144244106 0.7224245577523413 0.11026352288488211
0 0.6966701352757544 0 0.6966701352757544 0.06310679611650485 0.7445369406867846 0.06310679611650485 0.7445369406867846 0 0.6966701352757544 0
0 0.6644120707596254 0 0.6644120707596254 0.05409153952843273 0.6987513007284079 0.05409153952843273 0.6987513007284079 0 0.6644120707596254 0
0 0.853537981269511 0.26664355062413314 0.9003642039542143 0.26664355062413314 0.9003642039542143 0.1612343966712899 0.853537981269511 0.1612343966712899 0.853537981269511 0.26664355062413314
0 0.0013007284079084287 0.9993065187239945 0.07986472424557753 0.9993065187239945 0.07986472424557753 0.9618585298196949 0.0013007284079084287 0.9618585298196949 0.0013007284079084287 0.9993065187239945
0 1 0.4830097087378641 0.9667013527575442 0.4830097087378641 0.9667013527575442 0.6237864077669902 1 0.6237864077669902 1 0.4830097087378641
0 0.7489594172736732 0.090499306518724 0.7900624349635796 0.090499306518724 0.7900624349635796 0.015603328710124827 0.7489594172736732 0.015603328710124827 0.7489594172736732 0.090499306518724
0 0.9601977107180021 0.45457697642163664 0.9997398543184183 0.45457697642163664 0.9997398543184183 0.3713592233009709 0.9601977107180021 0.3713592233009709 0.9601977107180021 0.45457697642163664
0 0.25806451612903225 0.027392510402219142 0.2918834547346514 0.027392510402219142 0.2918834547346514 0.00034674063800277393 0.25806451612903225 0.00034674063800277393 0.25806451612903225 0.027392510402219142
0 0.9638397502601457 0.6237864077669902 0.9997398543184183 0.6237864077669902 0.9997398543184183 0.4379334257975035 0.9638397502601457 0.4379334257975035 0.9638397502601457 0.6237864077669902