0 0.897265625 1 0.897265625 0.825 0.720703125 0.825 0.720703125 1 0.897265625 1
0 0.60234375 0.6403645833333333 0.741796875 0.6403645833333333 0.741796875 0.48723958333333334 0.60234375 0.48723958333333334 0.60234375 0.6403645833333333
0 0.1177734375 0.9682291666666667 0.2857421875 0.9682291666666667 0.2857421875 0.7473958333333334 0.1177734375 0.7473958333333334 0.1177734375 0.9682291666666667
0 0.0845703125 0.8151041666666666 0.2326171875 0.8151041666666666 0.2326171875 0.6348958333333333 0.0845703125 0.6348958333333333 0.0845703125 0.8151041666666666
0 0.6984375 0.7213541666666666 0.828515625 0.7213541666666666 0.828515625 0.5479166666666667 0.6984375 0.5479166666666667 0.6984375 0.7213541666666666
0 0.8330078125 0.95390625 0.9779296875 0.95390625 0.9779296875 0.7450520833333333 0.8330078125 0.7450520833333333 0.8330078125 0.95390625
0 0.8029296875 0.8010416666666667 0.9259765625 0.8010416666666667 0.9259765625 0.6151041666666667 0.8029296875 0.6151041666666667 0.8029296875 0.8010416666666667
0 0.1662109375 0.32447916666666665 0.2201171875 0.32447916666666665 0.2201171875 0.24114583333333334 0.1662109375 0.24114583333333334 0.1662109375 0.32447916666666665
0 0.201953125 0.3614583333333333 0.264453125 0.3614583333333333 0.264453125 0.2760416666666667 0.201953125 0.2760416666666667 0.201953125 0.3614583333333333
0 0.3279296875 0.31666666666666665 0.3892578125 0.31666666666666665 0.3892578125 0.2390625 0.3279296875 0.2390625 0.3279296875 0.31666666666666665
0 0.7927734375 0.39296875 0.8466796875 0.39296875 0.8466796875 0.31328125 0.7927734375 0.31328125 0.7927734375 0.39296875
0 0.7369140625 0.3455729166666667 0.7892578125 0.3455729166666667 0.7892578125 0.27421875 0.7369140625 0.27421875 0.7369140625 0.3455729166666667
0 0.1123046875 0.2911458333333333 0.1626953125 0.2911458333333333 0.1626953125 0.23072916666666668 0.1123046875 0.23072916666666668 0.1123046875 0.2911458333333333
0 0.6591796875 0.3302083333333333 0.7123046875 0.3302083333333333 0.7123046875 0.25885416666666666 0.6591796875 0.25885416666666666 0.6591796875 0.3302083333333333
0 0.0611328125 0.2950520833333333 0.1052734375 0.2950520833333333 0.1052734375 0.23619791666666667 0.0611328125 0.23619791666666667 0.0611328125 0.2950520833333333
0 0.0001953125 0.32838541666666665 0.0306640625 0.32838541666666665 0.0306640625 0.26588541666666665 0.0001953125 0.26588541666666665 0.0001953125 0.32838541666666665
0 0.0201171875 0.30859375 0.0603515625 0.30859375 0.0603515625 0.25078125 0.0201171875 0.25078125 0.0201171875 0.30859375
0 0.2630859375 0.34348958333333335 0.3244140625 0.34348958333333335 0.3244140625 0.2674479166666667 0.2630859375 0.2674479166666667 0.2630859375 0.34348958333333335
0 0.5775390625 0.3484375 0.6353515625 0.3484375 0.6353515625 0.26197916666666665 0.5775390625 0.26197916666666665 0.5775390625 0.3484375
0 0.8271484375 0.3763020833333333 0.8708984375 0.3763020833333333 0.8708984375 0.30442708333333335 0.8271484375 0.30442708333333335 0.8271484375 0.3763020833333333
0 0.2662109375 0.24088541666666666 0.3072265625 0.24088541666666666 0.3072265625 0.19557291666666668 0.2662109375 0.19557291666666668 0.2662109375 0.24088541666666666
0 0.2212890625 0.2869791666666667 0.2673828125 0.2869791666666667 0.2673828125 0.23854166666666668 0.2212890625 0.23854166666666668 0.2212890625 0.2869791666666667
0 0.2720703125 0.28072916666666664 0.3318359375 0.28072916666666664 0.3318359375 0.22447916666666667 0.2720703125 0.22447916666666667 0.2720703125 0.28072916666666664
0 0.25859375 0.2869791666666667 0.317578125 0.2869791666666667 0.317578125 0.24270833333333333 0.25859375 0.24270833333333333 0.25859375 0.2869791666666667
0 0.9880859375 0.53359375 0.9994140625 0.53359375 0.9994140625 0.4622395833333333 0.9880859375 0.4622395833333333 0.9880859375 0.53359375
0 0.574609375 0.2911458333333333 0.641796875 0.2911458333333333 0.641796875 0.2453125 0.574609375 0.2453125 0.574609375 0.2911458333333333
0 0.09921875 0.25885416666666666 0.130859375 0.25885416666666666 0.130859375 0.2125 0.09921875 0.2125 0.09921875 0.25885416666666666
0 0.2130859375 0.2677083333333333 0.2462890625 0.2677083333333333 0.2462890625 0.2328125 0.2130859375 0.2328125 0.2130859375 0.2677083333333333