0 0.24453551912568305 0.2872727272727273 0.3128415300546448 0.2872727272727273 0.3128415300546448 0.18363636363636363 0.24453551912568305 0.18363636363636363 0.24453551912568305 0.2872727272727273
0 0.38046448087431695 0.6636363636363637 0.4487704918032787 0.6636363636363637 0.4487704918032787 0.5581818181818182 0.38046448087431695 0.5581818181818182 0.38046448087431695 0.6636363636363637
0 0.4077868852459016 0.9990909090909091 0.4801912568306011 0.9990909090909091 0.4801912568306011 0.9118181818181819 0.4077868852459016 0.9118181818181819 0.4077868852459016 0.9990909090909091
0 0.17896174863387979 0.9981818181818182 0.2568306010928962 0.9981818181818182 0.2568306010928962 0.8963636363636364 0.17896174863387979 0.8963636363636364 0.17896174863387979 0.9981818181818182
0 0.5389344262295082 0.6790909090909091 0.5990437158469946 0.6790909090909091 0.5990437158469946 0.5790909090909091 0.5389344262295082 0.5790909090909091 0.5389344262295082 0.6790909090909091
0 0.3025956284153005 0.52 0.36953551912568305 0.52 0.36953551912568305 0.41454545454545455 0.3025956284153005 0.41454545454545455 0.3025956284153005 0.52
0 0.3831967213114754 0.56 0.44603825136612024 0.56 0.44603825136612024 0.4490909090909091 0.3831967213114754 0.4490909090909091 0.3831967213114754 0.56
0 0.453551912568306 0.9481818181818182 0.5245901639344263 0.9481818181818182 0.5245901639344263 0.8318181818181818 0.453551912568306 0.8318181818181818 0.453551912568306 0.9481818181818182
0 0.24385245901639344 0.5863636363636363 0.3094262295081967 0.5863636363636363 0.3094262295081967 0.4772727272727273 0.24385245901639344 0.4772727272727273 0.24385245901639344 0.5863636363636363
0 0.2725409836065574 0.15272727272727274 0.3353825136612022 0.15272727272727274 0.3353825136612022 0.056363636363636366 0.2725409836065574 0.056363636363636366 0.2725409836065574 0.15272727272727274
0 0.18989071038251365 0.5381818181818182 0.2568306010928962 0.5381818181818182 0.2568306010928962 0.4290909090909091 0.18989071038251365 0.4290909090909091 0.18989071038251365 0.5381818181818182
0 0.5362021857923497 0.9881818181818182 0.5976775956284153 0.9881818181818182 0.5976775956284153 0.8681818181818182 0.5362021857923497 0.8681818181818182 0.5362021857923497 0.9881818181818182
0 0.5136612021857924 0.53 0.569672131147541 0.53 0.569672131147541 0.42818181818181816 0.5136612021857924 0.42818181818181816 0.5136612021857924 0.53
0 0.46789617486338797 0.7627272727272727 0.532103825136612 0.7627272727272727 0.532103825136612 0.6572727272727272 0.46789617486338797 0.6572727272727272 0.46789617486338797 0.7627272727272727
0 0.5362021857923497 0.8009090909090909 0.5990437158469946 0.8009090909090909 0.5990437158469946 0.6863636363636364 0.5362021857923497 0.6863636363636364 0.5362021857923497 0.8009090909090909
0 0.3989071038251366 0.20727272727272728 0.453551912568306 0.20727272727272728 0.453551912568306 0.12 0.3989071038251366 0.12 0.3989071038251366 0.20727272727272728
0 0.13934426229508196 0.39545454545454545 0.20491803278688525 0.39545454545454545 0.20491803278688525 0.28454545454545455 0.13934426229508196 0.28454545454545455 0.13934426229508196 0.39545454545454545
0 0.6325136612021858 0.61 0.6844262295081968 0.61 0.6844262295081968 0.5154545454545455 0.6325136612021858 0.5154545454545455 0.6325136612021858 0.61
0 0.44808743169398907 0.5363636363636364 0.5109289617486339 0.5363636363636364 0.5109289617486339 0.43454545454545457 0.44808743169398907 0.43454545454545457 0.44808743169398907 0.5363636363636364
0 0.6454918032786885 0.7581818181818182 0.700136612021858 0.7581818181818182 0.700136612021858 0.6563636363636364 0.6454918032786885 0.6563636363636364 0.6454918032786885 0.7581818181818182
0 0.657103825136612 0.8690909090909091 0.7172131147540983 0.8690909090909091 0.7172131147540983 0.7636363636363637 0.657103825136612 0.7636363636363637 0.657103825136612 0.8690909090909091
0 0.7773224043715847 0.5536363636363636 0.8292349726775956 0.5536363636363636 0.8292349726775956 0.46090909090909093 0.7773224043715847 0.46090909090909093 0.7773224043715847 0.5536363636363636
0 0.7862021857923497 0.9972727272727273 0.8422131147540983 0.9972727272727273 0.8422131147540983 0.8918181818181818 0.7862021857923497 0.8918181818181818 0.7862021857923497 0.9972727272727273
0 0.8060109289617486 0.8009090909090909 0.855191256830601 0.8009090909090909 0.855191256830601 0.7063636363636364 0.8060109289617486 0.7063636363636364 0.8060109289617486 0.8009090909090909
0 0.5020491803278688 0.8863636363636364 0.5730874316939891 0.8863636363636364 0.5730874316939891 0.7627272727272727 0.5020491803278688 0.7627272727272727 0.5020491803278688 0.8863636363636364
0 0.6345628415300546 0.26454545454545453 0.6823770491803278 0.26454545454545453 0.6823770491803278 0.1809090909090909 0.6345628415300546 0.1809090909090909 0.6345628415300546 0.26454545454545453
0 0.8435792349726776 0.9136363636363637 0.8872950819672131 0.9136363636363637 0.8872950819672131 0.8190909090909091 0.8435792349726776 0.8190909090909091 0.8435792349726776 0.9136363636363637
0 0.5894808743169399 0.7318181818181818 0.6454918032786885 0.7318181818181818 0.6454918032786885 0.6263636363636363 0.5894808743169399 0.6263636363636363 0.5894808743169399 0.7318181818181818
0 0.5846994535519126 0.5127272727272727 0.6366120218579235 0.5127272727272727 0.6366120218579235 0.4109090909090909 0.5846994535519126 0.4109090909090909 0.5846994535519126 0.5127272727272727
0 0.9132513661202186 0.9945454545454545 0.9665300546448088 0.9945454545454545 0.9665300546448088 0.8872727272727273 0.9132513661202186 0.8872727272727273 0.9132513661202186 0.9945454545454545
0 0.7069672131147541 0.9890909090909091 0.7684426229508197 0.9890909090909091 0.7684426229508197 0.8709090909090909 0.7069672131147541 0.8709090909090909 0.7069672131147541 0.9890909090909091
0 0.412568306010929 0.2963636363636364 0.46311475409836067 0.2963636363636364 0.46311475409836067 0.20727272727272728 0.412568306010929 0.20727272727272728 0.412568306010929 0.2963636363636364
0 0.5095628415300546 0.25181818181818183 0.5560109289617486 0.25181818181818183 0.5560109289617486 0.16090909090909092 0.5095628415300546 0.16090909090909092 0.5095628415300546 0.25181818181818183
0 0.462431693989071 0.18272727272727274 0.5129781420765027 0.18272727272727274 0.5129781420765027 0.11363636363636363 0.462431693989071 0.11363636363636363 0.462431693989071 0.18272727272727274
0 0.287568306010929 0.42272727272727273 0.3476775956284153 0.42272727272727273 0.3476775956284153 0.31545454545454543 0.287568306010929 0.31545454545454543 0.287568306010929 0.42272727272727273
0 0.5484972677595629 0.11545454545454545 0.5990437158469946 0.11545454545454545 0.5990437158469946 0.03909090909090909 0.5484972677595629 0.03909090909090909 0.5484972677595629 0.11545454545454545
0 0.6864754098360656 0.5936363636363636 0.7329234972677595 0.5936363636363636 0.7329234972677595 0.48818181818181816 0.6864754098360656 0.48818181818181816 0.6864754098360656 0.5936363636363636
0 0.3633879781420765 0.2672727272727273 0.4166666666666667 0.2672727272727273 0.4166666666666667 0.16363636363636364 0.3633879781420765 0.16363636363636364 0.3633879781420765 0.2672727272727273
0 0.35860655737704916 0.41818181818181815 0.4255464480874317 0.41818181818181815 0.4255464480874317 0.3109090909090909 0.35860655737704916 0.3109090909090909 0.35860655737704916 0.41818181818181815
0 0.4924863387978142 0.08727272727272728 0.5430327868852459 0.08727272727272728 0.5430327868852459 0.0018181818181818182 0.4924863387978142 0.0018181818181818182 0.4924863387978142 0.08727272727272728
0 0.4808743169398907 0.4409090909090909 0.5341530054644809 0.4409090909090909 0.5341530054644809 0.3409090909090909 0.4808743169398907 0.3409090909090909 0.4808743169398907 0.4409090909090909
0 0.15300546448087432 0.9063636363636364 0.22950819672131148 0.9063636363636364 0.22950819672131148 0.7827272727272727 0.15300546448087432 0.7827272727272727 0.15300546448087432 0.9063636363636364
0 0.5341530054644809 0.4590909090909091 0.5887978142076503 0.4590909090909091 0.5887978142076503 0.37 0.5341530054644809 0.37 0.5341530054644809 0.4590909090909091
0 0.7254098360655737 0.8454545454545455 0.7841530054644809 0.8454545454545455 0.7841530054644809 0.7345454545454545 0.7254098360655737 0.7345454545454545 0.7254098360655737 0.8454545454545455
0 0.44672131147540983 0.27 0.5040983606557377 0.27 0.5040983606557377 0.16090909090909092 0.44672131147540983 0.16090909090909092 0.44672131147540983 0.27
0 0.4255464480874317 0.12090909090909091 0.4774590163934426 0.12090909090909091 0.4774590163934426 0.01 0.4255464480874317 0.01 0.4255464480874317 0.12090909090909091
0 0.5348360655737705 0.1709090909090909 0.5812841530054644 0.1709090909090909 0.5812841530054644 0.08181818181818182 0.5348360655737705 0.08181818181818182 0.5348360655737705 0.1709090909090909
0 0.6659836065573771 0.9981818181818182 0.7260928961748634 0.9981818181818182 0.7260928961748634 0.9527272727272728 0.6659836065573771 0.9527272727272728 0.6659836065573771 0.9981818181818182
0 0.3818306010928962 0.33454545454545453 0.444672131147541 0.33454545454545453 0.444672131147541 0.24545454545454545 0.3818306010928962 0.24545454545454545 0.3818306010928962 0.33454545454545453
0 0.7486338797814208 0.46 0.7978142076502732 0.46 0.7978142076502732 0.37454545454545457 0.7486338797814208 0.37454545454545457 0.7486338797814208 0.46
0 0.09836065573770492 0.6090909090909091 0.16939890710382513 0.6090909090909091 0.16939890710382513 0.49636363636363634 0.09836065573770492 0.49636363636363634 0.09836065573770492 0.6090909090909091
0 0.619535519125683 0.45 0.671448087431694 0.45 0.671448087431694 0.3572727272727273 0.619535519125683 0.3572727272727273 0.619535519125683 0.45
0 0.5560109289617486 0.28363636363636363 0.6024590163934426 0.28363636363636363 0.6024590163934426 0.19090909090909092 0.5560109289617486 0.19090909090909092 0.5560109289617486 0.28363636363636363
0 0.6386612021857924 0.5309090909090909 0.6960382513661202 0.5309090909090909 0.6960382513661202 0.44727272727272727 0.6386612021857924 0.44727272727272727 0.6386612021857924 0.5309090909090909
0 0.7260928961748634 0.6863636363636364 0.7807377049180327 0.6863636363636364 0.7807377049180327 0.5718181818181818 0.7260928961748634 0.5718181818181818 0.7260928961748634 0.6863636363636364
0 0.6352459016393442 0.3290909090909091 0.6844262295081968 0.3290909090909091 0.6844262295081968 0.26545454545454544 0.6352459016393442 0.26545454545454544 0.6352459016393442 0.3290909090909091
0 0.8114754098360656 0.63 0.8538251366120219 0.63 0.8538251366120219 0.5536363636363636 0.8114754098360656 0.5536363636363636 0.8114754098360656 0.63
0 0.5560109289617486 0.4081818181818182 0.6120218579234973 0.4081818181818182 0.6120218579234973 0.3209090909090909 0.5560109289617486 0.3209090909090909 0.5560109289617486 0.4081818181818182
0 0.6789617486338798 0.4027272727272727 0.7254098360655737 0.4027272727272727 0.7254098360655737 0.3009090909090909 0.6789617486338798 0.3009090909090909 0.6789617486338798 0.4027272727272727
0 0.6277322404371585 0.3845454545454545 0.6741803278688525 0.3845454545454545 0.6741803278688525 0.31363636363636366 0.6277322404371585 0.31363636363636366 0.6277322404371585 0.3845454545454545
0 0.5758196721311475 0.34545454545454546 0.6277322404371585 0.34545454545454546 0.6277322404371585 0.27090909090909093 0.5758196721311475 0.27090909090909093 0.5758196721311475 0.34545454545454546
0 0.5819672131147541 0.24818181818181817 0.6338797814207651 0.24818181818181817 0.6338797814207651 0.1481818181818182 0.5819672131147541 0.1481818181818182 0.5819672131147541 0.24818181818181817
0 0.796448087431694 0.7036363636363636 0.8469945355191257 0.7036363636363636 0.8469945355191257 0.6054545454545455 0.796448087431694 0.6054545454545455 0.796448087431694 0.7036363636363636
0 0.7568306010928961 0.7827272727272727 0.8087431693989071 0.7827272727272727 0.8087431693989071 0.6754545454545454 0.7568306010928961 0.6754545454545454 0.7568306010928961 0.7827272727272727
0 0.48292349726775957 0.14909090909090908 0.5307377049180327 0.14909090909090908 0.5307377049180327 0.08545454545454545 0.48292349726775957 0.08545454545454545 0.48292349726775957 0.14909090909090908
0 0.6147540983606558 0.10363636363636364 0.6530054644808743 0.10363636363636364 0.6530054644808743 0.02727272727272727 0.6147540983606558 0.02727272727272727 0.6147540983606558 0.10363636363636364