0 0.892097966728281 0.49921875 0.9882162661737524 0.49921875 0.9882162661737524 0.09921875 0.892097966728281 0.09921875 0.892097966728281 0.49921875
0 0.6397874306839186 0.36328125 0.7303604436229205 0.36328125 0.7303604436229205 0.01796875 0.6397874306839186 0.01796875 0.6397874306839186 0.36328125
0 0.408271719038817 0.3578125 0.4826709796672828 0.3578125 0.4826709796672828 0.04375 0.408271719038817 0.04375 0.408271719038817 0.3578125
0 0.5531423290203327 0.58671875 0.666358595194085 0.58671875 0.666358595194085 0.17421875 0.5531423290203327 0.17421875 0.5531423290203327 0.58671875
0 0.2694085027726433 0.59609375 0.35351201478743066 0.59609375 0.35351201478743066 0.24140625 0.2694085027726433 0.24140625 0.2694085027726433 0.59609375
0 0.7493068391866913 0.80859375 0.8542051756007394 0.80859375 0.8542051756007394 0.39609375 0.7493068391866913 0.39609375 0.7493068391866913 0.80859375
0 0.455637707948244 0.8265625 0.5688539741219963 0.8265625 0.5688539741219963 0.440625 0.455637707948244 0.440625 0.455637707948244 0.8265625
0 0.30406654343807765 0.990625 0.4121996303142329 0.990625 0.4121996303142329 0.6484375 0.30406654343807765 0.6484375 0.30406654343807765 0.990625
0 0.48151571164510165 0.39375 0.5633086876155268 0.39375 0.5633086876155268 0.046875 0.48151571164510165 0.046875 0.48151571164510165 0.39375
0 0.8204713493530499 0.65703125 0.9327634011090573 0.65703125 0.9327634011090573 0.23203125 0.8204713493530499 0.23203125 0.8204713493530499 0.65703125
0 0.6238447319778189 1 0.6238447319778189 0.6546875 0.48475046210720885 0.6546875 0.48475046210720885 1 0.6238447319778189 1
0 0.6347042513863216 0.984375 0.7539279112754159 0.984375 0.7539279112754159 0.496875 0.6347042513863216 0.496875 0.6347042513863216 0.984375
0 0.5573012939001848 0 0.5573012939001848 0.225 0.6367837338262476 0.225 0.6367837338262476 0 0.5573012939001848 0
0 0.21742144177449169 0.4890625 0.27564695009242146 0.4890625 0.27564695009242146 0.1875 0.21742144177449169 0.1875 0.21742144177449169 0.4890625
0 0.8438077634011091 1 0.8438077634011091 0.7625 0.6848428835489834 0.7625 0.6848428835489834 1 0.8438077634011091 1
0 0.35328096118299446 0 0.35328096118299446 0.1203125 0.4105822550831793 0.1203125 0.4105822550831793 0 0.35328096118299446 0
0 0.4669593345656192 0 0.4669593345656192 0.121875 0.5367375231053605 0.121875 0.5367375231053605 0 0.4669593345656192 0
0 0.42768022181146026 1 0.42768022181146026 0.8921875 0.3172365988909427 0.8921875 0.3172365988909427 1 0.42768022181146026 1
0 0.41035120147874304 0 0.41035120147874304 0.090625 0.4690388170055453 0.090625 0.4690388170055453 0 0.41035120147874304 0
0 0.5397412199630314 0 0.5397412199630314 0.090625 0.5753234750462107 0.090625 0.5753234750462107 0 0.5397412199630314 0
0 0.6182994454713494 0 0.6182994454713494 0.1125 0.6931608133086876 0.1125 0.6931608133086876 0 0.6182994454713494 0
0 0.6883086876155268 0 0.6883086876155268 0.065625 0.7317467652495379 0.065625 0.7317467652495379 0 0.6883086876155268 0
0 0.732902033271719 0 0.732902033271719 0.0234375 0.762014787430684 0.0234375 0.762014787430684 0 0.732902033271719 0