0 0.9295286506469501 1 0.9295286506469501 0.709375 0.7737985212569316 0.709375 0.7737985212569316 1 0.9295286506469501 1
0 0.5591497227356746 1 0.5591497227356746 0.4953125 0.4477818853974122 0.4953125 0.4477818853974122 1 0.5591497227356746 1
0 0.5704713493530499 0.56796875 0.6832255083179297 0.56796875 0.6832255083179297 0.17421875 0.5704713493530499 0.17421875 0.5704713493530499 0.56796875
0 0.6716728280961183 1 0.6716728280961183 0.5734375 0.5570702402957486 0.5734375 0.5570702402957486 1 0.6716728280961183 1
0 0.6455637707948244 0.4515625 0.738909426987061 0.4515625 0.738909426987061 0.0921875 0.6455637707948244 0.0921875 0.6455637707948244 0.4515625
0 0.2694085027726433 0.48671875 0.33595194085027724 0.48671875 0.33595194085027724 0.21640625 0.2694085027726433 0.21640625 0.2694085027726433 0.48671875
0 0.3544362292051756 0.2171875 0.416358595194085 0.2171875 0.416358595194085 0.003125 0.3544362292051756 0.003125 0.3544362292051756 0.2171875
0 0.3283271719038817 0.58203125 0.4045748613678373 0.58203125 0.4045748613678373 0.25234375 0.3283271719038817 0.25234375 0.3283271719038817 0.58203125
0 0.5919593345656192 0 0.5919593345656192 0.171875 0.6617375231053605 0.171875 0.6617375231053605 0 0.5919593345656192 0
0 0.45032347504621073 1 0.45032347504621073 0.5984375 0.3426524953789279 0.5984375 0.3426524953789279 1 0.45032347504621073 1
0 0.48544362292051757 0.61640625 0.5732439926062847 0.61640625 0.5732439926062847 0.25703125 0.48544362292051757 0.25703125 0.48544362292051757 0.61640625
0 0.6873844731977818 0 0.6873844731977818 0.1453125 0.7691774491682071 0.1453125 0.7691774491682071 0 0.6873844731977818 0
0 0.2705637707948244 0.94453125 0.3542051756007394 0.94453125 0.3542051756007394 0.49296875 0.2705637707948244 0.49296875 0.2705637707948244 0.94453125
0 0.40064695009242146 0.68125 0.4805914972273567 0.68125 0.4805914972273567 0.31875 0.40064695009242146 0.31875 0.40064695009242146 0.68125
0 0.3835489833641405 0.3484375 0.45286506469500926 0.3484375 0.45286506469500926 0.090625 0.3835489833641405 0.090625 0.3835489833641405 0.3484375
0 0.5309611829944547 0.34375 0.6002772643253235 0.34375 0.6002772643253235 0.05625 0.5309611829944547 0.05625 0.5309611829944547 0.34375
0 0.4524029574861368 0.396875 0.527264325323475 0.396875 0.527264325323475 0.0984375 0.4524029574861368 0.0984375 0.4524029574861368 0.396875
0 0.44755083179297594 0 0.44755083179297594 0.140625 0.5177911275415896 0.140625 0.5177911275415896 0 0.44755083179297594 0
0 0.7906654343807763 0 0.7906654343807763 0.0796875 0.8438077634011091 0.0796875 0.8438077634011091 0 0.7906654343807763 0
0 0.515018484288355 0 0.515018484288355 0.19375 0.5908040665434381 0.19375 0.5908040665434381 0 0.515018484288355 0
0 0.6529574861367837 0 0.6529574861367837 0.05625 0.6866913123844732 0.05625 0.6866913123844732 0 0.6529574861367837 0