0 0.31898907103825136 0.6445454545454545 0.3900273224043716 0.6445454545454545 0.3900273224043716 0.53 0.31898907103825136 0.53 0.31898907103825136 0.6445454545454545
0 0.226775956284153 0.2963636363636364 0.29098360655737704 0.2963636363636364 0.29098360655737704 0.20909090909090908 0.226775956284153 0.20909090909090908 0.226775956284153 0.2963636363636364
0 0.15027322404371585 0.35909090909090907 0.21721311475409835 0.35909090909090907 0.21721311475409835 0.26272727272727275 0.15027322404371585 0.26272727272727275 0.15027322404371585 0.35909090909090907
0 0.3251366120218579 0.38272727272727275 0.3879781420765027 0.38272727272727275 0.3879781420765027 0.2790909090909091 0.3251366120218579 0.2790909090909091 0.3251366120218579 0.38272727272727275
0 0.5655737704918032 0.47363636363636363 0.6174863387978142 0.47363636363636363 0.6174863387978142 0.38636363636363635 0.5655737704918032 0.38636363636363635 0.5655737704918032 0.47363636363636363
0 0.5047814207650273 0.4481818181818182 0.5662568306010929 0.4481818181818182 0.5662568306010929 0.3518181818181818 0.5047814207650273 0.3518181818181818 0.5047814207650273 0.4481818181818182
0 0.2226775956284153 0.3990909090909091 0.28825136612021857 0.3990909090909091 0.28825136612021857 0.2918181818181818 0.2226775956284153 0.2918181818181818 0.2226775956284153 0.3990909090909091
0 0.6065573770491803 0.8527272727272728 0.674863387978142 0.8527272727272728 0.674863387978142 0.7454545454545455 0.6065573770491803 0.7454545454545455 0.6065573770491803 0.8527272727272728
0 0.6407103825136612 0.9981818181818182 0.7076502732240437 0.9981818181818182 0.7076502732240437 0.92 0.6407103825136612 0.92 0.6407103825136612 0.9981818181818182
0 0.4713114754098361 0.22818181818181818 0.523224043715847 0.22818181818181818 0.523224043715847 0.13545454545454547 0.4713114754098361 0.13545454545454547 0.4713114754098361 0.22818181818181818
0 0.4255464480874317 0.19 0.4774590163934426 0.19 0.4774590163934426 0.09363636363636364 0.4255464480874317 0.09363636363636364 0.4255464480874317 0.19
0 0.36953551912568305 0.16090909090909092 0.42418032786885246 0.16090909090909092 0.42418032786885246 0.06636363636363636 0.36953551912568305 0.06636363636363636 0.36953551912568305 0.16090909090909092
0 0.23292349726775957 0.21363636363636362 0.29713114754098363 0.21363636363636362 0.29713114754098363 0.11727272727272728 0.23292349726775957 0.11727272727272728 0.23292349726775957 0.21363636363636362
0 0.38934426229508196 0.38272727272727275 0.45081967213114754 0.38272727272727275 0.45081967213114754 0.2736363636363636 0.38934426229508196 0.2736363636363636 0.38934426229508196 0.38272727272727275
0 0.31693989071038253 0.25 0.3770491803278688 0.25 0.3770491803278688 0.15545454545454546 0.31693989071038253 0.15545454545454546 0.31693989071038253 0.25
0 0.2609289617486339 0.13090909090909092 0.31693989071038253 0.13090909090909092 0.31693989071038253 0.04 0.2609289617486339 0.04 0.2609289617486339 0.13090909090909092
0 0.24931693989071038 0.97 0.32991803278688525 0.97 0.32991803278688525 0.8481818181818181 0.24931693989071038 0.8481818181818181 0.24931693989071038 0.97
0 0.46584699453551914 0.6672727272727272 0.5300546448087432 0.6672727272727272 0.5300546448087432 0.5563636363636364 0.46584699453551914 0.5563636363636364 0.46584699453551914 0.6672727272727272
0 0.3797814207650273 0.8136363636363636 0.44398907103825136 0.8136363636363636 0.44398907103825136 0.7009090909090909 0.3797814207650273 0.7009090909090909 0.3797814207650273 0.8136363636363636
0 0.31898907103825136 0.12545454545454546 0.37363387978142076 0.12545454545454546 0.37363387978142076 0.03636363636363636 0.31898907103825136 0.03636363636363636 0.31898907103825136 0.12545454545454546
0 0.6181693989071039 0.7381818181818182 0.6741803278688525 0.7381818181818182 0.6741803278688525 0.6381818181818182 0.6181693989071039 0.6381818181818182 0.6181693989071039 0.7381818181818182
0 0.5949453551912568 0.3881818181818182 0.6468579234972678 0.3881818181818182 0.6468579234972678 0.2918181818181818 0.5949453551912568 0.2918181818181818 0.5949453551912568 0.3881818181818182
0 0.6605191256830601 0.9445454545454546 0.7288251366120219 0.9445454545454546 0.7288251366120219 0.8445454545454546 0.6605191256830601 0.8445454545454546 0.6605191256830601 0.9445454545454546
0 0.0744535519125683 0.4681818181818182 0.14685792349726776 0.4681818181818182 0.14685792349726776 0.3572727272727273 0.0744535519125683 0.3572727272727273 0.0744535519125683 0.4681818181818182
0 0.7390710382513661 0.5918181818181818 0.8032786885245902 0.5918181818181818 0.8032786885245902 0.48818181818181816 0.7390710382513661 0.48818181818181816 0.7390710382513661 0.5918181818181818
0 0.4105191256830601 0.6209090909090909 0.47472677595628415 0.6209090909090909 0.47472677595628415 0.5063636363636363 0.4105191256830601 0.5063636363636363 0.4105191256830601 0.6209090909090909
0 0.5348360655737705 0.3054545454545455 0.5881147540983607 0.3054545454545455 0.5881147540983607 0.2109090909090909 0.5348360655737705 0.2109090909090909 0.5348360655737705 0.3054545454545455
0 0.8060109289617486 0.9609090909090909 0.860655737704918 0.9609090909090909 0.860655737704918 0.8518181818181818 0.8060109289617486 0.8518181818181818 0.8060109289617486 0.9609090909090909
0 0.7274590163934426 0.6990909090909091 0.7752732240437158 0.6990909090909091 0.7752732240437158 0.5990909090909091 0.7274590163934426 0.5990909090909091 0.7274590163934426 0.6990909090909091
0 0.6024590163934426 0.17 0.6489071038251366 0.17 0.6489071038251366 0.08454545454545455 0.6024590163934426 0.08454545454545455 0.6024590163934426 0.17
0 0.7916666666666666 0.6772727272727272 0.8435792349726776 0.6772727272727272 0.8435792349726776 0.5718181818181818 0.7916666666666666 0.5718181818181818 0.7916666666666666 0.6772727272727272
0 0.7090163934426229 0.3972727272727273 0.7527322404371585 0.3972727272727273 0.7527322404371585 0.3190909090909091 0.7090163934426229 0.3190909090909091 0.7090163934426229 0.3972727272727273
0 0.6058743169398907 0.5718181818181818 0.6523224043715847 0.5718181818181818 0.6523224043715847 0.47545454545454546 0.6058743169398907 0.47545454545454546 0.6058743169398907 0.5718181818181818
0 0.4583333333333333 0.1290909090909091 0.5061475409836066 0.1290909090909091 0.5061475409836066 0.05272727272727273 0.4583333333333333 0.05272727272727273 0.4583333333333333 0.1290909090909091
0 0.6851092896174863 0.7663636363636364 0.7424863387978142 0.7663636363636364 0.7424863387978142 0.6627272727272727 0.6851092896174863 0.6627272727272727 0.6851092896174863 0.7663636363636364
0 0.5081967213114754 0.6063636363636363 0.5669398907103825 0.6063636363636363 0.5669398907103825 0.49727272727272726 0.5081967213114754 0.49727272727272726 0.5081967213114754 0.6063636363636363
0 0.39959016393442626 0.09909090909090909 0.45286885245901637 0.09909090909090909 0.45286885245901637 0.024545454545454544 0.39959016393442626 0.024545454545454544 0.39959016393442626 0.09909090909090909
0 0.7438524590163934 0.9718181818181818 0.7930327868852459 0.9718181818181818 0.7930327868852459 0.8827272727272727 0.7438524590163934 0.8827272727272727 0.7438524590163934 0.9718181818181818
0 0.27527322404371585 0.8854545454545455 0.33811475409836067 0.8854545454545455 0.33811475409836067 0.76 0.27527322404371585 0.76 0.27527322404371585 0.8854545454545455
0 0.8524590163934426 0.9990909090909091 0.9043715846994536 0.9990909090909091 0.9043715846994536 0.9445454545454546 0.8524590163934426 0.9445454545454546 0.8524590163934426 0.9990909090909091
0 0.8237704918032787 0.8718181818181818 0.8975409836065574 0.8718181818181818 0.8975409836065574 0.7790909090909091 0.8237704918032787 0.7790909090909091 0.8237704918032787 0.8718181818181818
0 0.43510928961748635 0.5627272727272727 0.5047814207650273 0.5627272727272727 0.5047814207650273 0.4627272727272727 0.43510928961748635 0.4627272727272727 0.43510928961748635 0.5627272727272727
0 0.5013661202185792 0.19818181818181818 0.5519125683060109 0.19818181818181818 0.5519125683060109 0.09636363636363636 0.5013661202185792 0.09636363636363636 0.5013661202185792 0.19818181818181818
0 0.6434426229508197 0.4690909090909091 0.6912568306010929 0.4690909090909091 0.6912568306010929 0.3690909090909091 0.6434426229508197 0.3690909090909091 0.6434426229508197 0.4690909090909091
0 0.805327868852459 0.7781818181818182 0.85724043715847 0.7781818181818182 0.85724043715847 0.6818181818181818 0.805327868852459 0.6818181818181818 0.805327868852459 0.7781818181818182
0 0.5587431693989071 0.17636363636363636 0.6024590163934426 0.17636363636363636 0.6024590163934426 0.08727272727272728 0.5587431693989071 0.08727272727272728 0.5587431693989071 0.17636363636363636
0 0.49453551912568305 0.09181818181818181 0.5355191256830601 0.09181818181818181 0.5355191256830601 0.02090909090909091 0.49453551912568305 0.02090909090909091 0.49453551912568305 0.09181818181818181
0 0.7158469945355191 0.9981818181818182 0.7786885245901639 0.9981818181818182 0.7786885245901639 0.9509090909090909 0.7158469945355191 0.9509090909090909 0.7158469945355191 0.9981818181818182
0 0.7616120218579235 0.5036363636363637 0.805327868852459 0.5036363636363637 0.805327868852459 0.43272727272727274 0.7616120218579235 0.43272727272727274 0.7616120218579235 0.5036363636363637
0 0.5225409836065574 0.3690909090909091 0.5703551912568307 0.3690909090909091 0.5703551912568307 0.3 0.5225409836065574 0.3 0.5225409836065574 0.3690909090909091
0 0 0.9872727272727273 0.020491803278688523 0.9872727272727273 0.020491803278688523 0.9181818181818182 0 0.9181818181818182 0 0.9872727272727273
0 0.5409836065573771 0.09272727272727273 0.5792349726775956 0.09272727272727273 0.5792349726775956 0.02181818181818182 0.5409836065573771 0.02181818181818182 0.5409836065573771 0.09272727272727273
0 0.42418032786885246 0 0.42418032786885246 0.056363636363636366 0.4760928961748634 0.056363636363636366 0.4760928961748634 0 0.42418032786885246 0
0 0.9480874316939891 0.9772727272727273 0.9918032786885246 0.9772727272727273 0.9918032786885246 0.8936363636363637 0.9480874316939891 0.8936363636363637 0.9480874316939891 0.9772727272727273
0 0.6755464480874317 0.2690909090909091 0.7192622950819673 0.2690909090909091 0.7192622950819673 0.19090909090909092 0.6755464480874317 0.19090909090909092 0.6755464480874317 0.2690909090909091
0 0.6618852459016393 0.2190909090909091 0.7015027322404371 0.2190909090909091 0.7015027322404371 0.1390909090909091 0.6618852459016393 0.1390909090909091 0.6618852459016393 0.2190909090909091
0 0.5806010928961749 0 0.5806010928961749 0.05272727272727273 0.6270491803278688 0.05272727272727273 0.6270491803278688 0 0.5806010928961749 0
0 0.5368852459016393 0 0.5368852459016393 0.02909090909090909 0.5778688524590164 0.02909090909090909 0.5778688524590164 0 0.5368852459016393 0