0 0.36758584807492195 0.739251040221914 0.5028616024973985 0.739251040221914 0.5028616024973985 0.542995839112344 0.36758584807492195 0.542995839112344 0.36758584807492195 0.739251040221914
0 0.23204994797086367 0.19244105409153953 0.3173777315296566 0.19244105409153953 0.3173777315296566 0.0731622746185853 0.23204994797086367 0.0731622746185853 0.23204994797086367 0.19244105409153953
0 0.19224765868886576 0.6466712898751734 0.29786680541103017 0.6466712898751734 0.29786680541103017 0.4379334257975035 0.19224765868886576 0.4379334257975035 0.19224765868886576 0.6466712898751734
0 0.29786680541103017 0.6390429958391124 0.4071279916753382 0.6390429958391124 0.4071279916753382 0.4143550624133148 0.29786680541103017 0.4143550624133148 0.29786680541103017 0.6390429958391124
0 0.1677939646201873 0.19036061026352288 0.2333506763787721 0.19036061026352288 0.2333506763787721 0.06553398058252427 0.1677939646201873 0.06553398058252427 0.1677939646201873 0.19036061026352288
0 0.09625390218522373 0.6414701803051318 0.19562955254942768 0.6414701803051318 0.19562955254942768 0.41955617198335643 0.09625390218522373 0.41955617198335643 0.09625390218522373 0.6414701803051318
0 0.2278876170655567 0.8692787794729542 0.35327783558792925 0.8692787794729542 0.35327783558792925 0.6043689320388349 0.2278876170655567 0.6043689320388349 0.2278876170655567 0.8692787794729542
0 0.791363163371488 0.1796116504854369 0.8454734651404787 0.1796116504854369 0.8454734651404787 0.09292649098474341 0.791363163371488 0.09292649098474341 0.791363163371488 0.1796116504854369
0 0.2008324661810614 0 0.2008324661810614 0.09084604715672677 0.2596253902185224 0.09084604715672677 0.2596253902185224 0 0.2008324661810614 0
0 0.25312174817898025 0 0.25312174817898025 0.0651872399445215 0.308792924037461 0.0651872399445215 0.308792924037461 0 0.25312174817898025 0
0 0.30749219562955254 0 0.30749219562955254 0.043689320388349516 0.36992715920915714 0.043689320388349516 0.36992715920915714 0 0.30749219562955254 0
0 0.9177939646201873 0.4108876560332871 0.9901144640998959 0.4108876560332871 0.9901144640998959 0.28606102635228847 0.9177939646201873 0.28606102635228847 0.9177939646201873 0.4108876560332871