0 0.29796511627906974 0.83203125 0.38226744186046513 0.83203125 0.38226744186046513 0.72265625 0.29796511627906974 0.72265625 0.29796511627906974 0.83203125
0 0.49273255813953487 0.837890625 0.5741279069767442 0.837890625 0.5741279069767442 0.716796875 0.49273255813953487 0.716796875 0.49273255813953487 0.837890625
0 0.5058139534883721 0.185546875 0.5813953488372093 0.185546875 0.5813953488372093 0.083984375 0.5058139534883721 0.083984375 0.5058139534883721 0.185546875
0 0.36773255813953487 0.373046875 0.44622093023255816 0.373046875 0.44622093023255816 0.263671875 0.36773255813953487 0.263671875 0.36773255813953487 0.373046875
0 0.42441860465116277 0.771484375 0.5058139534883721 0.771484375 0.5058139534883721 0.650390625 0.42441860465116277 0.650390625 0.42441860465116277 0.771484375
0 0.42877906976744184 0.43359375 0.5072674418604651 0.43359375 0.5072674418604651 0.328125 0.42877906976744184 0.328125 0.42877906976744184 0.43359375
0 0.13226744186046513 0.90625 0.2194767441860465 0.90625 0.2194767441860465 0.7890625 0.13226744186046513 0.7890625 0.13226744186046513 0.90625
0 0.3938953488372093 0.97265625 0.4694767441860465 0.97265625 0.4694767441860465 0.86328125 0.3938953488372093 0.86328125 0.3938953488372093 0.97265625
0 0.6933139534883721 0.314453125 0.7718023255813954 0.314453125 0.7718023255813954 0.201171875 0.6933139534883721 0.201171875 0.6933139534883721 0.314453125
0 0.8430232558139535 0.619140625 0.9127906976744186 0.619140625 0.9127906976744186 0.517578125 0.8430232558139535 0.517578125 0.8430232558139535 0.619140625
0 0.8531976744186046 0.818359375 0.934593023255814 0.818359375 0.934593023255814 0.712890625 0.8531976744186046 0.712890625 0.8531976744186046 0.818359375
0 0.7659883720930233 0.623046875 0.8357558139534884 0.623046875 0.8357558139534884 0.517578125 0.7659883720930233 0.517578125 0.7659883720930233 0.623046875
0 0.3502906976744186 0.6328125 0.42877906976744184 0.6328125 0.42877906976744184 0.52734375 0.3502906976744186 0.52734375 0.3502906976744186 0.6328125
0 0.7761627906976745 0.892578125 0.8575581395348837 0.892578125 0.8575581395348837 0.783203125 0.7761627906976745 0.783203125 0.7761627906976745 0.892578125
0 0.44040697674418605 0.3125 0.5130813953488372 0.3125 0.5130813953488372 0.19921875 0.44040697674418605 0.19921875 0.44040697674418605 0.3125
0 0.4883720930232558 0.5625 0.561046511627907 0.5625 0.561046511627907 0.46484375 0.4883720930232558 0.46484375 0.4883720930232558 0.5625
0 0.7034883720930233 0.5 0.7819767441860465 0.5 0.7819767441860465 0.3828125 0.7034883720930233 0.3828125 0.7034883720930233 0.5
0 0.6453488372093024 0.4375 0.7093023255813954 0.4375 0.7093023255813954 0.32421875 0.6453488372093024 0.32421875 0.6453488372093024 0.4375
0 0.6598837209302325 0.189453125 0.7354651162790697 0.189453125 0.7354651162790697 0.087890625 0.6598837209302325 0.087890625 0.6598837209302325 0.189453125
0 0.5523255813953488 0.974609375 0.625 0.974609375 0.625 0.849609375 0.5523255813953488 0.849609375 0.5523255813953488 0.974609375
0 0.47674418604651164 0.96875 0.5436046511627907 0.96875 0.5436046511627907 0.86328125 0.47674418604651164 0.86328125 0.47674418604651164 0.96875
0 0.6482558139534884 0.974609375 0.7267441860465116 0.974609375 0.7267441860465116 0.853515625 0.6482558139534884 0.853515625 0.6482558139534884 0.974609375
0 0.3706395348837209 0.498046875 0.44622093023255816 0.498046875 0.44622093023255816 0.392578125 0.3706395348837209 0.392578125 0.3706395348837209 0.498046875
0 0.7063953488372093 0.830078125 0.7819767441860465 0.830078125 0.7819767441860465 0.716796875 0.7063953488372093 0.716796875 0.7063953488372093 0.830078125
0 0.561046511627907 0.765625 0.6337209302325582 0.765625 0.6337209302325582 0.66015625 0.561046511627907 0.66015625 0.561046511627907 0.765625
0 0.6831395348837209 0.626953125 0.7616279069767442 0.626953125 0.7616279069767442 0.513671875 0.6831395348837209 0.513671875 0.6831395348837209 0.626953125
0 0.7412790697674418 0.189453125 0.8052325581395349 0.189453125 0.8052325581395349 0.091796875 0.7412790697674418 0.091796875 0.7412790697674418 0.189453125
0 0.10755813953488372 0.626953125 0.18895348837209303 0.626953125 0.18895348837209303 0.517578125 0.10755813953488372 0.517578125 0.10755813953488372 0.626953125
0 0.23546511627906977 0.998046875 0.3226744186046512 0.998046875 0.3226744186046512 0.935546875 0.23546511627906977 0.935546875 0.23546511627906977 0.998046875
0 0.20784883720930233 0 0.20784883720930233 0.0625 0.27761627906976744 0.0625 0.27761627906976744 0 0.20784883720930233 0
0 0.5406976744186046 0 0.5406976744186046 0.0703125 0.6046511627906976 0.0703125 0.6046511627906976 0 0.5406976744186046 0
0 0.501453488372093 0.3671875 0.5770348837209303 0.3671875 0.5770348837209303 0.2578125 0.501453488372093 0.2578125 0.501453488372093 0.3671875
0 0.17587209302325582 0.697265625 0.2601744186046512 0.697265625 0.2601744186046512 0.583984375 0.17587209302325582 0.583984375 0.17587209302325582 0.697265625
0 0.7892441860465116 0.501953125 0.8590116279069767 0.501953125 0.8590116279069767 0.392578125 0.7892441860465116 0.392578125 0.7892441860465116 0.501953125
0 0.623546511627907 0.837890625 0.7020348837209303 0.837890625 0.7020348837209303 0.716796875 0.623546511627907 0.716796875 0.623546511627907 0.837890625
0 0.75 0.99609375 0.8284883720930233 0.99609375 0.8284883720930233 0.921875 0.75 0.921875 0.75 0.99609375
0 0.6046511627906976 0.119140625 0.6744186046511628 0.119140625 0.6744186046511628 0.029296875 0.6046511627906976 0.029296875 0.6046511627906976 0.119140625
0 0.7645348837209303 0.369140625 0.8430232558139535 0.369140625 0.8430232558139535 0.255859375 0.7645348837209303 0.255859375 0.7645348837209303 0.369140625
0 0.036337209302325583 0.357421875 0.1119186046511628 0.357421875 0.1119186046511628 0.248046875 0.036337209302325583 0.248046875 0.036337209302325583 0.357421875
0 0.2747093023255814 0.580078125 0.3561046511627907 0.580078125 0.3561046511627907 0.447265625 0.2747093023255814 0.447265625 0.2747093023255814 0.580078125
0 0.6017441860465116 0.580078125 0.6802325581395349 0.580078125 0.6802325581395349 0.447265625 0.6017441860465116 0.447265625 0.6017441860465116 0.580078125
0 0.6453488372093024 0.701171875 0.7209302325581395 0.701171875 0.7209302325581395 0.587890625 0.6453488372093024 0.587890625 0.6453488372093024 0.701171875
0 0.5901162790697675 0.3046875 0.6627906976744186 0.3046875 0.6627906976744186 0.2109375 0.5901162790697675 0.2109375 0.5901162790697675 0.3046875
0 0 0.927734375 0.05813953488372093 0.927734375 0.05813953488372093 0.794921875 0 0.794921875 0 0.927734375
0 0.36773255813953487 0 0.36773255813953487 0.03125 0.42877906976744184 0.03125 0.42877906976744184 0 0.36773255813953487 0