0 0.6346726190476191 0.9183266932270916 0.7373511904761905 0.9183266932270916 0.7373511904761905 0.7888446215139442 0.6346726190476191 0.7888446215139442 0.6346726190476191 0.9183266932270916
0 0.2261904761904762 0.5687250996015937 0.3229166666666667 0.5687250996015937 0.3229166666666667 0.4213147410358566 0.2261904761904762 0.4213147410358566 0.2261904761904762 0.5687250996015937
0 0.4992559523809524 0.35358565737051795 0.5736607142857143 0.35358565737051795 0.5736607142857143 0.2101593625498008 0.4992559523809524 0.2101593625498008 0.4992559523809524 0.35358565737051795
0 0.09151785714285714 0.5348605577689243 0.18973214285714285 0.5348605577689243 0.18973214285714285 0.3894422310756972 0.09151785714285714 0.3894422310756972 0.09151785714285714 0.5348605577689243
0 0.3630952380952381 0.48804780876494025 0.4523809523809524 0.48804780876494025 0.4523809523809524 0.350597609561753 0.3630952380952381 0.350597609561753 0.3630952380952381 0.48804780876494025
0 0.1644345238095238 0.21314741035856574 0.2507440476190476 0.21314741035856574 0.2507440476190476 0.09163346613545817 0.1644345238095238 0.09163346613545817 0.1644345238095238 0.21314741035856574
0 0.15997023809523808 0.4262948207171315 0.24479166666666666 0.4262948207171315 0.24479166666666666 0.2848605577689243 0.15997023809523808 0.2848605577689243 0.15997023809523808 0.4262948207171315
0 0.24702380952380953 0.41832669322709165 0.33035714285714285 0.41832669322709165 0.33035714285714285 0.27091633466135456 0.24702380952380953 0.27091633466135456 0.24702380952380953 0.41832669322709165
0 0.5796130952380952 0.3784860557768924 0.6450892857142857 0.3784860557768924 0.6450892857142857 0.24302788844621515 0.5796130952380952 0.24302788844621515 0.5796130952380952 0.3784860557768924
0 0.3630952380952381 0.8745019920318725 0.46577380952380953 0.8745019920318725 0.46577380952380953 0.7310756972111554 0.3630952380952381 0.7310756972111554 0.3630952380952381 0.8745019920318725
0 0.7105654761904762 0.6882470119521913 0.7864583333333334 0.6882470119521913 0.7864583333333334 0.548804780876494 0.7105654761904762 0.548804780876494 0.7105654761904762 0.6882470119521913
0 0.6934523809523809 0.8227091633466136 0.7857142857142857 0.8227091633466136 0.7857142857142857 0.6912350597609562 0.6934523809523809 0.6912350597609562 0.6934523809523809 0.8227091633466136
0 0.2663690476190476 0.6703187250996016 0.36607142857142855 0.6703187250996016 0.36607142857142855 0.5308764940239044 0.2663690476190476 0.5308764940239044 0.2663690476190476 0.6703187250996016
0 0.42336309523809523 0.9960159362549801 0.5260416666666666 0.9960159362549801 0.5260416666666666 0.8545816733067729 0.42336309523809523 0.8545816733067729 0.42336309523809523 0.9960159362549801
0 0.29464285714285715 0.5069721115537849 0.36904761904761907 0.5069721115537849 0.36904761904761907 0.3655378486055777 0.29464285714285715 0.3655378486055777 0.29464285714285715 0.5069721115537849
0 0.6153273809523809 0.799800796812749 0.7194940476190477 0.799800796812749 0.7194940476190477 0.6603585657370518 0.6153273809523809 0.6603585657370518 0.6153273809523809 0.799800796812749
0 0.21502976190476192 0.14840637450199204 0.28348214285714285 0.14840637450199204 0.28348214285714285 0.04880478087649402 0.21502976190476192 0.04880478087649402 0.21502976190476192 0.14840637450199204
0 0.5877976190476191 0.6792828685258964 0.6696428571428571 0.6792828685258964 0.6696428571428571 0.5338645418326693 0.5877976190476191 0.5338645418326693 0.5877976190476191 0.6792828685258964
0 0.5215773809523809 0.8137450199203188 0.6183035714285714 0.8137450199203188 0.6183035714285714 0.6842629482071713 0.5215773809523809 0.6842629482071713 0.5215773809523809 0.8137450199203188