0 0.7833984375 1 0.7833984375 0.8255208333333334 0.5400390625 0.8255208333333334 0.5400390625 1 0.7833984375 1
0 0.6759765625 0.8158854166666667 0.8443359375 0.8158854166666667 0.8443359375 0.62578125 0.6759765625 0.62578125 0.6759765625 0.8158854166666667
0 0.7923828125 0.9994791666666667 0.9826171875 0.9994791666666667 0.9826171875 0.859375 0.7923828125 0.859375 0.7923828125 0.9994791666666667
0 0.7912109375 0.8932291666666666 0.9732421875 0.8932291666666666 0.9732421875 0.7229166666666667 0.7912109375 0.7229166666666667 0.7912109375 0.8932291666666666
0 0.33203125 0.5221354166666666 0.428515625 0.5221354166666666 0.428515625 0.38307291666666665 0.33203125 0.38307291666666665 0.33203125 0.5221354166666666
0 0.28203125 0.4627604166666667 0.387890625 0.4627604166666667 0.387890625 0.34869791666666666 0.28203125 0.34869791666666666 0.28203125 0.4627604166666667
0 0.108984375 0.3182291666666667 0.158984375 0.3182291666666667 0.158984375 0.24375 0.108984375 0.24375 0.108984375 0.3182291666666667
0 0.203125 0.29192708333333334 0.252734375 0.29192708333333334 0.252734375 0.22838541666666667 0.203125 0.22838541666666667 0.203125 0.29192708333333334
0 0.321875 0.31744791666666666 0.37734375 0.31744791666666666 0.37734375 0.24244791666666668 0.321875 0.24244791666666668 0.321875 0.31744791666666666
0 0.4201171875 0.48020833333333335 0.5048828125 0.48020833333333335 0.5048828125 0.3619791666666667 0.4201171875 0.3619791666666667 0.4201171875 0.48020833333333335
0 0.7763671875 0.37421875 0.8279296875 0.37421875 0.8279296875 0.2986979166666667 0.7763671875 0.2986979166666667 0.7763671875 0.37421875
0 0.844921875 0.4484375 0.90859375 0.4484375 0.90859375 0.3572916666666667 0.844921875 0.3572916666666667 0.844921875 0.4484375
0 0.430859375 0.4140625 0.530078125 0.4140625 0.530078125 0.3182291666666667 0.430859375 0.3182291666666667 0.430859375 0.4140625
0 0.1412109375 0.28984375 0.1927734375 0.28984375 0.1927734375 0.22734375 0.1412109375 0.22734375 0.1412109375 0.28984375
0 0.2650390625 0.33307291666666666 0.3240234375 0.33307291666666666 0.3240234375 0.25546875 0.2650390625 0.25546875 0.2650390625 0.33307291666666666
0 0.823828125 0.39895833333333336 0.880078125 0.39895833333333336 0.880078125 0.3177083333333333 0.823828125 0.3177083333333333 0.823828125 0.39895833333333336
0 0.9015625 0.378125 0.947265625 0.378125 0.947265625 0.31197916666666664 0.9015625 0.31197916666666664 0.9015625 0.378125
0 0.265625 0.2760416666666667 0.31796875 0.2760416666666667 0.31796875 0.22916666666666666 0.265625 0.22916666666666666 0.265625 0.2760416666666667
0 0.8029296875 0.3255208333333333 0.8521484375 0.3255208333333333 0.8521484375 0.2859375 0.8029296875 0.2859375 0.8029296875 0.3255208333333333