0 0.27901785714285715 0.26294820717131473 0.36086309523809523 0.26294820717131473 0.36086309523809523 0.15737051792828685 0.27901785714285715 0.15737051792828685 0.27901785714285715 0.26294820717131473
0 0.28422619047619047 0.3784860557768924 0.37351190476190477 0.3784860557768924 0.37351190476190477 0.26095617529880477 0.28422619047619047 0.26095617529880477 0.28422619047619047 0.3784860557768924
0 0.4486607142857143 0.24203187250996017 0.5290178571428571 0.24203187250996017 0.5290178571428571 0.12649402390438247 0.4486607142857143 0.12649402390438247 0.4486607142857143 0.24203187250996017
0 0.4375 0.14243027888446216 0.5119047619047619 0.14243027888446216 0.5119047619047619 0.044820717131474105 0.4375 0.044820717131474105 0.4375 0.14243027888446216
0 0.18824404761904762 0.5677290836653387 0.265625 0.5677290836653387 0.265625 0.4203187250996016 0.18824404761904762 0.4203187250996016 0.18824404761904762 0.5677290836653387
0 0.3586309523809524 0.17131474103585656 0.43898809523809523 0.17131474103585656 0.43898809523809523 0.055776892430278883 0.3586309523809524 0.055776892430278883 0.3586309523809524 0.17131474103585656
0 0.6287202380952381 0.9970119521912351 0.734375 0.9970119521912351 0.734375 0.851593625498008 0.6287202380952381 0.851593625498008 0.6287202380952381 0.9970119521912351
0 0.59375 0.41832669322709165 0.6815476190476191 0.41832669322709165 0.6815476190476191 0.28087649402390436 0.59375 0.28087649402390436 0.59375 0.41832669322709165
0 0.5520833333333334 0.7350597609561753 0.6458333333333334 0.7350597609561753 0.6458333333333334 0.5976095617529881 0.5520833333333334 0.5976095617529881 0.5520833333333334 0.7350597609561753
0 0.23586309523809523 0.20219123505976094 0.3132440476190476 0.20219123505976094 0.3132440476190476 0.08266932270916334 0.23586309523809523 0.08266932270916334 0.23586309523809523 0.20219123505976094
0 0.8184523809523809 1 0.8184523809523809 0.898406374501992 0.7217261904761905 0.898406374501992 0.7217261904761905 1 0.8184523809523809 1
0 0.5394345238095238 0.9601593625498008 0.6436011904761905 0.9601593625498008 0.6436011904761905 0.8027888446215139 0.5394345238095238 0.8027888446215139 0.5394345238095238 0.9601593625498008
0 0.09449404761904762 0.5717131474103586 0.19419642857142858 0.5717131474103586 0.19419642857142858 0.4402390438247012 0.09449404761904762 0.4402390438247012 0.09449404761904762 0.5717131474103586
0 0.890625 1 0.890625 0.9203187250996016 0.8191964285714286 0.9203187250996016 0.8191964285714286 1 0.890625 1
0 0.6465773809523809 0.6902390438247012 0.7403273809523809 0.6902390438247012 0.7403273809523809 0.5627490039840638 0.6465773809523809 0.5627490039840638 0.6465773809523809 0.6902390438247012
0 0.7976190476190477 0.9312749003984063 0.8913690476190477 0.9312749003984063 0.8913690476190477 0.7918326693227091 0.7976190476190477 0.7918326693227091 0.7976190476190477 0.9312749003984063
0 0.5007440476190477 0.1952191235059761 0.5766369047619048 0.1952191235059761 0.5766369047619048 0.06772908366533864 0.5007440476190477 0.06772908366533864 0.5007440476190477 0.1952191235059761
0 0.5848214285714286 0.6055776892430279 0.6696428571428571 0.6055776892430279 0.6696428571428571 0.46215139442231074 0.5848214285714286 0.46215139442231074 0.5848214285714286 0.6055776892430279
0 0.13541666666666666 0.8814741035856574 0.22916666666666666 0.8814741035856574 0.22916666666666666 0.7639442231075697 0.13541666666666666 0.7639442231075697 0.13541666666666666 0.8814741035856574
0 0.11904761904761904 0.704183266932271 0.21875 0.704183266932271 0.21875 0.5607569721115537 0.11904761904761904 0.5607569721115537 0.11904761904761904 0.704183266932271
0 0.515625 0 0.515625 0.07171314741035857 0.5796130952380952 0.07171314741035857 0.5796130952380952 0 0.515625 0
0 0.6741071428571429 1 0.6741071428571429 0.952191235059761 0.5758928571428571 0.952191235059761 0.5758928571428571 1 0.6741071428571429 1
0 0.18973214285714285 0.8256972111553785 0.2819940476190476 0.8256972111553785 0.2819940476190476 0.6743027888446215 0.18973214285714285 0.6743027888446215 0.18973214285714285 0.8256972111553785
0 0.34375 1 0.34375 0.9561752988047809 0.25 0.9561752988047809 0.25 1 0.34375 1