0 0.3005464480874317 0.23545454545454544 0.3551912568306011 0.23545454545454544 0.3551912568306011 0.1390909090909091 0.3005464480874317 0.1390909090909091 0.3005464480874317 0.23545454545454544
0 0.4030054644808743 0.7254545454545455 0.4672131147540984 0.7254545454545455 0.4672131147540984 0.6072727272727273 0.4030054644808743 0.6072727272727273 0.4030054644808743 0.7254545454545455
0 0.6243169398907104 0.4009090909090909 0.6775956284153005 0.4009090909090909 0.6775956284153005 0.31 0.6243169398907104 0.31 0.6243169398907104 0.4009090909090909
0 0.4801912568306011 0.8172727272727273 0.5512295081967213 0.8172727272727273 0.5512295081967213 0.6990909090909091 0.4801912568306011 0.6990909090909091 0.4801912568306011 0.8172727272727273
0 0.3360655737704918 0.46545454545454545 0.3907103825136612 0.46545454545454545 0.3907103825136612 0.3654545454545455 0.3360655737704918 0.3654545454545455 0.3360655737704918 0.46545454545454545
0 0.43920765027322406 0.9981818181818182 0.5102459016393442 0.9981818181818182 0.5102459016393442 0.9036363636363637 0.43920765027322406 0.9036363636363637 0.43920765027322406 0.9981818181818182
0 0.09631147540983606 0.2990909090909091 0.15778688524590165 0.2990909090909091 0.15778688524590165 0.1990909090909091 0.09631147540983606 0.1990909090909091 0.09631147540983606 0.2990909090909091
0 0.16188524590163936 0.6581818181818182 0.2383879781420765 0.6581818181818182 0.2383879781420765 0.5472727272727272 0.16188524590163936 0.5472727272727272 0.16188524590163936 0.6581818181818182
0 0.2807377049180328 0.4727272727272727 0.33401639344262296 0.4727272727272727 0.33401639344262296 0.3654545454545455 0.2807377049180328 0.3654545454545455 0.2807377049180328 0.4727272727272727
0 0.4713114754098361 0.43727272727272726 0.5259562841530054 0.43727272727272726 0.5259562841530054 0.3409090909090909 0.4713114754098361 0.3409090909090909 0.4713114754098361 0.43727272727272726
0 0.5409836065573771 0.860909090909091 0.6024590163934426 0.860909090909091 0.6024590163934426 0.7445454545454545 0.5409836065573771 0.7445454545454545 0.5409836065573771 0.860909090909091
0 0.6079234972677595 0.5572727272727273 0.6612021857923497 0.5572727272727273 0.6612021857923497 0.4572727272727273 0.6079234972677595 0.4572727272727273 0.6079234972677595 0.5572727272727273
0 0.2739071038251366 0.7681818181818182 0.3463114754098361 0.7681818181818182 0.3463114754098361 0.6445454545454545 0.2739071038251366 0.6445454545454545 0.2739071038251366 0.7681818181818182
0 0.20765027322404372 0.4863636363636364 0.2786885245901639 0.4863636363636364 0.2786885245901639 0.37 0.20765027322404372 0.37 0.20765027322404372 0.4863636363636364
0 0.36270491803278687 0.6245454545454545 0.4323770491803279 0.6245454545454545 0.4323770491803279 0.5045454545454545 0.36270491803278687 0.5045454545454545 0.36270491803278687 0.6245454545454545
0 0.3360655737704918 0.6790909090909091 0.4098360655737705 0.6790909090909091 0.4098360655737705 0.57 0.3360655737704918 0.57 0.3360655737704918 0.6790909090909091
0 0.8756830601092896 0.9554545454545454 0.9330601092896175 0.9554545454545454 0.9330601092896175 0.8481818181818181 0.8756830601092896 0.8481818181818181 0.8756830601092896 0.9554545454545454
0 0.16256830601092895 0.8336363636363636 0.23633879781420766 0.8336363636363636 0.23633879781420766 0.7227272727272728 0.16256830601092895 0.7227272727272728 0.16256830601092895 0.8336363636363636
0 0.39207650273224043 0.45545454545454545 0.44398907103825136 0.45545454545454545 0.44398907103825136 0.3481818181818182 0.39207650273224043 0.3481818181818182 0.39207650273224043 0.45545454545454545
0 0.5573770491803278 0.2381818181818182 0.605191256830601 0.2381818181818182 0.605191256830601 0.14727272727272728 0.5573770491803278 0.14727272727272728 0.5573770491803278 0.2381818181818182
0 0.23497267759562843 0.8954545454545455 0.3128415300546448 0.8954545454545455 0.3128415300546448 0.7681818181818182 0.23497267759562843 0.7681818181818182 0.23497267759562843 0.8954545454545455
0 0.25546448087431695 0.12272727272727273 0.31830601092896177 0.12272727272727273 0.31830601092896177 0.02090909090909091 0.25546448087431695 0.02090909090909091 0.25546448087431695 0.12272727272727273
0 0.5799180327868853 0.730909090909091 0.6400273224043715 0.730909090909091 0.6400273224043715 0.62 0.5799180327868853 0.62 0.5799180327868853 0.730909090909091
0 0.7008196721311475 0.7990909090909091 0.7540983606557377 0.7990909090909091 0.7540983606557377 0.6954545454545454 0.7008196721311475 0.6954545454545454 0.7008196721311475 0.7990909090909091
0 0.18101092896174864 0.2081818181818182 0.2465846994535519 0.2081818181818182 0.2465846994535519 0.10272727272727272 0.18101092896174864 0.10272727272727272 0.18101092896174864 0.2081818181818182
0 0.639344262295082 0.7627272727272727 0.6967213114754098 0.7627272727272727 0.6967213114754098 0.6572727272727272 0.639344262295082 0.6572727272727272 0.639344262295082 0.7627272727272727
0 0.42349726775956287 0.21545454545454545 0.4685792349726776 0.21545454545454545 0.4685792349726776 0.1318181818181818 0.42349726775956287 0.1318181818181818 0.42349726775956287 0.21545454545454545
0 0.07377049180327869 0.57 0.14207650273224043 0.57 0.14207650273224043 0.44636363636363635 0.07377049180327869 0.44636363636363635 0.07377049180327869 0.57
0 0.5901639344262295 0.19272727272727272 0.6475409836065574 0.19272727272727272 0.6475409836065574 0.10909090909090909 0.5901639344262295 0.10909090909090909 0.5901639344262295 0.19272727272727272
0 0.43101092896174864 0.33181818181818185 0.4883879781420765 0.33181818181818185 0.4883879781420765 0.25545454545454543 0.43101092896174864 0.25545454545454543 0.43101092896174864 0.33181818181818185
0 0.6605191256830601 0.5490909090909091 0.712431693989071 0.5490909090909091 0.712431693989071 0.44363636363636366 0.6605191256830601 0.44363636363636366 0.6605191256830601 0.5490909090909091
0 0.35792349726775957 0.23636363636363636 0.40846994535519127 0.23636363636363636 0.40846994535519127 0.14 0.35792349726775957 0.14 0.35792349726775957 0.23636363636363636
0 0.8401639344262295 0.7909090909090909 0.894808743169399 0.7909090909090909 0.894808743169399 0.6909090909090909 0.8401639344262295 0.6909090909090909 0.8401639344262295 0.7909090909090909
0 0.491120218579235 0.13 0.5403005464480874 0.13 0.5403005464480874 0.05 0.491120218579235 0.05 0.491120218579235 0.13
0 0.4146174863387978 0.4036363636363636 0.4733606557377049 0.4036363636363636 0.4733606557377049 0.3 0.4146174863387978 0.3 0.4146174863387978 0.4036363636363636
0 0.7336065573770492 0.6545454545454545 0.7827868852459017 0.6545454545454545 0.7827868852459017 0.5818181818181818 0.7336065573770492 0.5818181818181818 0.7336065573770492 0.6545454545454545
0 0.7397540983606558 0.9963636363636363 0.8012295081967213 0.9963636363636363 0.8012295081967213 0.9163636363636364 0.7397540983606558 0.9163636363636364 0.7397540983606558 0.9963636363636363
0 0.4993169398907104 0.3472727272727273 0.5539617486338798 0.3472727272727273 0.5539617486338798 0.24 0.4993169398907104 0.24 0.4993169398907104 0.3472727272727273
0 0.5225409836065574 0.6654545454545454 0.5799180327868853 0.6654545454545454 0.5799180327868853 0.5872727272727273 0.5225409836065574 0.5872727272727273 0.5225409836065574 0.6654545454545454
0 0.6202185792349727 0.6654545454545454 0.6734972677595629 0.6654545454545454 0.6734972677595629 0.56 0.6202185792349727 0.56 0.6202185792349727 0.6654545454545454
0 0.36543715846994534 0.16727272727272727 0.4255464480874317 0.16727272727272727 0.4255464480874317 0.08363636363636363 0.36543715846994534 0.08363636363636363 0.36543715846994534 0.16727272727272727
0 0.7780054644808743 0.7090909090909091 0.8340163934426229 0.7090909090909091 0.8340163934426229 0.6145454545454545 0.7780054644808743 0.6145454545454545 0.7780054644808743 0.7090909090909091
0 0.20901639344262296 0.1509090909090909 0.2691256830601093 0.1509090909090909 0.2691256830601093 0.06727272727272728 0.20901639344262296 0.06727272727272728 0.20901639344262296 0.1509090909090909
0 0.7049180327868853 0.4409090909090909 0.7581967213114754 0.4409090909090909 0.7581967213114754 0.3409090909090909 0.7049180327868853 0.3409090909090909 0.7049180327868853 0.4409090909090909
0 0.639344262295082 0.23 0.6871584699453552 0.23 0.6871584699453552 0.14272727272727273 0.639344262295082 0.14272727272727273 0.639344262295082 0.23
0 0.9118852459016393 0.9981818181818182 0.9706284153005464 0.9981818181818182 0.9706284153005464 0.9490909090909091 0.9118852459016393 0.9490909090909091 0.9118852459016393 0.9981818181818182
0 0.6905737704918032 0.6290909090909091 0.7424863387978142 0.6290909090909091 0.7424863387978142 0.5218181818181818 0.6905737704918032 0.5218181818181818 0.6905737704918032 0.6290909090909091
0 0.13524590163934427 0.2672727272727273 0.19808743169398907 0.2672727272727273 0.19808743169398907 0.14909090909090908 0.13524590163934427 0.14909090909090908 0.13524590163934427 0.2672727272727273
0 0.48292349726775957 0.25181818181818183 0.5293715846994536 0.25181818181818183 0.5293715846994536 0.15545454545454546 0.48292349726775957 0.15545454545454546 0.48292349726775957 0.25181818181818183
0 0.4405737704918033 0.14 0.4883879781420765 0.14 0.4883879781420765 0.056363636363636366 0.4405737704918033 0.056363636363636366 0.4405737704918033 0.14
0 0.5362021857923497 0.6227272727272727 0.6004098360655737 0.6227272727272727 0.6004098360655737 0.5227272727272727 0.5362021857923497 0.5227272727272727 0.5362021857923497 0.6227272727272727
0 0.3866120218579235 0.13090909090909092 0.4412568306010929 0.13090909090909092 0.4412568306010929 0.05090909090909091 0.3866120218579235 0.05090909090909091 0.3866120218579235 0.13090909090909092
0 0.6673497267759563 0.9981818181818182 0.7329234972677595 0.9981818181818182 0.7329234972677595 0.9545454545454546 0.6673497267759563 0.9545454545454546 0.6673497267759563 0.9981818181818182
0 0.45150273224043713 0 0.45150273224043713 0.06181818181818182 0.5020491803278688 0.06181818181818182 0.5020491803278688 0 0.45150273224043713 0
0 0.7424863387978142 0.5009090909090909 0.7916666666666666 0.5009090909090909 0.7916666666666666 0.42454545454545456 0.7424863387978142 0.42454545454545456 0.7424863387978142 0.5009090909090909
0 0.7165300546448088 0.7218181818181818 0.7711748633879781 0.7218181818181818 0.7711748633879781 0.6381818181818182 0.7165300546448088 0.6381818181818182 0.7165300546448088 0.7218181818181818
0 0.5122950819672131 0.7445454545454545 0.5778688524590164 0.7445454545454545 0.5778688524590164 0.6481818181818182 0.5122950819672131 0.6481818181818182 0.5122950819672131 0.7445454545454545
0 0.7254098360655737 0.5790909090909091 0.7745901639344263 0.5790909090909091 0.7745901639344263 0.4681818181818182 0.7254098360655737 0.4681818181818182 0.7254098360655737 0.5790909090909091
0 0.012978142076502733 0.26636363636363636 0.08265027322404371 0.26636363636363636 0.08265027322404371 0.17545454545454545 0.012978142076502733 0.17545454545454545 0.012978142076502733 0.26636363636363636
0 0.6010928961748634 0.27090909090909093 0.6461748633879781 0.27090909090909093 0.6461748633879781 0.19454545454545455 0.6010928961748634 0.19454545454545455 0.6010928961748634 0.27090909090909093
0 0.5846994535519126 0.11272727272727273 0.6284153005464481 0.11272727272727273 0.6284153005464481 0.03636363636363636 0.5846994535519126 0.03636363636363636 0.5846994535519126 0.11272727272727273
0 0.7909836065573771 0.6154545454545455 0.837431693989071 0.6154545454545455 0.837431693989071 0.5536363636363636 0.7909836065573771 0.5536363636363636 0.7909836065573771 0.6154545454545455
0 0.9316939890710383 0.9490909090909091 0.9699453551912568 0.9490909090909091 0.9699453551912568 0.8872727272727273 0.9316939890710383 0.8872727272727273 0.9316939890710383 0.9490909090909091
0 0.5013661202185792 0.21 0.5560109289617486 0.21 0.5560109289617486 0.12272727272727273 0.5013661202185792 0.12272727272727273 0.5013661202185792 0.21
0 0.017759562841530054 1 0.017759562841530054 0.9836363636363636 0 0.9836363636363636 0 1 0.017759562841530054 1
0 0.7602459016393442 0.4354545454545454 0.7957650273224044 0.4354545454545454 0.7957650273224044 0.3609090909090909 0.7602459016393442 0.3609090909090909 0.7602459016393442 0.4354545454545454
0 0 0.9272727272727272 0.01092896174863388 0.9272727272727272 0.01092896174863388 0.8781818181818182 0 0.8781818181818182 0 0.9272727272727272
0 0.03210382513661202 0.11818181818181818 0.07172131147540983 0.11818181818181818 0.07172131147540983 0.03636363636363636 0.03210382513661202 0.03636363636363636 0.03210382513661202 0.11818181818181818