0 0.20889698231009365 1 0.20889698231009365 0.7656033287101248 0.042403746097814776 0.7656033287101248 0.042403746097814776 1 0.20889698231009365 1
0 0.1605098855359001 0.6321081830790569 0.2885015608740895 0.6321081830790569 0.2885015608740895 0.4358529819694868 0.1605098855359001 0.4358529819694868 0.1605098855359001 0.6321081830790569
0 0.136576482830385 0.27739251040221913 0.22606659729448492 0.27739251040221913 0.22606659729448492 0.13384188626907073 0.136576482830385 0.13384188626907073 0.136576482830385 0.27739251040221913
0 0.10665972944849116 0.5388349514563107 0.22320499479708636 0.5388349514563107 0.22320499479708636 0.3606102635228849 0.10665972944849116 0.3606102635228849 0.10665972944849116 0.5388349514563107
0 0.19719042663891778 0.12205270457697642 0.25494276795005205 0.12205270457697642 0.25494276795005205 0.0006934812760055479 0.19719042663891778 0.0006934812760055479 0.19719042663891778 0.12205270457697642
0 0.7866805411030177 0.3120665742024965 0.8652445369406868 0.3120665742024965 0.8652445369406868 0.1941747572815534 0.7866805411030177 0.1941747572815534 0.7866805411030177 0.3120665742024965
0 0.2497398543184183 0 0.2497398543184183 0.09223300970873786 0.3085327783558793 0.09223300970873786 0.3085327783558793 0 0.2497398543184183 0
0 0.7728928199791884 0.1515256588072122 0.8259625390218522 0.1515256588072122 0.8259625390218522 0.06484049930651872 0.7728928199791884 0.06484049930651872 0.7728928199791884 0.1515256588072122
0 0.29682622268470343 0 0.29682622268470343 0.0651872399445215 0.3577003121748179 0.0651872399445215 0.3577003121748179 0 0.29682622268470343 0
0 0.8631633714880333 0.28085991678224687 0.9136316337148803 0.28085991678224687 0.9136316337148803 0.17614424410540916 0.8631633714880333 0.17614424410540916 0.8631633714880333 0.28085991678224687
0 0.8033298647242456 0.2579750346740638 0.8720083246618107 0.2579750346740638 0.8720083246618107 0.16435506241331485 0.8033298647242456 0.16435506241331485 0.8033298647242456 0.2579750346740638
0 0.6732570239334027 0 0.6732570239334027 0.011095700416088766 0.7081165452653486 0.011095700416088766 0.7081165452653486 0 0.6732570239334027 0
0 0.3537981269510926 0 0.3537981269510926 0.017337031900138695 0.3704474505723205 0.017337031900138695 0.3704474505723205 0 0.3537981269510926 0