0 0.6383928571428571 1 0.6383928571428571 0.8824701195219123 0.5282738095238095 0.8824701195219123 0.5282738095238095 1 0.6383928571428571 1
0 0.11607142857142858 0.6314741035856574 0.2113095238095238 0.6314741035856574 0.2113095238095238 0.49203187250996017 0.11607142857142858 0.49203187250996017 0.11607142857142858 0.6314741035856574
0 0.36681547619047616 0.5806772908366534 0.45610119047619047 0.5806772908366534 0.45610119047619047 0.43725099601593626 0.36681547619047616 0.43725099601593626 0.36681547619047616 0.5806772908366534
0 0.8348214285714286 1 0.8348214285714286 0.8884462151394422 0.7321428571428571 0.8884462151394422 0.7321428571428571 1 0.8348214285714286 1
0 0.5238095238095238 1 0.5238095238095238 0.9203187250996016 0.42857142857142855 0.9203187250996016 0.42857142857142855 1 0.5238095238095238 1
0 0.4166666666666667 0.3804780876494024 0.5059523809523809 0.3804780876494024 0.5059523809523809 0.27689243027888444 0.4166666666666667 0.27689243027888444 0.4166666666666667 0.3804780876494024
0 0.6287202380952381 0.8346613545816733 0.7224702380952381 0.8346613545816733 0.7224702380952381 0.6972111553784861 0.6287202380952381 0.6972111553784861 0.6287202380952381 0.8346613545816733
0 0.5498511904761905 0.7918326693227091 0.6450892857142857 0.7918326693227091 0.6450892857142857 0.6543824701195219 0.5498511904761905 0.6543824701195219 0.5498511904761905 0.7918326693227091
0 0.40476190476190477 0.24800796812749004 0.4791666666666667 0.24800796812749004 0.4791666666666667 0.12450199203187251 0.40476190476190477 0.12450199203187251 0.40476190476190477 0.24800796812749004
0 0.7983630952380952 0.8356573705179283 0.8772321428571429 0.8356573705179283 0.8772321428571429 0.7121513944223108 0.7983630952380952 0.7121513944223108 0.7983630952380952 0.8356573705179283
0 0.3244047619047619 0.7928286852589641 0.43154761904761907 0.7928286852589641 0.43154761904761907 0.6394422310756972 0.3244047619047619 0.6394422310756972 0.3244047619047619 0.7928286852589641
0 0.4263392857142857 0.13346613545816732 0.5037202380952381 0.13346613545816732 0.5037202380952381 0.03187250996015936 0.4263392857142857 0.03187250996015936 0.4263392857142857 0.13346613545816732
0 0.47172619047619047 0.3047808764940239 0.5491071428571429 0.3047808764940239 0.5491071428571429 0.16733067729083664 0.47172619047619047 0.16733067729083664 0.47172619047619047 0.3047808764940239
0 0.7016369047619048 0.7569721115537849 0.7924107142857143 0.7569721115537849 0.7924107142857143 0.6075697211155379 0.7016369047619048 0.6075697211155379 0.7016369047619048 0.7569721115537849
0 0.6026785714285714 0.3256972111553785 0.6755952380952381 0.3256972111553785 0.6755952380952381 0.2201195219123506 0.6026785714285714 0.2201195219123506 0.6026785714285714 0.3256972111553785
0 0.33110119047619047 1 0.33110119047619047 0.8884462151394422 0.23586309523809523 0.8884462151394422 0.23586309523809523 1 0.33110119047619047 1
0 0.5476190476190477 0.26195219123505975 0.6324404761904762 0.26195219123505975 0.6324404761904762 0.13844621513944222 0.5476190476190477 0.13844621513944222 0.5476190476190477 0.26195219123505975
0 0.6979166666666666 0.6075697211155379 0.7901785714285714 0.6075697211155379 0.7901785714285714 0.4760956175298805 0.6979166666666666 0.4760956175298805 0.6979166666666666 0.6075697211155379
0 0.703125 0.901394422310757 0.796875 0.901394422310757 0.796875 0.7460159362549801 0.703125 0.7460159362549801 0.703125 0.901394422310757
0 0.5163690476190477 0.34462151394422313 0.5997023809523809 0.34462151394422313 0.5997023809523809 0.24701195219123506 0.5163690476190477 0.24701195219123506 0.5163690476190477 0.34462151394422313
0 0.53125 0.17828685258964144 0.6101190476190477 0.17828685258964144 0.6101190476190477 0.060756972111553786 0.53125 0.060756972111553786 0.53125 0.17828685258964144
0 0.6242559523809523 0.24402390438247012 0.7075892857142857 0.24402390438247012 0.7075892857142857 0.07669322709163347 0.6242559523809523 0.07669322709163347 0.6242559523809523 0.24402390438247012
0 0.5133928571428571 0.6125498007968128 0.6086309523809523 0.6125498007968128 0.6086309523809523 0.4711155378486056 0.5133928571428571 0.4711155378486056 0.5133928571428571 0.6125498007968128
0 0.41889880952380953 0.49302788844621515 0.5096726190476191 0.49302788844621515 0.5096726190476191 0.3695219123505976 0.41889880952380953 0.3695219123505976 0.41889880952380953 0.49302788844621515
0 0.5342261904761905 0 0.5342261904761905 0.061752988047808766 0.5907738095238095 0.061752988047808766 0.5907738095238095 0 0.5342261904761905 0
0 0.5930059523809523 0 0.5930059523809523 0.1254980079681275 0.6584821428571429 0.1254980079681275 0.6584821428571429 0 0.5930059523809523 0
0 0.31919642857142855 0.08764940239043825 0.3861607142857143 0.08764940239043825 0.3861607142857143 0.013944223107569721 0.31919642857142855 0.013944223107569721 0.31919642857142855 0.08764940239043825
0 0.3869047619047619 0 0.3869047619047619 0.06573705179282868 0.46875 0.06573705179282868 0.46875 0 0.3869047619047619 0
0 0.4694940476190476 0.0946215139442231 0.5349702380952381 0.0946215139442231 0.5349702380952381 0.00099601593625498 0.4694940476190476 0.00099601593625498 0.4694940476190476 0.0946215139442231