0 0.5066964285714286 0.24701195219123506 0.5870535714285714 0.24701195219123506 0.5870535714285714 0.1254980079681275 0.5066964285714286 0.1254980079681275 0.5066964285714286 0.24701195219123506
0 0.22470238095238096 0.46215139442231074 0.30952380952380953 0.46215139442231074 0.30952380952380953 0.33266932270916333 0.22470238095238096 0.33266932270916333 0.22470238095238096 0.46215139442231074
0 0.6748511904761905 0.7599601593625498 0.7492559523809523 0.7599601593625498 0.7492559523809523 0.6384462151394422 0.6748511904761905 0.6384462151394422 0.6748511904761905 0.7599601593625498
0 0.15178571428571427 0.9960159362549801 0.25892857142857145 0.9960159362549801 0.25892857142857145 0.8446215139442231 0.15178571428571427 0.8446215139442231 0.15178571428571427 0.9960159362549801
0 0.16071428571428573 0.5328685258964143 0.2544642857142857 0.5328685258964143 0.2544642857142857 0.38147410358565736 0.16071428571428573 0.38147410358565736 0.16071428571428573 0.5328685258964143
0 0.25818452380952384 0.399402390438247 0.35044642857142855 0.399402390438247 0.35044642857142855 0.27191235059760954 0.25818452380952384 0.27191235059760954 0.25818452380952384 0.399402390438247
0 0.5892857142857143 0.7161354581673307 0.6919642857142857 0.7161354581673307 0.6919642857142857 0.5946215139442231 0.5892857142857143 0.5946215139442231 0.5892857142857143 0.7161354581673307
0 0.5342261904761905 0.6414342629482072 0.6309523809523809 0.6414342629482072 0.6309523809523809 0.4940239043824701 0.5342261904761905 0.4940239043824701 0.5342261904761905 0.6414342629482072
0 0.22023809523809523 0.8276892430278885 0.3273809523809524 0.8276892430278885 0.3273809523809524 0.6902390438247012 0.22023809523809523 0.6902390438247012 0.22023809523809523 0.8276892430278885
0 0.12797619047619047 0.8466135458167331 0.22172619047619047 0.8466135458167331 0.22172619047619047 0.6992031872509961 0.12797619047619047 0.6992031872509961 0.12797619047619047 0.8466135458167331
0 0.3087797619047619 1 0.3087797619047619 0.9741035856573705 0.22842261904761904 0.9741035856573705 0.22842261904761904 1 0.3087797619047619 1