0 0.3691860465116279 0.806640625 0.4476744186046512 0.806640625 0.4476744186046512 0.701171875 0.3691860465116279 0.701171875 0.3691860465116279 0.806640625
0 0.45058139534883723 0.23046875 0.5203488372093024 0.23046875 0.5203488372093024 0.125 0.45058139534883723 0.125 0.45058139534883723 0.23046875
0 0.17732558139534885 0.169921875 0.25290697674418605 0.169921875 0.25290697674418605 0.060546875 0.17732558139534885 0.060546875 0.17732558139534885 0.169921875
0 0.5901162790697675 0.615234375 0.6598837209302325 0.615234375 0.6598837209302325 0.501953125 0.5901162790697675 0.501953125 0.5901162790697675 0.615234375
0 0.38226744186046513 0.484375 0.45203488372093026 0.484375 0.45203488372093026 0.37890625 0.38226744186046513 0.37890625 0.38226744186046513 0.484375
0 0.5130813953488372 0.6171875 0.5828488372093024 0.6171875 0.5828488372093024 0.5 0.5130813953488372 0.5 0.5130813953488372 0.6171875
0 0.6700581395348837 0.615234375 0.748546511627907 0.615234375 0.748546511627907 0.498046875 0.6700581395348837 0.498046875 0.6700581395348837 0.615234375
0 0.565406976744186 0.953125 0.6497093023255814 0.953125 0.6497093023255814 0.8359375 0.565406976744186 0.8359375 0.565406976744186 0.953125
0 0.3851744186046512 0.103515625 0.46075581395348836 0.103515625 0.46075581395348836 0.009765625 0.3851744186046512 0.009765625 0.3851744186046512 0.103515625
0 0.7151162790697675 0.75 0.7936046511627907 0.75 0.7936046511627907 0.62890625 0.7151162790697675 0.62890625 0.7151162790697675 0.75
0 0.6177325581395349 0.99609375 0.6962209302325582 0.99609375 0.6962209302325582 0.91015625 0.6177325581395349 0.91015625 0.6177325581395349 0.99609375
0 0.4883720930232558 0.99609375 0.561046511627907 0.99609375 0.561046511627907 0.9140625 0.4883720930232558 0.9140625 0.4883720930232558 0.99609375
0 0.2877906976744186 0.810546875 0.36046511627906974 0.810546875 0.36046511627906974 0.708984375 0.2877906976744186 0.708984375 0.2877906976744186 0.810546875
0 0.24127906976744187 0.220703125 0.311046511627907 0.220703125 0.311046511627907 0.126953125 0.24127906976744187 0.126953125 0.24127906976744187 0.220703125
0 0.32848837209302323 0.99609375 0.4011627906976744 0.99609375 0.4011627906976744 0.9140625 0.32848837209302323 0.9140625 0.32848837209302323 0.99609375
0 0.45203488372093026 0.8984375 0.5363372093023255 0.8984375 0.5363372093023255 0.765625 0.45203488372093026 0.765625 0.45203488372093026 0.8984375
0 0.010174418604651164 0.21484375 0.08575581395348837 0.21484375 0.08575581395348837 0.12109375 0.010174418604651164 0.12109375 0.010174418604651164 0.21484375
0 0.5305232558139535 0.232421875 0.5944767441860465 0.232421875 0.5944767441860465 0.126953125 0.5305232558139535 0.126953125 0.5305232558139535 0.232421875
0 0.05377906976744186 0.412109375 0.13226744186046513 0.412109375 0.13226744186046513 0.298828125 0.05377906976744186 0.298828125 0.05377906976744186 0.412109375
0 0.5116279069767442 0.8125 0.5930232558139535 0.8125 0.5930232558139535 0.69921875 0.5116279069767442 0.69921875 0.5116279069767442 0.8125
0 0.7005813953488372 0.998046875 0.7732558139534884 0.998046875 0.7732558139534884 0.896484375 0.7005813953488372 0.896484375 0.7005813953488372 0.998046875
0 0.6308139534883721 0.2890625 0.7063953488372093 0.2890625 0.7063953488372093 0.1796875 0.6308139534883721 0.1796875 0.6308139534883721 0.2890625
0 0.29505813953488375 0.482421875 0.373546511627907 0.482421875 0.373546511627907 0.380859375 0.29505813953488375 0.380859375 0.29505813953488375 0.482421875
0 0.5988372093023255 0.810546875 0.6715116279069767 0.810546875 0.6715116279069767 0.697265625 0.5988372093023255 0.697265625 0.5988372093023255 0.810546875
0 0.6831395348837209 0.876953125 0.7587209302325582 0.876953125 0.7587209302325582 0.755859375 0.6831395348837209 0.755859375 0.6831395348837209 0.876953125
0 0.7543604651162791 0.169921875 0.8241279069767442 0.169921875 0.8241279069767442 0.064453125 0.7543604651162791 0.064453125 0.7543604651162791 0.169921875
0 0.7238372093023255 0.484375 0.7906976744186046 0.484375 0.7906976744186046 0.37109375 0.7238372093023255 0.37109375 0.7238372093023255 0.484375
0 0.251453488372093 0.99609375 0.3183139534883721 0.99609375 0.3183139534883721 0.90625 0.251453488372093 0.90625 0.251453488372093 0.99609375
0 0.4258720930232558 0.619140625 0.5043604651162791 0.619140625 0.5043604651162791 0.509765625 0.4258720930232558 0.509765625 0.4258720930232558 0.619140625
0 0.4418604651162791 0.41796875 0.5116279069767442 0.41796875 0.5116279069767442 0.3203125 0.4418604651162791 0.3203125 0.4418604651162791 0.41796875
0 0.40988372093023256 0.99609375 0.47674418604651164 0.99609375 0.47674418604651164 0.9140625 0.40988372093023256 0.9140625 0.40988372093023256 0.99609375
0 0.7209302325581395 0.291015625 0.7936046511627907 0.291015625 0.7936046511627907 0.189453125 0.7209302325581395 0.189453125 0.7209302325581395 0.291015625
0 0.5566860465116279 0.494140625 0.6322674418604651 0.494140625 0.6322674418604651 0.376953125 0.5566860465116279 0.376953125 0.5566860465116279 0.494140625
0 0.75 0.94921875 0.8197674418604651 0.94921875 0.8197674418604651 0.83203125 0.75 0.83203125 0.75 0.94921875
0 0.7819767441860465 0.349609375 0.8604651162790697 0.349609375 0.8604651162790697 0.240234375 0.7819767441860465 0.240234375 0.7819767441860465 0.349609375
0 0.5886627906976745 0.365234375 0.6584302325581395 0.365234375 0.6584302325581395 0.251953125 0.5886627906976745 0.251953125 0.5886627906976745 0.365234375
0 0.5813953488372093 0.1796875 0.6540697674418605 0.1796875 0.6540697674418605 0.06640625 0.5813953488372093 0.06640625 0.5813953488372093 0.1796875
0 0.5116279069767442 0.369140625 0.5813953488372093 0.369140625 0.5813953488372093 0.248046875 0.5116279069767442 0.248046875 0.5116279069767442 0.369140625
0 0.7761627906976745 0.560546875 0.8575581395348837 0.560546875 0.8575581395348837 0.435546875 0.7761627906976745 0.435546875 0.7761627906976745 0.560546875
0 0.7020348837209303 0.1171875 0.7630813953488372 0.1171875 0.7630813953488372 0.015625 0.7020348837209303 0.015625 0.7020348837209303 0.1171875
0 0.19476744186046513 0.3515625 0.27325581395348836 0.3515625 0.27325581395348836 0.23828125 0.19476744186046513 0.23828125 0.19476744186046513 0.3515625
0 0.8037790697674418 0.88671875 0.8880813953488372 0.88671875 0.8880813953488372 0.76171875 0.8037790697674418 0.76171875 0.8037790697674418 0.88671875
0 0.8372093023255814 0.75 0.8982558139534884 0.75 0.8982558139534884 0.62109375 0.8372093023255814 0.62109375 0.8372093023255814 0.75
0 0.6046511627906976 0 0.6046511627906976 0.0546875 0.6715116279069767 0.0546875 0.6715116279069767 0 0.6046511627906976 0
0 0.27325581395348836 0.16796875 0.3488372093023256 0.16796875 0.3488372093023256 0.06640625 0.27325581395348836 0.06640625 0.27325581395348836 0.16796875
0 0.14098837209302326 0.40234375 0.21656976744186046 0.40234375 0.21656976744186046 0.30859375 0.14098837209302326 0.30859375 0.14098837209302326 0.40234375
0 0.6409883720930233 0.48828125 0.7136627906976745 0.48828125 0.7136627906976745 0.37890625 0.6409883720930233 0.37890625 0.6409883720930233 0.48828125
0 0 0.46875 0.055232558139534885 0.46875 0.055232558139534885 0.3671875 0 0.3671875 0 0.46875
0 0.7558139534883721 0.66015625 0.8313953488372093 0.66015625 0.8313953488372093 0.5625 0.7558139534883721 0.5625 0.7558139534883721 0.66015625
0 0.22238372093023256 0.62109375 0.30377906976744184 0.62109375 0.30377906976744184 0.5078125 0.22238372093023256 0.5078125 0.22238372093023256 0.62109375
0 0.44476744186046513 0 0.44476744186046513 0.046875 0.5203488372093024 0.046875 0.5203488372093024 0 0.44476744186046513 0
0 0.6380813953488372 0.74609375 0.7078488372093024 0.74609375 0.7078488372093024 0.625 0.6380813953488372 0.625 0.6380813953488372 0.74609375
0 0.5290697674418605 0 0.5290697674418605 0.046875 0.5959302325581395 0.046875 0.5959302325581395 0 0.5290697674418605 0
0 0.17587209302325582 0.7421875 0.24854651162790697 0.7421875 0.24854651162790697 0.6875 0.17587209302325582 0.6875 0.17587209302325582 0.7421875
0 0 0.08984375 0.01744186046511628 0.08984375 0.01744186046511628 0.00390625 0 0.00390625 0 0.08984375
0 0.8837209302325582 0.998046875 0.9505813953488372 0.998046875 0.9505813953488372 0.970703125 0.8837209302325582 0.970703125 0.8837209302325582 0.998046875
0 0.32703488372093026 0.21875 0.3793604651162791 0.21875 0.3793604651162791 0.1484375 0.32703488372093026 0.1484375 0.32703488372093026 0.21875
0 0.8691860465116279 1 0.8691860465116279 0.9765625 0.8052325581395349 0.9765625 0.8052325581395349 1 0.8691860465116279 1