0 0.7423752310536045 0 0.7423752310536045 0.284375 0.8172365988909427 0.284375 0.8172365988909427 0 0.7423752310536045 0
0 0.4824399260628466 0.30625 0.5568391866913124 0.30625 0.5568391866913124 0.0234375 0.4824399260628466 0.0234375 0.4824399260628466 0.30625
0 0.33987985212569316 0.48359375 0.43091497227356745 0.48359375 0.43091497227356745 0.20703125 0.33987985212569316 0.20703125 0.33987985212569316 0.48359375
0 0.6857670979667283 1 0.6857670979667283 0.4078125 0.5762476894639557 0.4078125 0.5762476894639557 1 0.6857670979667283 1
0 0.3798521256931608 1 0.3798521256931608 0.6140625 0.27402957486136786 0.6140625 0.27402957486136786 1 0.3798521256931608 1
0 0.4764325323475046 0.93046875 0.577634011090573 0.93046875 0.577634011090573 0.44765625 0.4764325323475046 0.44765625 0.4764325323475046 0.93046875
0 0.26524953789279115 0.70234375 0.349815157116451 0.70234375 0.349815157116451 0.42578125 0.26524953789279115 0.42578125 0.26524953789279115 0.70234375
0 0.602818853974122 0.43359375 0.6850739371534196 0.43359375 0.6850739371534196 0.06953125 0.602818853974122 0.06953125 0.602818853974122 0.43359375
0 0.6356284658040665 0 0.6356284658040665 0.2609375 0.7183456561922366 0.2609375 0.7183456561922366 0 0.6356284658040665 0
0 0.43807763401109057 0.61328125 0.5360443622920518 0.61328125 0.5360443622920518 0.29296875 0.43807763401109057 0.29296875 0.43807763401109057 0.61328125
0 0.5415896487985212 0.5390625 0.6303142329020333 0.5390625 0.6303142329020333 0.2046875 0.5415896487985212 0.2046875 0.5415896487985212 0.5390625
0 0.378003696857671 0.96875 0.47735674676524953 0.96875 0.47735674676524953 0.5140625 0.378003696857671 0.5140625 0.378003696857671 0.96875
0 0.5561460258780037 0.24140625 0.631007393715342 0.24140625 0.631007393715342 0.00703125 0.5561460258780037 0.00703125 0.5561460258780037 0.24140625
0 0.35073937153419593 0.696875 0.4316081330868762 0.696875 0.4316081330868762 0.384375 0.35073937153419593 0.384375 0.35073937153419593 0.696875
0 0.5247227356746765 1 0.5247227356746765 0.86875 0.40411275415896486 0.86875 0.40411275415896486 1 0.5247227356746765 1
0 0.7070240295748613 0 0.7070240295748613 0.096875 0.7518484288354899 0.096875 0.7518484288354899 0 0.7070240295748613 0
0 0.5360443622920518 0 0.5360443622920518 0.059375 0.5804066543438078 0.059375 0.5804066543438078 0 0.5360443622920518 0
0 0.6166820702402958 0 0.6166820702402958 0.03125 0.642097966728281 0.03125 0.642097966728281 0 0.6166820702402958 0