0 0.08333333333333333 0.2649402390438247 0.15922619047619047 0.2649402390438247 0.15922619047619047 0.1394422310756972 0.08333333333333333 0.1394422310756972 0.08333333333333333 0.2649402390438247
0 0.3020833333333333 0.2201195219123506 0.38244047619047616 0.2201195219123506 0.38244047619047616 0.10458167330677291 0.3020833333333333 0.10458167330677291 0.3020833333333333 0.2201195219123506
0 0.7901785714285714 1 0.7901785714285714 0.900398406374502 0.6845238095238095 0.900398406374502 0.6845238095238095 1 0.7901785714285714 1
0 0.19196428571428573 0.38745019920318724 0.27976190476190477 0.38745019920318724 0.27976190476190477 0.2559760956175299 0.19196428571428573 0.2559760956175299 0.19196428571428573 0.38745019920318724
0 0.5543154761904762 0.5338645418326693 0.6316964285714286 0.5338645418326693 0.6316964285714286 0.38247011952191234 0.5543154761904762 0.38247011952191234 0.5543154761904762 0.5338645418326693
0 0.26339285714285715 0.7938247011952191 0.37202380952380953 0.7938247011952191 0.37202380952380953 0.6384462151394422 0.26339285714285715 0.6384462151394422 0.26339285714285715 0.7938247011952191
0 0.33779761904761907 0.700199203187251 0.4166666666666667 0.700199203187251 0.4166666666666667 0.5687250996015937 0.33779761904761907 0.5687250996015937 0.33779761904761907 0.700199203187251
0 0.2849702380952381 0.6155378486055777 0.37276785714285715 0.6155378486055777 0.37276785714285715 0.4541832669322709 0.2849702380952381 0.4541832669322709 0.2849702380952381 0.6155378486055777
0 0.41369047619047616 0.700199203187251 0.5059523809523809 0.700199203187251 0.5059523809523809 0.5547808764940239 0.41369047619047616 0.5547808764940239 0.41369047619047616 0.700199203187251
0 0.6904761904761905 1 0.6904761904761905 0.9322709163346613 0.5833333333333334 0.9322709163346613 0.5833333333333334 1 0.6904761904761905 1
0 0.8601190476190477 1 0.8601190476190477 0.9382470119521913 0.7767857142857143 0.9382470119521913 0.7767857142857143 1 0.8601190476190477 1
0 0.18973214285714285 0.6235059760956175 0.2819940476190476 0.6235059760956175 0.2819940476190476 0.47808764940239046 0.18973214285714285 0.47808764940239046 0.18973214285714285 0.6235059760956175
0 0.7857142857142857 0.9342629482071713 0.8601190476190477 0.9342629482071713 0.8601190476190477 0.7749003984063745 0.7857142857142857 0.7749003984063745 0.7857142857142857 0.9342629482071713
0 0.05282738095238095 0.15637450199203187 0.13169642857142858 0.15637450199203187 0.13169642857142858 0.05079681274900399 0.05282738095238095 0.05079681274900399 0.05282738095238095 0.15637450199203187
0 0.6369047619047619 0.5677290836653387 0.7127976190476191 0.5677290836653387 0.7127976190476191 0.4123505976095618 0.6369047619047619 0.4123505976095618 0.6369047619047619 0.5677290836653387
0 0.2418154761904762 0.3386454183266932 0.32068452380952384 0.3386454183266932 0.32068452380952384 0.20916334661354583 0.2418154761904762 0.20916334661354583 0.2418154761904762 0.3386454183266932
0 0.3072916666666667 0.9193227091633466 0.4099702380952381 0.9193227091633466 0.4099702380952381 0.7699203187250996 0.3072916666666667 0.7699203187250996 0.3072916666666667 0.9193227091633466
0 0.11607142857142858 0.7609561752988048 0.22023809523809523 0.7609561752988048 0.22023809523809523 0.5916334661354582 0.11607142857142858 0.5916334661354582 0.11607142857142858 0.7609561752988048
0 0.6502976190476191 0.8924302788844621 0.7321428571428571 0.8924302788844621 0.7321428571428571 0.7669322709163346 0.6502976190476191 0.7669322709163346 0.6502976190476191 0.8924302788844621
0 0.5044642857142857 1 0.5044642857142857 0.9880478087649402 0.4479166666666667 0.9880478087649402 0.4479166666666667 1 0.5044642857142857 1