0 0.3876953125 0.91796875 0.5693359375 0.91796875 0.5693359375 0.68515625 0.3876953125 0.68515625 0.3876953125 0.91796875
0 0 0.7184895833333333 0.123828125 0.7184895833333333 0.123828125 0.5440104166666667 0 0.5440104166666667 0 0.7184895833333333
0 0.6927734375 1 0.6927734375 0.8276041666666667 0.4642578125 0.8276041666666667 0.4642578125 1 0.6927734375 1
0 0.117578125 0.9786458333333333 0.32265625 0.9786458333333333 0.32265625 0.7432291666666667 0.117578125 0.7432291666666667 0.117578125 0.9786458333333333
0 0.1529296875 0.37109375 0.2201171875 0.37109375 0.2201171875 0.28515625 0.1529296875 0.28515625 0.1529296875 0.37109375
0 0.493359375 0.33880208333333334 0.5578125 0.33880208333333334 0.5578125 0.2591145833333333 0.493359375 0.2591145833333333 0.493359375 0.33880208333333334
0 0.350390625 0.3033854166666667 0.4046875 0.3033854166666667 0.4046875 0.23203125 0.350390625 0.23203125 0.350390625 0.3033854166666667
0 0.6814453125 0.42682291666666666 0.7486328125 0.42682291666666666 0.7486328125 0.32890625 0.6814453125 0.32890625 0.6814453125 0.42682291666666666
0 0.751953125 0.36484375 0.8046875 0.36484375 0.8046875 0.29140625 0.751953125 0.29140625 0.751953125 0.36484375
0 0.2353515625 0.2953125 0.2982421875 0.2953125 0.2982421875 0.22760416666666666 0.2353515625 0.22760416666666666 0.2353515625 0.2953125
0 0.534375 0.375 0.598046875 0.375 0.598046875 0.28072916666666664 0.534375 0.28072916666666664 0.534375 0.375
0 0.5873046875 0.35546875 0.6455078125 0.35546875 0.6455078125 0.26848958333333334 0.5873046875 0.26848958333333334 0.5873046875 0.35546875
0 0.635546875 0.34427083333333336 0.683984375 0.34427083333333336 0.683984375 0.2682291666666667 0.635546875 0.2682291666666667 0.635546875 0.34427083333333336
0 0.8306640625 0.38697916666666665 0.8861328125 0.38697916666666665 0.8861328125 0.30572916666666666 0.8306640625 0.30572916666666666 0.8306640625 0.38697916666666665
0 0.1984375 0.33541666666666664 0.257421875 0.33541666666666664 0.257421875 0.2520833333333333 0.1984375 0.2520833333333333 0.1984375 0.33541666666666664
0 0.672265625 0.3307291666666667 0.71875 0.3307291666666667 0.71875 0.259375 0.672265625 0.259375 0.672265625 0.3307291666666667
0 0.96640625 0.4588541666666667 0.999609375 0.4588541666666667 0.999609375 0.37395833333333334 0.96640625 0.37395833333333334 0.96640625 0.4588541666666667
0 0.9158203125 0.425 0.9693359375 0.425 0.9693359375 0.3416666666666667 0.9158203125 0.3416666666666667 0.9158203125 0.425
0 0 0.8458333333333333 0.02578125 0.8458333333333333 0.02578125 0.6963541666666667 0 0.6963541666666667 0 0.8458333333333333
0 0.859375 0.371875 0.908203125 0.371875 0.908203125 0.30104166666666665 0.859375 0.30104166666666665 0.859375 0.371875
0 0.185546875 0.2869791666666667 0.2296875 0.2869791666666667 0.2296875 0.24583333333333332 0.185546875 0.24583333333333332 0.185546875 0.2869791666666667
0 0.9138671875 0.3575520833333333 0.9517578125 0.3575520833333333 0.9517578125 0.31796875 0.9138671875 0.31796875 0.9138671875 0.3575520833333333
0 0.9380859375 0.38125 0.9791015625 0.38125 0.9791015625 0.3338541666666667 0.9380859375 0.3338541666666667 0.9380859375 0.38125