0 0.5589186691312384 0.99765625 0.7109519408502772 0.99765625 0.7109519408502772 0.50546875 0.5589186691312384 0.50546875 0.5589186691312384 0.99765625
0 0.8105360443622921 0.53125 0.9126617375231053 0.53125 0.9126617375231053 0.14375 0.8105360443622921 0.14375 0.8105360443622921 0.53125
0 0.7287430683918669 0.678125 0.844731977818854 0.678125 0.844731977818854 0.278125 0.7287430683918669 0.278125 0.7287430683918669 0.678125
0 0.6448706099815157 0.37265625 0.7465341959334566 0.37265625 0.7465341959334566 0.01328125 0.6448706099815157 0.01328125 0.6448706099815157 0.37265625
0 0.5847966728280961 0.53515625 0.697550831792976 0.53515625 0.697550831792976 0.21015625 0.5847966728280961 0.21015625 0.5847966728280961 0.53515625
0 0.3454251386321627 0.95859375 0.44755083179297594 0.95859375 0.44755083179297594 0.53359375 0.3454251386321627 0.53359375 0.3454251386321627 0.95859375
0 0.47273567467652494 0.696875 0.5859519408502772 0.696875 0.5859519408502772 0.303125 0.47273567467652494 0.303125 0.47273567467652494 0.696875
0 0.5630776340110906 1 0.5630776340110906 0.6609375 0.44246765249537895 0.6609375 0.44246765249537895 1 0.5630776340110906 1
0 0.5011552680221811 0.2671875 0.5737060998151571 0.2671875 0.5737060998151571 0.0203125 0.5011552680221811 0.0203125 0.5011552680221811 0.2671875
0 0.24237523105360442 0.87890625 0.3449630314232902 0.87890625 0.3449630314232902 0.57890625 0.24237523105360442 0.57890625 0.24237523105360442 0.87890625
0 0.25069316081330867 0.66953125 0.33710720887245843 0.66953125 0.33710720887245843 0.38828125 0.25069316081330867 0.38828125 0.25069316081330867 0.66953125
0 0.4043438077634011 0.26484375 0.47828096118299446 0.26484375 0.47828096118299446 0.04453125 0.4043438077634011 0.04453125 0.4043438077634011 0.26484375
0 0.5734750462107209 0 0.5734750462107209 0.18125 0.655268022181146 0.18125 0.655268022181146 0 0.5734750462107209 0
0 0.5418207024029574 0.36640625 0.6296210720887245 0.36640625 0.6296210720887245 0.09921875 0.5418207024029574 0.09921875 0.5418207024029574 0.36640625
0 0.39024953789279115 0.61171875 0.4863678373382625 0.61171875 0.4863678373382625 0.24140625 0.39024953789279115 0.24140625 0.39024953789279115 0.61171875
0 0.3553604436229205 1 0.3553604436229205 0.80625 0.24491682070240295 0.80625 0.24491682070240295 1 0.3553604436229205 1
0 0.7878927911275416 0 0.7878927911275416 0.040625 0.8451940850277264 0.040625 0.8451940850277264 0 0.7878927911275416 0
0 0.49815157116451014 0 0.49815157116451014 0.0453125 0.5767097966728281 0.0453125 0.5767097966728281 0 0.49815157116451014 0