0 0.26744186046511625 0 0.26744186046511625 0.09375 0.3372093023255814 0.09375 0.3372093023255814 0 0.26744186046511625 0
0 0.48691860465116277 0.2109375 0.5566860465116279 0.2109375 0.5566860465116279 0.10546875 0.48691860465116277 0.10546875 0.48691860465116277 0.2109375
0 0.24709302325581395 0.865234375 0.32558139534883723 0.865234375 0.32558139534883723 0.751953125 0.24709302325581395 0.751953125 0.24709302325581395 0.865234375
0 0.3851744186046512 0.208984375 0.46075581395348836 0.208984375 0.46075581395348836 0.107421875 0.3851744186046512 0.107421875 0.3851744186046512 0.208984375
0 0.38372093023255816 0.99609375 0.4622093023255814 0.99609375 0.4622093023255814 0.89453125 0.38372093023255816 0.89453125 0.38372093023255816 0.99609375
0 0.6395348837209303 0.3984375 0.7151162790697675 0.3984375 0.7151162790697675 0.2890625 0.6395348837209303 0.2890625 0.6395348837209303 0.3984375
0 0.8052325581395349 0.8515625 0.8837209302325582 0.8515625 0.8837209302325582 0.73828125 0.8052325581395349 0.73828125 0.8052325581395349 0.8515625
0 0.7790697674418605 0 0.7790697674418605 0.09375 0.8372093023255814 0.09375 0.8372093023255814 0 0.7790697674418605 0
0 0.6177325581395349 0.15234375 0.6875 0.15234375 0.6875 0.046875 0.6177325581395349 0.046875 0.6177325581395349 0.15234375
0 0.34738372093023256 0 0.34738372093023256 0.09375 0.40843023255813954 0.09375 0.40843023255813954 0 0.34738372093023256 0
0 0.5741279069767442 0.53125 0.6497093023255814 0.53125 0.6497093023255814 0.41796875 0.5741279069767442 0.41796875 0.5741279069767442 0.53125
0 0.42296511627906974 0.857421875 0.4956395348837209 0.857421875 0.4956395348837209 0.751953125 0.42296511627906974 0.751953125 0.42296511627906974 0.857421875
0 0.34011627906976744 0.853515625 0.41569767441860467 0.853515625 0.41569767441860467 0.755859375 0.34011627906976744 0.755859375 0.34011627906976744 0.853515625
0 0.5552325581395349 0.9375 0.6395348837209303 0.9375 0.6395348837209303 0.8125 0.5552325581395349 0.8125 0.5552325581395349 0.9375
0 0.5072674418604651 0.58984375 0.5828488372093024 0.58984375 0.5828488372093024 0.484375 0.5072674418604651 0.484375 0.5072674418604651 0.58984375
0 0.6816860465116279 0.212890625 0.7427325581395349 0.212890625 0.7427325581395349 0.099609375 0.6816860465116279 0.099609375 0.6816860465116279 0.212890625
0 0.563953488372093 0.212890625 0.6308139534883721 0.212890625 0.6308139534883721 0.111328125 0.563953488372093 0.111328125 0.563953488372093 0.212890625
0 0.6409883720930233 0.587890625 0.7194767441860465 0.587890625 0.7194767441860465 0.482421875 0.6409883720930233 0.482421875 0.6409883720930233 0.587890625
0 0.373546511627907 0.595703125 0.4491279069767442 0.595703125 0.4491279069767442 0.482421875 0.373546511627907 0.482421875 0.373546511627907 0.595703125
0 0.23982558139534885 0.59765625 0.3183139534883721 0.59765625 0.3183139534883721 0.48046875 0.23982558139534885 0.48046875 0.23982558139534885 0.59765625
0 0.12790697674418605 0.591796875 0.20348837209302326 0.591796875 0.20348837209302326 0.478515625 0.12790697674418605 0.478515625 0.12790697674418605 0.591796875
0 0.0188953488372093 0.857421875 0.10610465116279069 0.857421875 0.10610465116279069 0.748046875 0.0188953488372093 0.748046875 0.0188953488372093 0.857421875
0 0.5784883720930233 0.333984375 0.6540697674418605 0.333984375 0.6540697674418605 0.220703125 0.5784883720930233 0.220703125 0.5784883720930233 0.333984375
0 0.502906976744186 0.86328125 0.561046511627907 0.86328125 0.561046511627907 0.734375 0.502906976744186 0.734375 0.502906976744186 0.86328125
0 0.5755813953488372 0.654296875 0.6424418604651163 0.654296875 0.6424418604651163 0.548828125 0.5755813953488372 0.548828125 0.5755813953488372 0.654296875
0 0.751453488372093 0.205078125 0.815406976744186 0.205078125 0.815406976744186 0.107421875 0.751453488372093 0.107421875 0.751453488372093 0.205078125
0 0.5305232558139535 0.734375 0.5886627906976745 0.734375 0.5886627906976745 0.60546875 0.5305232558139535 0.60546875 0.5305232558139535 0.734375
0 0.10319767441860465 0.935546875 0.19040697674418605 0.935546875 0.19040697674418605 0.822265625 0.10319767441860465 0.822265625 0.10319767441860465 0.935546875
0 0.7834302325581395 0.513671875 0.8619186046511628 0.513671875 0.8619186046511628 0.412109375 0.7834302325581395 0.412109375 0.7834302325581395 0.513671875
0 0.4171511627906977 0.091796875 0.48401162790697677 0.091796875 0.48401162790697677 0.001953125 0.4171511627906977 0.001953125 0.4171511627906977 0.091796875
0 0.686046511627907 0.333984375 0.7645348837209303 0.333984375 0.7645348837209303 0.228515625 0.686046511627907 0.228515625 0.686046511627907 0.333984375
0 0.688953488372093 0.85546875 0.7616279069767442 0.85546875 0.7616279069767442 0.74609375 0.688953488372093 0.74609375 0.688953488372093 0.85546875
0 0.0377906976744186 0.201171875 0.11627906976744186 0.201171875 0.11627906976744186 0.095703125 0.0377906976744186 0.095703125 0.0377906976744186 0.201171875
0 0.34156976744186046 0.337890625 0.3997093023255814 0.337890625 0.3997093023255814 0.216796875 0.34156976744186046 0.216796875 0.34156976744186046 0.337890625
0 0.3183139534883721 0.458984375 0.3997093023255814 0.458984375 0.3997093023255814 0.349609375 0.3183139534883721 0.349609375 0.3183139534883721 0.458984375
0 0.19912790697674418 0.384765625 0.27761627906976744 0.384765625 0.27761627906976744 0.291015625 0.19912790697674418 0.291015625 0.19912790697674418 0.384765625
0 0.5101744186046512 0.46875 0.5886627906976745 0.46875 0.5886627906976745 0.34765625 0.5101744186046512 0.34765625 0.5101744186046512 0.46875
0 0.6191860465116279 0.99609375 0.6773255813953488 0.99609375 0.6773255813953488 0.93359375 0.6191860465116279 0.93359375 0.6191860465116279 0.99609375
0 0.4491279069767442 0.732421875 0.5247093023255814 0.732421875 0.5247093023255814 0.615234375 0.4491279069767442 0.615234375 0.4491279069767442 0.732421875
0 0.7296511627906976 0.9921875 0.8081395348837209 0.9921875 0.8081395348837209 0.8828125 0.7296511627906976 0.8828125 0.7296511627906976 0.9921875
0 0.5436046511627907 0.99609375 0.6133720930232558 0.99609375 0.6133720930232558 0.9453125 0.5436046511627907 0.9453125 0.5436046511627907 0.99609375
0 0.26453488372093026 0.345703125 0.33430232558139533 0.345703125 0.33430232558139533 0.220703125 0.26453488372093026 0.220703125 0.26453488372093026 0.345703125
0 0.6031976744186046 0.8515625 0.6758720930232558 0.8515625 0.6758720930232558 0.75 0.6031976744186046 0.75 0.6031976744186046 0.8515625
0 0.07412790697674419 0.53515625 0.1380813953488372 0.53515625 0.1380813953488372 0.390625 0.07412790697674419 0.390625 0.07412790697674419 0.53515625
0 0.7078488372093024 0.65234375 0.7834302325581395 0.65234375 0.7834302325581395 0.5390625 0.7078488372093024 0.5390625 0.7078488372093024 0.65234375
0 0.5494186046511628 0 0.5494186046511628 0.09375 0.6133720930232558 0.09375 0.6133720930232558 0 0.5494186046511628 0
0 0.4476744186046512 0.521484375 0.5203488372093024 0.521484375 0.5203488372093024 0.416015625 0.4476744186046512 0.416015625 0.4476744186046512 0.521484375
0 0.6308139534883721 0.7265625 0.7151162790697675 0.7265625 0.7151162790697675 0.609375 0.6308139534883721 0.609375 0.6308139534883721 0.7265625
0 0.7456395348837209 0.78515625 0.8183139534883721 0.78515625 0.8183139534883721 0.67578125 0.7456395348837209 0.67578125 0.7456395348837209 0.78515625
0 0.0377906976744186 0.388671875 0.11046511627906977 0.388671875 0.11046511627906977 0.283203125 0.0377906976744186 0.283203125 0.0377906976744186 0.388671875
0 0.7063953488372093 0.455078125 0.7848837209302325 0.455078125 0.7848837209302325 0.349609375 0.7063953488372093 0.349609375 0.7063953488372093 0.455078125
0 0.809593023255814 0.998046875 0.8880813953488372 0.998046875 0.8880813953488372 0.947265625 0.809593023255814 0.947265625 0.809593023255814 0.998046875
0 0.09883720930232558 0.322265625 0.17732558139534885 0.322265625 0.17732558139534885 0.212890625 0.09883720930232558 0.212890625 0.09883720930232558 0.322265625
0 0.7892441860465116 0.326171875 0.8619186046511628 0.326171875 0.8619186046511628 0.232421875 0.7892441860465116 0.232421875 0.7892441860465116 0.326171875
0 0.7979651162790697 0.72265625 0.8648255813953488 0.72265625 0.8648255813953488 0.6015625 0.7979651162790697 0.6015625 0.7979651162790697 0.72265625
0 0.46075581395348836 0.99609375 0.5305232558139535 0.99609375 0.5305232558139535 0.9609375 0.46075581395348836 0.9609375 0.46075581395348836 0.99609375
0 0.005813953488372093 0.65234375 0.08139534883720931 0.65234375 0.08139534883720931 0.54296875 0.005813953488372093 0.54296875 0.005813953488372093 0.65234375
0 0.6090116279069767 0 0.6090116279069767 0.03125 0.6584302325581395 0.03125 0.6584302325581395 0 0.6090116279069767 0
0 0.498546511627907 0 0.498546511627907 0.03125 0.5537790697674418 0.03125 0.5537790697674418 0 0.498546511627907 0
0 0.6656976744186046 0 0.6656976744186046 0.03125 0.7296511627906976 0.03125 0.7296511627906976 0 0.6656976744186046 0
0 0.20930232558139536 0 0.20930232558139536 0.02734375 0.2703488372093023 0.02734375 0.2703488372093023 0 0.20930232558139536 0