0 0.5901162790697675 0.90625 0.6686046511627907 0.90625 0.6686046511627907 0.796875 0.5901162790697675 0.796875 0.5901162790697675 0.90625
0 0.14534883720930233 0.78125 0.22965116279069767 0.78125 0.22965116279069767 0.6640625 0.14534883720930233 0.6640625 0.14534883720930233 0.78125
0 0.33575581395348836 0.98828125 0.41424418604651164 0.98828125 0.41424418604651164 0.875 0.33575581395348836 0.875 0.33575581395348836 0.98828125
0 0.5552325581395349 0.439453125 0.6308139534883721 0.439453125 0.6308139534883721 0.337890625 0.5552325581395349 0.337890625 0.5552325581395349 0.439453125
0 0.8924418604651163 0.958984375 0.9651162790697675 0.958984375 0.9651162790697675 0.857421875 0.8924418604651163 0.857421875 0.8924418604651163 0.958984375
0 0.07412790697674419 0.9140625 0.15843023255813954 0.9140625 0.15843023255813954 0.796875 0.07412790697674419 0.796875 0.07412790697674419 0.9140625
0 0.42005813953488375 0.984375 0.4956395348837209 0.984375 0.4956395348837209 0.875 0.42005813953488375 0.875 0.42005813953488375 0.984375
0 0.3851744186046512 0.8515625 0.4636627906976744 0.8515625 0.4636627906976744 0.73046875 0.3851744186046512 0.73046875 0.3851744186046512 0.8515625
0 0.6148255813953488 0.318359375 0.6875 0.318359375 0.6875 0.205078125 0.6148255813953488 0.205078125 0.6148255813953488 0.318359375
0 0.5087209302325582 0.376953125 0.5843023255813954 0.376953125 0.5843023255813954 0.267578125 0.5087209302325582 0.267578125 0.5087209302325582 0.376953125
0 0.4331395348837209 0.4453125 0.502906976744186 0.4453125 0.502906976744186 0.33984375 0.4331395348837209 0.33984375 0.4331395348837209 0.4453125
0 0.16569767441860464 0.5859375 0.25 0.5859375 0.25 0.44921875 0.16569767441860464 0.44921875 0.16569767441860464 0.5859375
0 0.4011627906976744 0.318359375 0.4796511627906977 0.318359375 0.4796511627906977 0.205078125 0.4011627906976744 0.205078125 0.4011627906976744 0.318359375
0 0.6468023255813954 0.197265625 0.7194767441860465 0.197265625 0.7194767441860465 0.091796875 0.6468023255813954 0.091796875 0.6468023255813954 0.197265625
0 0.6351744186046512 0.4453125 0.7020348837209303 0.4453125 0.7020348837209303 0.328125 0.6351744186046512 0.328125 0.6351744186046512 0.4453125
0 0.7252906976744186 0.50390625 0.8008720930232558 0.50390625 0.8008720930232558 0.3984375 0.7252906976744186 0.3984375 0.7252906976744186 0.50390625
0 0.6468023255813954 0.986328125 0.7194767441860465 0.986328125 0.7194767441860465 0.865234375 0.6468023255813954 0.865234375 0.6468023255813954 0.986328125
0 0.2441860465116279 0.24609375 0.313953488372093 0.24609375 0.313953488372093 0.1484375 0.2441860465116279 0.1484375 0.2441860465116279 0.24609375
0 0.5930232558139535 0.6328125 0.6656976744186046 0.6328125 0.6656976744186046 0.5234375 0.5930232558139535 0.5234375 0.5930232558139535 0.6328125
0 0.26308139534883723 0.91015625 0.3502906976744186 0.91015625 0.3502906976744186 0.796875 0.26308139534883723 0.796875 0.26308139534883723 0.91015625
0 0.6061046511627907 0 0.6061046511627907 0.0859375 0.6787790697674418 0.0859375 0.6787790697674418 0 0.6061046511627907 0
0 0.6816860465116279 0.373046875 0.7456395348837209 0.373046875 0.7456395348837209 0.271484375 0.6816860465116279 0.271484375 0.6816860465116279 0.373046875
0 0.876453488372093 0.69140625 0.9491279069767442 0.69140625 0.9491279069767442 0.58984375 0.876453488372093 0.58984375 0.876453488372093 0.69140625
0 0.6177325581395349 0.77734375 0.6933139534883721 0.77734375 0.6933139534883721 0.65625 0.6177325581395349 0.65625 0.6177325581395349 0.77734375
0 0.31976744186046513 0.267578125 0.3953488372093023 0.267578125 0.3953488372093023 0.146484375 0.31976744186046513 0.146484375 0.31976744186046513 0.267578125
0 0.5305232558139535 0 0.5305232558139535 0.07421875 0.5944767441860465 0.07421875 0.5944767441860465 0 0.5305232558139535 0
0 0.8052325581395349 0.6875 0.872093023255814 0.6875 0.872093023255814 0.58984375 0.8052325581395349 0.58984375 0.8052325581395349 0.6875
0 0.5465116279069767 0.765625 0.6104651162790697 0.765625 0.6104651162790697 0.66015625 0.5465116279069767 0.66015625 0.5465116279069767 0.765625
0 0.6715116279069767 0.634765625 0.7412790697674418 0.634765625 0.7412790697674418 0.525390625 0.6715116279069767 0.525390625 0.6715116279069767 0.634765625
0 0.7296511627906976 0.314453125 0.811046511627907 0.314453125 0.811046511627907 0.205078125 0.7296511627906976 0.205078125 0.7296511627906976 0.314453125
0 0.5392441860465116 0.26953125 0.6061046511627907 0.26953125 0.6061046511627907 0.15234375 0.5392441860465116 0.15234375 0.5392441860465116 0.26953125
0 0.6962209302325582 0.900390625 0.7659883720930233 0.900390625 0.7659883720930233 0.798828125 0.6962209302325582 0.798828125 0.6962209302325582 0.900390625
0 0.47674418604651164 0.701171875 0.5465116279069767 0.701171875 0.5465116279069767 0.583984375 0.47674418604651164 0.583984375 0.47674418604651164 0.701171875
0 0.502906976744186 0.986328125 0.5755813953488372 0.986328125 0.5755813953488372 0.873046875 0.502906976744186 0.873046875 0.502906976744186 0.986328125
0 0.7747093023255814 0.90625 0.8473837209302325 0.90625 0.8473837209302325 0.79296875 0.7747093023255814 0.79296875 0.7747093023255814 0.90625
0 0.7747093023255814 0.775390625 0.8357558139534884 0.775390625 0.8357558139534884 0.662109375 0.7747093023255814 0.662109375 0.7747093023255814 0.775390625
0 0.498546511627907 0.8359375 0.5799418604651163 0.8359375 0.5799418604651163 0.73046875 0.498546511627907 0.73046875 0.498546511627907 0.8359375
0 0.4578488372093023 0.271484375 0.5334302325581395 0.271484375 0.5334302325581395 0.146484375 0.4578488372093023 0.146484375 0.4578488372093023 0.271484375
0 0.46075581395348836 0 0.46075581395348836 0.078125 0.5218023255813954 0.078125 0.5218023255813954 0 0.46075581395348836 0
0 0.22093023255813954 0.697265625 0.3023255813953488 0.697265625 0.3023255813953488 0.587890625 0.22093023255813954 0.587890625 0.22093023255813954 0.697265625
0 0.6991279069767442 0.775390625 0.7718023255813954 0.775390625 0.7718023255813954 0.654296875 0.6991279069767442 0.654296875 0.6991279069767442 0.775390625
0 0.13372093023255813 0.18359375 0.2063953488372093 0.18359375 0.2063953488372093 0.08984375 0.13372093023255813 0.08984375 0.13372093023255813 0.18359375
0 0.5116279069767442 0.63671875 0.5872093023255814 0.63671875 0.5872093023255814 0.53125 0.5116279069767442 0.53125 0.5116279069767442 0.63671875
0 0.21075581395348839 0.455078125 0.2747093023255814 0.455078125 0.2747093023255814 0.326171875 0.21075581395348839 0.326171875 0.21075581395348839 0.455078125
0 0.8081395348837209 0.49609375 0.875 0.49609375 0.875 0.40234375 0.8081395348837209 0.40234375 0.8081395348837209 0.49609375
0 0.5784883720930233 0.193359375 0.6395348837209303 0.193359375 0.6395348837209303 0.095703125 0.5784883720930233 0.095703125 0.5784883720930233 0.193359375
0 0.7616279069767442 0.203125 0.8197674418604651 0.203125 0.8197674418604651 0.0859375 0.7616279069767442 0.0859375 0.7616279069767442 0.203125
0 0.3997093023255814 0.701171875 0.4694767441860465 0.701171875 0.4694767441860465 0.587890625 0.3997093023255814 0.587890625 0.3997093023255814 0.701171875
0 0.7238372093023255 0.99609375 0.7994186046511628 0.99609375 0.7994186046511628 0.91796875 0.7238372093023255 0.91796875 0.7238372093023255 0.99609375
0 0.18895348837209303 0 0.18895348837209303 0.0546875 0.25872093023255816 0.0546875 0.25872093023255816 0 0.18895348837209303 0
0 0.36046511627906974 0.447265625 0.42441860465116277 0.447265625 0.42441860465116277 0.341796875 0.36046511627906974 0.341796875 0.36046511627906974 0.447265625
0 0.2863372093023256 0.4453125 0.35319767441860467 0.4453125 0.35319767441860467 0.33203125 0.2863372093023256 0.33203125 0.2863372093023256 0.4453125
0 0.3081395348837209 0.6875 0.38372093023255816 0.6875 0.38372093023255816 0.58203125 0.3081395348837209 0.58203125 0.3081395348837209 0.6875
0 0.748546511627907 0.638671875 0.8037790697674418 0.638671875 0.8037790697674418 0.521484375 0.748546511627907 0.521484375 0.748546511627907 0.638671875
0 0.690406976744186 0.12890625 0.7601744186046512 0.12890625 0.7601744186046512 0.03125 0.690406976744186 0.03125 0.690406976744186 0.12890625
0 0.375 0 0.375 0.078125 0.4476744186046512 0.078125 0.4476744186046512 0 0.375 0
0 0 0.837890625 0.061046511627906974 0.837890625 0.061046511627906974 0.728515625 0 0.728515625 0 0.837890625