0 0.36475409836065575 0.6036363636363636 0.430327868852459 0.6036363636363636 0.430327868852459 0.4890909090909091 0.36475409836065575 0.4890909090909091 0.36475409836065575 0.6036363636363636
0 0.18237704918032788 0.37 0.24385245901639344 0.37 0.24385245901639344 0.2609090909090909 0.18237704918032788 0.2609090909090909 0.18237704918032788 0.37
0 0.27117486338797814 0.1409090909090909 0.32308743169398907 0.1409090909090909 0.32308743169398907 0.046363636363636364 0.27117486338797814 0.046363636363636364 0.27117486338797814 0.1409090909090909
0 0.44193989071038253 0.6936363636363636 0.5116120218579235 0.6936363636363636 0.5116120218579235 0.5772727272727273 0.44193989071038253 0.5772727272727273 0.44193989071038253 0.6936363636363636
0 0.2998633879781421 0.3572727272727273 0.3558743169398907 0.3572727272727273 0.3558743169398907 0.25727272727272726 0.2998633879781421 0.25727272727272726 0.2998633879781421 0.3572727272727273
0 0.3025956284153005 0.5609090909090909 0.36953551912568305 0.5609090909090909 0.36953551912568305 0.45181818181818184 0.3025956284153005 0.45181818181818184 0.3025956284153005 0.5609090909090909
0 0.23292349726775957 0.9990909090909091 0.30806010928961747 0.9990909090909091 0.30806010928961747 0.9372727272727273 0.23292349726775957 0.9372727272727273 0.23292349726775957 0.9990909090909091
0 0.3770491803278688 0.9990909090909091 0.45491803278688525 0.9990909090909091 0.45491803278688525 0.9027272727272727 0.3770491803278688 0.9027272727272727 0.3770491803278688 0.9990909090909091
0 0.24453551912568305 0.3709090909090909 0.29918032786885246 0.3709090909090909 0.29918032786885246 0.26 0.24453551912568305 0.26 0.24453551912568305 0.3709090909090909
0 0.1284153005464481 0.5336363636363637 0.20355191256830601 0.5336363636363637 0.20355191256830601 0.4263636363636364 0.1284153005464481 0.4263636363636364 0.1284153005464481 0.5336363636363637
0 0.5396174863387978 0.6072727272727273 0.5983606557377049 0.6072727272727273 0.5983606557377049 0.5072727272727273 0.5396174863387978 0.5072727272727273 0.5396174863387978 0.6072727272727273
0 0.6659836065573771 0.9981818181818182 0.7233606557377049 0.9981818181818182 0.7233606557377049 0.9218181818181819 0.6659836065573771 0.9218181818181819 0.6659836065573771 0.9981818181818182
0 0.2062841530054645 0.7509090909090909 0.27459016393442626 0.7509090909090909 0.27459016393442626 0.6309090909090909 0.2062841530054645 0.6309090909090909 0.2062841530054645 0.7509090909090909
0 0.5129781420765027 0.97 0.5826502732240437 0.97 0.5826502732240437 0.8627272727272727 0.5129781420765027 0.8627272727272727 0.5129781420765027 0.97
0 0.30806010928961747 0.9981818181818182 0.375 0.9981818181818182 0.375 0.9272727272727272 0.30806010928961747 0.9272727272727272 0.30806010928961747 0.9981818181818182
0 0.5963114754098361 0.649090909090909 0.6509562841530054 0.649090909090909 0.6509562841530054 0.5436363636363636 0.5963114754098361 0.5436363636363636 0.5963114754098361 0.649090909090909
0 0.6099726775956285 0.9972727272727273 0.6673497267759563 0.9972727272727273 0.6673497267759563 0.8972727272727272 0.6099726775956285 0.8972727272727272 0.6099726775956285 0.9972727272727273
0 0.8346994535519126 0.8381818181818181 0.8934426229508197 0.8381818181818181 0.8934426229508197 0.7327272727272728 0.8346994535519126 0.7327272727272728 0.8346994535519126 0.8381818181818181
0 0.24726775956284153 0.6409090909090909 0.3114754098360656 0.6409090909090909 0.3114754098360656 0.519090909090909 0.24726775956284153 0.519090909090909 0.24726775956284153 0.6409090909090909
0 0.5655737704918032 0.45454545454545453 0.6229508196721312 0.45454545454545453 0.6229508196721312 0.3563636363636364 0.5655737704918032 0.3563636363636364 0.5655737704918032 0.45454545454545453
0 0.35860655737704916 0.35 0.4077868852459016 0.35 0.4077868852459016 0.24636363636363637 0.35860655737704916 0.24636363636363637 0.35860655737704916 0.35
0 0.6905737704918032 0.5472727272727272 0.7438524590163934 0.5472727272727272 0.7438524590163934 0.4763636363636364 0.6905737704918032 0.4763636363636364 0.6905737704918032 0.5472727272727272
0 0.5853825136612022 0.2990909090909091 0.6400273224043715 0.2990909090909091 0.6400273224043715 0.2190909090909091 0.5853825136612022 0.2190909090909091 0.5853825136612022 0.2990909090909091
0 0.4023224043715847 0.8881818181818182 0.46789617486338797 0.8881818181818182 0.46789617486338797 0.7663636363636364 0.4023224043715847 0.7663636363636364 0.4023224043715847 0.8881818181818182
0 0.5819672131147541 0.5518181818181818 0.6379781420765027 0.5518181818181818 0.6379781420765027 0.45 0.5819672131147541 0.45 0.5819672131147541 0.5518181818181818
0 0.662568306010929 0.6718181818181819 0.7144808743169399 0.6718181818181819 0.7144808743169399 0.5790909090909091 0.662568306010929 0.5790909090909091 0.662568306010929 0.6718181818181819
0 0.6666666666666666 0.3390909090909091 0.7158469945355191 0.3390909090909091 0.7158469945355191 0.24818181818181817 0.6666666666666666 0.24818181818181817 0.6666666666666666 0.3390909090909091
0 0.8039617486338798 0.9945454545454545 0.8613387978142076 0.9945454545454545 0.8613387978142076 0.8690909090909091 0.8039617486338798 0.8690909090909091 0.8039617486338798 0.9945454545454545
0 0.5225409836065574 0.1509090909090909 0.5703551912568307 0.1509090909090909 0.5703551912568307 0.06181818181818182 0.5225409836065574 0.06181818181818182 0.5225409836065574 0.1509090909090909
0 0.4849726775956284 0.5536363636363636 0.5409836065573771 0.5536363636363636 0.5409836065573771 0.47 0.4849726775956284 0.47 0.4849726775956284 0.5536363636363636
0 0.43510928961748635 0.3372727272727273 0.4870218579234973 0.3372727272727273 0.4870218579234973 0.2409090909090909 0.43510928961748635 0.2409090909090909 0.43510928961748635 0.3372727272727273
0 0.32991803278688525 0.5045454545454545 0.3968579234972678 0.5045454545454545 0.3968579234972678 0.39181818181818184 0.32991803278688525 0.39181818181818184 0.32991803278688525 0.5045454545454545
0 0.4733606557377049 0.6218181818181818 0.532103825136612 0.6218181818181818 0.532103825136612 0.5290909090909091 0.4733606557377049 0.5290909090909091 0.4733606557377049 0.6218181818181818
0 0.13387978142076504 0.7027272727272728 0.20218579234972678 0.7027272727272728 0.20218579234972678 0.59 0.13387978142076504 0.59 0.13387978142076504 0.7027272727272728
0 0.6967213114754098 0.9672727272727273 0.7540983606557377 0.9672727272727273 0.7540983606557377 0.8618181818181818 0.6967213114754098 0.8618181818181818 0.6967213114754098 0.9672727272727273
0 0.6530054644808743 0.5118181818181818 0.7103825136612022 0.5118181818181818 0.7103825136612022 0.4081818181818182 0.6530054644808743 0.4081818181818182 0.6530054644808743 0.5118181818181818
0 0.6229508196721312 0.4490909090909091 0.6734972677595629 0.4490909090909091 0.6734972677595629 0.34363636363636363 0.6229508196721312 0.34363636363636363 0.6229508196721312 0.4490909090909091
0 0.7383879781420765 0.6136363636363636 0.787568306010929 0.6136363636363636 0.787568306010929 0.5081818181818182 0.7383879781420765 0.5081818181818182 0.7383879781420765 0.6136363636363636
0 0.5027322404371585 0.7454545454545455 0.5628415300546448 0.7454545454545455 0.5628415300546448 0.6236363636363637 0.5027322404371585 0.6236363636363637 0.5027322404371585 0.7454545454545455
0 0.44603825136612024 0.1572727272727273 0.49385245901639346 0.1572727272727273 0.49385245901639346 0.06636363636363636 0.44603825136612024 0.06636363636363636 0.44603825136612024 0.1572727272727273
0 0.5013661202185792 0.5154545454545455 0.5628415300546448 0.5154545454545455 0.5628415300546448 0.41545454545454547 0.5013661202185792 0.41545454545454547 0.5013661202185792 0.5154545454545455
0 0.3777322404371585 0.3018181818181818 0.4378415300546448 0.3018181818181818 0.4378415300546448 0.2018181818181818 0.3777322404371585 0.2018181818181818 0.3777322404371585 0.3018181818181818
0 0.15163934426229508 0.11272727272727273 0.21448087431693988 0.11272727272727273 0.21448087431693988 0.012727272727272728 0.15163934426229508 0.012727272727272728 0.15163934426229508 0.11272727272727273
0 0.6857923497267759 0.6063636363636363 0.7308743169398907 0.6063636363636363 0.7308743169398907 0.5281818181818182 0.6857923497267759 0.5281818181818182 0.6857923497267759 0.6063636363636363
0 0.39617486338797814 0.24 0.4521857923497268 0.24 0.4521857923497268 0.15818181818181817 0.39617486338797814 0.15818181818181817 0.39617486338797814 0.24
0 0.6277322404371585 0.9245454545454546 0.694672131147541 0.9245454545454546 0.694672131147541 0.8245454545454546 0.6277322404371585 0.8245454545454546 0.6277322404371585 0.9245454545454546
0 0.6045081967213115 0.14181818181818182 0.6509562841530054 0.14181818181818182 0.6509562841530054 0.05818181818181818 0.6045081967213115 0.05818181818181818 0.6045081967213115 0.14181818181818182
0 0.8729508196721312 0.9327272727272727 0.9316939890710383 0.9327272727272727 0.9316939890710383 0.8309090909090909 0.8729508196721312 0.8309090909090909 0.8729508196721312 0.9327272727272727
0 0.6878415300546448 0.4690909090909091 0.7342896174863388 0.4690909090909091 0.7342896174863388 0.3690909090909091 0.6878415300546448 0.3690909090909091 0.6878415300546448 0.4690909090909091
0 0.38866120218579236 0.13545454545454547 0.43510928961748635 0.13545454545454547 0.43510928961748635 0.04454545454545455 0.38866120218579236 0.04454545454545455 0.38866120218579236 0.13545454545454547
0 0.7568306010928961 0.9718181818181818 0.8046448087431693 0.9718181818181818 0.8046448087431693 0.8918181818181818 0.7568306010928961 0.8918181818181818 0.7568306010928961 0.9718181818181818
0 0.3333333333333333 0 0.3333333333333333 0.07090909090909091 0.3907103825136612 0.07090909090909091 0.3907103825136612 0 0.3333333333333333 0
0 0.4651639344262295 0.25272727272727274 0.519808743169399 0.25272727272727274 0.519808743169399 0.14727272727272728 0.4651639344262295 0.14727272727272728 0.4651639344262295 0.25272727272727274
0 0.703551912568306 0.4163636363636364 0.7513661202185792 0.4163636363636364 0.7513661202185792 0.3290909090909091 0.703551912568306 0.3290909090909091 0.703551912568306 0.4163636363636364
0 0.3237704918032787 0.14272727272727273 0.3743169398907104 0.14272727272727273 0.3743169398907104 0.05181818181818182 0.3237704918032787 0.05181818181818182 0.3237704918032787 0.14272727272727273
0 0.7547814207650273 0.509090909090909 0.7957650273224044 0.509090909090909 0.7957650273224044 0.4509090909090909 0.7547814207650273 0.4509090909090909 0.7547814207650273 0.509090909090909
0 0.7021857923497268 0.8754545454545455 0.7622950819672131 0.8754545454545455 0.7622950819672131 0.7936363636363636 0.7021857923497268 0.7936363636363636 0.7021857923497268 0.8754545454545455
0 0.5635245901639344 0.18454545454545454 0.6086065573770492 0.18454545454545454 0.6086065573770492 0.10636363636363637 0.5635245901639344 0.10636363636363637 0.5635245901639344 0.18454545454545454
0 0.555327868852459 0.10363636363636364 0.6086065573770492 0.10363636363636364 0.6086065573770492 0.02727272727272727 0.555327868852459 0.02727272727272727 0.555327868852459 0.10363636363636364
0 0.0430327868852459 0.4527272727272727 0.11270491803278689 0.4527272727272727 0.11270491803278689 0.3327272727272727 0.0430327868852459 0.3327272727272727 0.0430327868852459 0.4527272727272727
0 0.8087431693989071 0.6636363636363637 0.8524590163934426 0.6636363636363637 0.8524590163934426 0.5836363636363636 0.8087431693989071 0.5836363636363636 0.8087431693989071 0.6636363636363637
0 0.1168032786885246 0.16272727272727272 0.1646174863387978 0.16272727272727272 0.1646174863387978 0.05545454545454546 0.1168032786885246 0.05545454545454546 0.1168032786885246 0.16272727272727272
0 0.7438524590163934 0.9990909090909091 0.8025956284153005 0.9990909090909091 0.8025956284153005 0.9645454545454546 0.7438524590163934 0.9645454545454546 0.7438524590163934 0.9990909090909091
0 0.4685792349726776 0.12454545454545454 0.51775956284153 0.12454545454545454 0.51775956284153 0.03727272727272727 0.4685792349726776 0.03727272727272727 0.4685792349726776 0.12454545454545454
0 0.40027322404371585 0 0.40027322404371585 0.04727272727272727 0.453551912568306 0.04727272727272727 0.453551912568306 0 0.40027322404371585 0
0 0.1830601092896175 0 0.1830601092896175 0.05272727272727273 0.2390710382513661 0.05272727272727273 0.2390710382513661 0 0.1830601092896175 0
0 0.7213114754098361 0.34 0.755464480874317 0.34 0.755464480874317 0.2672727272727273 0.7213114754098361 0.2672727272727273 0.7213114754098361 0.34
0 0.8920765027322405 0.8290909090909091 0.9316939890710383 0.8290909090909091 0.9316939890710383 0.7727272727272727 0.8920765027322405 0.7727272727272727 0.8920765027322405 0.8290909090909091
0 0.8510928961748634 0.9981818181818182 0.8989071038251366 0.9981818181818182 0.8989071038251366 0.9690909090909091 0.8510928961748634 0.9690909090909091 0.8510928961748634 0.9981818181818182