0 0.4791666666666667 0.4392430278884462 0.5669642857142857 0.4392430278884462 0.5669642857142857 0.301792828685259 0.4791666666666667 0.301792828685259 0.4791666666666667 0.4392430278884462
0 0.13541666666666666 0.3396414342629482 0.22321428571428573 0.3396414342629482 0.22321428571428573 0.2101593625498008 0.13541666666666666 0.2101593625498008 0.13541666666666666 0.3396414342629482
0 0.5334821428571429 0.5308764940239044 0.6257440476190477 0.5308764940239044 0.6257440476190477 0.37350597609561753 0.5334821428571429 0.37350597609561753 0.5334821428571429 0.5308764940239044
0 0.171875 0.8695219123505976 0.2805059523809524 0.8695219123505976 0.2805059523809524 0.7141434262948207 0.171875 0.7141434262948207 0.171875 0.8695219123505976
0 0.3474702380952381 1 0.3474702380952381 0.9342629482071713 0.2418154761904762 0.9342629482071713 0.2418154761904762 1 0.3474702380952381 1
0 0.11904761904761904 0.750996015936255 0.21726190476190477 0.750996015936255 0.21726190476190477 0.601593625498008 0.11904761904761904 0.601593625498008 0.11904761904761904 0.750996015936255
0 0.46577380952380953 0 0.46577380952380953 0.09362549800796813 0.5372023809523809 0.09362549800796813 0.5372023809523809 0 0.46577380952380953 0
0 0.19270833333333334 0.28087649402390436 0.27306547619047616 0.28087649402390436 0.27306547619047616 0.1593625498007968 0.19270833333333334 0.1593625498007968 0.19270833333333334 0.28087649402390436
0 0.22767857142857142 0.2241035856573705 0.3125 0.2241035856573705 0.3125 0.10458167330677291 0.22767857142857142 0.10458167330677291 0.22767857142857142 0.2241035856573705
0 0.25297619047619047 0.9302788844621513 0.35119047619047616 0.9302788844621513 0.35119047619047616 0.7788844621513944 0.25297619047619047 0.7788844621513944 0.25297619047619047 0.9302788844621513
0 0.09672619047619048 0.6115537848605578 0.18303571428571427 0.6115537848605578 0.18303571428571427 0.47808764940239046 0.09672619047619048 0.47808764940239046 0.09672619047619048 0.6115537848605578
0 0.6116071428571429 0.5667330677290837 0.6860119047619048 0.5667330677290837 0.6860119047619048 0.43326693227091634 0.6116071428571429 0.43326693227091634 0.6116071428571429 0.5667330677290837
0 0.18080357142857142 0.601593625498008 0.2864583333333333 0.601593625498008 0.2864583333333333 0.4681274900398406 0.18080357142857142 0.4681274900398406 0.18080357142857142 0.601593625498008
0 0.40773809523809523 0.9402390438247012 0.5014880952380952 0.9402390438247012 0.5014880952380952 0.8187250996015937 0.40773809523809523 0.8187250996015937 0.40773809523809523 0.9402390438247012