0 0.4610655737704918 0.7536363636363637 0.5307377049180327 0.7536363636363637 0.5307377049180327 0.6372727272727273 0.4610655737704918 0.6372727272727273 0.4610655737704918 0.7536363636363637
0 0.3176229508196721 0.4109090909090909 0.3722677595628415 0.4109090909090909 0.3722677595628415 0.3090909090909091 0.3176229508196721 0.3090909090909091 0.3176229508196721 0.4109090909090909
0 0.28620218579234974 0.18545454545454546 0.33811475409836067 0.18545454545454546 0.33811475409836067 0.09272727272727273 0.28620218579234974 0.09272727272727273 0.28620218579234974 0.18545454545454546
0 0.6065573770491803 0.3527272727272727 0.657103825136612 0.3527272727272727 0.657103825136612 0.2636363636363636 0.6065573770491803 0.2636363636363636 0.6065573770491803 0.3527272727272727
0 0.383879781420765 0.6654545454545454 0.4521857923497268 0.6654545454545454 0.4521857923497268 0.5472727272727272 0.383879781420765 0.5472727272727272 0.383879781420765 0.6654545454545454
0 0.5286885245901639 0.9990909090909091 0.5997267759562842 0.9990909090909091 0.5997267759562842 0.93 0.5286885245901639 0.93 0.5286885245901639 0.9990909090909091
0 0.14344262295081966 0.5990909090909091 0.21448087431693988 0.5990909090909091 0.21448087431693988 0.48454545454545456 0.14344262295081966 0.48454545454545456 0.14344262295081966 0.5990909090909091
0 0.2609289617486339 0.6954545454545454 0.32786885245901637 0.6954545454545454 0.32786885245901637 0.5809090909090909 0.2609289617486339 0.5809090909090909 0.2609289617486339 0.6954545454545454
0 0.8545081967213115 0.9009090909090909 0.9118852459016393 0.9009090909090909 0.9118852459016393 0.79 0.8545081967213115 0.79 0.8545081967213115 0.9009090909090909
0 0.3442622950819672 0.5627272727272727 0.412568306010929 0.5627272727272727 0.412568306010929 0.44636363636363635 0.3442622950819672 0.44636363636363635 0.3442622950819672 0.5627272727272727
0 0.45081967213114754 0.3809090909090909 0.5095628415300546 0.3809090909090909 0.5095628415300546 0.2881818181818182 0.45081967213114754 0.2881818181818182 0.45081967213114754 0.3809090909090909
0 0.5587431693989071 0.6663636363636364 0.6202185792349727 0.6663636363636364 0.6202185792349727 0.5627272727272727 0.5587431693989071 0.5627272727272727 0.5587431693989071 0.6663636363636364
0 0.1489071038251366 0.7663636363636364 0.2185792349726776 0.7663636363636364 0.2185792349726776 0.6554545454545454 0.1489071038251366 0.6554545454545454 0.1489071038251366 0.7663636363636364
0 0.4180327868852459 0.9527272727272728 0.4918032786885246 0.9527272727272728 0.4918032786885246 0.8363636363636363 0.4180327868852459 0.8363636363636363 0.4180327868852459 0.9527272727272728
0 0.31898907103825136 0.6218181818181818 0.39139344262295084 0.6218181818181818 0.39139344262295084 0.509090909090909 0.31898907103825136 0.509090909090909 0.31898907103825136 0.6218181818181818
0 0.5211748633879781 0.7981818181818182 0.5826502732240437 0.7981818181818182 0.5826502732240437 0.6854545454545454 0.5211748633879781 0.6854545454545454 0.5211748633879781 0.7981818181818182
0 0.1994535519125683 0.43 0.2609289617486339 0.43 0.2609289617486339 0.31363636363636366 0.1994535519125683 0.31363636363636366 0.1994535519125683 0.43
0 0.7144808743169399 0.6018181818181818 0.7622950819672131 0.6018181818181818 0.7622950819672131 0.5272727272727272 0.7144808743169399 0.5272727272727272 0.7144808743169399 0.6018181818181818
0 0.6188524590163934 0.71 0.6775956284153005 0.71 0.6775956284153005 0.5990909090909091 0.6188524590163934 0.5990909090909091 0.6188524590163934 0.71
0 0.5396174863387978 0.19454545454545455 0.587431693989071 0.19454545454545455 0.587431693989071 0.10363636363636364 0.5396174863387978 0.10363636363636364 0.5396174863387978 0.19454545454545455
0 0.6857923497267759 0.7381818181818182 0.7336065573770492 0.7381818181818182 0.7336065573770492 0.6363636363636364 0.6857923497267759 0.6363636363636364 0.6857923497267759 0.7381818181818182
0 0.3948087431693989 0.3527272727272727 0.453551912568306 0.3527272727272727 0.453551912568306 0.24909090909090909 0.3948087431693989 0.24909090909090909 0.3948087431693989 0.3527272727272727
0 0.21789617486338797 0.8072727272727273 0.29439890710382516 0.8072727272727273 0.29439890710382516 0.6981818181818182 0.21789617486338797 0.6981818181818182 0.21789617486338797 0.8072727272727273
0 0.375 0.3981818181818182 0.42418032786885246 0.3981818181818182 0.42418032786885246 0.29454545454545455 0.375 0.29454545454545455 0.375 0.3981818181818182
0 0.4248633879781421 0.09818181818181818 0.4713114754098361 0.09818181818181818 0.4713114754098361 0.014545454545454545 0.4248633879781421 0.014545454545454545 0.4248633879781421 0.09818181818181818
0 0.4644808743169399 0.2 0.5109289617486339 0.2 0.5109289617486339 0.10909090909090909 0.4644808743169399 0.10909090909090909 0.4644808743169399 0.2
0 0.6004098360655737 0.6063636363636363 0.6495901639344263 0.6063636363636363 0.6495901639344263 0.5045454545454545 0.6004098360655737 0.5045454545454545 0.6004098360655737 0.6063636363636363
0 0.4952185792349727 0.6718181818181819 0.549863387978142 0.6718181818181819 0.549863387978142 0.5845454545454546 0.4952185792349727 0.5845454545454546 0.4952185792349727 0.6718181818181819
0 0.7117486338797814 0.9990909090909091 0.7745901639344263 0.9990909090909091 0.7745901639344263 0.9245454545454546 0.7117486338797814 0.9245454545454546 0.7117486338797814 0.9990909090909091
0 0.11885245901639344 0.20727272727272728 0.18032786885245902 0.20727272727272728 0.18032786885245902 0.10181818181818182 0.11885245901639344 0.10181818181818182 0.11885245901639344 0.20727272727272728
0 0.08128415300546447 0.2509090909090909 0.1413934426229508 0.2509090909090909 0.1413934426229508 0.14909090909090908 0.08128415300546447 0.14909090909090908 0.08128415300546447 0.2509090909090909
0 0.26024590163934425 0.4218181818181818 0.3162568306010929 0.4218181818181818 0.3162568306010929 0.3090909090909091 0.26024590163934425 0.3090909090909091 0.26024590163934425 0.4218181818181818
0 0.41325136612021857 0.28454545454545455 0.4692622950819672 0.28454545454545455 0.4692622950819672 0.20454545454545456 0.41325136612021857 0.20454545454545456 0.41325136612021857 0.28454545454545455
0 0.5853825136612022 0.509090909090909 0.6413934426229508 0.509090909090909 0.6413934426229508 0.4072727272727273 0.5853825136612022 0.4072727272727273 0.5853825136612022 0.509090909090909
0 0.5826502732240437 0.22454545454545455 0.6263661202185792 0.22454545454545455 0.6263661202185792 0.1481818181818182 0.5826502732240437 0.1481818181818182 0.5826502732240437 0.22454545454545455
0 0.16666666666666666 0.16 0.22950819672131148 0.16 0.22950819672131148 0.05818181818181818 0.16666666666666666 0.05818181818181818 0.16666666666666666 0.16
0 0.4808743169398907 0.29545454545454547 0.5341530054644809 0.29545454545454547 0.5341530054644809 0.19363636363636363 0.4808743169398907 0.19363636363636363 0.4808743169398907 0.29545454545454547
0 0.6844262295081968 0.3890909090909091 0.7349726775956285 0.3890909090909091 0.7349726775956285 0.2927272727272727 0.6844262295081968 0.2927272727272727 0.6844262295081968 0.3890909090909091
0 0.8920765027322405 0.9936363636363637 0.9576502732240437 0.9936363636363637 0.9576502732240437 0.89 0.8920765027322405 0.89 0.8920765027322405 0.9936363636363637
0 0.5724043715846995 0.14636363636363636 0.6256830601092896 0.14636363636363636 0.6256830601092896 0.06636363636363636 0.5724043715846995 0.06636363636363636 0.5724043715846995 0.14636363636363636
0 0.36953551912568305 0.08727272727272728 0.42418032786885246 0.08727272727272728 0.42418032786885246 0.00909090909090909 0.36953551912568305 0.00909090909090909 0.36953551912568305 0.08727272727272728
0 0.05874316939890711 0.5054545454545455 0.12704918032786885 0.5054545454545455 0.12704918032786885 0.39090909090909093 0.05874316939890711 0.39090909090909093 0.05874316939890711 0.5054545454545455
0 0.4726775956284153 0.08818181818181818 0.5191256830601093 0.08818181818181818 0.5191256830601093 0.006363636363636364 0.4726775956284153 0.006363636363636364 0.4726775956284153 0.08818181818181818
0 0.7561475409836066 0.6563636363636364 0.8107923497267759 0.6563636363636364 0.8107923497267759 0.56 0.7561475409836066 0.56 0.7561475409836066 0.6563636363636364
0 0.7793715846994536 0.9990909090909091 0.8271857923497268 0.9990909090909091 0.8271857923497268 0.9554545454545454 0.7793715846994536 0.9554545454545454 0.7793715846994536 0.9990909090909091
0 0.5170765027322405 0.5545454545454546 0.578551912568306 0.5545454545454546 0.578551912568306 0.4690909090909091 0.5170765027322405 0.4690909090909091 0.5170765027322405 0.5545454545454546
0 0.3401639344262295 0.1781818181818182 0.3907103825136612 0.1781818181818182 0.3907103825136612 0.09454545454545454 0.3401639344262295 0.09454545454545454 0.3401639344262295 0.1781818181818182
0 0.6468579234972678 0.9918181818181818 0.717896174863388 0.9918181818181818 0.717896174863388 0.8881818181818182 0.6468579234972678 0.8881818181818182 0.6468579234972678 0.9918181818181818
0 0.6721311475409836 0.5872727272727273 0.7226775956284153 0.5872727272727273 0.7226775956284153 0.46545454545454545 0.6721311475409836 0.46545454545454545 0.6721311475409836 0.5872727272727273
0 0.6222677595628415 0.18272727272727274 0.6687158469945356 0.18272727272727274 0.6687158469945356 0.09909090909090909 0.6222677595628415 0.09909090909090909 0.6222677595628415 0.18272727272727274
0 0.3483606557377049 0.12454545454545454 0.40846994535519127 0.12454545454545454 0.40846994535519127 0.03909090909090909 0.3483606557377049 0.03909090909090909 0.3483606557377049 0.12454545454545454
0 0.19467213114754098 0.10818181818181818 0.25341530054644806 0.10818181818181818 0.25341530054644806 0.022727272727272728 0.19467213114754098 0.022727272727272728 0.19467213114754098 0.10818181818181818
0 0.8210382513661202 0.9990909090909091 0.8756830601092896 0.9990909090909091 0.8756830601092896 0.93 0.8210382513661202 0.93 0.8210382513661202 0.9990909090909091
0 0.7254098360655737 0.9318181818181818 0.7786885245901639 0.9318181818181818 0.7786885245901639 0.8536363636363636 0.7254098360655737 0.8536363636363636 0.7254098360655737 0.9318181818181818
0 0.7240437158469946 0.4627272727272727 0.7718579234972678 0.4627272727272727 0.7718579234972678 0.37727272727272726 0.7240437158469946 0.37727272727272726 0.7240437158469946 0.4627272727272727
0 0.6386612021857924 0.5018181818181818 0.6905737704918032 0.5018181818181818 0.6905737704918032 0.3927272727272727 0.6386612021857924 0.3927272727272727 0.6386612021857924 0.5018181818181818
0 0.4057377049180328 0.17 0.4521857923497268 0.17 0.4521857923497268 0.08818181818181818 0.4057377049180328 0.08818181818181818 0.4057377049180328 0.17
0 0.24112021857923496 0 0.24112021857923496 0.07818181818181819 0.3012295081967213 0.07818181818181819 0.3012295081967213 0 0.24112021857923496 0
0 0.703551912568306 0.5163636363636364 0.7540983606557377 0.5163636363636364 0.7540983606557377 0.41818181818181815 0.703551912568306 0.41818181818181815 0.703551912568306 0.5163636363636364
0 0.5040983606557377 0.6136363636363636 0.5614754098360656 0.6136363636363636 0.5614754098360656 0.5263636363636364 0.5040983606557377 0.5263636363636364 0.5040983606557377 0.6136363636363636
0 0.5642076502732241 0 0.5642076502732241 0.06909090909090909 0.610655737704918 0.06909090909090909 0.610655737704918 0 0.5642076502732241 0
0 0.6297814207650273 0.9981818181818182 0.6871584699453552 0.9981818181818182 0.6871584699453552 0.9636363636363636 0.6297814207650273 0.9636363636363636 0.6297814207650273 0.9981818181818182
0 0.4822404371584699 0.15636363636363637 0.5355191256830601 0.15636363636363637 0.5355191256830601 0.08 0.4822404371584699 0.08 0.4822404371584699 0.15636363636363637
0 0.8203551912568307 0.72 0.8722677595628415 0.72 0.8722677595628415 0.6381818181818182 0.8203551912568307 0.6381818181818182 0.8203551912568307 0.72
0 0 0.9990909090909091 0.012295081967213115 0.9990909090909091 0.012295081967213115 0.95 0 0.95 0 0.9990909090909091
0 0.6953551912568307 0.6718181818181819 0.7513661202185792 0.6718181818181819 0.7513661202185792 0.5827272727272728 0.6953551912568307 0.5827272727272728 0.6953551912568307 0.6718181818181819
0 0.7739071038251366 0.5645454545454546 0.8162568306010929 0.5645454545454546 0.8162568306010929 0.5027272727272727 0.7739071038251366 0.5027272727272727 0.7739071038251366 0.5645454545454546
0 0.9112021857923497 0.889090909090909 0.9521857923497268 0.889090909090909 0.9521857923497268 0.8290909090909091 0.9112021857923497 0.8290909090909091 0.9112021857923497 0.889090909090909
0 0.7404371584699454 0.3881818181818182 0.7745901639344263 0.3881818181818182 0.7745901639344263 0.31363636363636366 0.7404371584699454 0.31363636363636366 0.7404371584699454 0.3881818181818182
0 0.4077868852459016 0.9981818181818182 0.46789617486338797 0.9981818181818182 0.46789617486338797 0.9727272727272728 0.4077868852459016 0.9727272727272728 0.4077868852459016 0.9981818181818182