0 0.5360443622920518 0.759375 0.6608133086876156 0.759375 0.6608133086876156 0.321875 0.5360443622920518 0.321875 0.5360443622920518 0.759375
0 0.6709796672828097 0 0.6709796672828097 0.2515625 0.762014787430684 0.2515625 0.762014787430684 0 0.6709796672828097 0
0 0.7795748613678374 0 0.7795748613678374 0.171875 0.8461182994454713 0.171875 0.8461182994454713 0 0.7795748613678374 0
0 0.3006007393715342 1 0.3006007393715342 0.6453125 0.21372458410351203 0.6453125 0.21372458410351203 1 0.3006007393715342 1
0 0.3183918669131238 0.334375 0.38308687615526804 0.334375 0.38308687615526804 0.08125 0.3183918669131238 0.08125 0.3183918669131238 0.334375
0 0.2809611829944547 0.75078125 0.36044362292051757 0.75078125 0.36044362292051757 0.37578125 0.2809611829944547 0.37578125 0.2809611829944547 0.75078125
0 0.6176062846580407 0.6078125 0.7252772643253235 0.6078125 0.7252772643253235 0.2203125 0.6176062846580407 0.2203125 0.6176062846580407 0.6078125
0 0.5681608133086876 0.30859375 0.6434842883548983 0.30859375 0.6434842883548983 0.02421875 0.5681608133086876 0.02421875 0.5681608133086876 0.30859375
0 0.41589648798521256 0.23515625 0.488909426987061 0.23515625 0.488909426987061 0.00390625 0.41589648798521256 0.00390625 0.41589648798521256 0.23515625
0 0.51409426987061 1 0.51409426987061 0.68125 0.391173752310536 0.68125 0.391173752310536 1 0.51409426987061 1
0 0.633086876155268 1 0.633086876155268 0.8015625 0.5180221811460258 0.8015625 0.5180221811460258 1 0.633086876155268 1
0 0.4436229205175601 0.821875 0.5397412199630314 0.821875 0.5397412199630314 0.4015625 0.4436229205175601 0.4015625 0.4436229205175601 0.821875
0 0.3435767097966728 0.4734375 0.41751386321626616 0.4734375 0.41751386321626616 0.1828125 0.3435767097966728 0.1828125 0.3435767097966728 0.4734375
0 0.4154343807763401 0.5453125 0.49306839186691315 0.5453125 0.49306839186691315 0.20625 0.4154343807763401 0.20625 0.4154343807763401 0.5453125
0 0.38793900184842883 1 0.38793900184842883 0.8125 0.2779574861367837 0.8125 0.2779574861367837 1 0.38793900184842883 1
0 0.22435304990757857 0.61640625 0.2904343807763401 0.61640625 0.2904343807763401 0.31328125 0.22435304990757857 0.31328125 0.22435304990757857 0.61640625
0 0.35351201478743066 0.88046875 0.4403881700554529 0.88046875 0.4403881700554529 0.46796875 0.35351201478743066 0.46796875 0.35351201478743066 0.88046875
0 0.49953789279112754 0.48515625 0.5720887245841035 0.48515625 0.5720887245841035 0.16640625 0.49953789279112754 0.16640625 0.49953789279112754 0.48515625
0 0.48451940850277264 0.29375 0.5672365988909427 0.29375 0.5672365988909427 0.0140625 0.48451940850277264 0.0140625 0.48451940850277264 0.29375
0 0.574630314232902 0 0.574630314232902 0.0921875 0.6402495378927912 0.0921875 0.6402495378927912 0 0.574630314232902 0
0 0.6404805914972274 0 0.6404805914972274 0.1484375 0.677449168207024 0.1484375 0.677449168207024 0 0.6404805914972274 0
0 0.46164510166358597 0 0.46164510166358597 0.08125 0.5069316081330869 0.08125 0.5069316081330869 0 0.46164510166358597 0
0 0.5067005545286506 0 0.5067005545286506 0.05 0.5700092421441775 0.05 0.5700092421441775 0 0.5067005545286506 0
0 0.7525415896487985 0 0.7525415896487985 0.028125 0.7687153419593346 0.028125 0.7687153419593346 0 0.7525415896487985 0