0 0.3947265625 0.9122395833333333 0.5626953125 0.9122395833333333 0.5626953125 0.68359375 0.3947265625 0.68359375 0.3947265625 0.9122395833333333
0 0.939453125 1 0.939453125 0.8348958333333333 0.720703125 0.8348958333333333 0.720703125 1 0.939453125 1
0 0.6185546875 0.9643229166666667 0.7876953125 0.9643229166666667 0.7876953125 0.71953125 0.6185546875 0.71953125 0.6185546875 0.9643229166666667
0 0.42265625 1 0.42265625 0.7567708333333333 0.23515625 0.7567708333333333 0.23515625 1 0.42265625 1
0 0.3400390625 0.3190104166666667 0.3912109375 0.3190104166666667 0.3912109375 0.24609375 0.3400390625 0.24609375 0.3400390625 0.3190104166666667
0 0.5357421875 0.315625 0.6013671875 0.315625 0.6013671875 0.24166666666666667 0.5357421875 0.24166666666666667 0.5357421875 0.315625
0 0.0892578125 0.39166666666666666 0.1591796875 0.39166666666666666 0.1591796875 0.3 0.0892578125 0.3 0.0892578125 0.39166666666666666
0 0.3744140625 0.37994791666666666 0.4486328125 0.37994791666666666 0.4486328125 0.2825520833333333 0.3744140625 0.2825520833333333 0.3744140625 0.37994791666666666
0 0.038671875 0.35390625 0.0875 0.35390625 0.0875 0.28046875 0.038671875 0.28046875 0.038671875 0.35390625
0 0.468359375 0.31015625 0.520703125 0.31015625 0.520703125 0.23411458333333332 0.468359375 0.23411458333333332 0.468359375 0.31015625
0 0.0001953125 0.840625 0.0322265625 0.840625 0.0322265625 0.6744791666666666 0.0001953125 0.6744791666666666 0.0001953125 0.840625
0 0.2798828125 0.3294270833333333 0.3404296875 0.3294270833333333 0.3404296875 0.24973958333333332 0.2798828125 0.24973958333333332 0.2798828125 0.3294270833333333
0 0.6638671875 0.36770833333333336 0.7271484375 0.36770833333333336 0.7271484375 0.275 0.6638671875 0.275 0.6638671875 0.36770833333333336
0 0.766015625 0.42265625 0.831640625 0.42265625 0.831640625 0.33203125 0.766015625 0.33203125 0.766015625 0.42265625
0 0.7171875 0.3578125 0.763671875 0.3578125 0.763671875 0.28072916666666664 0.7171875 0.28072916666666664 0.7171875 0.3578125
0 0.0388671875 0.2916666666666667 0.0826171875 0.2916666666666667 0.0826171875 0.24010416666666667 0.0388671875 0.24010416666666667 0.0388671875 0.2916666666666667
0 0.824609375 0.3723958333333333 0.876171875 0.3723958333333333 0.876171875 0.3020833333333333 0.824609375 0.3020833333333333 0.824609375 0.3723958333333333
0 0.4498046875 0.25338541666666664 0.4962890625 0.25338541666666664 0.4962890625 0.20911458333333333 0.4498046875 0.20911458333333333 0.4498046875 0.25338541666666664
0 0.1525390625 0.31197916666666664 0.2037109375 0.31197916666666664 0.2037109375 0.24375 0.1525390625 0.24375 0.1525390625 0.31197916666666664
0 0.764453125 0.3455729166666667 0.815625 0.3455729166666667 0.815625 0.29401041666666666 0.764453125 0.29401041666666666 0.764453125 0.3455729166666667
0 0.8125 0.4046875 0.860546875 0.4046875 0.860546875 0.3255208333333333 0.8125 0.3255208333333333 0.8125 0.4046875
0 0.130078125 0.32890625 0.176953125 0.32890625 0.176953125 0.26223958333333336 0.130078125 0.26223958333333336 0.130078125 0.32890625
0 0.0802734375 0.29791666666666666 0.1208984375 0.29791666666666666 0.1208984375 0.25833333333333336 0.0802734375 0.25833333333333336 0.0802734375 0.29791666666666666
0 0.2705078125 0.296875 0.3263671875 0.296875 0.3263671875 0.23333333333333334 0.2705078125 0.23333333333333334 0.2705078125 0.296875
0 0.083203125 0.35234375 0.144140625 0.35234375 0.144140625 0.27682291666666664 0.083203125 0.27682291666666664 0.083203125 0.35234375
0 0.65625 0.27578125 0.700390625 0.27578125 0.700390625 0.22578125 0.65625 0.22578125 0.65625 0.27578125
0 0.3931640625 0.3375 0.4701171875 0.3375 0.4701171875 0.25833333333333336 0.3931640625 0.25833333333333336 0.3931640625 0.3375
0 0.7451171875 0.3145833333333333 0.7892578125 0.3145833333333333 0.7892578125 0.2708333333333333 0.7451171875 0.2708333333333333 0.7451171875 0.3145833333333333
0 0.4224609375 0.29713541666666665 0.4724609375 0.29713541666666665 0.4724609375 0.24348958333333334 0.4224609375 0.24348958333333334 0.4224609375 0.29713541666666665
0 0.12890625 0.2713541666666667 0.166015625 0.2713541666666667 0.166015625 0.2390625 0.12890625 0.2390625 0.12890625 0.2713541666666667