0 0.5330078125 1 0.5330078125 0.7854166666666667 0.3400390625 0.7854166666666667 0.3400390625 1 0.5330078125 1
0 0.0642578125 0.7033854166666667 0.2076171875 0.7033854166666667 0.2076171875 0.53671875 0.0642578125 0.53671875 0.0642578125 0.7033854166666667
0 0.999609375 1 0.999609375 0.8479166666666667 0.819140625 0.8479166666666667 0.819140625 1 0.999609375 1
0 0 0.7614583333333333 0.08125 0.7614583333333333 0.08125 0.5927083333333333 0 0.5927083333333333 0 0.7614583333333333
0 0.9115234375 0.8989583333333333 0.9990234375 0.8989583333333333 0.9990234375 0.7322916666666667 0.9115234375 0.7322916666666667 0.9115234375 0.8989583333333333
0 0.1826171875 0.31302083333333336 0.2380859375 0.31302083333333336 0.2380859375 0.24010416666666667 0.1826171875 0.24010416666666667 0.1826171875 0.31302083333333336
0 0.01484375 0.32708333333333334 0.0625 0.32708333333333334 0.0625 0.26197916666666665 0.01484375 0.26197916666666665 0.01484375 0.32708333333333334
0 0.8109375 0.3611979166666667 0.860546875 0.3611979166666667 0.860546875 0.2903645833333333 0.8109375 0.2903645833333333 0.8109375 0.3611979166666667
0 0.5791015625 0.33567708333333335 0.6330078125 0.33567708333333335 0.6330078125 0.25755208333333335 0.5791015625 0.25755208333333335 0.5791015625 0.33567708333333335
0 0.1080078125 0.3046875 0.1490234375 0.3046875 0.1490234375 0.24427083333333333 0.1080078125 0.24427083333333333 0.1080078125 0.3046875
0 0.0619140625 0.3307291666666667 0.1154296875 0.3307291666666667 0.1154296875 0.2520833333333333 0.0619140625 0.2520833333333333 0.0619140625 0.3307291666666667
0 0.6166015625 0.3645833333333333 0.6767578125 0.3645833333333333 0.6767578125 0.28125 0.6166015625 0.28125 0.6166015625 0.3645833333333333
0 0.4767578125 0.2716145833333333 0.5244140625 0.2716145833333333 0.5244140625 0.21119791666666668 0.4767578125 0.21119791666666668 0.4767578125 0.2716145833333333
0 0.5466796875 0.28359375 0.5978515625 0.28359375 0.5978515625 0.22265625 0.5466796875 0.22265625 0.5466796875 0.28359375
0 0.9375 0.415625 0.984375 0.415625 0.984375 0.3489583333333333 0.9375 0.3489583333333333 0.9375 0.415625
0 0.0001953125 0.33671875 0.0142578125 0.33671875 0.0142578125 0.2799479166666667 0.0001953125 0.2799479166666667 0.0001953125 0.33671875
0 0.626171875 0.29583333333333334 0.67890625 0.29583333333333334 0.67890625 0.24739583333333334 0.626171875 0.24739583333333334 0.626171875 0.29583333333333334
0 0.962109375 0.45755208333333336 0.999609375 0.45755208333333336 0.999609375 0.37265625 0.962109375 0.37265625 0.962109375 0.45755208333333336
0 0.4892578125 0.3653645833333333 0.5607421875 0.3653645833333333 0.5607421875 0.28359375 0.4892578125 0.28359375 0.4892578125 0.3653645833333333
0 0.0001953125 0.8403645833333333 0.0166015625 0.8403645833333333 0.0166015625 0.7252604166666666 0.0001953125 0.7252604166666666 0.0001953125 0.8403645833333333
0 0.4935546875 0.30416666666666664 0.5533203125 0.30416666666666664 0.5533203125 0.253125 0.4935546875 0.253125 0.4935546875 0.30416666666666664
0 0.5099609375 0.27682291666666664 0.5548828125 0.27682291666666664 0.5548828125 0.23776041666666667 0.5099609375 0.23776041666666667 0.5099609375 0.27682291666666664
0 0.0490234375 0.2794270833333333 0.0849609375 0.2794270833333333 0.0849609375 0.24453125 0.0490234375 0.24453125 0.0490234375 0.2794270833333333
0 0.9474609375 0.36640625 0.9896484375 0.36640625 0.9896484375 0.33151041666666664 0.9474609375 0.33151041666666664 0.9474609375 0.36640625
0 0.990625 0.38229166666666664 0.999609375 0.38229166666666664 0.999609375 0.35260416666666666 0.990625 0.35260416666666666 0.990625 0.38229166666666664