0 0.27527322404371585 0.18363636363636363 0.3394808743169399 0.18363636363636363 0.3394808743169399 0.08 0.27527322404371585 0.08 0.27527322404371585 0.18363636363636363
0 0.3292349726775956 0.21818181818181817 0.3866120218579235 0.21818181818181817 0.3866120218579235 0.12181818181818181 0.3292349726775956 0.12181818181818181 0.3292349726775956 0.21818181818181817
0 0.0778688524590164 0.4309090909090909 0.14754098360655737 0.4309090909090909 0.14754098360655737 0.32545454545454544 0.0778688524590164 0.32545454545454544 0.0778688524590164 0.4309090909090909
0 0.42691256830601093 0.43727272727272726 0.4801912568306011 0.43727272727272726 0.4801912568306011 0.3390909090909091 0.42691256830601093 0.3390909090909091 0.42691256830601093 0.43727272727272726
0 0.4713114754098361 0.6309090909090909 0.5314207650273224 0.6309090909090909 0.5314207650273224 0.5254545454545455 0.4713114754098361 0.5254545454545455 0.4713114754098361 0.6309090909090909
0 0.47950819672131145 0.47 0.5341530054644809 0.47 0.5341530054644809 0.3609090909090909 0.47950819672131145 0.3609090909090909 0.47950819672131145 0.47
0 0.4228142076502732 0.1618181818181818 0.4774590163934426 0.1618181818181818 0.4774590163934426 0.07272727272727272 0.4228142076502732 0.07272727272727272 0.4228142076502732 0.1618181818181818
0 0.5566939890710383 0.5045454545454545 0.6113387978142076 0.5045454545454545 0.6113387978142076 0.40454545454545454 0.5566939890710383 0.40454545454545454 0.5566939890710383 0.5045454545454545
0 0.6475409836065574 0.3418181818181818 0.7049180327868853 0.3418181818181818 0.7049180327868853 0.24727272727272728 0.6475409836065574 0.24727272727272728 0.6475409836065574 0.3418181818181818
0 0.2342896174863388 0.32181818181818184 0.2998633879781421 0.32181818181818184 0.2998633879781421 0.21636363636363637 0.2342896174863388 0.21636363636363637 0.2342896174863388 0.32181818181818184
0 0.5846994535519126 0.9990909090909091 0.657103825136612 0.9990909090909091 0.657103825136612 0.8954545454545455 0.5846994535519126 0.8954545454545455 0.5846994535519126 0.9990909090909091
0 0.1687158469945355 0.6963636363636364 0.2465846994535519 0.6963636363636364 0.2465846994535519 0.5890909090909091 0.1687158469945355 0.5890909090909091 0.1687158469945355 0.6963636363636364
0 0.6550546448087432 0.5318181818181819 0.7083333333333334 0.5318181818181819 0.7083333333333334 0.42818181818181816 0.6550546448087432 0.42818181818181816 0.6550546448087432 0.5318181818181819
0 0.20901639344262296 0.11272727272727273 0.27049180327868855 0.11272727272727273 0.27049180327868855 0.01090909090909091 0.20901639344262296 0.01090909090909091 0.20901639344262296 0.11272727272727273
0 0.48155737704918034 0.19363636363636363 0.532103825136612 0.19363636363636363 0.532103825136612 0.10636363636363637 0.48155737704918034 0.10636363636363637 0.48155737704918034 0.19363636363636363
0 0.148224043715847 0.42454545454545456 0.20969945355191258 0.42454545454545456 0.20969945355191258 0.3209090909090909 0.148224043715847 0.3209090909090909 0.148224043715847 0.42454545454545456
0 0.3668032786885246 0.13363636363636364 0.4228142076502732 0.13363636363636364 0.4228142076502732 0.04090909090909091 0.3668032786885246 0.04090909090909091 0.3668032786885246 0.13363636363636364
0 0.21311475409836064 0.41454545454545455 0.2786885245901639 0.41454545454545455 0.2786885245901639 0.31272727272727274 0.21311475409836064 0.31272727272727274 0.21311475409836064 0.41454545454545455
0 0.40846994535519127 0.7627272727272727 0.47540983606557374 0.7627272727272727 0.47540983606557374 0.6518181818181819 0.40846994535519127 0.6518181818181819 0.40846994535519127 0.7627272727272727
0 0.24385245901639344 0.7372727272727273 0.3135245901639344 0.7372727272727273 0.3135245901639344 0.63 0.24385245901639344 0.63 0.24385245901639344 0.7372727272727273
0 0.4105191256830601 0.08 0.4610655737704918 0.08 0.4610655737704918 0.005454545454545455 0.4105191256830601 0.005454545454545455 0.4105191256830601 0.08
0 0.6140710382513661 0.44272727272727275 0.6632513661202186 0.44272727272727275 0.6632513661202186 0.34454545454545454 0.6140710382513661 0.34454545454545454 0.6140710382513661 0.44272727272727275
0 0.4474043715846995 0.3709090909090909 0.5034153005464481 0.3709090909090909 0.5034153005464481 0.28909090909090907 0.4474043715846995 0.28909090909090907 0.4474043715846995 0.3709090909090909
0 0.3941256830601093 0.5909090909090909 0.46379781420765026 0.5909090909090909 0.46379781420765026 0.4909090909090909 0.3941256830601093 0.4909090909090909 0.3941256830601093 0.5909090909090909
0 0.33674863387978143 0.39 0.40095628415300544 0.39 0.40095628415300544 0.2990909090909091 0.33674863387978143 0.2990909090909091 0.33674863387978143 0.39
0 0.1994535519125683 0.6227272727272727 0.2650273224043716 0.6227272727272727 0.2650273224043716 0.5154545454545455 0.1994535519125683 0.5154545454545455 0.1994535519125683 0.6227272727272727
0 0.5095628415300546 0.42363636363636364 0.5642076502732241 0.42363636363636364 0.5642076502732241 0.3236363636363636 0.5095628415300546 0.3236363636363636 0.5095628415300546 0.42363636363636364
0 0.14959016393442623 0 0.14959016393442623 0.07454545454545454 0.21243169398907105 0.07454545454545454 0.21243169398907105 0 0.14959016393442623 0
0 0.3094262295081967 0.12272727272727273 0.36133879781420764 0.12272727272727273 0.36133879781420764 0.05181818181818182 0.3094262295081967 0.05181818181818182 0.3094262295081967 0.12272727272727273
0 0.5683060109289617 0.4263636363636364 0.6147540983606558 0.4263636363636364 0.6147540983606558 0.35363636363636364 0.5683060109289617 0.35363636363636364 0.5683060109289617 0.4263636363636364
0 0.5601092896174863 0.15 0.6065573770491803 0.15 0.6065573770491803 0.06454545454545454 0.5601092896174863 0.06454545454545454 0.5601092896174863 0.15
0 0.5191256830601093 0.3418181818181818 0.569672131147541 0.3418181818181818 0.569672131147541 0.2727272727272727 0.5191256830601093 0.2727272727272727 0.5191256830601093 0.3418181818181818
0 0.8230874316939891 0.7327272727272728 0.869535519125683 0.7327272727272728 0.869535519125683 0.6327272727272727 0.8230874316939891 0.6327272727272727 0.8230874316939891 0.7327272727272728
0 0.7561475409836066 0.9481818181818182 0.8203551912568307 0.9481818181818182 0.8203551912568307 0.8318181818181818 0.7561475409836066 0.8318181818181818 0.7561475409836066 0.9481818181818182
0 0.5833333333333334 0.8963636363636364 0.6434426229508197 0.8963636363636364 0.6434426229508197 0.7781818181818182 0.5833333333333334 0.7781818181818182 0.5833333333333334 0.8963636363636364
0 0.7274590163934426 0.6572727272727272 0.7752732240437158 0.6572727272727272 0.7752732240437158 0.5590909090909091 0.7274590163934426 0.5590909090909091 0.7274590163934426 0.6572727272727272
0 0.6092896174863388 0.7636363636363637 0.6734972677595629 0.7636363636363637 0.6734972677595629 0.6472727272727272 0.6092896174863388 0.6472727272727272 0.6092896174863388 0.7636363636363637
0 0.6851092896174863 0.4218181818181818 0.7383879781420765 0.4218181818181818 0.7383879781420765 0.32545454545454544 0.6851092896174863 0.32545454545454544 0.6851092896174863 0.4218181818181818
0 0.1168032786885246 0.10909090909090909 0.15915300546448088 0.10909090909090909 0.15915300546448088 0.025454545454545455 0.1168032786885246 0.025454545454545455 0.1168032786885246 0.10909090909090909
0 0.31898907103825136 0.07727272727272727 0.36953551912568305 0.07727272727272727 0.36953551912568305 0.0027272727272727275 0.31898907103825136 0.0027272727272727275 0.31898907103825136 0.07727272727272727
0 0.5150273224043715 0.09818181818181818 0.5601092896174863 0.09818181818181818 0.5601092896174863 0.03636363636363636 0.5150273224043715 0.03636363636363636 0.5150273224043715 0.09818181818181818
0 0.9330601092896175 0.9981818181818182 0.9849726775956285 0.9981818181818182 0.9849726775956285 0.9218181818181819 0.9330601092896175 0.9218181818181819 0.9330601092896175 0.9981818181818182
0 0.8934426229508197 0.9272727272727272 0.9426229508196722 0.9272727272727272 0.9426229508196722 0.8272727272727273 0.8934426229508197 0.8272727272727273 0.8934426229508197 0.9272727272727272
0 0.7957650273224044 0.9990909090909091 0.8435792349726776 0.9990909090909091 0.8435792349726776 0.9354545454545454 0.7957650273224044 0.9354545454545454 0.7957650273224044 0.9990909090909091
0 0.6154371584699454 0.2409090909090909 0.6673497267759563 0.2409090909090909 0.6673497267759563 0.13 0.6154371584699454 0.13 0.6154371584699454 0.2409090909090909
0 0.6516393442622951 0.6818181818181818 0.7021857923497268 0.6818181818181818 0.7021857923497268 0.5890909090909091 0.6516393442622951 0.5890909090909091 0.6516393442622951 0.6818181818181818
0 0.5717213114754098 0.09 0.6181693989071039 0.09 0.6181693989071039 0.022727272727272728 0.5717213114754098 0.022727272727272728 0.5717213114754098 0.09
0 0.4959016393442623 0.15 0.5505464480874317 0.15 0.5505464480874317 0.07363636363636364 0.4959016393442623 0.07363636363636364 0.4959016393442623 0.15
0 0.48292349726775957 0 0.48292349726775957 0.056363636363636366 0.5334699453551912 0.056363636363636366 0.5334699453551912 0 0.48292349726775957 0
0 0.8586065573770492 0.9981818181818182 0.9118852459016393 0.9981818181818182 0.9118852459016393 0.9618181818181818 0.8586065573770492 0.9618181818181818 0.8586065573770492 0.9981818181818182
0 0 0.9481818181818182 0.01092896174863388 0.9481818181818182 0.01092896174863388 0.8845454545454545 0 0.8845454545454545 0 0.9481818181818182