0 0.5416666666666666 0.9990909090909091 0.6113387978142076 0.9990909090909091 0.6113387978142076 0.9263636363636364 0.5416666666666666 0.9263636363636364 0.5416666666666666 0.9990909090909091
0 0.20355191256830601 0.64 0.2773224043715847 0.64 0.2773224043715847 0.5254545454545455 0.20355191256830601 0.5254545454545455 0.20355191256830601 0.64
0 0.18989071038251365 0.19454545454545455 0.2540983606557377 0.19454545454545455 0.2540983606557377 0.1 0.18989071038251365 0.1 0.18989071038251365 0.19454545454545455
0 0.5273224043715847 0.7954545454545454 0.5942622950819673 0.7954545454545454 0.5942622950819673 0.6809090909090909 0.5273224043715847 0.6809090909090909 0.5273224043715847 0.7954545454545454
0 0.3128415300546448 0.5172727272727272 0.383879781420765 0.5172727272727272 0.383879781420765 0.4027272727272727 0.3128415300546448 0.4027272727272727 0.3128415300546448 0.5172727272727272
0 0.3394808743169399 0.3563636363636364 0.40505464480874315 0.3563636363636364 0.40505464480874315 0.25636363636363635 0.3394808743169399 0.25636363636363635 0.3394808743169399 0.3563636363636364
0 0.38114754098360654 0.7736363636363637 0.4521857923497268 0.7736363636363637 0.4521857923497268 0.6645454545454546 0.38114754098360654 0.6645454545454546 0.38114754098360654 0.7736363636363637
0 0.1598360655737705 0.11545454545454545 0.21721311475409835 0.11545454545454545 0.21721311475409835 0.022727272727272728 0.1598360655737705 0.022727272727272728 0.1598360655737705 0.11545454545454545
0 0.4713114754098361 0.4263636363636364 0.5300546448087432 0.4263636363636364 0.5300546448087432 0.32272727272727275 0.4713114754098361 0.32272727272727275 0.4713114754098361 0.4263636363636364
0 0.28688524590163933 0.18272727272727274 0.34153005464480873 0.18272727272727274 0.34153005464480873 0.09 0.28688524590163933 0.09 0.28688524590163933 0.18272727272727274
0 0.7131147540983607 0.47 0.7622950819672131 0.47 0.7622950819672131 0.37545454545454543 0.7131147540983607 0.37545454545454543 0.7131147540983607 0.47
0 0.6653005464480874 0.7436363636363637 0.7213114754098361 0.7436363636363637 0.7213114754098361 0.6381818181818182 0.6653005464480874 0.6381818181818182 0.6653005464480874 0.7436363636363637
0 0.7691256830601093 0.8154545454545454 0.8169398907103825 0.8154545454545454 0.8169398907103825 0.7209090909090909 0.7691256830601093 0.7209090909090909 0.7691256830601093 0.8154545454545454
0 0.31898907103825136 0.8563636363636363 0.38456284153005466 0.8563636363636363 0.38456284153005466 0.74 0.31898907103825136 0.74 0.31898907103825136 0.8563636363636363
0 0.45901639344262296 0.9409090909090909 0.5286885245901639 0.9409090909090909 0.5286885245901639 0.8227272727272728 0.45901639344262296 0.8227272727272728 0.45901639344262296 0.9409090909090909
0 0.48975409836065575 0.5172727272727272 0.5403005464480874 0.5172727272727272 0.5403005464480874 0.4209090909090909 0.48975409836065575 0.4209090909090909 0.48975409836065575 0.5172727272727272
0 0.5963114754098361 0.77 0.6536885245901639 0.77 0.6536885245901639 0.6645454545454546 0.5963114754098361 0.6645454545454546 0.5963114754098361 0.77
0 0.4337431693989071 0.6418181818181818 0.5047814207650273 0.6418181818181818 0.5047814207650273 0.5418181818181819 0.4337431693989071 0.5418181818181819 0.4337431693989071 0.6418181818181818
0 0.8422131147540983 0.9990909090909091 0.8968579234972678 0.9990909090909091 0.8968579234972678 0.9227272727272727 0.8422131147540983 0.9227272727272727 0.8422131147540983 0.9990909090909091
0 0.3572404371584699 0.6745454545454546 0.4255464480874317 0.6745454545454546 0.4255464480874317 0.5545454545454546 0.3572404371584699 0.5545454545454546 0.3572404371584699 0.6745454545454546
0 0.717896174863388 0.85 0.7684426229508197 0.85 0.7684426229508197 0.7554545454545455 0.717896174863388 0.7554545454545455 0.717896174863388 0.85
0 0.6700819672131147 0.990909090909091 0.735655737704918 0.990909090909091 0.735655737704918 0.8781818181818182 0.6700819672131147 0.8781818181818182 0.6700819672131147 0.990909090909091
0 0.16120218579234974 0.8809090909090909 0.23497267759562843 0.8809090909090909 0.23497267759562843 0.7718181818181818 0.16120218579234974 0.7718181818181818 0.16120218579234974 0.8809090909090909
0 0.4583333333333333 0.5709090909090909 0.5225409836065574 0.5709090909090909 0.5225409836065574 0.4672727272727273 0.4583333333333333 0.4672727272727273 0.4583333333333333 0.5709090909090909
0 0.7274590163934426 0.9990909090909091 0.7916666666666666 0.9990909090909091 0.7916666666666666 0.91 0.7274590163934426 0.91 0.7274590163934426 0.9990909090909091
0 0.4275956284153005 0.16818181818181818 0.4822404371584699 0.16818181818181818 0.4822404371584699 0.07909090909090909 0.4275956284153005 0.07909090909090909 0.4275956284153005 0.16818181818181818
0 0.5662568306010929 0.2736363636363636 0.6181693989071039 0.2736363636363636 0.6181693989071039 0.18272727272727274 0.5662568306010929 0.18272727272727274 0.5662568306010929 0.2736363636363636
0 0.5225409836065574 0.47545454545454546 0.5826502732240437 0.47545454545454546 0.5826502732240437 0.3663636363636364 0.5225409836065574 0.3663636363636364 0.5225409836065574 0.47545454545454546
0 0.46379781420765026 0.8190909090909091 0.5266393442622951 0.8190909090909091 0.5266393442622951 0.7045454545454546 0.46379781420765026 0.7045454545454546 0.46379781420765026 0.8190909090909091
0 0.6325136612021858 0.49818181818181817 0.6816939890710383 0.49818181818181817 0.6816939890710383 0.3927272727272727 0.6325136612021858 0.3927272727272727 0.6325136612021858 0.49818181818181817
0 0.6222677595628415 0.9445454545454546 0.6864754098360656 0.9445454545454546 0.6864754098360656 0.8318181818181818 0.6222677595628415 0.8318181818181818 0.6222677595628415 0.9445454545454546
0 0.23975409836065573 0.10909090909090909 0.3025956284153005 0.10909090909090909 0.3025956284153005 0.012727272727272728 0.23975409836065573 0.012727272727272728 0.23975409836065573 0.10909090909090909
0 0.3668032786885246 0.22090909090909092 0.4187158469945355 0.22090909090909092 0.4187158469945355 0.12454545454545454 0.3668032786885246 0.12454545454545454 0.3668032786885246 0.22090909090909092
0 0.6974043715846995 0.6790909090909091 0.7534153005464481 0.6790909090909091 0.7534153005464481 0.5790909090909091 0.6974043715846995 0.5790909090909091 0.6974043715846995 0.6790909090909091
0 0.6174863387978142 0.7009090909090909 0.6693989071038251 0.7009090909090909 0.6693989071038251 0.5990909090909091 0.6174863387978142 0.5990909090909091 0.6174863387978142 0.7009090909090909
0 0.7226775956284153 0.76 0.7759562841530054 0.76 0.7759562841530054 0.6763636363636364 0.7226775956284153 0.6763636363636364 0.7226775956284153 0.76
0 0.5607923497267759 0.6727272727272727 0.6154371584699454 0.6727272727272727 0.6154371584699454 0.5690909090909091 0.5607923497267759 0.5690909090909091 0.5607923497267759 0.6727272727272727
0 0.5566939890710383 0.1890909090909091 0.6004098360655737 0.1890909090909091 0.6004098360655737 0.11272727272727273 0.5566939890710383 0.11272727272727273 0.5566939890710383 0.1890909090909091
0 0.6372950819672131 0.6290909090909091 0.6933060109289617 0.6290909090909091 0.6933060109289617 0.5436363636363636 0.6372950819672131 0.5436363636363636 0.6372950819672131 0.6290909090909091
0 0.5368852459016393 0.38636363636363635 0.5901639344262295 0.38636363636363635 0.5901639344262295 0.3118181818181818 0.5368852459016393 0.3118181818181818 0.5368852459016393 0.38636363636363635
0 0.5860655737704918 0.4636363636363636 0.6338797814207651 0.4636363636363636 0.6338797814207651 0.3618181818181818 0.5860655737704918 0.3618181818181818 0.5860655737704918 0.4636363636363636
0 0.6256830601092896 0.29818181818181816 0.6734972677595629 0.29818181818181816 0.6734972677595629 0.21818181818181817 0.6256830601092896 0.21818181818181817 0.6256830601092896 0.29818181818181816
0 0.4426229508196721 0.4718181818181818 0.4918032786885246 0.4718181818181818 0.4918032786885246 0.37363636363636366 0.4426229508196721 0.37363636363636366 0.4426229508196721 0.4718181818181818
0 0.21448087431693988 0.12727272727272726 0.26639344262295084 0.12727272727272726 0.26639344262295084 0.05818181818181818 0.21448087431693988 0.05818181818181818 0.21448087431693988 0.12727272727272726
0 0.6099726775956285 0.36454545454545456 0.6591530054644809 0.36454545454545456 0.6591530054644809 0.27 0.6099726775956285 0.27 0.6099726775956285 0.36454545454545456
0 0.4972677595628415 0.2872727272727273 0.5546448087431693 0.2872727272727273 0.5546448087431693 0.19454545454545455 0.4972677595628415 0.19454545454545455 0.4972677595628415 0.2872727272727273
0 0.5040983606557377 0.19545454545454546 0.5519125683060109 0.19545454545454546 0.5519125683060109 0.11181818181818182 0.5040983606557377 0.11181818181818182 0.5040983606557377 0.19545454545454546
0 0.6038251366120219 0.22363636363636363 0.6489071038251366 0.22363636363636363 0.6489071038251366 0.14181818181818182 0.6038251366120219 0.14181818181818182 0.6038251366120219 0.22363636363636363
0 0.7090163934426229 0.6018181818181818 0.755464480874317 0.6018181818181818 0.755464480874317 0.5272727272727272 0.7090163934426229 0.5272727272727272 0.7090163934426229 0.6018181818181818
0 0.2616120218579235 0.8036363636363636 0.328551912568306 0.8036363636363636 0.328551912568306 0.6836363636363636 0.2616120218579235 0.6836363636363636 0.2616120218579235 0.8036363636363636
0 0.8900273224043715 0.8563636363636363 0.9364754098360656 0.8563636363636363 0.9364754098360656 0.78 0.8900273224043715 0.78 0.8900273224043715 0.8563636363636363
0 0.7561475409836066 0.6118181818181818 0.8066939890710383 0.6118181818181818 0.8066939890710383 0.5081818181818182 0.7561475409836066 0.5081818181818182 0.7561475409836066 0.6118181818181818
0 0.6557377049180327 0.5672727272727273 0.7103825136612022 0.5672727272727273 0.7103825136612022 0.4818181818181818 0.6557377049180327 0.4818181818181818 0.6557377049180327 0.5672727272727273
0 0.8039617486338798 0.9236363636363636 0.8640710382513661 0.9236363636363636 0.8640710382513661 0.8127272727272727 0.8039617486338798 0.8127272727272727 0.8039617486338798 0.9236363636363636
0 0.6837431693989071 1 0.6837431693989071 0.9545454545454546 0.6236338797814208 0.9545454545454546 0.6236338797814208 1 0.6837431693989071 1
0 0.8941256830601093 0.9990909090909091 0.9405737704918032 0.9990909090909091 0.9405737704918032 0.9536363636363636 0.8941256830601093 0.9536363636363636 0.8941256830601093 0.9990909090909091
0 0.11202185792349727 0.11727272727272728 0.15846994535519127 0.11727272727272728 0.15846994535519127 0.022727272727272728 0.11202185792349727 0.022727272727272728 0.11202185792349727 0.11727272727272728
0 0.6598360655737705 0.4381818181818182 0.7144808743169399 0.4381818181818182 0.7144808743169399 0.3418181818181818 0.6598360655737705 0.3418181818181818 0.6598360655737705 0.4381818181818182
0 0.3244535519125683 0.07363636363636364 0.3777322404371585 0.07363636363636364 0.3777322404371585 0.011818181818181818 0.3244535519125683 0.011818181818181818 0.3244535519125683 0.07363636363636364
0 0.8640710382513661 0.7672727272727272 0.9118852459016393 0.7672727272727272 0.9118852459016393 0.6781818181818182 0.8640710382513661 0.6781818181818182 0.8640710382513661 0.7672727272727272
0 0.8811475409836066 0.9527272727272728 0.9289617486338798 0.9527272727272728 0.9289617486338798 0.8418181818181818 0.8811475409836066 0.8418181818181818 0.8811475409836066 0.9527272727272728
0 0.6734972677595629 0.2827272727272727 0.7144808743169399 0.2827272727272727 0.7144808743169399 0.2009090909090909 0.6734972677595629 0.2009090909090909 0.6734972677595629 0.2827272727272727
0 0.3121584699453552 0.15 0.36953551912568305 0.15 0.36953551912568305 0.04818181818181818 0.3121584699453552 0.04818181818181818 0.3121584699453552 0.15
0 0.5047814207650273 0.12 0.5416666666666666 0.12 0.5416666666666666 0.06545454545454546 0.5047814207650273 0.06545454545454546 0.5047814207650273 0.12
0 0.5573770491803278 0.36 0.6120218579234973 0.36 0.6120218579234973 0.27636363636363637 0.5573770491803278 0.27636363636363637 0.5573770491803278 0.36
0 0.8367486338797814 0.6672727272727272 0.880464480874317 0.6672727272727272 0.880464480874317 0.5818181818181818 0.8367486338797814 0.5818181818181818 0.8367486338797814 0.6672727272727272
0 0.7151639344262295 0.5372727272727272 0.7670765027322405 0.5372727272727272 0.7670765027322405 0.47 0.7151639344262295 0.47 0.7151639344262295 0.5372727272727272
0 0.45081967213114754 0.1009090909090909 0.5 0.1009090909090909 0.5 0.04454545454545455 0.45081967213114754 0.04454545454545455 0.45081967213114754 0.1009090909090909
0 0.5457650273224044 0.12181818181818181 0.5881147540983607 0.12181818181818181 0.5881147540983607 0.06727272727272728 0.5457650273224044 0.06727272727272728 0.5457650273224044 0.12181818181818181
0 0.42008196721311475 0 0.42008196721311475 0.05818181818181818 0.4651639344262295 0.05818181818181818 0.4651639344262295 0 0.42008196721311475 0
0 0.6550546448087432 0.20454545454545456 0.6905737704918032 0.20454545454545456 0.6905737704918032 0.1318181818181818 0.6550546448087432 0.1318181818181818 0.6550546448087432 0.20454545454545456
0 0.01366120218579235 1 0.01366120218579235 0.9781818181818182 0 0.9781818181818182 0 1 0.01366120218579235 1