0 0.07622268470343392 0.7819001386962552 0.21982310093652446 0.7819001386962552 0.21982310093652446 0.5759361997226075 0.07622268470343392 0.5759361997226075 0.07622268470343392 0.7819001386962552
0 0.36420395421436 0.41782246879334256 0.46618106139438087 0.41782246879334256 0.46618106139438087 0.26525658807212205 0.36420395421436 0.26525658807212205 0.36420395421436 0.41782246879334256
0 0.3113943808532778 0.35714285714285715 0.3941207075962539 0.35714285714285715 0.3941207075962539 0.1823855755894591 0.3113943808532778 0.1823855755894591 0.3113943808532778 0.35714285714285715
0 0.1553069719042664 0.3526352288488211 0.23283038501560874 0.3526352288488211 0.23283038501560874 0.19313453536754507 0.1553069719042664 0.19313453536754507 0.1553069719042664 0.3526352288488211
0 0.2583246618106139 0.4854368932038835 0.3519771071800208 0.4854368932038835 0.3519771071800208 0.2988904299583911 0.2583246618106139 0.2988904299583911 0.2583246618106139 0.4854368932038835
0 0.23126951092611864 0.35471567267683773 0.3113943808532778 0.35471567267683773 0.3113943808532778 0.2035367545076283 0.23126951092611864 0.2035367545076283 0.23126951092611864 0.35471567267683773
0 0.2554630593132154 0.0717753120665742 0.3251821019771072 0.0717753120665742 0.3251821019771072 0.00034674063800277393 0.2554630593132154 0.00034674063800277393 0.2554630593132154 0.0717753120665742
0 0.20213319458896983 0 0.20213319458896983 0.06934812760055478 0.25572320499479706 0.06934812760055478 0.25572320499479706 0 0.20213319458896983 0
0 0.836888657648283 0.25589459084604715 0.9014047866805411 0.25589459084604715 0.9014047866805411 0.15187239944521497 0.836888657648283 0.15187239944521497 0.836888657648283 0.25589459084604715
0 0.877471383975026 0.7018030513176144 0.972684703433923 0.7018030513176144 0.972684703433923 0.5402219140083218 0.877471383975026 0.5402219140083218 0.877471383975026 0.7018030513176144
0 0.7362122788761707 0.08425797503467407 0.7840790842872009 0.08425797503467407 0.7840790842872009 0.010748959778085992 0.7362122788761707 0.010748959778085992 0.7362122788761707 0.08425797503467407
0 0.9066077003121749 0.5967406380027739 0.9872528616024974 0.5967406380027739 0.9872528616024974 0.44625520110957007 0.9066077003121749 0.44625520110957007 0.9066077003121749 0.5967406380027739
0 0.020551508844953173 0.9996532593619972 0.14802289281997918 0.9996532593619972 0.14802289281997918 0.9254507628294036 0.020551508844953173 0.9254507628294036 0.020551508844953173 0.9996532593619972
0 0.17767950052029136 0.9996532593619972 0.2885015608740895 0.9996532593619972 0.2885015608740895 0.9462552011095701 0.17767950052029136 0.9462552011095701 0.17767950052029136 0.9996532593619972
0 1 0.46497919556171985 0.9823100936524454 0.46497919556171985 0.9823100936524454 0.598127600554785 1 0.598127600554785 1 0.46497919556171985
0 0.33896982310093654 0.9996532593619972 0.43522372528616027 0.9996532593619972 0.43522372528616027 0.9795423023578363 0.33896982310093654 0.9795423023578363 0.33896982310093654 0.9996532593619972