0 0.504296875 0.9994791666666667 0.696484375 0.9994791666666667 0.696484375 0.7932291666666667 0.504296875 0.7932291666666667 0.504296875 0.9994791666666667
0 0.256640625 0.3640625 0.319921875 0.3640625 0.319921875 0.2755208333333333 0.256640625 0.2755208333333333 0.256640625 0.3640625
0 0.3646484375 0.41458333333333336 0.4431640625 0.41458333333333336 0.4431640625 0.3072916666666667 0.3646484375 0.3072916666666667 0.3646484375 0.41458333333333336
0 0.2109375 0.29791666666666666 0.2625 0.29791666666666666 0.2625 0.23020833333333332 0.2109375 0.23020833333333332 0.2109375 0.29791666666666666
0 0.7740234375 0.35078125 0.8341796875 0.35078125 0.8341796875 0.27838541666666666 0.7740234375 0.27838541666666666 0.7740234375 0.35078125
0 0.0740234375 0.2875 0.1236328125 0.2875 0.1236328125 0.22916666666666666 0.0740234375 0.22916666666666666 0.0740234375 0.2875
0 0.5423828125 0.35130208333333335 0.6029296875 0.35130208333333335 0.6029296875 0.2674479166666667 0.5423828125 0.2674479166666667 0.5423828125 0.35130208333333335
0 0.6796875 0.41484375 0.751953125 0.41484375 0.751953125 0.31744791666666666 0.6796875 0.31744791666666666 0.6796875 0.41484375
0 0.509765625 0.32005208333333335 0.5640625 0.32005208333333335 0.5640625 0.24661458333333333 0.509765625 0.24661458333333333 0.509765625 0.32005208333333335
0 0.022265625 0.32447916666666665 0.07265625 0.32447916666666665 0.07265625 0.25885416666666666 0.022265625 0.25885416666666666 0.022265625 0.32447916666666665
0 0.5986328125 0.34296875 0.6451171875 0.34296875 0.6451171875 0.26796875 0.5986328125 0.26796875 0.5986328125 0.34296875
0 0.2888671875 0.33203125 0.3419921875 0.33203125 0.3419921875 0.25442708333333336 0.2888671875 0.25442708333333336 0.2888671875 0.33203125
0 0.9560546875 0.9997395833333333 0.9994140625 0.9997395833333333 0.9994140625 0.83359375 0.9560546875 0.83359375 0.9560546875 0.9997395833333333
0 0.661328125 0.2877604166666667 0.709765625 0.2877604166666667 0.709765625 0.23359375 0.661328125 0.23359375 0.661328125 0.2877604166666667
0 0.3302734375 0.37916666666666665 0.4013671875 0.37916666666666665 0.4013671875 0.2786458333333333 0.3302734375 0.2786458333333333 0.3302734375 0.37916666666666665
0 0.904296875 0.41041666666666665 0.959765625 0.41041666666666665 0.959765625 0.3234375 0.904296875 0.3234375 0.904296875 0.41041666666666665
0 0.3384765625 0.28802083333333334 0.3880859375 0.28802083333333334 0.3880859375 0.2375 0.3384765625 0.2375 0.3384765625 0.28802083333333334
0 0.8470703125 0.321875 0.8869140625 0.321875 0.8869140625 0.26510416666666664 0.8470703125 0.26510416666666664 0.8470703125 0.321875
0 0 0.31197916666666664 0.0234375 0.31197916666666664 0.0234375 0.25677083333333334 0 0.25677083333333334 0 0.31197916666666664
0 0.8853515625 0.3703125 0.9216796875 0.3703125 0.9216796875 0.30885416666666665 0.8853515625 0.30885416666666665 0.8853515625 0.3703125
0 0.374609375 0.30963541666666666 0.4375 0.30963541666666666 0.4375 0.24505208333333334 0.374609375 0.24505208333333334 0.374609375 0.30963541666666666
0 0.66875 0.3578125 0.743359375 0.3578125 0.743359375 0.2911458333333333 0.66875 0.2911458333333333 0.66875 0.3578125
0 0.369921875 0.3111979166666667 0.426171875 0.3111979166666667 0.426171875 0.26536458333333335 0.369921875 0.26536458333333335 0.369921875 0.3111979166666667
0 0.7173828125 0.3377604166666667 0.7634765625 0.3377604166666667 0.7634765625 0.2669270833333333 0.7173828125 0.2669270833333333 0.7173828125 0.3377604166666667
0 0.94375 0.4002604166666667 0.976953125 0.4002604166666667 0.976953125 0.33046875 0.94375 0.33046875 0.94375 0.4002604166666667
0 0.6724609375 0.303125 0.7302734375 0.303125 0.7302734375 0.27291666666666664 0.6724609375 0.27291666666666664 0.6724609375 0.303125
0 0.978515625 0.40859375 0.999609375 0.40859375 0.999609375 0.34765625 0.978515625 0.34765625 0.978515625 0.40859375
0 0.0369140625 0.27682291666666664 0.0748046875 0.27682291666666664 0.0748046875 0.24505208333333334 0.0369140625 0.24505208333333334 0.0369140625 0.27682291666666664