0 0.2311046511627907 0.93359375 0.31540697674418605 0.93359375 0.31540697674418605 0.8125 0.2311046511627907 0.8125 0.2311046511627907 0.93359375
0 0.4171511627906977 0.14453125 0.49273255813953487 0.14453125 0.49273255813953487 0.046875 0.4171511627906977 0.046875 0.4171511627906977 0.14453125
0 0.6453488372093024 0.15234375 0.7122093023255814 0.15234375 0.7122093023255814 0.046875 0.6453488372093024 0.046875 0.6453488372093024 0.15234375
0 0.5058139534883721 0.7890625 0.5813953488372093 0.7890625 0.5813953488372093 0.67578125 0.5058139534883721 0.67578125 0.5058139534883721 0.7890625
0 0.5101744186046512 0.4609375 0.5828488372093024 0.4609375 0.5828488372093024 0.35546875 0.5101744186046512 0.35546875 0.5101744186046512 0.4609375
0 0.08284883720930232 0.994140625 0.16424418604651161 0.994140625 0.16424418604651161 0.884765625 0.08284883720930232 0.884765625 0.08284883720930232 0.994140625
0 0.22238372093023256 0.26171875 0.29505813953488375 0.26171875 0.29505813953488375 0.16796875 0.22238372093023256 0.16796875 0.22238372093023256 0.26171875
0 0.02616279069767442 0.267578125 0.11046511627906977 0.267578125 0.11046511627906977 0.150390625 0.02616279069767442 0.150390625 0.02616279069767442 0.267578125
0 0.35319767441860467 0.21484375 0.4171511627906977 0.21484375 0.4171511627906977 0.109375 0.35319767441860467 0.109375 0.35319767441860467 0.21484375
0 0.5 0.59765625 0.5784883720930233 0.59765625 0.5784883720930233 0.4765625 0.5 0.4765625 0.5 0.59765625
0 0.4956395348837209 0.994140625 0.5712209302325582 0.994140625 0.5712209302325582 0.892578125 0.4956395348837209 0.892578125 0.4956395348837209 0.994140625
0 0.19912790697674418 0.517578125 0.27761627906976744 0.517578125 0.27761627906976744 0.419921875 0.19912790697674418 0.419921875 0.19912790697674418 0.517578125
0 0.5901162790697675 0.4609375 0.6569767441860465 0.4609375 0.6569767441860465 0.3515625 0.5901162790697675 0.3515625 0.5901162790697675 0.4609375
0 0.14098837209302326 0.2578125 0.2136627906976744 0.2578125 0.2136627906976744 0.16015625 0.14098837209302326 0.16015625 0.14098837209302326 0.2578125
0 0.7194767441860465 0.53125 0.7950581395348837 0.53125 0.7950581395348837 0.41796875 0.7194767441860465 0.41796875 0.7194767441860465 0.53125
0 0.4011627906976744 0.333984375 0.4738372093023256 0.333984375 0.4738372093023256 0.224609375 0.4011627906976744 0.224609375 0.4011627906976744 0.333984375
0 0.5697674418604651 0.939453125 0.6453488372093024 0.939453125 0.6453488372093024 0.814453125 0.5697674418604651 0.814453125 0.5697674418604651 0.939453125
0 0.5741279069767442 0.142578125 0.6351744186046512 0.142578125 0.6351744186046512 0.044921875 0.5741279069767442 0.044921875 0.5741279069767442 0.142578125
0 0.09011627906976744 0.513671875 0.17151162790697674 0.513671875 0.17151162790697674 0.412109375 0.09011627906976744 0.412109375 0.09011627906976744 0.513671875
0 0.28343023255813954 0.7890625 0.35901162790697677 0.7890625 0.35901162790697677 0.68359375 0.28343023255813954 0.68359375 0.28343023255813954 0.7890625
0 0.501453488372093 0.14453125 0.565406976744186 0.14453125 0.565406976744186 0.05078125 0.501453488372093 0.05078125 0.501453488372093 0.14453125
0 0.3561046511627907 0.400390625 0.43459302325581395 0.400390625 0.43459302325581395 0.283203125 0.3561046511627907 0.283203125 0.3561046511627907 0.400390625
0 0.7630813953488372 0 0.7630813953488372 0.08984375 0.8328488372093024 0.08984375 0.8328488372093024 0 0.7630813953488372 0
0 0.6700581395348837 0.591796875 0.7427325581395349 0.591796875 0.7427325581395349 0.478515625 0.6700581395348837 0.478515625 0.6700581395348837 0.591796875
0 0.7005813953488372 0.845703125 0.7761627906976745 0.845703125 0.7761627906976745 0.732421875 0.7005813953488372 0.732421875 0.7005813953488372 0.845703125
0 0.6613372093023255 0.26953125 0.7340116279069767 0.26953125 0.7340116279069767 0.16796875 0.6613372093023255 0.16796875 0.6613372093023255 0.26953125
0 0.3125 0.3359375 0.3793604651162791 0.3359375 0.3793604651162791 0.21484375 0.3125 0.21484375 0.3125 0.3359375
0 0.6526162790697675 0.93359375 0.7252906976744186 0.93359375 0.7252906976744186 0.80859375 0.6526162790697675 0.80859375 0.6526162790697675 0.93359375
0 0.6656976744186046 0.45703125 0.7354651162790697 0.45703125 0.7354651162790697 0.34765625 0.6656976744186046 0.34765625 0.6656976744186046 0.45703125
0 0.1744186046511628 0.994140625 0.2558139534883721 0.994140625 0.2558139534883721 0.888671875 0.1744186046511628 0.888671875 0.1744186046511628 0.994140625
0 0.26744186046511625 0.212890625 0.3430232558139535 0.212890625 0.3430232558139535 0.107421875 0.26744186046511625 0.107421875 0.26744186046511625 0.212890625
0 0.4811046511627907 0.345703125 0.5421511627906976 0.345703125 0.5421511627906976 0.232421875 0.4811046511627907 0.232421875 0.4811046511627907 0.345703125
0 0.8590116279069767 0.908203125 0.940406976744186 0.908203125 0.940406976744186 0.802734375 0.8590116279069767 0.802734375 0.8590116279069767 0.908203125
0 0.7892441860465116 0.85546875 0.8706395348837209 0.85546875 0.8706395348837209 0.7421875 0.7892441860465116 0.7421875 0.7892441860465116 0.85546875
0 0.8284883720930233 0.720703125 0.9040697674418605 0.720703125 0.9040697674418605 0.607421875 0.8284883720930233 0.607421875 0.8284883720930233 0.720703125
0 0.5508720930232558 0.34765625 0.6177325581395349 0.34765625 0.6177325581395349 0.22265625 0.5508720930232558 0.22265625 0.5508720930232558 0.34765625
0 0.0377906976744186 0.79296875 0.11918604651162791 0.79296875 0.11918604651162791 0.6875 0.0377906976744186 0.6875 0.0377906976744186 0.79296875
0 0.0625 0.146484375 0.14098837209302326 0.146484375 0.14098837209302326 0.037109375 0.0625 0.037109375 0.0625 0.146484375
0 0.5886627906976745 0.796875 0.6584302325581395 0.796875 0.6584302325581395 0.6796875 0.5886627906976745 0.6796875 0.5886627906976745 0.796875
0 0.7049418604651163 0.21875 0.7659883720930233 0.21875 0.7659883720930233 0.1015625 0.7049418604651163 0.1015625 0.7049418604651163 0.21875
0 0.7950581395348837 0.99609375 0.8677325581395349 0.99609375 0.8677325581395349 0.94921875 0.7950581395348837 0.94921875 0.7950581395348837 0.99609375
0 0.625 0.33984375 0.6976744186046512 0.33984375 0.6976744186046512 0.23046875 0.625 0.23046875 0.625 0.33984375
0 0.007267441860465116 0 0.007267441860465116 0.0703125 0.08284883720930232 0.0703125 0.08284883720930232 0 0.007267441860465116 0
0 0.8008720930232558 0.533203125 0.8590116279069767 0.533203125 0.8590116279069767 0.404296875 0.8008720930232558 0.404296875 0.8008720930232558 0.533203125
0 0.5872093023255814 0.58984375 0.6598837209302325 0.58984375 0.6598837209302325 0.4765625 0.5872093023255814 0.4765625 0.5872093023255814 0.58984375
0 0.7718023255813954 0.646484375 0.8386627906976745 0.646484375 0.8386627906976745 0.544921875 0.7718023255813954 0.544921875 0.7718023255813954 0.646484375
0 0.7093023255813954 0.998046875 0.7819767441860465 0.998046875 0.7819767441860465 0.955078125 0.7093023255813954 0.955078125 0.7093023255813954 0.998046875
0 0.21656976744186046 0.724609375 0.29505813953488375 0.724609375 0.29505813953488375 0.626953125 0.21656976744186046 0.626953125 0.21656976744186046 0.724609375
0 0.8081395348837209 0.330078125 0.8662790697674418 0.330078125 0.8662790697674418 0.232421875 0.8081395348837209 0.232421875 0.8081395348837209 0.330078125
0 0.623546511627907 0.998046875 0.6962209302325582 0.998046875 0.6962209302325582 0.958984375 0.623546511627907 0.958984375 0.623546511627907 0.998046875
0 0.34156976744186046 0.99609375 0.42005813953488375 0.99609375 0.42005813953488375 0.96484375 0.34156976744186046 0.96484375 0.34156976744186046 0.99609375
0 0.6424418604651163 0.724609375 0.7209302325581395 0.724609375 0.7209302325581395 0.611328125 0.6424418604651163 0.611328125 0.6424418604651163 0.724609375
0 0.438953488372093 0.658203125 0.5290697674418605 0.658203125 0.5290697674418605 0.544921875 0.438953488372093 0.544921875 0.438953488372093 0.658203125
0 0.7107558139534884 0 0.7107558139534884 0.03515625 0.7747093023255814 0.03515625 0.7747093023255814 0 0.7107558139534884 0
0 0.43459302325581395 0.99609375 0.5043604651162791 0.99609375 0.5043604651162791 0.96484375 0.43459302325581395 0.96484375 0.43459302325581395 0.99609375
0 0.6351744186046512 0 0.6351744186046512 0.03125 0.7020348837209303 0.03125 0.7020348837209303 0 0.6351744186046512 0
0 0.31976744186046513 0 0.31976744186046513 0.02734375 0.3866279069767442 0.02734375 0.3866279069767442 0 0.31976744186046513 0
0 0 0.390625 0.0436046511627907 0.390625 0.0436046511627907 0.26953125 0 0.26953125 0 0.390625
0 0.3953488372093023 0 0.3953488372093023 0.03515625 0.4563953488372093 0.03515625 0.4563953488372093 0 0.3953488372093023 0
0 0.3706395348837209 0.783203125 0.42877906976744184 0.783203125 0.42877906976744184 0.701171875 0.3706395348837209 0.701171875 0.3706395348837209 0.783203125
0 0 0.646484375 0.0377906976744186 0.646484375 0.0377906976744186 0.541015625 0 0.541015625 0 0.646484375
0 0.09011627906976744 0 0.09011627906976744 0.0234375 0.16279069767441862 0.0234375 0.16279069767441862 0 0.09011627906976744 0
0 0.3226744186046512 0.720703125 0.39825581395348836 0.720703125 0.39825581395348836 0.630859375 0.3226744186046512 0.630859375 0.3226744186046512 0.720703125
0 0.26453488372093026 0 0.26453488372093026 0.0234375 0.311046511627907 0.0234375 0.311046511627907 0 0.26453488372093026 0