0 0.7825785582255084 0.5625 0.892097966728281 0.5625 0.892097966728281 0.16875 0.7825785582255084 0.16875 0.7825785582255084 0.5625
0 0.6767560073937153 0 0.6767560073937153 0.2953125 0.7488447319778189 0.2953125 0.7488447319778189 0 0.6767560073937153 0
0 0.4907578558225508 0.98046875 0.6256931608133087 0.98046875 0.6256931608133087 0.51328125 0.4907578558225508 0.51328125 0.4907578558225508 0.98046875
0 0.5713955637707948 0.50546875 0.675369685767098 0.50546875 0.675369685767098 0.15546875 0.5713955637707948 0.15546875 0.5713955637707948 0.50546875
0 0.4061922365988909 1 0.4061922365988909 0.6796875 0.2874306839186691 0.6796875 0.2874306839186691 1 0.4061922365988909 1
0 0.27564695009242146 0.7765625 0.38146950092421444 0.7765625 0.38146950092421444 0.4296875 0.27564695009242146 0.4296875 0.27564695009242146 0.7765625
0 0.46187615526802217 0.3953125 0.5459796672828097 0.3953125 0.5459796672828097 0.0609375 0.46187615526802217 0.0609375 0.46187615526802217 0.3953125
0 0.6072088724584104 0 0.6072088724584104 0.2203125 0.6760628465804066 0.2203125 0.6760628465804066 0 0.6072088724584104 0
0 0.4313770794824399 0 0.4313770794824399 0.28125 0.4997689463955638 0.28125 0.4997689463955638 0 0.4313770794824399 0
0 0.5411275415896488 0.33671875 0.6062846580406654 0.33671875 0.6062846580406654 0.01015625 0.5411275415896488 0.01015625 0.5411275415896488 0.33671875
0 0.47088724584103514 0.68984375 0.577634011090573 0.68984375 0.577634011090573 0.34140625 0.47088724584103514 0.34140625 0.47088724584103514 0.68984375
0 0.5402033271719039 1 0.5402033271719039 0.8984375 0.42190388170055454 0.8984375 0.42190388170055454 1 0.5402033271719039 1
0 0.505083179297597 0 0.505083179297597 0.1171875 0.5609981515711645 0.1171875 0.5609981515711645 0 0.505083179297597 0
0 0.5727818853974121 0 0.5727818853974121 0.0625 0.6148336414048059 0.0625 0.6148336414048059 0 0.5727818853974121 0
0 0.4863678373382625 0 0.4863678373382625 0.0421875 0.5131700554528651 0.0421875 0.5131700554528651 0 0.4863678373382625 0
0 0.6635859519408502 0 0.6635859519408502 0.034375 0.6806839186691312 0.034375 0.6806839186691312 0 0.6635859519408502 0