0 0.5007440476190477 0.40537848605577687 0.5885416666666666 0.40537848605577687 0.5885416666666666 0.2679282868525896 0.5007440476190477 0.2679282868525896 0.5007440476190477 0.40537848605577687
0 0.14955357142857142 0.9970119521912351 0.2552083333333333 0.9970119521912351 0.2552083333333333 0.8436254980079682 0.14955357142857142 0.8436254980079682 0.14955357142857142 0.9970119521912351
0 0.10193452380952381 0.603585657370518 0.20014880952380953 0.603585657370518 0.20014880952380953 0.4641434262948207 0.10193452380952381 0.4641434262948207 0.10193452380952381 0.603585657370518
0 0.3757440476190476 0.8117529880478087 0.47544642857142855 0.8117529880478087 0.47544642857142855 0.6663346613545816 0.3757440476190476 0.6663346613545816 0.3757440476190476 0.8117529880478087
0 0.5870535714285714 1 0.5870535714285714 0.9262948207171314 0.48586309523809523 0.9262948207171314 0.48586309523809523 1 0.5870535714285714 1
0 0.5714285714285714 0.4352589641434263 0.6443452380952381 0.4352589641434263 0.6443452380952381 0.30776892430278885 0.5714285714285714 0.30776892430278885 0.5714285714285714 0.4352589641434263
0 0.16294642857142858 0.4820717131474104 0.2611607142857143 0.4820717131474104 0.2611607142857143 0.33665338645418325 0.16294642857142858 0.33665338645418325 0.16294642857142858 0.4820717131474104
0 0.12202380952380952 0.23207171314741035 0.20089285714285715 0.23207171314741035 0.20089285714285715 0.10657370517928287 0.12202380952380952 0.10657370517928287 0.12202380952380952 0.23207171314741035
0 0.15029761904761904 0.7121513944223108 0.25744047619047616 0.7121513944223108 0.25744047619047616 0.5507968127490039 0.15029761904761904 0.5507968127490039 0.15029761904761904 0.7121513944223108
0 0.453125 0.32270916334661354 0.5334821428571429 0.32270916334661354 0.5334821428571429 0.1892430278884462 0.453125 0.1892430278884462 0.453125 0.32270916334661354
0 0.08258928571428571 0.47410358565737054 0.1644345238095238 0.47410358565737054 0.1644345238095238 0.3466135458167331 0.08258928571428571 0.3466135458167331 0.08258928571428571 0.47410358565737054
0 0.17633928571428573 0.17430278884462153 0.25223214285714285 0.17430278884462153 0.25223214285714285 0.05677290836653386 0.17633928571428573 0.05677290836653386 0.17633928571428573 0.17430278884462153
0 0.22470238095238096 0.7709163346613546 0.32142857142857145 0.7709163346613546 0.32142857142857145 0.6274900398406374 0.22470238095238096 0.6274900398406374 0.22470238095238096 0.7709163346613546
0 0.21577380952380953 0.8944223107569721 0.32142857142857145 0.8944223107569721 0.32142857142857145 0.7689243027888446 0.21577380952380953 0.7689243027888446 0.21577380952380953 0.8944223107569721
0 0.2113095238095238 0.12151394422310757 0.29017857142857145 0.12151394422310757 0.29017857142857145 0.0398406374501992 0.2113095238095238 0.0398406374501992 0.2113095238095238 0.12151394422310757