0 0.4313770794824399 0.4078125 0.5237985212569316 0.4078125 0.5237985212569316 0.084375 0.4313770794824399 0.084375 0.4313770794824399 0.4078125
0 0.7645563770794824 0.425 0.8634473197781886 0.425 0.8634473197781886 0.05 0.7645563770794824 0.05 0.7645563770794824 0.425
0 0.6788354898336414 0.53515625 0.7749537892791127 0.53515625 0.7749537892791127 0.16328125 0.6788354898336414 0.16328125 0.6788354898336414 0.53515625
0 0.609981515711645 0.8375 0.7051756007393716 0.8375 0.7051756007393716 0.3328125 0.609981515711645 0.3328125 0.609981515711645 0.8375
0 0.2111829944547135 0.9796875 0.30175600739371533 0.9796875 0.30175600739371533 0.5640625 0.2111829944547135 0.5640625 0.2111829944547135 0.9796875
0 0.330637707948244 0.765625 0.42490757855822553 0.765625 0.42490757855822553 0.3828125 0.330637707948244 0.3828125 0.330637707948244 0.765625
0 0.3290203327171904 0.45859375 0.4168207024029575 0.45859375 0.4168207024029575 0.22734375 0.3290203327171904 0.22734375 0.3290203327171904 0.45859375
0 0.6397874306839186 0 0.6397874306839186 0.275 0.7192698706099815 0.275 0.7192698706099815 0 0.6397874306839186 0
0 0.5404343807763401 1 0.5404343807763401 0.6234375 0.3994916820702403 0.6234375 0.3994916820702403 1 0.5404343807763401 1
0 0.6259242144177449 1 0.6259242144177449 0.5125 0.5205637707948244 0.5125 0.5205637707948244 1 0.6259242144177449 1
0 0.41566543438077636 0.73203125 0.5191774491682071 0.73203125 0.5191774491682071 0.45703125 0.41566543438077636 0.45703125 0.41566543438077636 0.73203125
0 0.5237985212569316 0.43828125 0.6106746765249538 0.43828125 0.6106746765249538 0.11171875 0.5237985212569316 0.11171875 0.5237985212569316 0.43828125
0 0.28650646950092423 0.98984375 0.38632162661737524 0.98984375 0.38632162661737524 0.66328125 0.28650646950092423 0.66328125 0.28650646950092423 0.98984375
0 0.5469038817005545 0.5703125 0.6430221811460258 0.5703125 0.6430221811460258 0.215625 0.5469038817005545 0.215625 0.5469038817005545 0.5703125
0 0.5928835489833642 0 0.5928835489833642 0.18125 0.6515711645101664 0.18125 0.6515711645101664 0 0.5928835489833642 0
0 0.16404805914972273 0.8015625 0.22735674676524953 0.8015625 0.22735674676524953 0.44375 0.16404805914972273 0.44375 0.16404805914972273 0.8015625
0 0.1970887245841035 1 0.1970887245841035 0.7984375 0.11113678373382625 0.7984375 0.11113678373382625 1 0.1970887245841035 1
0 0.378003696857671 1 0.378003696857671 0.9171875 0.28512014787430684 0.9171875 0.28512014787430684 1 0.378003696857671 1
0 0.125 0.65390625 0.17583179297597043 0.65390625 0.17583179297597043 0.34765625 0.125 0.34765625 0.125 0.65390625
0 0.5556839186691312 0 0.5556839186691312 0.0765625 0.5981977818853974 0.0765625 0.5981977818853974 0 0.5556839186691312 0
0 0.7100277264325323 0 0.7100277264325323 0.0578125 0.7280499075785583 0.0578125 0.7280499075785583 0 0.7100277264325323 0
0 0.5549907578558225 0 0.5549907578558225 0.0515625 0.5951940850277264 0.0515625 0.5951940850277264 0 0.5549907578558225 0