0 0.03850156087408949 0.9753814147018031 0.19614984391259105 0.9753814147018031 0.19614984391259105 0.7319694868238558 0.03850156087408949 0.7319694868238558 0.03850156087408949 0.9753814147018031
0 0.17976066597294485 0.28883495145631066 0.268210197710718 0.28883495145631066 0.268210197710718 0.1584604715672677 0.17976066597294485 0.1584604715672677 0.17976066597294485 0.28883495145631066
0 0.16831425598335067 0.8328710124826629 0.31659729448491153 0.8328710124826629 0.31659729448491153 0.6269070735090153 0.16831425598335067 0.6269070735090153 0.16831425598335067 0.8328710124826629
0 0.6636316337148803 0.30201109570041607 0.7364724245577523 0.30201109570041607 0.7364724245577523 0.19452149791955617 0.6636316337148803 0.19452149791955617 0.6636316337148803 0.30201109570041607
0 0.2151404786680541 0.11095700416088766 0.28902185223725285 0.11095700416088766 0.28902185223725285 0.006934812760055479 0.2151404786680541 0.006934812760055479 0.2151404786680541 0.11095700416088766
0 0.8829344432882414 0.5034674063800277 0.9573361082206036 0.5034674063800277 0.9573361082206036 0.37309292649098474 0.8829344432882414 0.37309292649098474 0.8829344432882414 0.5034674063800277
0 0.00026014568158168577 0.518377253814147 0.05697190426638918 0.518377253814147 0.05697190426638918 0.3484743411927878 0.00026014568158168577 0.3484743411927878 0.00026014568158168577 0.518377253814147
0 0.8280437044745057 0.23578363384188628 0.8847554630593132 0.23578363384188628 0.8847554630593132 0.1421636615811373 0.8280437044745057 0.1421636615811373 0.8280437044745057 0.23578363384188628
0 0.26742976066597296 0 0.26742976066597296 0.031206657420249653 0.3231009365244537 0.031206657420249653 0.3231009365244537 0 0.26742976066597296 0
0 0 0.6879334257975035 0.023933402705515087 0.6879334257975035 0.023933402705515087 0.5416088765603329 0 0.5416088765603329 0 0.6879334257975035
0 0.9529136316337149 0.5558252427184466 0.9997398543184183 0.5558252427184466 0.9997398543184183 0.4303051317614424 0.9529136316337149 0.4303051317614424 0.9529136316337149 0.5558252427184466
0 0.9581165452653486 0.44902912621359226 0.9992195629552549 0.44902912621359226 0.9992195629552549 0.3734396671289875 0.9581165452653486 0.3734396671289875 0.9581165452653486 0.44902912621359226