0 0.9482439926062847 1 0.9482439926062847 0.634375 0.7966728280961183 0.634375 0.7966728280961183 1 0.9482439926062847 1
0 0.47181146025878 0.99609375 0.6090573012939002 0.99609375 0.6090573012939002 0.50078125 0.47181146025878 0.50078125 0.47181146025878 0.99609375
0 0.32647874306839186 0.6109375 0.4059611829944547 0.6109375 0.4059611829944547 0.2453125 0.32647874306839186 0.2453125 0.32647874306839186 0.6109375
0 0.5884935304990758 0.68828125 0.6980129390018485 0.68828125 0.6980129390018485 0.26328125 0.5884935304990758 0.26328125 0.5884935304990758 0.68828125
0 0.8948706099815157 0.91484375 0.9997689463955638 0.91484375 0.9997689463955638 0.42421875 0.8948706099815157 0.42421875 0.8948706099815157 0.91484375
0 0.28650646950092423 0.28359375 0.34057301293900183 0.28359375 0.34057301293900183 0.01796875 0.28650646950092423 0.01796875 0.28650646950092423 0.28359375
0 0.6397874306839186 0 0.6397874306839186 0.30625 0.7095656192236599 0.30625 0.7095656192236599 0 0.6397874306839186 0
0 0.16543438077634012 0.88046875 0.2541589648798521 0.88046875 0.2541589648798521 0.47734375 0.16543438077634012 0.47734375 0.16543438077634012 0.88046875
0 0.3391866913123845 0.25546875 0.4011090573012939 0.25546875 0.4011090573012939 0.04765625 0.3391866913123845 0.04765625 0.3391866913123845 0.25546875
0 0.39810536044362294 0.321875 0.47804990757855825 0.321875 0.47804990757855825 0.0828125 0.39810536044362294 0.0828125 0.39810536044362294 0.321875
0 0.5663123844731978 0.34765625 0.6554990757855823 0.34765625 0.6554990757855823 0.02890625 0.5663123844731978 0.02890625 0.5663123844731978 0.34765625
0 0.4905268022181146 0.52578125 0.5871072088724584 0.52578125 0.5871072088724584 0.21015625 0.4905268022181146 0.21015625 0.4905268022181146 0.52578125
0 0.47365988909426987 1 0.47365988909426987 0.8484375 0.3479667282809612 0.8484375 0.3479667282809612 1 0.47365988909426987 1
0 0.6940850277264325 0 0.6940850277264325 0.209375 0.7578558225508318 0.209375 0.7578558225508318 0 0.6940850277264325 0
0 0.4034195933456562 0.70703125 0.49768946395563773 0.70703125 0.49768946395563773 0.27890625 0.4034195933456562 0.27890625 0.4034195933456562 0.70703125
0 0.48290203327171904 0 0.48290203327171904 0.178125 0.5605360443622921 0.178125 0.5605360443622921 0 0.48290203327171904 0
0 0.477818853974122 0.33984375 0.5485212569316081 0.33984375 0.5485212569316081 0.08359375 0.477818853974122 0.08359375 0.477818853974122 0.33984375
0 0.8287892791127541 1 0.8287892791127541 0.8796875 0.708641404805915 0.8796875 0.708641404805915 1 0.8287892791127541 1
0 0.7543900184842883 0 0.7543900184842883 0.0578125 0.7945933456561922 0.0578125 0.7945933456561922 0 0.7543900184842883 0
0 0.12777264325323476 0.71015625 0.18414972273567468 0.71015625 0.18414972273567468 0.37265625 0.12777264325323476 0.37265625 0.12777264325323476 0.71015625
0 0.5575323475046211 0 0.5575323475046211 0.1953125 0.6296210720887245 0.1953125 0.6296210720887245 0 0.5575323475046211 0
0 0.47088724584103514 0 0.47088724584103514 0.09375 0.5 0.09375 0.5 0 0.47088724584103514 0