0 0.053125 0.83984375 0.192578125 0.83984375 0.192578125 0.6388020833333333 0.053125 0.6388020833333333 0.053125 0.83984375
0 0.1255859375 0.7158854166666667 0.2697265625 0.7158854166666667 0.2697265625 0.5315104166666667 0.1255859375 0.5315104166666667 0.1255859375 0.7158854166666667
0 0.5857421875 0.49947916666666664 0.7001953125 0.49947916666666664 0.7001953125 0.3796875 0.5857421875 0.3796875 0.5857421875 0.49947916666666664
0 0.6673828125 0.5619791666666667 0.7611328125 0.5619791666666667 0.7611328125 0.4197916666666667 0.6673828125 0.4197916666666667 0.6673828125 0.5619791666666667
0 0.2748046875 0.32369791666666664 0.3314453125 0.32369791666666664 0.3314453125 0.23932291666666666 0.2748046875 0.23932291666666666 0.2748046875 0.32369791666666664
0 0.087109375 0.62421875 0.219921875 0.62421875 0.219921875 0.47578125 0.087109375 0.47578125 0.087109375 0.62421875
0 0.37421875 0.30026041666666664 0.429296875 0.30026041666666664 0.429296875 0.23046875 0.37421875 0.23046875 0.37421875 0.30026041666666664
0 0 0.87578125 0.059375 0.87578125 0.059375 0.6841145833333333 0 0.6841145833333333 0 0.87578125
0 0.5275390625 0.3341145833333333 0.5806640625 0.3341145833333333 0.5806640625 0.2565104166666667 0.5275390625 0.2565104166666667 0.5275390625 0.3341145833333333
0 0.0845703125 0.30911458333333336 0.1341796875 0.30911458333333336 0.1341796875 0.24140625 0.0845703125 0.24140625 0.0845703125 0.30911458333333336
0 0.7060546875 0.4236979166666667 0.8001953125 0.4236979166666667 0.8001953125 0.35442708333333334 0.7060546875 0.35442708333333334 0.7060546875 0.4236979166666667
0 0.44765625 0.3067708333333333 0.503515625 0.3067708333333333 0.503515625 0.23697916666666666 0.44765625 0.23697916666666666 0.44765625 0.3067708333333333
0 0.473828125 0.34921875 0.533203125 0.34921875 0.533203125 0.26640625 0.473828125 0.26640625 0.473828125 0.34921875
0 0.0765625 0.5315104166666667 0.187109375 0.5315104166666667 0.187109375 0.43307291666666664 0.0765625 0.43307291666666664 0.0765625 0.5315104166666667
0 0.73125 0.5171875 0.803125 0.5171875 0.803125 0.4 0.73125 0.4 0.73125 0.5171875
0 0.020703125 0.3359375 0.070703125 0.3359375 0.070703125 0.2713541666666667 0.020703125 0.2713541666666667 0.020703125 0.3359375
0 0.2986328125 0.29192708333333334 0.3587890625 0.29192708333333334 0.3587890625 0.22369791666666666 0.2986328125 0.22369791666666666 0.2986328125 0.29192708333333334
0 0 0.35052083333333334 0.01953125 0.35052083333333334 0.01953125 0.29010416666666666 0 0.29010416666666666 0 0.35052083333333334
0 0.03671875 0.29140625 0.079296875 0.29140625 0.079296875 0.25026041666666665 0.03671875 0.25026041666666665 0.03671875 0.29140625
0 0.06171875 0.27395833333333336 0.10078125 0.27395833333333336 0.10078125 0.234375 0.06171875 0.234375 0.06171875 0.27395833333333336
0 0.9505859375 0.4080729166666667 0.9951171875 0.4080729166666667 0.9951171875 0.33619791666666665 0.9505859375 0.33619791666666665 0.9505859375 0.4080729166666667
0 0.084765625 0.24166666666666667 0.11484375 0.24166666666666667 0.11484375 0.20677083333333332 0.084765625 0.20677083333333332 0.084765625 0.24166666666666667
0 0.0107421875 0.2986979166666667 0.0447265625 0.2986979166666667 0.0447265625 0.24661458333333333 0.0107421875 0.24661458333333333 0.0107421875 0.2986979166666667