0 0.11732570239334027 0.5696948682385575 0.2427159209157128 0.5696948682385575 0.2427159209157128 0.3859223300970874 0.11732570239334027 0.3859223300970874 0.11732570239334027 0.5696948682385575
0 0.20707596253902186 0.34812760055478503 0.3022892819979188 0.34812760055478503 0.3022892819979188 0.19902912621359223 0.20707596253902186 0.19902912621359223 0.20707596253902186 0.34812760055478503
0 0.04214360041623309 0.9993065187239945 0.20343392299687826 0.9993065187239945 0.20343392299687826 0.8529819694868238 0.04214360041623309 0.8529819694868238 0.04214360041623309 0.9993065187239945
0 0.17793964620187305 0.12829403606102635 0.2513007284079084 0.12829403606102635 0.2513007284079084 0.012482662968099861 0.17793964620187305 0.012482662968099861 0.17793964620187305 0.12829403606102635
0 0.8743496357960457 0.9254507628294036 0.9815296566077003 0.9254507628294036 0.9815296566077003 0.7548543689320388 0.8743496357960457 0.7548543689320388 0.8743496357960457 0.9254507628294036
0 0.16155046826222685 0.29299583911234395 0.25 0.29299583911234395 0.25 0.15499306518723993 0.16155046826222685 0.15499306518723993 0.16155046826222685 0.29299583911234395
0 0.7213839750260146 0.17649098474341193 0.7900624349635796 0.17649098474341193 0.7900624349635796 0.07524271844660194 0.7213839750260146 0.07524271844660194 0.7213839750260146 0.17649098474341193
0 0.7216441207075962 0 0.7216441207075962 0.06241331484049931 0.7700312174817898 0.06241331484049931 0.7700312174817898 0 0.7216441207075962 0
0 0.7960457856399584 0.1612343966712899 0.8355879292403746 0.1612343966712899 0.8355879292403746 0.07246879334257975 0.7960457856399584 0.07246879334257975 0.7960457856399584 0.1612343966712899
0 0.22606659729448492 0 0.22606659729448492 0.023578363384188627 0.268210197710718 0.023578363384188627 0.268210197710718 0 0.22606659729448492 0
0 0.7458376690946931 0.1473647711511789 0.7994276795005203 0.1473647711511789 0.7994276795005203 0.05790568654646325 0.7458376690946931 0.05790568654646325 0.7458376690946931 0.1473647711511789