0 0.26308139534883723 0.927734375 0.34738372093023256 0.927734375 0.34738372093023256 0.814453125 0.26308139534883723 0.814453125 0.26308139534883723 0.927734375
0 0.28924418604651164 0.388671875 0.36191860465116277 0.388671875 0.36191860465116277 0.291015625 0.28924418604651164 0.291015625 0.28924418604651164 0.388671875
0 0.1438953488372093 0.931640625 0.22819767441860464 0.931640625 0.22819767441860464 0.814453125 0.1438953488372093 0.814453125 0.1438953488372093 0.931640625
0 0.4127906976744186 0.517578125 0.49127906976744184 0.517578125 0.49127906976744184 0.412109375 0.4127906976744186 0.412109375 0.4127906976744186 0.517578125
0 0.3444767441860465 0.7890625 0.42877906976744184 0.7890625 0.42877906976744184 0.671875 0.3444767441860465 0.671875 0.3444767441860465 0.7890625
0 0.11337209302325581 0.19921875 0.19186046511627908 0.19921875 0.19186046511627908 0.09765625 0.11337209302325581 0.09765625 0.11337209302325581 0.19921875
0 0.5188953488372093 0.51171875 0.5915697674418605 0.51171875 0.5915697674418605 0.41015625 0.5188953488372093 0.41015625 0.5188953488372093 0.51171875
0 0.40406976744186046 0.9296875 0.4796511627906977 0.9296875 0.4796511627906977 0.81640625 0.40406976744186046 0.81640625 0.40406976744186046 0.9296875
0 0.5828488372093024 0.396484375 0.6497093023255814 0.396484375 0.6497093023255814 0.291015625 0.5828488372093024 0.291015625 0.5828488372093024 0.396484375
0 0.6308139534883721 0.2109375 0.6976744186046512 0.2109375 0.6976744186046512 0.1015625 0.6308139534883721 0.1015625 0.6308139534883721 0.2109375
0 0.5436046511627907 0.9296875 0.6162790697674418 0.9296875 0.6162790697674418 0.8125 0.5436046511627907 0.8125 0.5436046511627907 0.9296875
0 0.47819767441860467 0.853515625 0.5537790697674418 0.853515625 0.5537790697674418 0.744140625 0.47819767441860467 0.744140625 0.47819767441860467 0.853515625
0 0.3488372093023256 0.14453125 0.41569767441860467 0.14453125 0.41569767441860467 0.0390625 0.3488372093023256 0.0390625 0.3488372093023256 0.14453125
0 0.6075581395348837 0.859375 0.688953488372093 0.859375 0.688953488372093 0.7421875 0.6075581395348837 0.7421875 0.6075581395348837 0.859375
0 0.48691860465116277 0.201171875 0.5479651162790697 0.201171875 0.5479651162790697 0.103515625 0.48691860465116277 0.103515625 0.48691860465116277 0.201171875
0 0.42296511627906974 0.146484375 0.48691860465116277 0.146484375 0.48691860465116277 0.037109375 0.42296511627906974 0.037109375 0.42296511627906974 0.146484375
0 0.6061046511627907 0 0.6061046511627907 0.0859375 0.6729651162790697 0.0859375 0.6729651162790697 0 0.6061046511627907 0
0 0.6802325581395349 0.71484375 0.752906976744186 0.71484375 0.752906976744186 0.60546875 0.6802325581395349 0.60546875 0.6802325581395349 0.71484375
0 0.6511627906976745 0.45703125 0.7267441860465116 0.45703125 0.7267441860465116 0.33984375 0.6511627906976745 0.33984375 0.6511627906976745 0.45703125
0 0.5552325581395349 0.21484375 0.625 0.21484375 0.625 0.1015625 0.5552325581395349 0.1015625 0.5552325581395349 0.21484375
0 0.04215116279069767 0.3203125 0.12354651162790697 0.3203125 0.12354651162790697 0.21484375 0.04215116279069767 0.21484375 0.04215116279069767 0.3203125
0 0.4418604651162791 0.27734375 0.5203488372093024 0.27734375 0.5203488372093024 0.16796875 0.4418604651162791 0.16796875 0.4418604651162791 0.27734375
0 0.7412790697674418 0.986328125 0.8255813953488372 0.986328125 0.8255813953488372 0.869140625 0.7412790697674418 0.869140625 0.7412790697674418 0.986328125
0 0.18023255813953487 0.1484375 0.2558139534883721 0.1484375 0.2558139534883721 0.03125 0.18023255813953487 0.03125 0.18023255813953487 0.1484375
0 0.6293604651162791 0.33203125 0.6962209302325582 0.33203125 0.6962209302325582 0.2265625 0.6293604651162791 0.2265625 0.6293604651162791 0.33203125
0 0.05377906976744186 0.50390625 0.13226744186046513 0.50390625 0.13226744186046513 0.3984375 0.05377906976744186 0.3984375 0.05377906976744186 0.50390625
0 0.44622093023255816 0.40625 0.5159883720930233 0.40625 0.5159883720930233 0.29296875 0.44622093023255816 0.29296875 0.44622093023255816 0.40625
0 0.7311046511627907 0.64453125 0.8066860465116279 0.64453125 0.8066860465116279 0.53515625 0.7311046511627907 0.53515625 0.7311046511627907 0.64453125
0 0.5988372093023255 0.517578125 0.6686046511627907 0.517578125 0.6686046511627907 0.416015625 0.5988372093023255 0.416015625 0.5988372093023255 0.517578125
0 0.6133720930232558 0.6484375 0.6918604651162791 0.6484375 0.6918604651162791 0.53125 0.6133720930232558 0.53125 0.6133720930232558 0.6484375
0 0.3691860465116279 0.39453125 0.438953488372093 0.39453125 0.438953488372093 0.29296875 0.3691860465116279 0.29296875 0.3691860465116279 0.39453125
0 0.6075581395348837 0.990234375 0.6831395348837209 0.990234375 0.6831395348837209 0.884765625 0.6075581395348837 0.884765625 0.6075581395348837 0.990234375
0 0.08866279069767442 0.873046875 0.15843023255813954 0.873046875 0.15843023255813954 0.720703125 0.08866279069767442 0.720703125 0.08866279069767442 0.873046875
0 0.22093023255813954 0.330078125 0.3023255813953488 0.330078125 0.3023255813953488 0.216796875 0.22093023255813954 0.216796875 0.22093023255813954 0.330078125
0 0.5334302325581395 0 0.5334302325581395 0.08984375 0.6002906976744186 0.08984375 0.6002906976744186 0 0.5334302325581395 0
0 0.7180232558139535 0.521484375 0.7819767441860465 0.521484375 0.7819767441860465 0.396484375 0.7180232558139535 0.396484375 0.7180232558139535 0.521484375
0 0.26453488372093026 0.140625 0.3372093023255814 0.140625 0.3372093023255814 0.03515625 0.26453488372093026 0.03515625 0.26453488372093026 0.140625
0 0.45494186046511625 0 0.45494186046511625 0.0859375 0.5247093023255814 0.0859375 0.5247093023255814 0 0.45494186046511625 0
0 0.5465116279069767 0.791015625 0.622093023255814 0.791015625 0.622093023255814 0.677734375 0.5465116279069767 0.677734375 0.5465116279069767 0.791015625
0 0.33575581395348836 0.267578125 0.4113372093023256 0.267578125 0.4113372093023256 0.166015625 0.33575581395348836 0.166015625 0.33575581395348836 0.267578125
0 0.6802325581395349 0.927734375 0.7587209302325582 0.927734375 0.7587209302325582 0.810546875 0.6802325581395349 0.810546875 0.6802325581395349 0.927734375
0 0.7281976744186046 0.14453125 0.7950581395348837 0.14453125 0.7950581395348837 0.04296875 0.7281976744186046 0.04296875 0.7281976744186046 0.14453125
0 0.8183139534883721 0.384765625 0.8822674418604651 0.384765625 0.8822674418604651 0.291015625 0.8183139534883721 0.291015625 0.8183139534883721 0.384765625
0 0.7456395348837209 0.79296875 0.8270348837209303 0.79296875 0.8270348837209303 0.671875 0.7456395348837209 0.671875 0.7456395348837209 0.79296875
0 0.8270348837209303 0.845703125 0.9084302325581395 0.845703125 0.9084302325581395 0.736328125 0.8270348837209303 0.736328125 0.8270348837209303 0.845703125
0 0.5276162790697675 0.337890625 0.6002906976744186 0.337890625 0.6002906976744186 0.224609375 0.5276162790697675 0.224609375 0.5276162790697675 0.337890625
0 0.5625 0.99609375 0.623546511627907 0.99609375 0.623546511627907 0.9453125 0.5625 0.9453125 0.5625 0.99609375
0 0.8372093023255814 0.998046875 0.9098837209302325 0.998046875 0.9098837209302325 0.943359375 0.8372093023255814 0.943359375 0.8372093023255814 0.998046875
0 0.7020348837209303 0.2109375 0.7601744186046512 0.2109375 0.7601744186046512 0.11328125 0.7020348837209303 0.11328125 0.7020348837209303 0.2109375
0 0.7892441860465116 0.52734375 0.8561046511627907 0.52734375 0.8561046511627907 0.41015625 0.7892441860465116 0.41015625 0.7892441860465116 0.52734375
0 0.0188953488372093 0.994140625 0.09738372093023256 0.994140625 0.09738372093023256 0.880859375 0.0188953488372093 0.880859375 0.0188953488372093 0.994140625
0 0.6700581395348837 0.998046875 0.751453488372093 0.998046875 0.751453488372093 0.947265625 0.6700581395348837 0.947265625 0.6700581395348837 0.998046875
0 0.2180232558139535 0.716796875 0.3023255813953488 0.716796875 0.3023255813953488 0.615234375 0.2180232558139535 0.615234375 0.2180232558139535 0.716796875
0 0.6802325581395349 0 0.6802325581395349 0.09375 0.7296511627906976 0.09375 0.7296511627906976 0 0.6802325581395349 0
0 0.0014534883720930232 0.248046875 0.030523255813953487 0.248046875 0.030523255813953487 0.158203125 0.0014534883720930232 0.158203125 0.0014534883720930232 0.248046875
0 0.4752906976744186 0.998046875 0.5566860465116279 0.998046875 0.5566860465116279 0.951171875 0.4752906976744186 0.951171875 0.4752906976744186 0.998046875
0 0.29069767441860467 0.658203125 0.36046511627906974 0.658203125 0.36046511627906974 0.533203125 0.29069767441860467 0.533203125 0.29069767441860467 0.658203125
0 0.8008720930232558 0.146484375 0.8648255813953488 0.146484375 0.8648255813953488 0.044921875 0.8008720930232558 0.044921875 0.8008720930232558 0.146484375
0 0.8343023255813954 0.642578125 0.9127906976744186 0.642578125 0.9127906976744186 0.537109375 0.8343023255813954 0.537109375 0.8343023255813954 0.642578125
0 0.11482558139534883 0.630859375 0.19622093023255813 0.630859375 0.19622093023255813 0.541015625 0.11482558139534883 0.541015625 0.11482558139534883 0.630859375
0 0.3691860465116279 0.662109375 0.43023255813953487 0.662109375 0.43023255813953487 0.529296875 0.3691860465116279 0.529296875 0.3691860465116279 0.662109375
0 0.0625 0.724609375 0.12645348837209303 0.724609375 0.12645348837209303 0.603515625 0.0625 0.603515625 0.0625 0.724609375
0 0.7034883720930233 0.3359375 0.7703488372093024 0.3359375 0.7703488372093024 0.2265625 0.7034883720930233 0.2265625 0.7034883720930233 0.3359375
0 0.13662790697674418 0 0.13662790697674418 0.02734375 0.20930232558139536 0.02734375 0.20930232558139536 0 0.13662790697674418 0