0 0 0 0 0.09375 0.055232558139534885 0.09375 0.055232558139534885 0 0 0
0 0.2063953488372093 0.296875 0.2819767441860465 0.296875 0.2819767441860465 0.1875 0.2063953488372093 0.1875 0.2063953488372093 0.296875
0 0.5683139534883721 0.17578125 0.6468023255813954 0.17578125 0.6468023255813954 0.07421875 0.5683139534883721 0.07421875 0.5683139534883721 0.17578125
0 0.37790697674418605 0.890625 0.45930232558139533 0.890625 0.45930232558139533 0.78125 0.37790697674418605 0.78125 0.37790697674418605 0.890625
0 0.5726744186046512 0.951171875 0.6511627906976745 0.951171875 0.6511627906976745 0.845703125 0.5726744186046512 0.845703125 0.5726744186046512 0.951171875
0 0.3168604651162791 0.826171875 0.39825581395348836 0.826171875 0.39825581395348836 0.708984375 0.3168604651162791 0.708984375 0.3168604651162791 0.826171875
0 0.6584302325581395 0.962890625 0.7398255813953488 0.962890625 0.7398255813953488 0.837890625 0.6584302325581395 0.837890625 0.6584302325581395 0.962890625
0 0.19040697674418605 0.8203125 0.2805232558139535 0.8203125 0.2805232558139535 0.70703125 0.19040697674418605 0.70703125 0.19040697674418605 0.8203125
0 0.4738372093023256 0.18359375 0.5290697674418605 0.18359375 0.5290697674418605 0.06640625 0.4738372093023256 0.06640625 0.4738372093023256 0.18359375
0 0.48401162790697677 0.490234375 0.5508720930232558 0.490234375 0.5508720930232558 0.369140625 0.48401162790697677 0.369140625 0.48401162790697677 0.490234375
0 0.47819767441860467 0.751953125 0.5508720930232558 0.751953125 0.5508720930232558 0.638671875 0.47819767441860467 0.638671875 0.47819767441860467 0.751953125
0 0.498546511627907 0.359375 0.5770348837209303 0.359375 0.5770348837209303 0.25 0.498546511627907 0.25 0.498546511627907 0.359375
0 0.7063953488372093 0.8828125 0.7819767441860465 0.8828125 0.7819767441860465 0.7734375 0.7063953488372093 0.7734375 0.7063953488372093 0.8828125
0 0.6380813953488372 0.82421875 0.7107558139534884 0.82421875 0.7107558139534884 0.70703125 0.6380813953488372 0.70703125 0.6380813953488372 0.82421875
0 0.46511627906976744 0.619140625 0.5377906976744186 0.619140625 0.5377906976744186 0.509765625 0.46511627906976744 0.509765625 0.46511627906976744 0.619140625
0 0.38226744186046513 0.62109375 0.4578488372093023 0.62109375 0.4578488372093023 0.51171875 0.38226744186046513 0.51171875 0.38226744186046513 0.62109375
0 0.4476744186046512 0.95703125 0.5261627906976745 0.95703125 0.5261627906976745 0.8515625 0.4476744186046512 0.8515625 0.4476744186046512 0.95703125
0 0.8081395348837209 0.81640625 0.8808139534883721 0.81640625 0.8808139534883721 0.703125 0.8081395348837209 0.703125 0.8081395348837209 0.81640625
0 0.3938953488372093 0.185546875 0.4694767441860465 0.185546875 0.4694767441860465 0.068359375 0.3938953488372093 0.068359375 0.3938953488372093 0.185546875
0 0.30523255813953487 0.958984375 0.3866279069767442 0.958984375 0.3866279069767442 0.845703125 0.30523255813953487 0.845703125 0.30523255813953487 0.958984375
0 0.5988372093023255 0.5546875 0.6686046511627907 0.5546875 0.6686046511627907 0.44921875 0.5988372093023255 0.44921875 0.5988372093023255 0.5546875
0 0.6773255813953488 0.55078125 0.7412790697674418 0.55078125 0.7412790697674418 0.43359375 0.6773255813953488 0.43359375 0.6773255813953488 0.55078125
0 0.4476744186046512 0.298828125 0.5 0.298828125 0.5 0.181640625 0.4476744186046512 0.181640625 0.4476744186046512 0.298828125
0 0.373546511627907 0.302734375 0.44040697674418605 0.302734375 0.44040697674418605 0.189453125 0.373546511627907 0.189453125 0.373546511627907 0.302734375
0 0.5101744186046512 0.888671875 0.5886627906976745 0.888671875 0.5886627906976745 0.771484375 0.5101744186046512 0.771484375 0.5101744186046512 0.888671875
0 0.4055232558139535 0.49609375 0.4752906976744186 0.49609375 0.4752906976744186 0.37890625 0.4055232558139535 0.37890625 0.4055232558139535 0.49609375
0 0.20930232558139536 0.97265625 0.29069767441860467 0.97265625 0.29069767441860467 0.84765625 0.20930232558139536 0.84765625 0.20930232558139536 0.97265625
0 0.626453488372093 0.294921875 0.6933139534883721 0.294921875 0.6933139534883721 0.189453125 0.626453488372093 0.189453125 0.626453488372093 0.294921875
0 0.6598837209302325 0.423828125 0.7354651162790697 0.423828125 0.7354651162790697 0.314453125 0.6598837209302325 0.314453125 0.6598837209302325 0.423828125
0 0.7383720930232558 0.99609375 0.813953488372093 0.99609375 0.813953488372093 0.91015625 0.7383720930232558 0.91015625 0.7383720930232558 0.99609375
0 0.5406976744186046 0.291015625 0.6133720930232558 0.291015625 0.6133720930232558 0.189453125 0.5406976744186046 0.189453125 0.5406976744186046 0.291015625
0 0.31976744186046513 0.689453125 0.40406976744186046 0.689453125 0.40406976744186046 0.572265625 0.31976744186046513 0.572265625 0.31976744186046513 0.689453125
0 0 0.298828125 0.07848837209302326 0.298828125 0.07848837209302326 0.173828125 0 0.173828125 0 0.298828125
0 0.686046511627907 0.6796875 0.7616279069767442 0.6796875 0.7616279069767442 0.5703125 0.686046511627907 0.5703125 0.686046511627907 0.6796875
0 0.06540697674418605 0.822265625 0.14970930232558138 0.822265625 0.14970930232558138 0.701171875 0.06540697674418605 0.701171875 0.06540697674418605 0.822265625
0 0.7369186046511628 0.484375 0.8125 0.484375 0.8125 0.375 0.7369186046511628 0.375 0.7369186046511628 0.484375
0 0.6061046511627907 0.6796875 0.6787790697674418 0.6796875 0.6787790697674418 0.5703125 0.6061046511627907 0.5703125 0.6061046511627907 0.6796875
0 0.5581395348837209 0.490234375 0.6133720930232558 0.490234375 0.6133720930232558 0.361328125 0.5581395348837209 0.361328125 0.5581395348837209 0.490234375
0 0.7761627906976745 0.955078125 0.8575581395348837 0.955078125 0.8575581395348837 0.837890625 0.7761627906976745 0.837890625 0.7761627906976745 0.955078125
0 0.5247093023255814 0.6796875 0.6002906976744186 0.6796875 0.6002906976744186 0.57421875 0.5247093023255814 0.57421875 0.5247093023255814 0.6796875
0 0.0755813953488372 0.353515625 0.1569767441860465 0.353515625 0.1569767441860465 0.244140625 0.0755813953488372 0.244140625 0.0755813953488372 0.353515625
0 0.3953488372093023 0.767578125 0.47093023255813954 0.767578125 0.47093023255813954 0.646484375 0.3953488372093023 0.646484375 0.3953488372093023 0.767578125
0 0.8125 0.607421875 0.8851744186046512 0.607421875 0.8851744186046512 0.498046875 0.8125 0.498046875 0.8125 0.607421875
0 0.6773255813953488 0.234375 0.747093023255814 0.234375 0.747093023255814 0.1328125 0.6773255813953488 0.1328125 0.6773255813953488 0.234375
0 0.7311046511627907 0.603515625 0.8037790697674418 0.603515625 0.8037790697674418 0.498046875 0.7311046511627907 0.498046875 0.7311046511627907 0.603515625
0 0.45348837209302323 0 0.45348837209302323 0.05078125 0.5232558139534884 0.05078125 0.5232558139534884 0 0.45348837209302323 0
0 0.19622093023255813 0.5546875 0.2688953488372093 0.5546875 0.2688953488372093 0.44140625 0.19622093023255813 0.44140625 0.19622093023255813 0.5546875
0 0.7340116279069767 0.298828125 0.8066860465116279 0.298828125 0.8066860465116279 0.185546875 0.7340116279069767 0.185546875 0.7340116279069767 0.298828125
0 0.2936046511627907 0.314453125 0.36627906976744184 0.314453125 0.36627906976744184 0.193359375 0.2936046511627907 0.193359375 0.2936046511627907 0.314453125
0 0.8866279069767442 0.81640625 0.9505813953488372 0.81640625 0.9505813953488372 0.6953125 0.8866279069767442 0.6953125 0.8866279069767442 0.81640625
0 0.17296511627906977 0.681640625 0.24563953488372092 0.681640625 0.24563953488372092 0.576171875 0.17296511627906977 0.576171875 0.17296511627906977 0.681640625
0 0.5159883720930233 0.1171875 0.5828488372093024 0.1171875 0.5828488372093024 0.015625 0.5159883720930233 0.015625 0.5159883720930233 0.1171875
0 0.7209302325581395 0.177734375 0.7906976744186046 0.177734375 0.7906976744186046 0.068359375 0.7209302325581395 0.068359375 0.7209302325581395 0.177734375
0 0.6395348837209303 0.123046875 0.7122093023255814 0.123046875 0.7122093023255814 0.009765625 0.6395348837209303 0.009765625 0.6395348837209303 0.123046875
0 0.33430232558139533 0.421875 0.40988372093023256 0.421875 0.40988372093023256 0.3203125 0.33430232558139533 0.3203125 0.33430232558139533 0.421875
0 0.5813953488372093 0 0.5813953488372093 0.0546875 0.6482558139534884 0.0546875 0.6482558139534884 0 0.5813953488372093 0
0 0.09156976744186046 0 0.09156976744186046 0.04296875 0.16715116279069767 0.04296875 0.16715116279069767 0 0.09156976744186046 0
0 0.8604651162790697 0.955078125 0.9331395348837209 0.955078125 0.9331395348837209 0.833984375 0.8604651162790697 0.833984375 0.8604651162790697 0.955078125
0 0.3313953488372093 0 0.3313953488372093 0.03515625 0.3953488372093023 0.03515625 0.3953488372093023 0 0.3313953488372093 0
0 0 0.58203125 0.0436046511627907 0.58203125 0.0436046511627907 0.4375 0 0.4375 0 0.58203125
0 0.75 0.751953125 0.8255813953488372 0.751953125 0.8255813953488372 0.642578125 0.75 0.642578125 0.75 0.751953125
0 0.20784883720930233 0 0.20784883720930233 0.0390625 0.2747093023255814 0.0390625 0.2747093023255814 0 0.20784883720930233 0
0 0.7325581395348837 1 0.7325581395348837 0.984375 0.6715116279069767 0.984375 0.6715116279069767 1 0.7325581395348837 1
0 0.9549418604651163 1 0.9549418604651163 0.97265625 0.8909883720930233 0.97265625 0.8909883720930233 1 0.9549418604651163 1
0 0.055232558139534885 0.68359375 0.125 0.68359375 0.125 0.57421875 0.055232558139534885 0.57421875 0.055232558139534885 0.68359375