0 0.7165697674418605 0.93359375 0.7921511627906976 0.93359375 0.7921511627906976 0.81640625 0.7165697674418605 0.81640625 0.7165697674418605 0.93359375
0 0.08866279069767442 0.59765625 0.17005813953488372 0.59765625 0.17005813953488372 0.48828125 0.08866279069767442 0.48828125 0.08866279069767442 0.59765625
0 0.5406976744186046 0.220703125 0.6133720930232558 0.220703125 0.6133720930232558 0.115234375 0.5406976744186046 0.115234375 0.5406976744186046 0.220703125
0 0.5203488372093024 0.59375 0.6046511627906976 0.59375 0.6046511627906976 0.48828125 0.5203488372093024 0.48828125 0.5203488372093024 0.59375
0 0.4738372093023256 0.279296875 0.5494186046511628 0.279296875 0.5494186046511628 0.177734375 0.4738372093023256 0.177734375 0.4738372093023256 0.279296875
0 0.6686046511627907 0.16015625 0.7441860465116279 0.16015625 0.7441860465116279 0.0546875 0.6686046511627907 0.0546875 0.6686046511627907 0.16015625
0 0.7441860465116279 0.2109375 0.8197674418604651 0.2109375 0.8197674418604651 0.109375 0.7441860465116279 0.109375 0.7441860465116279 0.2109375
0 0.34011627906976744 0.947265625 0.42441860465116277 0.947265625 0.42441860465116277 0.822265625 0.34011627906976744 0.822265625 0.34011627906976744 0.947265625
0 0.41424418604651164 0.40625 0.49273255813953487 0.40625 0.49273255813953487 0.29296875 0.41424418604651164 0.29296875 0.41424418604651164 0.40625
0 0.626453488372093 0.80078125 0.6962209302325582 0.80078125 0.6962209302325582 0.69140625 0.626453488372093 0.69140625 0.626453488372093 0.80078125
0 0.498546511627907 0.4140625 0.5537790697674418 0.4140625 0.5537790697674418 0.29296875 0.498546511627907 0.29296875 0.498546511627907 0.4140625
0 0.29069767441860467 0.154296875 0.37209302325581395 0.154296875 0.37209302325581395 0.048828125 0.29069767441860467 0.048828125 0.29069767441860467 0.154296875
0 0.22529069767441862 0.53125 0.3008720930232558 0.53125 0.3008720930232558 0.421875 0.22529069767441862 0.421875 0.22529069767441862 0.53125
0 0.501453488372093 0.99609375 0.5770348837209303 0.99609375 0.5770348837209303 0.89453125 0.501453488372093 0.89453125 0.501453488372093 0.99609375
0 0.4811046511627907 0.16015625 0.5537790697674418 0.16015625 0.5537790697674418 0.0546875 0.4811046511627907 0.0546875 0.4811046511627907 0.16015625
0 0.5959302325581395 0.404296875 0.6773255813953488 0.404296875 0.6773255813953488 0.298828125 0.5959302325581395 0.298828125 0.5959302325581395 0.404296875
0 0.7078488372093024 0.80078125 0.7718023255813954 0.80078125 0.7718023255813954 0.67578125 0.7078488372093024 0.67578125 0.7078488372093024 0.80078125
0 0.40406976744186046 0.8828125 0.48255813953488375 0.8828125 0.48255813953488375 0.76171875 0.40406976744186046 0.76171875 0.40406976744186046 0.8828125
0 0.42005813953488375 0.216796875 0.4898255813953488 0.216796875 0.4898255813953488 0.111328125 0.42005813953488375 0.111328125 0.42005813953488375 0.216796875
0 0.4898255813953488 0.873046875 0.565406976744186 0.873046875 0.565406976744186 0.759765625 0.4898255813953488 0.759765625 0.4898255813953488 0.873046875
0 0.7616279069767442 0.86328125 0.8372093023255814 0.86328125 0.8372093023255814 0.74609375 0.7616279069767442 0.74609375 0.7616279069767442 0.86328125
0 0.2180232558139535 0.271484375 0.2936046511627907 0.271484375 0.2936046511627907 0.162109375 0.2180232558139535 0.162109375 0.2180232558139535 0.271484375
0 0.47093023255813954 0.541015625 0.5261627906976745 0.541015625 0.5261627906976745 0.412109375 0.47093023255813954 0.412109375 0.47093023255813954 0.541015625
0 0.42005813953488375 0.99609375 0.4956395348837209 0.99609375 0.4956395348837209 0.90625 0.42005813953488375 0.90625 0.42005813953488375 0.99609375
0 0.8444767441860465 0.859375 0.9200581395348837 0.859375 0.9200581395348837 0.74609375 0.8444767441860465 0.74609375 0.8444767441860465 0.859375
0 0.20494186046511628 0.814453125 0.28924418604651164 0.814453125 0.28924418604651164 0.689453125 0.20494186046511628 0.689453125 0.20494186046511628 0.814453125
0 0.7819767441860465 0.99609375 0.8604651162790697 0.99609375 0.8604651162790697 0.88671875 0.7819767441860465 0.88671875 0.7819767441860465 0.99609375
0 0.5087209302325582 0.740234375 0.5784883720930233 0.740234375 0.5784883720930233 0.607421875 0.5087209302325582 0.607421875 0.5087209302325582 0.740234375
0 0.10755813953488372 0.267578125 0.18313953488372092 0.267578125 0.18313953488372092 0.162109375 0.10755813953488372 0.162109375 0.10755813953488372 0.267578125
0 0.1816860465116279 0.9453125 0.26308139534883723 0.9453125 0.26308139534883723 0.828125 0.1816860465116279 0.828125 0.1816860465116279 0.9453125
0 0.5668604651162791 0.5234375 0.6395348837209303 0.5234375 0.6395348837209303 0.42578125 0.5668604651162791 0.42578125 0.5668604651162791 0.5234375
0 0.751453488372093 0.404296875 0.8212209302325582 0.404296875 0.8212209302325582 0.298828125 0.751453488372093 0.298828125 0.751453488372093 0.404296875
0 0.6046511627906976 0.28125 0.6773255813953488 0.28125 0.6773255813953488 0.17578125 0.6046511627906976 0.17578125 0.6046511627906976 0.28125
0 0.7093023255813954 0.466796875 0.7761627906976745 0.466796875 0.7761627906976745 0.361328125 0.7093023255813954 0.361328125 0.7093023255813954 0.466796875
0 0.5479651162790697 0.93359375 0.6293604651162791 0.93359375 0.6293604651162791 0.82421875 0.5479651162790697 0.82421875 0.5479651162790697 0.93359375
0 0 0.318359375 0.06395348837209303 0.318359375 0.06395348837209303 0.220703125 0 0.220703125 0 0.318359375
0 0.34593023255813954 0.279296875 0.42151162790697677 0.279296875 0.42151162790697677 0.173828125 0.34593023255813954 0.173828125 0.34593023255813954 0.279296875
0 0.05377906976744186 0.220703125 0.12063953488372094 0.220703125 0.12063953488372094 0.087890625 0.05377906976744186 0.087890625 0.05377906976744186 0.220703125
0 0.6671511627906976 0.345703125 0.7427325581395349 0.345703125 0.7427325581395349 0.232421875 0.6671511627906976 0.232421875 0.6671511627906976 0.345703125
0 0.3938953488372093 0.541015625 0.4636627906976744 0.541015625 0.4636627906976744 0.423828125 0.3938953488372093 0.423828125 0.3938953488372093 0.541015625
0 0.18023255813953487 0 0.18023255813953487 0.08984375 0.25290697674418605 0.08984375 0.25290697674418605 0 0.18023255813953487 0
0 0.6511627906976745 0.53125 0.7238372093023255 0.53125 0.7238372093023255 0.421875 0.6511627906976745 0.421875 0.6511627906976745 0.53125
0 0.3561046511627907 0.662109375 0.42877906976744184 0.662109375 0.42877906976744184 0.560546875 0.3561046511627907 0.560546875 0.3561046511627907 0.662109375
0 0.6322674418604651 0.931640625 0.7049418604651163 0.931640625 0.7049418604651163 0.822265625 0.6322674418604651 0.822265625 0.6322674418604651 0.931640625
0 0.5843023255813954 0.73828125 0.6395348837209303 0.73828125 0.6395348837209303 0.6015625 0.5843023255813954 0.6015625 0.5843023255813954 0.73828125
0 0.4273255813953488 0.73828125 0.5 0.73828125 0.5 0.6171875 0.4273255813953488 0.6171875 0.4273255813953488 0.73828125
0 0.02180232558139535 0 0.02180232558139535 0.0859375 0.09447674418604651 0.0859375 0.09447674418604651 0 0.02180232558139535 0
0 0.3168604651162791 0.54296875 0.3866279069767442 0.54296875 0.3866279069767442 0.42578125 0.3168604651162791 0.42578125 0.3168604651162791 0.54296875
0 0.6002906976744186 0.103515625 0.6758720930232558 0.103515625 0.6758720930232558 0.001953125 0.6002906976744186 0.001953125 0.6002906976744186 0.103515625
0 0.00436046511627907 0.53125 0.08866279069767442 0.53125 0.08866279069767442 0.4140625 0.00436046511627907 0.4140625 0.00436046511627907 0.53125
0 0.7761627906976745 0.728515625 0.8459302325581395 0.728515625 0.8459302325581395 0.603515625 0.7761627906976745 0.603515625 0.7761627906976745 0.728515625
0 0.5406976744186046 0.3515625 0.6075581395348837 0.3515625 0.6075581395348837 0.23828125 0.5406976744186046 0.23828125 0.5406976744186046 0.3515625
0 0.688953488372093 0.662109375 0.7674418604651163 0.662109375 0.7674418604651163 0.548828125 0.688953488372093 0.548828125 0.688953488372093 0.662109375
0 0.8473837209302325 0.99609375 0.9142441860465116 0.99609375 0.9142441860465116 0.95703125 0.8473837209302325 0.95703125 0.8473837209302325 0.99609375
0 0.7616279069767442 0.53125 0.8401162790697675 0.53125 0.8401162790697675 0.4140625 0.7616279069767442 0.4140625 0.7616279069767442 0.53125
0 0.9244186046511628 0.998046875 0.9883720930232558 0.998046875 0.9883720930232558 0.951171875 0.9244186046511628 0.951171875 0.9244186046511628 0.998046875
0 0.07267441860465117 0.953125 0.13662790697674418 0.953125 0.13662790697674418 0.83203125 0.07267441860465117 0.83203125 0.07267441860465117 0.953125
0 0 0.78515625 0.05232558139534884 0.78515625 0.05232558139534884 0.6875 0 0.6875 0 0.78515625
0 0.3168604651162791 0 0.3168604651162791 0.0390625 0.3691860465116279 0.0390625 0.3691860465116279 0 0.3168604651162791 0
0 0.6686046511627907 0.99609375 0.7354651162790697 0.99609375 0.7354651162790697 0.9609375 0.6686046511627907 0.9609375 0.6686046511627907 0.99609375
0 0.08284883720930232 0.998046875 0.15843023255813954 0.998046875 0.15843023255813954 0.966796875 0.08284883720930232 0.966796875 0.08284883720930232 0.998046875
0 0.3444767441860465 0.998046875 0.4113372093023256 0.998046875 0.4113372093023256 0.970703125 0.3444767441860465 0.970703125 0.3444767441860465 0.998046875
0 0.24854651162790697 0 0.24854651162790697 0.03515625 0.3066860465116279 0.03515625 0.3066860465116279 0 0.24854651162790697 0
0 0.21656976744186046 0.998046875 0.28924418604651164 0.998046875 0.28924418604651164 0.970703125 0.21656976744186046 0.970703125 0.21656976744186046 0.998046875
0 0.748546511627907 0 0.748546511627907 0.03515625 0.815406976744186 0.03515625 0.815406976744186 0 0.748546511627907 0
0 0.5508720930232558 0 0.5508720930232558 0.05078125 0.6119186046511628 0.05078125 0.6119186046511628 0 0.5508720930232558 0
0 0.6613372093023255 0 0.6613372093023255 0.04296875 0.7223837209302325 0.04296875 0.7223837209302325 0 0.6613372093023255 0