0 0.8345656192236599 0.40234375 0.9339186691312384 0.40234375 0.9339186691312384 0.03828125 0.8345656192236599 0.03828125 0.8345656192236599 0.40234375
0 0.5593807763401109 0.99765625 0.6910813308687616 0.99765625 0.6910813308687616 0.56953125 0.5593807763401109 0.56953125 0.5593807763401109 0.99765625
0 0.8350277264325323 1 0.8350277264325323 0.7296875 0.7010166358595195 0.7296875 0.7010166358595195 1 0.8350277264325323 1
0 0.6508780036968577 0.5109375 0.7631700554528651 0.5109375 0.7631700554528651 0.125 0.6508780036968577 0.125 0.6508780036968577 0.5109375
0 0.35304990757855825 0.759375 0.4524029574861368 0.759375 0.4524029574861368 0.3609375 0.35304990757855825 0.3609375 0.35304990757855825 0.759375
0 0.45286506469500926 0.66484375 0.5591497227356746 0.66484375 0.5591497227356746 0.29921875 0.45286506469500926 0.29921875 0.45286506469500926 0.66484375
0 0.24237523105360442 0.9984375 0.35189463955637706 0.9984375 0.35189463955637706 0.59375 0.24237523105360442 0.59375 0.24237523105360442 0.9984375
0 0.5339648798521257 0.40390625 0.6291589648798521 0.40390625 0.6291589648798521 0.09765625 0.5339648798521257 0.09765625 0.5339648798521257 0.40390625
0 0.5566081330868762 1 0.5566081330868762 0.6375 0.4341497227356747 0.6375 0.4341497227356747 1 0.5566081330868762 1
0 0.4431608133086876 0.44140625 0.5309611829944547 0.44140625 0.5309611829944547 0.15078125 0.4431608133086876 0.15078125 0.4431608133086876 0.44140625
0 0.4357670979667283 1 0.4357670979667283 0.75625 0.3285582255083179 0.75625 0.3285582255083179 1 0.4357670979667283 1
0 0.51409426987061 0 0.51409426987061 0.2171875 0.5912661737523105 0.2171875 0.5912661737523105 0 0.51409426987061 0
0 0.618992606284658 0.33046875 0.6957024029574861 0.33046875 0.6957024029574861 0.02734375 0.618992606284658 0.02734375 0.618992606284658 0.33046875
0 0.5471349353049908 0.7171875 0.660351201478743 0.7171875 0.660351201478743 0.3296875 0.5471349353049908 0.3296875 0.5471349353049908 0.7171875
0 0.20055452865064696 0.84921875 0.272181146025878 0.84921875 0.272181146025878 0.49296875 0.20055452865064696 0.49296875 0.20055452865064696 0.84921875
0 0.20425138632162662 1 0.20425138632162662 0.753125 0.11968576709796673 0.753125 0.11968576709796673 1 0.20425138632162662 1
0 0.4819778188539741 0 0.4819778188539741 0.128125 0.5462107208872459 0.128125 0.5462107208872459 0 0.4819778188539741 0
0 0.6402495378927912 0 0.6402495378927912 0.0953125 0.7220425138632163 0.0953125 0.7220425138632163 0 0.6402495378927912 0
0 0.6166820702402958 1 0.6166820702402958 0.903125 0.48775415896487984 0.903125 0.48775415896487984 1 0.6166820702402958 1
0 0.28789279112754157 1 0.28789279112754157 0.9234375 0.1876155268022181 0.9234375 0.1876155268022181 1 0.28789279112754157 1
0 0.036275415896487986 0.99609375 0.10697781885397412 0.99609375 0.10697781885397412 0.71484375 0.036275415896487986 0.71484375 0.036275415896487986 0.99609375
0 0.6155268022181146 0 0.6155268022181146 0.0546875 0.6418669131238447 0.0546875 0.6418669131238447 0 0.6155268022181146 0