0 0.203125 0.4252988047808765 0.29836309523809523 0.4252988047808765 0.29836309523809523 0.2918326693227092 0.203125 0.2918326693227092 0.203125 0.4252988047808765
0 0.46875 0.2290836653386454 0.5386904761904762 0.2290836653386454 0.5386904761904762 0.10159362549800798 0.46875 0.10159362549800798 0.46875 0.2290836653386454
0 0.07738095238095238 0.398406374501992 0.16964285714285715 0.398406374501992 0.16964285714285715 0.2689243027888446 0.07738095238095238 0.2689243027888446 0.07738095238095238 0.398406374501992
0 0.33779761904761907 0.35756972111553786 0.4211309523809524 0.35756972111553786 0.4211309523809524 0.23207171314741035 0.33779761904761907 0.23207171314741035 0.33779761904761907 0.35756972111553786
0 0.5907738095238095 0.7539840637450199 0.6889880952380952 0.7539840637450199 0.6889880952380952 0.6284860557768924 0.5907738095238095 0.6284860557768924 0.5907738095238095 0.7539840637450199
0 0.5424107142857143 0.26195219123505975 0.6063988095238095 0.26195219123505975 0.6063988095238095 0.13247011952191234 0.5424107142857143 0.13247011952191234 0.5424107142857143 0.26195219123505975
0 0.3869047619047619 0.8326693227091634 0.49107142857142855 0.8326693227091634 0.49107142857142855 0.6832669322709163 0.3869047619047619 0.6832669322709163 0.3869047619047619 0.8326693227091634
0 0.5714285714285714 0.6384462151394422 0.6741071428571429 0.6384462151394422 0.6741071428571429 0.5089641434262948 0.5714285714285714 0.5089641434262948 0.5714285714285714 0.6384462151394422
0 0.14211309523809523 0.30278884462151395 0.22395833333333334 0.30278884462151395 0.22395833333333334 0.16733067729083664 0.14211309523809523 0.16733067729083664 0.14211309523809523 0.30278884462151395
0 0.2425595238095238 0.5099601593625498 0.3392857142857143 0.5099601593625498 0.3392857142857143 0.39243027888446214 0.2425595238095238 0.39243027888446214 0.2425595238095238 0.5099601593625498
0 0.26860119047619047 0.3655378486055777 0.3400297619047619 0.3655378486055777 0.3400297619047619 0.24203187250996017 0.26860119047619047 0.24203187250996017 0.26860119047619047 0.3655378486055777
0 0.7790178571428571 0.9830677290836654 0.8668154761904762 0.9830677290836654 0.8668154761904762 0.8436254980079682 0.7790178571428571 0.8436254980079682 0.7790178571428571 0.9830677290836654
0 0.22247023809523808 0.2848605577689243 0.30431547619047616 0.2848605577689243 0.30431547619047616 0.15737051792828685 0.22247023809523808 0.15737051792828685 0.22247023809523808 0.2848605577689243
0 0.6651785714285714 0.5398406374501992 0.7366071428571429 0.5398406374501992 0.7366071428571429 0.40836653386454186 0.6651785714285714 0.40836653386454186 0.6651785714285714 0.5398406374501992
0 0.6473214285714286 0.6872509960159362 0.7440476190476191 0.6872509960159362 0.7440476190476191 0.5398406374501992 0.6473214285714286 0.5398406374501992 0.6473214285714286 0.6872509960159362
0 0.48139880952380953 0.6733067729083665 0.5751488095238095 0.6733067729083665 0.5751488095238095 0.5318725099601593 0.48139880952380953 0.5318725099601593 0.48139880952380953 0.6733067729083665
0 0.40029761904761907 0.9631474103585658 0.5059523809523809 0.9631474103585658 0.5059523809523809 0.8296812749003984 0.40029761904761907 0.8296812749003984 0.40029761904761907 0.9631474103585658
0 0.5424107142857143 0.5448207171314741 0.6242559523809523 0.5448207171314741 0.6242559523809523 0.3934262948207171 0.5424107142857143 0.3934262948207171 0.5424107142857143 0.5448207171314741
0 0.32961309523809523 0.7171314741035857 0.42336309523809523 0.7171314741035857 0.42336309523809523 0.5657370517928287 0.32961309523809523 0.5657370517928287 0.32961309523809523 0.7171314741035857