0 0.8613678373382625 1 0.8613678373382625 0.528125 0.716728280961183 0.528125 0.716728280961183 1 0.8613678373382625 1
0 0.300369685767098 0.86875 0.4048059149722736 0.86875 0.4048059149722736 0.45 0.300369685767098 0.45 0.300369685767098 0.86875
0 0.5600739371534196 0.74375 0.66728280961183 0.74375 0.66728280961183 0.29375 0.5600739371534196 0.29375 0.5600739371534196 0.74375
0 0.7340573012939002 1 0.7340573012939002 0.71875 0.5903419593345656 0.71875 0.5903419593345656 1 0.7340573012939002 1
0 0.6853049907578558 0 0.6853049907578558 0.178125 0.7744916820702403 0.178125 0.7744916820702403 0 0.6853049907578558 0
0 0.592652495378928 0.41796875 0.6878465804066544 0.41796875 0.6878465804066544 0.11953125 0.592652495378928 0.11953125 0.592652495378928 0.41796875
0 0.5097042513863216 0.5609375 0.5988909426987061 0.5609375 0.5988909426987061 0.1734375 0.5097042513863216 0.1734375 0.5097042513863216 0.5609375
0 0.17513863216266173 0.99375 0.26848428835489835 0.99375 0.26848428835489835 0.61875 0.17513863216266173 0.61875 0.17513863216266173 0.99375
0 0.39671903881700554 0.92578125 0.5164048059149723 0.92578125 0.5164048059149723 0.55390625 0.39671903881700554 0.55390625 0.39671903881700554 0.92578125
0 0.54228280961183 0 0.54228280961183 0.1828125 0.612985212569316 0.1828125 0.612985212569316 0 0.54228280961183 0
0 0.612985212569316 0 0.612985212569316 0.1859375 0.6901571164510166 0.1859375 0.6901571164510166 0 0.612985212569316 0
0 0.5485212569316081 1 0.5485212569316081 0.778125 0.41266173752310537 0.778125 0.41266173752310537 1 0.5485212569316081 1
0 0.48867837338262476 0.3640625 0.574630314232902 0.3640625 0.574630314232902 0.0515625 0.48867837338262476 0.0515625 0.48867837338262476 0.3640625
0 0.4628003696857671 0 0.4628003696857671 0.2609375 0.5348890942698706 0.2609375 0.5348890942698706 0 0.4628003696857671 0
0 0.24976894639556377 1 0.24976894639556377 0.86875 0.15734750462107208 0.86875 0.15734750462107208 1 0.24976894639556377 1
0 0.789279112754159 0 0.789279112754159 0.0328125 0.8405730129390019 0.0328125 0.8405730129390019 0 0.789279112754159 0
0 0.44986136783733827 0 0.44986136783733827 0.1296875 0.48544362292051757 0.1296875 0.48544362292051757 0 0.44986136783733827 0