0 0.2780054644808743 0.1918181818181818 0.3394808743169399 0.1918181818181818 0.3394808743169399 0.09727272727272727 0.2780054644808743 0.09727272727272727 0.2780054644808743 0.1918181818181818
0 0.35655737704918034 0.5681818181818182 0.42213114754098363 0.5681818181818182 0.42213114754098363 0.44636363636363635 0.35655737704918034 0.44636363636363635 0.35655737704918034 0.5681818181818182
0 0.6454918032786885 0.8090909090909091 0.7056010928961749 0.8090909090909091 0.7056010928961749 0.6927272727272727 0.6454918032786885 0.6927272727272727 0.6454918032786885 0.8090909090909091
0 0.22404371584699453 0.37272727272727274 0.28825136612021857 0.37272727272727274 0.28825136612021857 0.2690909090909091 0.22404371584699453 0.2690909090909091 0.22404371584699453 0.37272727272727274
0 0.5771857923497268 0.6154545454545455 0.6372950819672131 0.6154545454545455 0.6372950819672131 0.5063636363636363 0.5771857923497268 0.5063636363636363 0.5771857923497268 0.6154545454545455
0 0.7062841530054644 0.41909090909090907 0.7568306010928961 0.41909090909090907 0.7568306010928961 0.33 0.7062841530054644 0.33 0.7062841530054644 0.41909090909090907
0 0.5095628415300546 0.519090909090909 0.5655737704918032 0.519090909090909 0.5655737704918032 0.4209090909090909 0.5095628415300546 0.4209090909090909 0.5095628415300546 0.519090909090909
0 0.43306010928961747 0.9990909090909091 0.5081967213114754 0.9990909090909091 0.5081967213114754 0.8972727272727272 0.43306010928961747 0.8972727272727272 0.43306010928961747 0.9990909090909091
0 0.1646174863387978 0.9436363636363636 0.2383879781420765 0.9436363636363636 0.2383879781420765 0.8363636363636363 0.1646174863387978 0.8363636363636363 0.1646174863387978 0.9436363636363636
0 0.2657103825136612 0.32 0.32991803278688525 0.32 0.32991803278688525 0.22 0.2657103825136612 0.22 0.2657103825136612 0.32
0 0.2062841530054645 0.11363636363636363 0.2677595628415301 0.11363636363636363 0.2677595628415301 0.017272727272727273 0.2062841530054645 0.017272727272727273 0.2062841530054645 0.11363636363636363
0 0.5840163934426229 0.7727272727272727 0.64275956284153 0.7727272727272727 0.64275956284153 0.6654545454545454 0.5840163934426229 0.6654545454545454 0.5840163934426229 0.7727272727272727
0 0.4542349726775956 0.29545454545454547 0.5116120218579235 0.29545454545454547 0.5116120218579235 0.19545454545454546 0.4542349726775956 0.19545454545454546 0.4542349726775956 0.29545454545454547
0 0.2192622950819672 0.6381818181818182 0.2916666666666667 0.6381818181818182 0.2916666666666667 0.5163636363636364 0.2192622950819672 0.5163636363636364 0.2192622950819672 0.6381818181818182
0 0.4583333333333333 0.4290909090909091 0.5157103825136612 0.4290909090909091 0.5157103825136612 0.33454545454545453 0.4583333333333333 0.33454545454545453 0.4583333333333333 0.4290909090909091
0 0.3401639344262295 0.35545454545454547 0.3975409836065574 0.35545454545454547 0.3975409836065574 0.25363636363636366 0.3401639344262295 0.25363636363636366 0.3401639344262295 0.35545454545454547
0 0.15027322404371585 0.5909090909090909 0.226775956284153 0.5909090909090909 0.226775956284153 0.4781818181818182 0.15027322404371585 0.4781818181818182 0.15027322404371585 0.5909090909090909
0 0.5273224043715847 0.9127272727272727 0.5956284153005464 0.9127272727272727 0.5956284153005464 0.8054545454545454 0.5273224043715847 0.8054545454545454 0.5273224043715847 0.9127272727272727
0 0.694672131147541 0.8463636363636363 0.7520491803278688 0.8463636363636363 0.7520491803278688 0.7427272727272727 0.694672131147541 0.7427272727272727 0.694672131147541 0.8463636363636363
0 0.639344262295082 0.6263636363636363 0.6953551912568307 0.6263636363636363 0.6953551912568307 0.5390909090909091 0.639344262295082 0.5390909090909091 0.639344262295082 0.6263636363636363
0 0.44603825136612024 0.2009090909090909 0.4993169398907104 0.2009090909090909 0.4993169398907104 0.11363636363636363 0.44603825136612024 0.11363636363636363 0.44603825136612024 0.2009090909090909
0 0.4651639344262295 0.7609090909090909 0.5307377049180327 0.7609090909090909 0.5307377049180327 0.6463636363636364 0.4651639344262295 0.6463636363636364 0.4651639344262295 0.7609090909090909
0 0.4405737704918033 0.09363636363636364 0.4883879781420765 0.09363636363636364 0.4883879781420765 0.017272727272727273 0.4405737704918033 0.017272727272727273 0.4405737704918033 0.09363636363636364
0 0.34153005464480873 0.2190909090909091 0.4030054644808743 0.2190909090909091 0.4030054644808743 0.12454545454545454 0.34153005464480873 0.12454545454545454 0.34153005464480873 0.2190909090909091
0 0.5020491803278688 0.38272727272727275 0.5580601092896175 0.38272727272727275 0.5580601092896175 0.2827272727272727 0.5020491803278688 0.2827272727272727 0.5020491803278688 0.38272727272727275
0 0.351775956284153 0.12545454545454546 0.40505464480874315 0.12545454545454546 0.40505464480874315 0.04909090909090909 0.351775956284153 0.04909090909090909 0.351775956284153 0.12545454545454546
0 0.3128415300546448 0.2727272727272727 0.3756830601092896 0.2727272727272727 0.3756830601092896 0.17636363636363636 0.3128415300546448 0.17636363636363636 0.3128415300546448 0.2727272727272727
0 0.01707650273224044 0.35 0.08674863387978142 0.35 0.08674863387978142 0.23545454545454544 0.01707650273224044 0.23545454545454544 0.01707650273224044 0.35
0 0.5997267759562842 0.2736363636363636 0.6475409836065574 0.2736363636363636 0.6475409836065574 0.17545454545454545 0.5997267759562842 0.17545454545454545 0.5997267759562842 0.2736363636363636
0 0.523224043715847 0.2872727272727273 0.5765027322404371 0.2872727272727273 0.5765027322404371 0.18545454545454546 0.523224043715847 0.18545454545454546 0.523224043715847 0.2872727272727273
0 0.43510928961748635 0.8790909090909091 0.5088797814207651 0.8790909090909091 0.5088797814207651 0.7681818181818182 0.43510928961748635 0.7681818181818182 0.43510928961748635 0.8790909090909091
0 0.28415300546448086 0.46545454545454545 0.3469945355191257 0.46545454545454545 0.3469945355191257 0.35818181818181816 0.28415300546448086 0.35818181818181816 0.28415300546448086 0.46545454545454545
0 0.5792349726775956 0.4081818181818182 0.6284153005464481 0.4081818181818182 0.6284153005464481 0.30818181818181817 0.5792349726775956 0.30818181818181817 0.5792349726775956 0.4081818181818182
0 0.7773224043715847 0.7518181818181818 0.8292349726775956 0.7518181818181818 0.8292349726775956 0.6590909090909091 0.7773224043715847 0.6590909090909091 0.7773224043715847 0.7518181818181818
0 0.7260928961748634 0.7781818181818182 0.7780054644808743 0.7781818181818182 0.7780054644808743 0.68 0.7260928961748634 0.68 0.7260928961748634 0.7781818181818182
0 0.4918032786885246 0.08818181818181818 0.5368852459016393 0.08818181818181818 0.5368852459016393 0.004545454545454545 0.4918032786885246 0.004545454545454545 0.4918032786885246 0.08818181818181818
0 0.6366120218579235 0.34363636363636363 0.680327868852459 0.34363636363636363 0.680327868852459 0.2672727272727273 0.6366120218579235 0.2672727272727273 0.6366120218579235 0.34363636363636363
0 0.3968579234972678 0.18 0.4487704918032787 0.18 0.4487704918032787 0.0890909090909091 0.3968579234972678 0.0890909090909091 0.3968579234972678 0.18
0 0.8265027322404371 0.7336363636363636 0.8729508196721312 0.7336363636363636 0.8729508196721312 0.6372727272727273 0.8265027322404371 0.6372727272727273 0.8265027322404371 0.7336363636363636
0 0.5259562841530054 0.7418181818181818 0.5887978142076503 0.7418181818181818 0.5887978142076503 0.6309090909090909 0.5259562841530054 0.6309090909090909 0.5259562841530054 0.7418181818181818
0 0.64275956284153 0.5354545454545454 0.6933060109289617 0.5354545454545454 0.6933060109289617 0.4390909090909091 0.64275956284153 0.4390909090909091 0.64275956284153 0.5354545454545454
0 0.9009562841530054 0.8663636363636363 0.9474043715846995 0.8663636363636363 0.9474043715846995 0.7718181818181818 0.9009562841530054 0.7718181818181818 0.9009562841530054 0.8663636363636363
0 0.08811475409836066 0.5554545454545454 0.15505464480874318 0.5554545454545454 0.15505464480874318 0.4354545454545454 0.08811475409836066 0.4354545454545454 0.08811475409836066 0.5554545454545454
0 0.5266393442622951 0.16272727272727272 0.5812841530054644 0.16272727272727272 0.5812841530054644 0.07 0.5266393442622951 0.07 0.5266393442622951 0.16272727272727272
0 0.6796448087431693 0.740909090909091 0.7315573770491803 0.740909090909091 0.7315573770491803 0.6318181818181818 0.6796448087431693 0.6318181818181818 0.6796448087431693 0.740909090909091
0 0.7527322404371585 0.5818181818181818 0.7978142076502732 0.5818181818181818 0.7978142076502732 0.5054545454545455 0.7527322404371585 0.5054545454545455 0.7527322404371585 0.5818181818181818
0 0.8230874316939891 0.9981818181818182 0.8818306010928961 0.9981818181818182 0.8818306010928961 0.9272727272727272 0.8230874316939891 0.9272727272727272 0.8230874316939891 0.9981818181818182
0 0.5983606557377049 0.5181818181818182 0.6461748633879781 0.5181818181818182 0.6461748633879781 0.4490909090909091 0.5983606557377049 0.4490909090909091 0.5983606557377049 0.5181818181818182
0 0.7575136612021858 0.9445454545454546 0.8189890710382514 0.9445454545454546 0.8189890710382514 0.8336363636363636 0.7575136612021858 0.8336363636363636 0.7575136612021858 0.9445454545454546
0 0.6120218579234973 0.7090909090909091 0.6707650273224044 0.7090909090909091 0.6707650273224044 0.6018181818181818 0.6120218579234973 0.6018181818181818 0.6120218579234973 0.7090909090909091
0 0.7083333333333334 0.67 0.7575136612021858 0.67 0.7575136612021858 0.5754545454545454 0.7083333333333334 0.5754545454545454 0.7083333333333334 0.67
0 0.6974043715846995 0.5827272727272728 0.7452185792349727 0.5827272727272728 0.7452185792349727 0.4772727272727273 0.6974043715846995 0.4772727272727273 0.6974043715846995 0.5827272727272728
0 0.5956284153005464 0.17363636363636364 0.6407103825136612 0.17363636363636364 0.6407103825136612 0.1009090909090909 0.5956284153005464 0.1009090909090909 0.5956284153005464 0.17363636363636364
0 0.5840163934426229 0 0.5840163934426229 0.07272727272727272 0.6318306010928961 0.07272727272727272 0.6318306010928961 0 0.5840163934426229 0
0 0.8886612021857924 0.79 0.9282786885245902 0.79 0.9282786885245902 0.7045454545454546 0.8886612021857924 0.7045454545454546 0.8886612021857924 0.79
0 0.7991803278688525 0.5745454545454546 0.8497267759562842 0.5745454545454546 0.8497267759562842 0.4909090909090909 0.7991803278688525 0.4909090909090909 0.7991803278688525 0.5745454545454546
0 0.555327868852459 0.2318181818181818 0.6031420765027322 0.2318181818181818 0.6031420765027322 0.1481818181818182 0.555327868852459 0.1481818181818182 0.555327868852459 0.2318181818181818
0 0.9323770491803278 0.9990909090909091 0.9829234972677595 0.9990909090909091 0.9829234972677595 0.9372727272727273 0.9323770491803278 0.9372727272727273 0.9323770491803278 0.9990909090909091
0 0.7042349726775956 0.48727272727272725 0.7575136612021858 0.48727272727272725 0.7575136612021858 0.42 0.7042349726775956 0.42 0.7042349726775956 0.48727272727272725
0 0.6161202185792349 0.9981818181818182 0.6789617486338798 0.9981818181818182 0.6789617486338798 0.9618181818181818 0.6161202185792349 0.9618181818181818 0.6161202185792349 0.9981818181818182
0 0.6079234972677595 0.1290909090909091 0.6530054644808743 0.1290909090909091 0.6530054644808743 0.06545454545454546 0.6079234972677595 0.06545454545454546 0.6079234972677595 0.1290909090909091
0 0.7588797814207651 0.6727272727272727 0.799863387978142 0.6727272727272727 0.799863387978142 0.5709090909090909 0.7588797814207651 0.5709090909090909 0.7588797814207651 0.6727272727272727
0 0.7411202185792349 0.9990909090909091 0.799863387978142 0.9990909090909091 0.799863387978142 0.9645454545454546 0.7411202185792349 0.9645454545454546 0.7411202185792349 0.9990909090909091