0 0.6224584103512015 0.56796875 0.7305914972273567 0.56796875 0.7305914972273567 0.19609375 0.6224584103512015 0.19609375 0.6224584103512015 0.56796875
0 0.5101663585951941 0.509375 0.6104436229205176 0.509375 0.6104436229205176 0.121875 0.5101663585951941 0.121875 0.5101663585951941 0.509375
0 0.40711645101663585 1 0.40711645101663585 0.775 0.2874306839186691 0.775 0.2874306839186691 1 0.40711645101663585 1
0 0.4316081330868762 0.41484375 0.5106284658040665 0.41484375 0.5106284658040665 0.11484375 0.4316081330868762 0.11484375 0.4316081330868762 0.41484375
0 0.5873382624768947 0 0.5873382624768947 0.290625 0.6719038817005545 0.290625 0.6719038817005545 0 0.5873382624768947 0
0 0.4043438077634011 0.86328125 0.527264325323475 0.86328125 0.527264325323475 0.49609375 0.4043438077634011 0.49609375 0.4043438077634011 0.86328125
0 0.5660813308687616 1 0.5660813308687616 0.725 0.4297597042513863 0.725 0.4297597042513863 1 0.5660813308687616 1
0 0.6561922365988909 0 0.6561922365988909 0.190625 0.7250462107208873 0.190625 0.7250462107208873 0 0.6561922365988909 0
0 0.3914048059149723 0.6203125 0.4958410351201479 0.6203125 0.4958410351201479 0.328125 0.3914048059149723 0.328125 0.3914048059149723 0.6203125
0 0.5097042513863216 0 0.5097042513863216 0.171875 0.5850277264325323 0.171875 0.5850277264325323 0 0.5097042513863216 0
0 0.48544362292051757 0 0.48544362292051757 0.1265625 0.530268022181146 0.1265625 0.530268022181146 0 0.48544362292051757 0
0 0.06007393715341959 0.97109375 0.1266173752310536 0.97109375 0.1266173752310536 0.64921875 0.06007393715341959 0.64921875 0.06007393715341959 0.97109375
0 0.5799445471349353 0 0.5799445471349353 0.04375 0.5979667282809612 0.04375 0.5979667282809612 0 0.5799445471349353 0