0 0.5810998151571165 0.43984375 0.6859981515711645 0.43984375 0.6859981515711645 0.06015625 0.5810998151571165 0.06015625 0.5810998151571165 0.43984375
0 0.8253234750462107 0.4875 0.9265249537892791 0.4875 0.9265249537892791 0.1015625 0.8253234750462107 0.1015625 0.8253234750462107 0.4875
0 0.8502772643253235 1 0.8502772643253235 0.5125 0.7130314232902033 0.5125 0.7130314232902033 1 0.8502772643253235 1
0 0.5284195933456562 0.91953125 0.6554990757855823 0.91953125 0.6554990757855823 0.46171875 0.5284195933456562 0.46171875 0.5284195933456562 0.91953125
0 0.3100739371534196 0.48125 0.39371534195933455 0.48125 0.39371534195933455 0.1453125 0.3100739371534196 0.1453125 0.3100739371534196 0.48125
0 0.44015711645101663 0 0.44015711645101663 0.2578125 0.5127079482439926 0.2578125 0.5127079482439926 0 0.44015711645101663 0
0 0.35651571164510165 0.82421875 0.458641404805915 0.82421875 0.458641404805915 0.48203125 0.35651571164510165 0.48203125 0.35651571164510165 0.82421875
0 0.6596580406654344 0 0.6596580406654344 0.253125 0.741913123844732 0.253125 0.741913123844732 0 0.6596580406654344 0
0 0.7634011090573013 0.59765625 0.8558225508317929 0.59765625 0.8558225508317929 0.23515625 0.7634011090573013 0.23515625 0.7634011090573013 0.59765625
0 0.8902495378927912 0 0.8902495378927912 0.359375 0.9766635859519408 0.359375 0.9766635859519408 0 0.8902495378927912 0
0 0.6631238447319778 0.76875 0.767097966728281 0.76875 0.767097966728281 0.31875 0.6631238447319778 0.31875 0.6631238447319778 0.76875
0 0.4956099815157117 1 0.4956099815157117 0.6765625 0.36853049907578556 0.6765625 0.36853049907578556 1 0.4956099815157117 1
0 0.5124768946395564 0 0.5124768946395564 0.2703125 0.5901109057301294 0.2703125 0.5901109057301294 0 0.5124768946395564 0
0 0.3299445471349353 1 0.3299445471349353 0.8078125 0.19454713493530498 0.8078125 0.19454713493530498 1 0.3299445471349353 1
0 0.49630314232902034 0.65390625 0.5988909426987061 0.65390625 0.5988909426987061 0.28828125 0.49630314232902034 0.28828125 0.49630314232902034 0.65390625
0 0.2585489833641405 0.3953125 0.3153881700554529 0.3953125 0.3153881700554529 0.1046875 0.2585489833641405 0.1046875 0.2585489833641405 0.3953125
0 0.38562846580406657 0 0.38562846580406657 0.0578125 0.43553604436229204 0.0578125 0.43553604436229204 0 0.38562846580406657 0
0 0.5829482439926063 0 0.5829482439926063 0.121875 0.6554990757855823 0.121875 0.6554990757855823 0 0.5829482439926063 0
0 0.4350739371534196 0 0.4350739371534196 0.0375 0.4572550831792976 0.0375 0.4572550831792976 0 0.4350739371534196 0
0 0.5041589648798521 0 0.5041589648798521 0.0390625 0.5263401109057301 0.0390625 0.5263401109057301 0 0.5041589648798521 0