0 0.7539279112754159 0.3609375 0.8505083179297597 0.3609375 0.8505083179297597 0.021875 0.7539279112754159 0.021875 0.7539279112754159 0.3609375
0 0.553373382624769 0.9171875 0.6993992606284658 0.9171875 0.6993992606284658 0.4375 0.553373382624769 0.4375 0.553373382624769 0.9171875
0 0.842652495378928 0 0.842652495378928 0.25 0.9161275415896488 0.25 0.9161275415896488 0 0.842652495378928 0
0 0.9295286506469501 1 0.9295286506469501 0.7046875 0.7765711645101664 0.7046875 0.7765711645101664 1 0.9295286506469501 1
0 0.6039741219963032 0.40625 0.6894639556377079 0.40625 0.6894639556377079 0.0734375 0.6039741219963032 0.0734375 0.6039741219963032 0.40625
0 0.2754158964879852 0.7453125 0.3599815157116451 0.7453125 0.3599815157116451 0.359375 0.2754158964879852 0.359375 0.2754158964879852 0.7453125
0 0.34126617375231055 1 0.34126617375231055 0.70625 0.23036044362292052 0.70625 0.23036044362292052 1 0.34126617375231055 1
0 0.5184842883548983 0.359375 0.6058225508317929 0.359375 0.6058225508317929 0.0375 0.5184842883548983 0.0375 0.5184842883548983 0.359375
0 0.477818853974122 0.6453125 0.5845656192236599 0.6453125 0.5845656192236599 0.2421875 0.477818853974122 0.2421875 0.477818853974122 0.6453125
0 0.38655268022181144 0.7125 0.47851201478743066 0.7125 0.47851201478743066 0.365625 0.38655268022181144 0.365625 0.38655268022181144 0.7125
0 0.6843807763401109 0 0.6843807763401109 0.15625 0.7495378927911276 0.15625 0.7495378927911276 0 0.6843807763401109 0
0 0.4214417744916821 0.95 0.5415896487985212 0.95 0.5415896487985212 0.534375 0.4214417744916821 0.534375 0.4214417744916821 0.95
0 0.41427911275415896 0.40078125 0.5168669131238447 0.40078125 0.5168669131238447 0.08203125 0.41427911275415896 0.08203125 0.41427911275415896 0.40078125
0 0.6081330868761553 1 0.6081330868761553 0.7875 0.4602587800369686 0.7875 0.4602587800369686 1 0.6081330868761553 1
0 0.5854898336414048 0 0.5854898336414048 0.1640625 0.6645101663585952 0.1640625 0.6645101663585952 0 0.5854898336414048 0
0 0.40549907578558225 0.2390625 0.4762014787430684 0.2390625 0.4762014787430684 0.0234375 0.40549907578558225 0.0234375 0.40549907578558225 0.2390625
0 0.4461645101663586 1 0.4461645101663586 0.871875 0.31122920517560076 0.871875 0.31122920517560076 1 0.4461645101663586 1
0 0.5101663585951941 0 0.5101663585951941 0.1140625 0.588724584103512 0.1140625 0.588724584103512 0 0.5101663585951941 0
0 0.07925138632162662 0.99765625 0.1661275415896488 0.99765625 0.1661275415896488 0.80078125 0.07925138632162662 0.80078125 0.07925138632162662 0.99765625
0 0.7749537892791127 1 0.7749537892791127 0.95 0.6862292051756007 0.95 0.6862292051756007 1 0.7749537892791127 1