0 0.49127906976744184 0.4296875 0.5668604651162791 0.4296875 0.5668604651162791 0.32421875 0.49127906976744184 0.32421875 0.49127906976744184 0.4296875
0 0.18895348837209303 0.232421875 0.26744186046511625 0.232421875 0.26744186046511625 0.134765625 0.18895348837209303 0.134765625 0.18895348837209303 0.232421875
0 0.6162790697674418 0.248046875 0.6947674418604651 0.248046875 0.6947674418604651 0.138671875 0.6162790697674418 0.138671875 0.6162790697674418 0.248046875
0 0.3081395348837209 0.294921875 0.38372093023255816 0.294921875 0.38372093023255816 0.193359375 0.3081395348837209 0.193359375 0.3081395348837209 0.294921875
0 0.559593023255814 0.365234375 0.6322674418604651 0.365234375 0.6322674418604651 0.259765625 0.559593023255814 0.259765625 0.559593023255814 0.365234375
0 0.7848837209302325 0.88671875 0.8662790697674418 0.88671875 0.8662790697674418 0.7734375 0.7848837209302325 0.7734375 0.7848837209302325 0.88671875
0 0.36627906976744184 0.828125 0.44476744186046513 0.828125 0.44476744186046513 0.71875 0.36627906976744184 0.71875 0.36627906976744184 0.828125
0 0.5392441860465116 0.755859375 0.623546511627907 0.755859375 0.623546511627907 0.642578125 0.5392441860465116 0.642578125 0.5392441860465116 0.755859375
0 0.8662790697674418 0.99609375 0.9418604651162791 0.99609375 0.9418604651162791 0.91015625 0.8662790697674418 0.91015625 0.8662790697674418 0.99609375
0 0.5247093023255814 0.900390625 0.5944767441860465 0.900390625 0.5944767441860465 0.771484375 0.5247093023255814 0.771484375 0.5247093023255814 0.900390625
0 0.6206395348837209 0.43359375 0.6991279069767442 0.43359375 0.6991279069767442 0.328125 0.6206395348837209 0.328125 0.6206395348837209 0.43359375
0 0.4316860465116279 0.36328125 0.5043604651162791 0.36328125 0.5043604651162791 0.25390625 0.4316860465116279 0.25390625 0.4316860465116279 0.36328125
0 0.42877906976744184 0.568359375 0.5072674418604651 0.568359375 0.5072674418604651 0.447265625 0.42877906976744184 0.447265625 0.42877906976744184 0.568359375
0 0.7645348837209303 0.3515625 0.8401162790697675 0.3515625 0.8401162790697675 0.25 0.7645348837209303 0.25 0.7645348837209303 0.3515625
0 0.2194767441860465 0.982421875 0.30377906976744184 0.982421875 0.30377906976744184 0.857421875 0.2194767441860465 0.857421875 0.2194767441860465 0.982421875
0 0.09593023255813954 0.755859375 0.18023255813953487 0.755859375 0.18023255813953487 0.650390625 0.09593023255813954 0.650390625 0.09593023255813954 0.755859375
0 0.08866279069767442 0.16796875 0.16715116279069767 0.16796875 0.16715116279069767 0.06640625 0.08866279069767442 0.06640625 0.08866279069767442 0.16796875
0 0.4941860465116279 0.306640625 0.5668604651162791 0.306640625 0.5668604651162791 0.189453125 0.4941860465116279 0.189453125 0.4941860465116279 0.306640625
0 0.7252906976744186 0.958984375 0.7950581395348837 0.958984375 0.7950581395348837 0.837890625 0.7252906976744186 0.837890625 0.7252906976744186 0.958984375
0 0.5058139534883721 0.99609375 0.5813953488372093 0.99609375 0.5813953488372093 0.92578125 0.5058139534883721 0.92578125 0.5058139534883721 0.99609375
0 0.48546511627906974 0.689453125 0.5436046511627907 0.689453125 0.5436046511627907 0.568359375 0.48546511627906974 0.568359375 0.48546511627906974 0.689453125
0 0.5130813953488372 0.56640625 0.5712209302325582 0.56640625 0.5712209302325582 0.44140625 0.5130813953488372 0.44140625 0.5130813953488372 0.56640625
0 0.6424418604651163 0.970703125 0.7180232558139535 0.970703125 0.7180232558139535 0.853515625 0.6424418604651163 0.853515625 0.6424418604651163 0.970703125
0 0.7790697674418605 0.99609375 0.8575581395348837 0.99609375 0.8575581395348837 0.91015625 0.7790697674418605 0.91015625 0.7790697674418605 0.99609375
0 0.4375 0.892578125 0.5159883720930233 0.892578125 0.5159883720930233 0.787109375 0.4375 0.787109375 0.4375 0.892578125
0 0.42151162790697677 0.99609375 0.49709302325581395 0.99609375 0.49709302325581395 0.92578125 0.42151162790697677 0.92578125 0.42151162790697677 0.99609375
0 0.6729651162790697 0.181640625 0.7427325581395349 0.181640625 0.7427325581395349 0.076171875 0.6729651162790697 0.076171875 0.6729651162790697 0.181640625
0 0.25 0.189453125 0.31976744186046513 0.189453125 0.31976744186046513 0.068359375 0.25 0.068359375 0.25 0.189453125
0 0.7311046511627907 0.61328125 0.7979651162790697 0.61328125 0.7979651162790697 0.51171875 0.7311046511627907 0.51171875 0.7311046511627907 0.61328125
0 0.11918604651162791 0.41796875 0.19476744186046513 0.41796875 0.19476744186046513 0.30859375 0.11918604651162791 0.30859375 0.11918604651162791 0.41796875
0 0.37209302325581395 0 0.37209302325581395 0.05859375 0.44476744186046513 0.05859375 0.44476744186046513 0 0.37209302325581395 0
0 0.5479651162790697 0 0.5479651162790697 0.0625 0.6090116279069767 0.0625 0.6090116279069767 0 0.5479651162790697 0
0 0.6002906976744186 0.904296875 0.6584302325581395 0.904296875 0.6584302325581395 0.759765625 0.6002906976744186 0.759765625 0.6002906976744186 0.904296875
0 0.7747093023255814 0.556640625 0.8444767441860465 0.556640625 0.8444767441860465 0.447265625 0.7747093023255814 0.447265625 0.7747093023255814 0.556640625
0 0.6875 0.318359375 0.7630813953488372 0.318359375 0.7630813953488372 0.197265625 0.6875 0.197265625 0.6875 0.318359375
0 0.7296511627906976 0 0.7296511627906976 0.0625 0.7906976744186046 0.0625 0.7906976744186046 0 0.7296511627906976 0
0 0.5566860465116279 0.5 0.626453488372093 0.5 0.626453488372093 0.38671875 0.5566860465116279 0.38671875 0.5566860465116279 0.5
0 0.32848837209302323 0.185546875 0.38372093023255816 0.185546875 0.38372093023255816 0.072265625 0.32848837209302323 0.072265625 0.32848837209302323 0.185546875
0 0.011627906976744186 0.685546875 0.09302325581395349 0.685546875 0.09302325581395349 0.572265625 0.011627906976744186 0.572265625 0.011627906976744186 0.685546875
0 0.03343023255813953 0.234375 0.10319767441860465 0.234375 0.10319767441860465 0.125 0.03343023255813953 0.125 0.03343023255813953 0.234375
0 0.36191860465116277 0.41796875 0.4316860465116279 0.41796875 0.4316860465116279 0.32421875 0.36191860465116277 0.32421875 0.36191860465116277 0.41796875
0 0.47238372093023256 0 0.47238372093023256 0.05859375 0.5392441860465116 0.05859375 0.5392441860465116 0 0.47238372093023256 0
0 0.06395348837209303 0.375 0.1308139534883721 0.375 0.1308139534883721 0.23046875 0.06395348837209303 0.23046875 0.06395348837209303 0.375
0 0.561046511627907 0.1875 0.6337209302325582 0.1875 0.6337209302325582 0.07421875 0.561046511627907 0.07421875 0.561046511627907 0.1875
0 0.40988372093023256 0.6875 0.4796511627906977 0.6875 0.4796511627906977 0.58203125 0.40988372093023256 0.58203125 0.40988372093023256 0.6875
0 0.7078488372093024 0.826171875 0.7863372093023255 0.826171875 0.7863372093023255 0.712890625 0.7078488372093024 0.712890625 0.7078488372093024 0.826171875
0 0.684593023255814 0.4921875 0.7630813953488372 0.4921875 0.7630813953488372 0.375 0.684593023255814 0.375 0.684593023255814 0.4921875
0 0.6627906976744186 0 0.6627906976744186 0.0625 0.7209302325581395 0.0625 0.7209302325581395 0 0.6627906976744186 0
0 0.6119186046511628 0.5859375 0.6933139534883721 0.5859375 0.6933139534883721 0.4453125 0.6119186046511628 0.4453125 0.6119186046511628 0.5859375
0 0.2311046511627907 0.400390625 0.3066860465116279 0.400390625 0.3066860465116279 0.322265625 0.2311046511627907 0.322265625 0.2311046511627907 0.400390625
0 0.03488372093023256 0 0.03488372093023256 0.046875 0.10465116279069768 0.046875 0.10465116279069768 0 0.03488372093023256 0
0 0.7674418604651163 0.173828125 0.8459302325581395 0.173828125 0.8459302325581395 0.076171875 0.7674418604651163 0.076171875 0.7674418604651163 0.173828125
0 0.7805232558139535 0.6875 0.8619186046511628 0.6875 0.8619186046511628 0.5703125 0.7805232558139535 0.5703125 0.7805232558139535 0.6875
0 0.5872093023255814 0.68359375 0.6569767441860465 0.68359375 0.6569767441860465 0.58203125 0.5872093023255814 0.58203125 0.5872093023255814 0.68359375
0 0.6787790697674418 0.6953125 0.7427325581395349 0.6953125 0.7427325581395349 0.57421875 0.6787790697674418 0.57421875 0.6787790697674418 0.6953125
0 0 0.478515625 0.07267441860465117 0.478515625 0.07267441860465117 0.373046875 0 0.373046875 0 0.478515625
0 0.24127906976744187 0.693359375 0.311046511627907 0.693359375 0.311046511627907 0.580078125 0.24127906976744187 0.580078125 0.24127906976744187 0.693359375
0 0.32994186046511625 0.689453125 0.40261627906976744 0.689453125 0.40261627906976744 0.587890625 0.32994186046511625 0.587890625 0.32994186046511625 0.689453125
0 0 0.982421875 0.05813953488372093 0.982421875 0.05813953488372093 0.857421875 0 0.857421875 0 0.982421875