0 0.5300546448087432 0.6118181818181818 0.5860655737704918 0.6118181818181818 0.5860655737704918 0.51 0.5300546448087432 0.51 0.5300546448087432 0.6118181818181818
0 0.5416666666666666 0.9981818181818182 0.6140710382513661 0.9981818181818182 0.6140710382513661 0.9072727272727272 0.5416666666666666 0.9072727272727272 0.5416666666666666 0.9981818181818182
0 0.35382513661202186 0.39454545454545453 0.41120218579234974 0.39454545454545453 0.41120218579234974 0.2927272727272727 0.35382513661202186 0.2927272727272727 0.35382513661202186 0.39454545454545453
0 0.22540983606557377 0.14909090909090908 0.28688524590163933 0.14909090909090908 0.28688524590163933 0.04909090909090909 0.22540983606557377 0.04909090909090909 0.22540983606557377 0.14909090909090908
0 0.26229508196721313 0.6827272727272727 0.3333333333333333 0.6827272727272727 0.3333333333333333 0.5572727272727273 0.26229508196721313 0.5572727272727273 0.26229508196721313 0.6827272727272727
0 0.3046448087431694 0.27 0.3702185792349727 0.27 0.3702185792349727 0.16454545454545455 0.3046448087431694 0.16454545454545455 0.3046448087431694 0.27
0 0.462431693989071 0.9345454545454546 0.5307377049180327 0.9345454545454546 0.5307377049180327 0.8109090909090909 0.462431693989071 0.8109090909090909 0.462431693989071 0.9345454545454546
0 0.39207650273224043 0.6518181818181819 0.4494535519125683 0.6518181818181819 0.4494535519125683 0.5409090909090909 0.39207650273224043 0.5409090909090909 0.39207650273224043 0.6518181818181819
0 0.14207650273224043 0.4727272727272727 0.2062841530054645 0.4727272727272727 0.2062841530054645 0.36727272727272725 0.14207650273224043 0.36727272727272725 0.14207650273224043 0.4727272727272727
0 0.6885245901639344 0.5663636363636364 0.7431693989071039 0.5663636363636364 0.7431693989071039 0.4681818181818182 0.6885245901639344 0.4681818181818182 0.6885245901639344 0.5663636363636364
0 0.3353825136612022 0.6527272727272727 0.39139344262295084 0.6527272727272727 0.39139344262295084 0.5490909090909091 0.3353825136612022 0.5490909090909091 0.3353825136612022 0.6527272727272727
0 0.05122950819672131 0.2909090909090909 0.11543715846994536 0.2909090909090909 0.11543715846994536 0.19090909090909092 0.05122950819672131 0.19090909090909092 0.05122950819672131 0.2909090909090909
0 0.12021857923497267 0.7645454545454545 0.19808743169398907 0.7645454545454545 0.19808743169398907 0.6463636363636364 0.12021857923497267 0.6463636363636364 0.12021857923497267 0.7645454545454545
0 0.2301912568306011 0.36727272727272725 0.29849726775956287 0.36727272727272725 0.29849726775956287 0.26 0.2301912568306011 0.26 0.2301912568306011 0.36727272727272725
0 0.2103825136612022 0.8718181818181818 0.28825136612021857 0.8718181818181818 0.28825136612021857 0.7554545454545455 0.2103825136612022 0.7554545454545455 0.2103825136612022 0.8718181818181818
0 0.45081967213114754 0.6381818181818182 0.505464480874317 0.6381818181818182 0.505464480874317 0.5254545454545455 0.45081967213114754 0.5254545454545455 0.45081967213114754 0.6381818181818182
0 0.3948087431693989 0.12454545454545454 0.4453551912568306 0.12454545454545454 0.4453551912568306 0.03909090909090909 0.3948087431693989 0.03909090909090909 0.3948087431693989 0.12454545454545454
0 0.7042349726775956 0.9636363636363636 0.7670765027322405 0.9636363636363636 0.7670765027322405 0.850909090909091 0.7042349726775956 0.850909090909091 0.7042349726775956 0.9636363636363636
0 0.6004098360655737 0.8081818181818182 0.6687158469945356 0.8081818181818182 0.6687158469945356 0.71 0.6004098360655737 0.71 0.6004098360655737 0.8081818181818182
0 0.4972677595628415 0.2872727272727273 0.5450819672131147 0.2872727272727273 0.5450819672131147 0.19636363636363635 0.4972677595628415 0.19636363636363635 0.4972677595628415 0.2872727272727273
0 0.7780054644808743 0.9054545454545454 0.8367486338797814 0.9054545454545454 0.8367486338797814 0.8236363636363636 0.7780054644808743 0.8236363636363636 0.7780054644808743 0.9054545454545454
0 0.21789617486338797 0.9990909090909091 0.2916666666666667 0.9990909090909091 0.2916666666666667 0.9481818181818182 0.21789617486338797 0.9481818181818182 0.21789617486338797 0.9990909090909091
0 0.4228142076502732 0.8054545454545454 0.4924863387978142 0.8054545454545454 0.4924863387978142 0.7 0.4228142076502732 0.7 0.4228142076502732 0.8054545454545454
0 0.6420765027322405 0.9209090909090909 0.7062841530054644 0.9209090909090909 0.7062841530054644 0.8136363636363636 0.6420765027322405 0.8136363636363636 0.6420765027322405 0.9209090909090909
0 0.7008196721311475 0.3690909090909091 0.7486338797814208 0.3690909090909091 0.7486338797814208 0.28363636363636363 0.7008196721311475 0.28363636363636363 0.7008196721311475 0.3690909090909091
0 0.4713114754098361 0.5781818181818181 0.5327868852459017 0.5781818181818181 0.5327868852459017 0.4709090909090909 0.4713114754098361 0.4709090909090909 0.4713114754098361 0.5781818181818181
0 0.5478142076502732 0.2790909090909091 0.5983606557377049 0.2790909090909091 0.5983606557377049 0.19 0.5478142076502732 0.19 0.5478142076502732 0.2790909090909091
0 0.3989071038251366 0.8909090909090909 0.46994535519125685 0.8909090909090909 0.46994535519125685 0.7727272727272727 0.3989071038251366 0.7727272727272727 0.3989071038251366 0.8909090909090909
0 0.18032786885245902 0.4254545454545455 0.2459016393442623 0.4254545454545455 0.2459016393442623 0.31272727272727274 0.18032786885245902 0.31272727272727274 0.18032786885245902 0.4254545454545455
0 0.4918032786885246 0.509090909090909 0.5491803278688525 0.509090909090909 0.5491803278688525 0.4163636363636364 0.4918032786885246 0.4163636363636364 0.4918032786885246 0.509090909090909
0 0.4801912568306011 0.37272727272727274 0.5334699453551912 0.37272727272727274 0.5334699453551912 0.2818181818181818 0.4801912568306011 0.2818181818181818 0.4801912568306011 0.37272727272727274
0 0.6489071038251366 0.34 0.7076502732240437 0.34 0.7076502732240437 0.24909090909090909 0.6489071038251366 0.24909090909090909 0.6489071038251366 0.34
0 0.3360655737704918 0.9772727272727273 0.4057377049180328 0.9772727272727273 0.4057377049180328 0.8572727272727273 0.3360655737704918 0.8572727272727273 0.3360655737704918 0.9772727272727273
0 0.8422131147540983 0.8981818181818182 0.89275956284153 0.8981818181818182 0.89275956284153 0.7927272727272727 0.8422131147540983 0.7927272727272727 0.8422131147540983 0.8981818181818182
0 0.7534153005464481 0.8227272727272728 0.8066939890710383 0.8227272727272728 0.8066939890710383 0.6990909090909091 0.7534153005464481 0.6990909090909091 0.7534153005464481 0.8227272727272728
0 0.32786885245901637 0.10454545454545454 0.3825136612021858 0.10454545454545454 0.3825136612021858 0.0027272727272727275 0.32786885245901637 0.0027272727272727275 0.32786885245901637 0.10454545454545454
0 0.6871584699453552 0.8636363636363636 0.7390710382513661 0.8636363636363636 0.7390710382513661 0.7436363636363637 0.6871584699453552 0.7436363636363637 0.6871584699453552 0.8636363636363636
0 0.7978142076502732 0.8363636363636363 0.8469945355191257 0.8363636363636363 0.8469945355191257 0.76 0.7978142076502732 0.76 0.7978142076502732 0.8363636363636363
0 0.28825136612021857 0.1390909090909091 0.34289617486338797 0.1390909090909091 0.34289617486338797 0.05 0.28825136612021857 0.05 0.28825136612021857 0.1390909090909091
0 0.5225409836065574 0.14454545454545453 0.5730874316939891 0.14454545454545453 0.5730874316939891 0.06454545454545454 0.5225409836065574 0.06454545454545454 0.5225409836065574 0.14454545454545453
0 0.4405737704918033 0.2818181818181818 0.49658469945355194 0.2818181818181818 0.49658469945355194 0.19454545454545455 0.4405737704918033 0.19454545454545455 0.4405737704918033 0.2818181818181818
0 0.4207650273224044 0.3245454545454545 0.4822404371584699 0.3245454545454545 0.4822404371584699 0.2318181818181818 0.4207650273224044 0.2318181818181818 0.4207650273224044 0.3245454545454545
0 0.6168032786885246 0.39545454545454545 0.6659836065573771 0.39545454545454545 0.6659836065573771 0.29363636363636364 0.6168032786885246 0.29363636363636364 0.6168032786885246 0.39545454545454545
0 0.05942622950819672 0.43363636363636365 0.12636612021857924 0.43363636363636365 0.12636612021857924 0.33181818181818185 0.05942622950819672 0.33181818181818185 0.05942622950819672 0.43363636363636365
0 0.6379781420765027 0.24636363636363637 0.6857923497267759 0.24636363636363637 0.6857923497267759 0.17 0.6379781420765027 0.17 0.6379781420765027 0.24636363636363637
0 0.5771857923497268 0.95 0.6359289617486339 0.95 0.6359289617486339 0.8481818181818181 0.5771857923497268 0.8481818181818181 0.5771857923497268 0.95
0 0.41188524590163933 0.38545454545454544 0.46789617486338797 0.38545454545454544 0.46789617486338797 0.2909090909090909 0.41188524590163933 0.2909090909090909 0.41188524590163933 0.38545454545454544
0 0.7663934426229508 0.9972727272727273 0.8183060109289617 0.9972727272727273 0.8183060109289617 0.8863636363636364 0.7663934426229508 0.8863636363636364 0.7663934426229508 0.9972727272727273
0 0.7260928961748634 0.73 0.7766393442622951 0.73 0.7766393442622951 0.6118181818181818 0.7260928961748634 0.6118181818181818 0.7260928961748634 0.73
0 0.26024590163934425 0.30363636363636365 0.3203551912568306 0.30363636363636365 0.3203551912568306 0.21818181818181817 0.26024590163934425 0.21818181818181817 0.26024590163934425 0.30363636363636365
0 0.5389344262295082 0.40636363636363637 0.5922131147540983 0.40636363636363637 0.5922131147540983 0.30636363636363634 0.5389344262295082 0.30636363636363634 0.5389344262295082 0.40636363636363637
0 0.671448087431694 0.7345454545454545 0.7260928961748634 0.7345454545454545 0.7260928961748634 0.64 0.671448087431694 0.64 0.671448087431694 0.7345454545454545
0 0.5040983606557377 0.20454545454545456 0.5560109289617486 0.20454545454545456 0.5560109289617486 0.13363636363636364 0.5040983606557377 0.13363636363636364 0.5040983606557377 0.20454545454545456
0 0.5566939890710383 0.509090909090909 0.6154371584699454 0.509090909090909 0.6154371584699454 0.4 0.5566939890710383 0.4 0.5566939890710383 0.509090909090909
0 0.6113387978142076 0.9981818181818182 0.6646174863387978 0.9981818181818182 0.6646174863387978 0.9527272727272728 0.6113387978142076 0.9527272727272728 0.6113387978142076 0.9981818181818182
0 0.4870218579234973 0 0.4870218579234973 0.0890909090909091 0.532103825136612 0.0890909090909091 0.532103825136612 0 0.4870218579234973 0
0 0.6612021857923497 0.43272727272727274 0.7049180327868853 0.43272727272727274 0.7049180327868853 0.3418181818181818 0.6612021857923497 0.3418181818181818 0.6612021857923497 0.43272727272727274
0 0.5881147540983607 0.8709090909090909 0.6454918032786885 0.8709090909090909 0.6454918032786885 0.7781818181818182 0.5881147540983607 0.7781818181818182 0.5881147540983607 0.8709090909090909
0 0.7629781420765027 0.600909090909091 0.8162568306010929 0.600909090909091 0.8162568306010929 0.49727272727272726 0.7629781420765027 0.49727272727272726 0.7629781420765027 0.600909090909091
0 0.7896174863387978 0.7527272727272727 0.8401639344262295 0.7527272727272727 0.8401639344262295 0.64 0.7896174863387978 0.64 0.7896174863387978 0.7527272727272727
0 0.8101092896174863 0.6572727272727272 0.855191256830601 0.6572727272727272 0.855191256830601 0.5881818181818181 0.8101092896174863 0.5881818181818181 0.8101092896174863 0.6572727272727272
0 0.8565573770491803 0.7927272727272727 0.9030054644808743 0.7927272727272727 0.9030054644808743 0.7272727272727273 0.8565573770491803 0.7272727272727273 0.8565573770491803 0.7927272727272727
0 0.6202185792349727 0.14454545454545453 0.6612021857923497 0.14454545454545453 0.6612021857923497 0.057272727272727274 0.6202185792349727 0.057272727272727274 0.6202185792349727 0.14454545454545453
0 0.5621584699453552 0.35545454545454547 0.6181693989071039 0.35545454545454547 0.6181693989071039 0.2681818181818182 0.5621584699453552 0.2681818181818182 0.5621584699453552 0.35545454545454547
0 0.9064207650273224 0.9990909090909091 0.9651639344262295 0.9990909090909091 0.9651639344262295 0.8736363636363637 0.9064207650273224 0.8736363636363637 0.9064207650273224 0.9990909090909091
0 0.8203551912568307 0.6 0.8599726775956285 0.6 0.8599726775956285 0.5163636363636364 0.8203551912568307 0.5163636363636364 0.8203551912568307 0.6
0 0.4228142076502732 0.07636363636363637 0.46653005464480873 0.07636363636363637 0.46653005464480873 0.0036363636363636364 0.4228142076502732 0.0036363636363636364 0.4228142076502732 0.07636363636363637
0 0 0.96 0.015027322404371584 0.96 0.015027322404371584 0.9 0 0.9 0 0.96