0 0.9298828125 1 0.9298828125 0.8333333333333334 0.7126953125 0.8333333333333334 0.7126953125 1 0.9298828125 1
0 0.7994140625 0.8216145833333334 0.9517578125 0.8216145833333334 0.9517578125 0.63828125 0.7994140625 0.63828125 0.7994140625 0.8216145833333334
0 0.375 0.321875 0.4296875 0.321875 0.4296875 0.24270833333333333 0.375 0.24270833333333333 0.375 0.321875
0 0.2453125 0.29322916666666665 0.296875 0.29322916666666665 0.296875 0.22708333333333333 0.2453125 0.22708333333333333 0.2453125 0.29322916666666665
0 0.9138671875 0.8997395833333334 0.9998046875 0.8997395833333334 0.9998046875 0.7309895833333333 0.9138671875 0.7309895833333333 0.9138671875 0.8997395833333334
0 0.1490234375 0.3184895833333333 0.2005859375 0.3184895833333333 0.2005859375 0.24088541666666666 0.1490234375 0.24088541666666666 0.1490234375 0.3184895833333333
0 0.35859375 0.47317708333333336 0.470703125 0.47317708333333336 0.470703125 0.35442708333333334 0.35859375 0.35442708333333334 0.35859375 0.47317708333333336
0 0.4201171875 0.53203125 0.5169921875 0.53203125 0.5169921875 0.3888020833333333 0.4201171875 0.3888020833333333 0.4201171875 0.53203125
0 0.5033203125 0.48984375 0.5861328125 0.48984375 0.5861328125 0.37005208333333334 0.5033203125 0.37005208333333334 0.5033203125 0.48984375
0 0.9314453125 0.9997395833333333 0.9994140625 0.9997395833333333 0.9994140625 0.8591145833333333 0.9314453125 0.8591145833333333 0.9314453125 0.9997395833333333
0 0.8998046875 0.45807291666666666 0.9599609375 0.45807291666666666 0.9599609375 0.36744791666666665 0.8998046875 0.36744791666666665 0.8998046875 0.45807291666666666
0 0.3171875 0.33645833333333336 0.37734375 0.33645833333333336 0.37734375 0.25677083333333334 0.3171875 0.25677083333333334 0.3171875 0.33645833333333336
0 0.8740234375 0.4114583333333333 0.9279296875 0.4114583333333333 0.9279296875 0.32760416666666664 0.8740234375 0.32760416666666664 0.8740234375 0.4114583333333333
0 0.8263671875 0.38359375 0.8771484375 0.38359375 0.8771484375 0.30755208333333334 0.8263671875 0.30755208333333334 0.8263671875 0.38359375
0 0.503515625 0.4153645833333333 0.60234375 0.4153645833333333 0.60234375 0.32578125 0.503515625 0.32578125 0.503515625 0.4153645833333333
0 0.1794921875 0.2903645833333333 0.2337890625 0.2903645833333333 0.2337890625 0.22473958333333333 0.1794921875 0.22473958333333333 0.1794921875 0.2903645833333333
0 0.941796875 0.3890625 0.986328125 0.3890625 0.986328125 0.321875 0.941796875 0.321875 0.941796875 0.3890625
0 0 0.3109375 0.037890625 0.3109375 0.037890625 0.2526041666666667 0 0.2526041666666667 0 0.3109375
0 0.310546875 0.28671875 0.3640625 0.28671875 0.3640625 0.23046875 0.310546875 0.23046875 0.310546875 0.28671875
0 0.84921875 0.33671875 0.89765625 0.33671875 0.89765625 0.29661458333333335 0.84921875 0.29661458333333335 0.84921875 0.33671875
0 0.0001953125 0.6286458333333333 0.0216796875 0.6286458333333333 0.0216796875 0.5161458333333333 0.0001953125 0.5161458333333333 0.0001953125 0.6286458333333333