0 0.31547619047619047 0.3665338645418327 0.40476190476190477 0.3665338645418327 0.40476190476190477 0.23904382470119523 0.31547619047619047 0.23904382470119523 0.31547619047619047 0.3665338645418327
0 0.15029761904761904 0.399402390438247 0.24553571428571427 0.399402390438247 0.24553571428571427 0.25796812749003983 0.15029761904761904 0.25796812749003983 0.15029761904761904 0.399402390438247
0 0.24702380952380953 0.3237051792828685 0.33482142857142855 0.3237051792828685 0.33482142857142855 0.19820717131474103 0.24702380952380953 0.19820717131474103 0.24702380952380953 0.3237051792828685
0 0.25744047619047616 0.2061752988047809 0.33779761904761907 0.2061752988047809 0.33779761904761907 0.09860557768924302 0.25744047619047616 0.09860557768924302 0.25744047619047616 0.2061752988047809
0 0.3117559523809524 0.9840637450199203 0.41592261904761907 0.9840637450199203 0.41592261904761907 0.8565737051792829 0.3117559523809524 0.8565737051792829 0.3117559523809524 0.9840637450199203
0 0.4211309523809524 0.4113545816733068 0.5089285714285714 0.4113545816733068 0.5089285714285714 0.26195219123505975 0.4211309523809524 0.26195219123505975 0.4211309523809524 0.4113545816733068
0 0.17782738095238096 0.17330677290836655 0.26264880952380953 0.17330677290836655 0.26264880952380953 0.07768924302788845 0.17782738095238096 0.07768924302788845 0.17782738095238096 0.17330677290836655
0 0.18080357142857142 0.28286852589641437 0.26264880952380953 0.28286852589641437 0.26264880952380953 0.16533864541832669 0.18080357142857142 0.16533864541832669 0.18080357142857142 0.28286852589641437
0 0.22172619047619047 0.43326693227091634 0.31547619047619047 0.43326693227091634 0.31547619047619047 0.3137450199203187 0.22172619047619047 0.3137450199203187 0.22172619047619047 0.43326693227091634
0 0.6428571428571429 0.700199203187251 0.7336309523809523 0.700199203187251 0.7336309523809523 0.5567729083665338 0.6428571428571429 0.5567729083665338 0.6428571428571429 0.700199203187251
0 0.34598214285714285 1 0.34598214285714285 0.9262948207171314 0.24479166666666666 0.9262948207171314 0.24479166666666666 1 0.34598214285714285 1
0 0.3541666666666667 0.9143426294820717 0.46130952380952384 0.9143426294820717 0.46130952380952384 0.7609561752988048 0.3541666666666667 0.7609561752988048 0.3541666666666667 0.9143426294820717
0 0.4055059523809524 0.25 0.47544642857142855 0.25 0.47544642857142855 0.11852589641434264 0.4055059523809524 0.11852589641434264 0.4055059523809524 0.25
0 0.3712797619047619 0.30776892430278885 0.44568452380952384 0.30776892430278885 0.44568452380952384 0.17629482071713148 0.3712797619047619 0.17629482071713148 0.3712797619047619 0.30776892430278885