0 0.5565476190476191 1 0.5565476190476191 0.9143426294820717 0.4523809523809524 0.9143426294820717 0.4523809523809524 1 0.5565476190476191 1
0 0.27157738095238093 0.5049800796812749 0.359375 0.5049800796812749 0.359375 0.36354581673306774 0.27157738095238093 0.36354581673306774 0.27157738095238093 0.5049800796812749
0 0.4799107142857143 0.5099601593625498 0.5647321428571429 0.5099601593625498 0.5647321428571429 0.3804780876494024 0.4799107142857143 0.3804780876494024 0.4799107142857143 0.5099601593625498
0 0.31547619047619047 0.3256972111553785 0.39880952380952384 0.3256972111553785 0.39880952380952384 0.20219123505976094 0.31547619047619047 0.20219123505976094 0.31547619047619047 0.3256972111553785
0 0.08556547619047619 0.36752988047808766 0.171875 0.36752988047808766 0.171875 0.2400398406374502 0.08556547619047619 0.2400398406374502 0.08556547619047619 0.36752988047808766
0 0.8638392857142857 0.9571713147410359 0.9516369047619048 0.9571713147410359 0.9516369047619048 0.8276892430278885 0.8638392857142857 0.8276892430278885 0.8638392857142857 0.9571713147410359
0 0.4568452380952381 0.7171314741035857 0.5476190476190477 0.7171314741035857 0.5476190476190477 0.5697211155378487 0.4568452380952381 0.5697211155378487 0.4568452380952381 0.7171314741035857
0 0.46577380952380953 1 0.46577380952380953 0.8645418326693227 0.3541666666666667 0.8645418326693227 0.3541666666666667 1 0.46577380952380953 1
0 0.26785714285714285 1 0.26785714285714285 0.9183266932270916 0.15625 0.9183266932270916 0.15625 1 0.26785714285714285 1
0 0.6175595238095238 0.350597609561753 0.7023809523809523 0.350597609561753 0.7023809523809523 0.2350597609561753 0.6175595238095238 0.2350597609561753 0.6175595238095238 0.350597609561753
0 0.3630952380952381 0.15338645418326693 0.43452380952380953 0.15338645418326693 0.43452380952380953 0.061752988047808766 0.3630952380952381 0.061752988047808766 0.3630952380952381 0.15338645418326693
0 0.6413690476190477 0.7161354581673307 0.7395833333333334 0.7161354581673307 0.7395833333333334 0.5806772908366534 0.6413690476190477 0.5806772908366534 0.6413690476190477 0.7161354581673307
0 0.35267857142857145 0.7141434262948207 0.4538690476190476 0.7141434262948207 0.4538690476190476 0.600597609561753 0.35267857142857145 0.600597609561753 0.35267857142857145 0.7141434262948207
0 0.5022321428571429 0.8276892430278885 0.6049107142857143 0.8276892430278885 0.6049107142857143 0.700199203187251 0.5022321428571429 0.700199203187251 0.5022321428571429 0.8276892430278885
0 0.625 0.5886454183266933 0.7157738095238095 0.5886454183266933 0.7157738095238095 0.4651394422310757 0.625 0.4651394422310757 0.625 0.5886454183266933
0 0.5498511904761905 0.5627490039840638 0.640625 0.5627490039840638 0.640625 0.41932270916334663 0.5498511904761905 0.41932270916334663 0.5498511904761905 0.5627490039840638
0 0.5349702380952381 0.13346613545816732 0.6049107142857143 0.13346613545816732 0.6049107142857143 0.01593625498007968 0.5349702380952381 0.01593625498007968 0.5349702380952381 0.13346613545816732
0 0.453125 0.1643426294820717 0.5349702380952381 0.1643426294820717 0.5349702380952381 0.03884462151394422 0.453125 0.03884462151394422 0.453125 0.1643426294820717
0 0.19270833333333334 0.7101593625498008 0.2760416666666667 0.7101593625498008 0.2760416666666667 0.5727091633466136 0.19270833333333334 0.5727091633466136 0.19270833333333334 0.7101593625498008
0 0.6845238095238095 0.9950199203187251 0.7872023809523809 0.9950199203187251 0.7872023809523809 0.8416334661354582 0.6845238095238095 0.8416334661354582 0.6845238095238095 0.9950199203187251
0 0.7366071428571429 0.42828685258964144 0.8065476190476191 0.42828685258964144 0.8065476190476191 0.3047808764940239 0.7366071428571429 0.3047808764940239 0.7366071428571429 0.42828685258964144
0 0.44717261904761907 0.3715139442231076 0.5409226190476191 0.3715139442231076 0.5409226190476191 0.23207171314741035 0.44717261904761907 0.23207171314741035 0.44717261904761907 0.3715139442231076
0 0.9226190476190477 1 0.9226190476190477 0.9422310756972112 0.8482142857142857 0.9422310756972112 0.8482142857142857 1 0.9226190476190477 1
0 0.36086309523809523 1 0.36086309523809523 0.9701195219123506 0.26413690476190477 0.9701195219123506 0.26413690476190477 1 0.36086309523809523 1
0 0.140625 0.9332669322709163 0.24330357142857142 0.9332669322709163 0.24330357142857142 0.7679282868525896 0.140625 0.7679282868525896 0.140625 0.9332669322709163
0 0.6257440476190477 0.8625498007968128 0.7299107142857143 0.8625498007968128 0.7299107142857143 0.7151394422310757 0.6257440476190477 0.7151394422310757 0.6257440476190477 0.8625498007968128
0 0.24553571428571427 0.896414342629482 0.34672619047619047 0.896414342629482 0.34672619047619047 0.7569721115537849 0.24553571428571427 0.7569721115537849 0.24553571428571427 0.896414342629482
0 0.36607142857142855 0.2689243027888446 0.44642857142857145 0.2689243027888446 0.44642857142857145 0.1394422310756972 0.36607142857142855 0.1394422310756972 0.36607142857142855 0.2689243027888446
0 0.41517857142857145 0.09063745019920319 0.47767857142857145 0.09063745019920319 0.47767857142857145 0.012948207171314742 0.41517857142857145 0.012948207171314742 0.41517857142857145 0.09063745019920319
0 0.7559523809523809 0.5239043824701195 0.8229166666666666 0.5239043824701195 0.8229166666666666 0.398406374501992 0.7559523809523809 0.398406374501992 0.7559523809523809 0.5239043824701195
0 0.8318452380952381 1 0.8318452380952381 0.9880478087649402 0.7678571428571429 0.9880478087649402 0.7678571428571429 1 0.8318452380952381 1