0 0.29136316337148804 1 0.29136316337148804 0.8356449375866851 0.11966701352757544 0.8356449375866851 0.11966701352757544 1 0.29136316337148804 1
0 0.1675338189386056 0.5859916782246879 0.2976066597294485 0.5859916782246879 0.2976066597294485 0.39805825242718446 0.1675338189386056 0.39805825242718446 0.1675338189386056 0.5859916782246879
0 0.0712799167533819 0.6875866851595007 0.18470343392299687 0.6875866851595007 0.18470343392299687 0.45596393897364773 0.0712799167533819 0.45596393897364773 0.0712799167533819 0.6875866851595007
0 0.0007804370447450572 0.9996532593619972 0.12513007284079083 0.9996532593619972 0.12513007284079083 0.7839805825242718 0.0007804370447450572 0.7839805825242718 0.0007804370447450572 0.9996532593619972
0 0.15920915712799166 0.30617198335644935 0.2460978147762747 0.30617198335644935 0.2460978147762747 0.13973647711511789 0.15920915712799166 0.13973647711511789 0.15920915712799166 0.30617198335644935
0 0.2762747138397503 0 0.2762747138397503 0.0769764216366158 0.33350676378772115 0.0769764216366158 0.33350676378772115 0 0.2762747138397503 0
0 0.2460978147762747 0.3065187239944521 0.3465140478668054 0.3065187239944521 0.3465140478668054 0.1608876560332871 0.2460978147762747 0.1608876560332871 0.2460978147762747 0.3065187239944521
0 0.8530176899063475 0.5589459084604715 0.9451092611862643 0.5589459084604715 0.9451092611862643 0.40221914008321774 0.8530176899063475 0.40221914008321774 0.8530176899063475 0.5589459084604715
0 0.21800208116545267 0 0.21800208116545267 0.07489597780859916 0.277315296566077 0.07489597780859916 0.277315296566077 0 0.21800208116545267 0
0 0.3340270551508845 0 0.3340270551508845 0.08183079056865465 0.39906347554630595 0.08183079056865465 0.39906347554630595 0 0.3340270551508845 0
0 0.782258064516129 0.21983356449375868 0.8358480749219563 0.21983356449375868 0.8358480749219563 0.1158113730929265 0.782258064516129 0.1158113730929265 0.782258064516129 0.21983356449375868
0 0.609261186264308 0 0.609261186264308 0.04576976421636616 0.6618106139438086 0.04576976421636616 0.6618106139438086 0 0.609261186264308 0
0 0.7070759625390218 0.0825242718446602 0.7601456815816857 0.0825242718446602 0.7601456815816857 0.0062413314840499305 0.7070759625390218 0.0062413314840499305 0.7070759625390218 0.0825242718446602
0 0.8301248699271592 0.22434119278779474 0.8743496357960457 0.22434119278779474 0.8743496357960457 0.12725381414701803 0.8301248699271592 0.12725381414701803 0.8301248699271592 0.22434119278779474
0 0.9292403746097815 0.544382801664355 0.9968782518210197 0.544382801664355 0.9968782518210197 0.4119278779472954 0.9292403746097815 0.4119278779472954 0.9292403746097815 0.544382801664355
0 0.6828824141519251 0 0.6828824141519251 0.038834951456310676 0.7302289281997919 0.038834951456310676 0.7302289281997919 0 0.6828824141519251 0
0 0.6610301768990635 0 0.6610301768990635 0.029819694868238558 0.6828824141519251 0.029819694868238558 0.6828824141519251 0 0.6610301768990635 0
0 0.7304890738813735 0.06657420249653259 0.7721123829344433 0.06657420249653259 0.7721123829344433 0.0006934812760055479 0.7304890738813735 0.0006934812760055479 0.7304890738813735 0.06657420249653259
0 0.9341831425598335 0.46914008321775313 0.9997398543184183 0.46914008321775313 0.9997398543184183 0.36373092926490985 0.9341831425598335 0.36373092926490985 0.9341831425598335 0.46914008321775313
0 0.9297606659729448 0.3897364771151179 0.9833506763787722 0.3897364771151179 0.9833506763787722 0.30374479889042993 0.9297606659729448 0.30374479889042993 0.9297606659729448 0.3897364771151179