0 0.6887707948243993 1 0.6887707948243993 0.4921875 0.56862292051756 0.4921875 0.56862292051756 1 0.6887707948243993 1
0 0.7208872458410351 0.7078125 0.8234750462107209 0.7078125 0.8234750462107209 0.2625 0.7208872458410351 0.2625 0.7208872458410351 0.7078125
0 0.4660351201478743 1 0.4660351201478743 0.5640625 0.35466728280961185 0.5640625 0.35466728280961185 1 0.4660351201478743 1
0 0.4567929759704251 0.95234375 0.569547134935305 0.95234375 0.569547134935305 0.47890625 0.4567929759704251 0.47890625 0.4567929759704251 0.95234375
0 0.5210258780036968 0.6140625 0.6217652495378928 0.6140625 0.6217652495378928 0.225 0.5210258780036968 0.225 0.5210258780036968 0.6140625
0 0.621996303142329 0.6546875 0.7158040665434381 0.6546875 0.7158040665434381 0.203125 0.621996303142329 0.203125 0.621996303142329 0.6546875
0 0.3267097966728281 1 0.3267097966728281 0.7421875 0.2121072088724584 0.7421875 0.2121072088724584 1 0.3267097966728281 1
0 0.4879852125693161 0.35 0.5720887245841035 0.35 0.5720887245841035 0.0953125 0.4879852125693161 0.0953125 0.4879852125693161 0.35
0 0.42490757855822553 0.62265625 0.5210258780036968 0.62265625 0.5210258780036968 0.26796875 0.42490757855822553 0.26796875 0.42490757855822553 0.62265625
0 0.6596580406654344 0 0.6596580406654344 0.3890625 0.7382162661737524 0.3890625 0.7382162661737524 0 0.6596580406654344 0
0 0.3292513863216266 0.71328125 0.4216728280961183 0.71328125 0.4216728280961183 0.36015625 0.3292513863216266 0.36015625 0.3292513863216266 0.71328125
0 0.33664510166358597 0.37734375 0.4078096118299446 0.37734375 0.4078096118299446 0.09453125 0.33664510166358597 0.09453125 0.33664510166358597 0.37734375
0 0.3994916820702403 0.43671875 0.4817467652495379 0.43671875 0.4817467652495379 0.16015625 0.3994916820702403 0.16015625 0.3994916820702403 0.43671875
0 0.5441312384473198 0 0.5441312384473198 0.1703125 0.6254621072088724 0.1703125 0.6254621072088724 0 0.5441312384473198 0
0 0.5734750462107209 0.34140625 0.6580406654343808 0.34140625 0.6580406654343808 0.04296875 0.5734750462107209 0.04296875 0.5734750462107209 0.34140625
0 0.33248613678373384 0.2046875 0.3948706099815157 0.2046875 0.3948706099815157 0.03125 0.33248613678373384 0.03125 0.33248613678373384 0.2046875
0 0.6328558225508318 0 0.6328558225508318 0.1359375 0.6818391866913124 0.1359375 0.6818391866913124 0 0.6328558225508318 0
0 0.6173752310536045 0 0.6173752310536045 0.0421875 0.634011090573013 0.0421875 0.634011090573013 0 0.6173752310536045 0