0 0.5116120218579235 0.9981818181818182 0.5826502732240437 0.9981818181818182 0.5826502732240437 0.889090909090909 0.5116120218579235 0.889090909090909 0.5116120218579235 0.9981818181818182
0 0.20560109289617487 0.6063636363636363 0.27117486338797814 0.6063636363636363 0.27117486338797814 0.4954545454545455 0.20560109289617487 0.4954545454545455 0.20560109289617487 0.6063636363636363
0 0.29439890710382516 0.12090909090909091 0.35040983606557374 0.12090909090909091 0.35040983606557374 0.026363636363636363 0.29439890710382516 0.026363636363636363 0.29439890710382516 0.12090909090909091
0 0.35860655737704916 0.4690909090909091 0.4187158469945355 0.4690909090909091 0.4187158469945355 0.3709090909090909 0.35860655737704916 0.3709090909090909 0.35860655737704916 0.4690909090909091
0 0.20013661202185792 0.21454545454545454 0.26434426229508196 0.21454545454545454 0.26434426229508196 0.11090909090909092 0.20013661202185792 0.11090909090909092 0.20013661202185792 0.21454545454545454
0 0.5409836065573771 0.8690909090909091 0.6120218579234973 0.8690909090909091 0.6120218579234973 0.7545454545454545 0.5409836065573771 0.7545454545454545 0.5409836065573771 0.8690909090909091
0 0.2424863387978142 0 0.2424863387978142 0.08727272727272728 0.30396174863387976 0.08727272727272728 0.30396174863387976 0 0.2424863387978142 0
0 0.3640710382513661 0.6290909090909091 0.4323770491803279 0.6290909090909091 0.4323770491803279 0.52 0.3640710382513661 0.52 0.3640710382513661 0.6290909090909091
0 0.2978142076502732 0.29 0.3592896174863388 0.29 0.3592896174863388 0.19 0.2978142076502732 0.19 0.2978142076502732 0.29
0 0.4371584699453552 0.35818181818181816 0.4931693989071038 0.35818181818181816 0.4931693989071038 0.2509090909090909 0.4371584699453552 0.2509090909090909 0.4371584699453552 0.35818181818181816
0 0.5648907103825137 0.6354545454545455 0.6290983606557377 0.6354545454545455 0.6290983606557377 0.5209090909090909 0.5648907103825137 0.5209090909090909 0.5648907103825137 0.6354545454545455
0 0.1755464480874317 0.3054545454545455 0.2424863387978142 0.3054545454545455 0.2424863387978142 0.2018181818181818 0.1755464480874317 0.2018181818181818 0.1755464480874317 0.3054545454545455
0 0.43101092896174864 0.5118181818181818 0.4883879781420765 0.5118181818181818 0.4883879781420765 0.4027272727272727 0.43101092896174864 0.4027272727272727 0.43101092896174864 0.5118181818181818
0 0.16666666666666666 0.4890909090909091 0.22950819672131148 0.4890909090909091 0.22950819672131148 0.39090909090909093 0.16666666666666666 0.39090909090909093 0.16666666666666666 0.4890909090909091
0 0.38729508196721313 0.32636363636363636 0.4405737704918033 0.32636363636363636 0.4405737704918033 0.22818181818181818 0.38729508196721313 0.22818181818181818 0.38729508196721313 0.32636363636363636
0 0.1325136612021858 0.5618181818181818 0.20901639344262296 0.5618181818181818 0.20901639344262296 0.45454545454545453 0.1325136612021858 0.45454545454545453 0.1325136612021858 0.5618181818181818
0 0.819672131147541 0.9372727272727273 0.8688524590163934 0.9372727272727273 0.8688524590163934 0.83 0.819672131147541 0.83 0.819672131147541 0.9372727272727273
0 0.7137978142076503 0.99 0.7780054644808743 0.99 0.7780054644808743 0.8754545454545455 0.7137978142076503 0.8754545454545455 0.7137978142076503 0.99
0 0.6079234972677595 0.24636363636363637 0.662568306010929 0.24636363636363637 0.662568306010929 0.15 0.6079234972677595 0.15 0.6079234972677595 0.24636363636363637
0 0.5088797814207651 0.39454545454545453 0.5689890710382514 0.39454545454545453 0.5689890710382514 0.29454545454545455 0.5088797814207651 0.29454545454545455 0.5088797814207651 0.39454545454545453
0 0.045765027322404374 0.32 0.11407103825136612 0.32 0.11407103825136612 0.20909090909090908 0.045765027322404374 0.20909090909090908 0.045765027322404374 0.32
0 0.44330601092896177 0.10909090909090909 0.49658469945355194 0.10909090909090909 0.49658469945355194 0.012727272727272728 0.44330601092896177 0.012727272727272728 0.44330601092896177 0.10909090909090909
0 0.7404371584699454 0.9 0.7978142076502732 0.9 0.7978142076502732 0.8036363636363636 0.7404371584699454 0.8036363636363636 0.7404371584699454 0.9
0 0.40437158469945356 0.2581818181818182 0.46584699453551914 0.2581818181818182 0.46584699453551914 0.18363636363636363 0.40437158469945356 0.18363636363636363 0.40437158469945356 0.2581818181818182
0 0.5423497267759563 0.7509090909090909 0.6065573770491803 0.7509090909090909 0.6065573770491803 0.6454545454545455 0.5423497267759563 0.6454545454545455 0.5423497267759563 0.7509090909090909
0 0.6830601092896175 0.5490909090909091 0.7336065573770492 0.5490909090909091 0.7336065573770492 0.44727272727272727 0.6830601092896175 0.44727272727272727 0.6830601092896175 0.5490909090909091
0 0.38524590163934425 0 0.38524590163934425 0.08181818181818182 0.4371584699453552 0.08181818181818182 0.4371584699453552 0 0.38524590163934425 0
0 0.8545081967213115 0.8118181818181818 0.9009562841530054 0.8118181818181818 0.9009562841530054 0.7063636363636364 0.8545081967213115 0.7063636363636364 0.8545081967213115 0.8118181818181818
0 0.4774590163934426 0.24727272727272728 0.532103825136612 0.24727272727272728 0.532103825136612 0.1709090909090909 0.4774590163934426 0.1709090909090909 0.4774590163934426 0.24727272727272728
0 0.5744535519125683 0.3418181818181818 0.625 0.3418181818181818 0.625 0.24181818181818182 0.5744535519125683 0.24181818181818182 0.5744535519125683 0.3418181818181818
0 0.1168032786885246 0.30818181818181817 0.17418032786885246 0.30818181818181817 0.17418032786885246 0.1990909090909091 0.1168032786885246 0.1990909090909091 0.1168032786885246 0.30818181818181817
0 0.7110655737704918 0.8145454545454546 0.7711748633879781 0.8145454545454546 0.7711748633879781 0.7018181818181818 0.7110655737704918 0.7018181818181818 0.7110655737704918 0.8145454545454546
0 0.6168032786885246 0.4254545454545455 0.6659836065573771 0.4254545454545455 0.6659836065573771 0.32 0.6168032786885246 0.32 0.6168032786885246 0.4254545454545455
0 0.4692622950819672 0.31363636363636366 0.5225409836065574 0.31363636363636366 0.5225409836065574 0.21727272727272728 0.4692622950819672 0.21727272727272728 0.4692622950819672 0.31363636363636366
0 0.6092896174863388 0.5645454545454546 0.6584699453551912 0.5645454545454546 0.6584699453551912 0.47 0.6092896174863388 0.47 0.6092896174863388 0.5645454545454546
0 0.89275956284153 0.8736363636363637 0.9405737704918032 0.8736363636363637 0.9405737704918032 0.7954545454545454 0.89275956284153 0.7954545454545454 0.89275956284153 0.8736363636363637
0 0.5259562841530054 0.32272727272727275 0.5724043715846995 0.32272727272727275 0.5724043715846995 0.24818181818181817 0.5259562841530054 0.24818181818181817 0.5259562841530054 0.32272727272727275
0 0.5792349726775956 0.13363636363636364 0.6311475409836066 0.13363636363636364 0.6311475409836066 0.03909090909090909 0.5792349726775956 0.03909090909090909 0.5792349726775956 0.13363636363636364
0 0.64275956284153 0.31636363636363635 0.6974043715846995 0.31636363636363635 0.6974043715846995 0.22363636363636363 0.64275956284153 0.22363636363636363 0.64275956284153 0.31636363636363635
0 0.8811475409836066 0.9690909090909091 0.9385245901639344 0.9690909090909091 0.9385245901639344 0.86 0.8811475409836066 0.86 0.8811475409836066 0.9690909090909091
0 0.46311475409836067 0 0.46311475409836067 0.06 0.5122950819672131 0.06 0.5122950819672131 0 0.46311475409836067 0
0 0.7793715846994536 0.6281818181818182 0.8271857923497268 0.6281818181818182 0.8271857923497268 0.519090909090909 0.7793715846994536 0.519090909090909 0.7793715846994536 0.6281818181818182
0 0.32991803278688525 0 0.32991803278688525 0.04 0.38729508196721313 0.04 0.38729508196721313 0 0.32991803278688525 0
0 0.5170765027322405 0 0.5170765027322405 0.06181818181818182 0.5662568306010929 0.06181818181818182 0.5662568306010929 0 0.5170765027322405 0
0 0 0.9981818181818182 0.0273224043715847 0.9981818181818182 0.0273224043715847 0.9418181818181818 0 0.9418181818181818 0 0.9981818181818182
0 0.049863387978142076 0.09727272727272727 0.09084699453551913 0.09727272727272727 0.09084699453551913 0.0009090909090909091 0.049863387978142076 0.0009090909090909091 0.049863387978142076 0.09727272727272727
0 0.9064207650273224 0.9990909090909091 0.9596994535519126 0.9990909090909091 0.9596994535519126 0.9645454545454546 0.9064207650273224 0.9645454545454546 0.9064207650273224 0.9990909090909091