0 0.33630952380952384 0.44223107569721115 0.4270833333333333 0.44223107569721115 0.4270833333333333 0.31673306772908366 0.33630952380952384 0.31673306772908366 0.33630952380952384 0.44223107569721115
0 0.29538690476190477 0.6334661354581673 0.38764880952380953 0.6334661354581673 0.38764880952380953 0.48804780876494025 0.29538690476190477 0.48804780876494025 0.29538690476190477 0.6334661354581673
0 0.09895833333333333 0.49203187250996017 0.18973214285714285 0.49203187250996017 0.18973214285714285 0.3545816733067729 0.09895833333333333 0.3545816733067729 0.09895833333333333 0.49203187250996017
0 0.20907738095238096 0.8585657370517928 0.30431547619047616 0.8585657370517928 0.30431547619047616 0.7131474103585658 0.20907738095238096 0.7131474103585658 0.20907738095238096 0.8585657370517928
0 0.3854166666666667 1 0.3854166666666667 0.9203187250996016 0.27380952380952384 0.9203187250996016 0.27380952380952384 1 0.3854166666666667 1
0 0.6525297619047619 0.46215139442231074 0.7433035714285714 0.46215139442231074 0.7433035714285714 0.34860557768924305 0.6525297619047619 0.34860557768924305 0.6525297619047619 0.46215139442231074
0 0.5848214285714286 0.6912350597609562 0.6800595238095238 0.6912350597609562 0.6800595238095238 0.547808764940239 0.5848214285714286 0.547808764940239 0.5848214285714286 0.6912350597609562
0 0.26785714285714285 1 0.26785714285714285 0.9302788844621513 0.16071428571428573 0.9302788844621513 0.16071428571428573 1 0.26785714285714285 1
0 0.38913690476190477 0.8685258964143426 0.48586309523809523 0.8685258964143426 0.48586309523809523 0.749003984063745 0.38913690476190477 0.749003984063745 0.38913690476190477 0.8685258964143426
0 0.6852678571428571 0.8784860557768924 0.7805059523809523 0.8784860557768924 0.7805059523809523 0.7250996015936255 0.6852678571428571 0.7250996015936255 0.6852678571428571 0.8784860557768924
0 0.47544642857142855 0.4810756972111554 0.5751488095238095 0.4810756972111554 0.5751488095238095 0.3456175298804781 0.47544642857142855 0.3456175298804781 0.47544642857142855 0.4810756972111554
0 0.5111607142857143 0.6304780876494024 0.6063988095238095 0.6304780876494024 0.6063988095238095 0.5049800796812749 0.5111607142857143 0.5049800796812749 0.5111607142857143 0.6304780876494024
0 0.5379464285714286 0.9850597609561753 0.6391369047619048 0.9850597609561753 0.6391369047619048 0.8555776892430279 0.5379464285714286 0.8555776892430279 0.5379464285714286 0.9850597609561753
0 0.43973214285714285 0.18625498007968128 0.5141369047619048 0.18625498007968128 0.5141369047619048 0.0647410358565737 0.43973214285714285 0.0647410358565737 0.43973214285714285 0.18625498007968128
0 0.6703869047619048 0.9970119521912351 0.7686011904761905 0.9970119521912351 0.7686011904761905 0.8715139442231076 0.6703869047619048 0.8715139442231076 0.6703869047619048 0.9970119521912351
0 0.5148809523809523 0.14342629482071714 0.5952380952380952 0.14342629482071714 0.5952380952380952 0.035856573705179286 0.5148809523809523 0.035856573705179286 0.5148809523809523 0.14342629482071714
0 0.3861607142857143 0.25796812749003983 0.4694940476190476 0.25796812749003983 0.4694940476190476 0.16235059760956175 0.3861607142857143 0.16235059760956175 0.3861607142857143 0.25796812749003983
0 0.5877976190476191 0 0.5877976190476191 0.13545816733067728 0.6681547619047619 0.13545816733067728 0.6681547619047619 0 0.5877976190476191 0
0 0.65625 0.7380478087649402 0.7470238095238095 0.7380478087649402 0.7470238095238095 0.5926294820717132 0.65625 0.5926294820717132 0.65625 0.7380478087649402
0 0.3802083333333333 0.13844621513944222 0.4486607142857143 0.13844621513944222 0.4486607142857143 0.02091633466135458 0.3802083333333333 0.02091633466135458 0.3802083333333333 0.13844621513944222
0 0.4880952380952381 0.8595617529880478 0.5877976190476191 0.8595617529880478 0.5877976190476191 0.7141434262948207 0.4880952380952381 0.7141434262948207 0.4880952380952381 0.8595617529880478
0 0.5654761904761905 0.21414342629482072 0.6369047619047619 0.21414342629482072 0.6369047619047619 0.11055776892430279 0.5654761904761905 0.11055776892430279 0.5654761904761905 0.21414342629482072
0 0.7433035714285714 0.5607569721115537 0.8191964285714286 0.5607569721115537 0.8191964285714286 0.40537848605577687 0.7433035714285714 0.40537848605577687 0.7433035714285714 0.5607569721115537
0 0.48288690476190477 0.26195219123505975 0.5662202380952381 0.26195219123505975 0.5662202380952381 0.1344621513944223 0.48288690476190477 0.1344621513944223 0.48288690476190477 0.26195219123505975
0 0.7485119047619048 0.6802788844621513 0.8154761904761905 0.6802788844621513 0.8154761904761905 0.5627490039840638 0.7485119047619048 0.5627490039840638 0.7485119047619048 0.6802788844621513
0 0.3898809523809524 0.37649402390438247 0.47619047619047616 0.37649402390438247 0.47619047619047616 0.24701195219123506 0.3898809523809524 0.24701195219123506 0.3898809523809524 0.37649402390438247
0 0.38913690476190477 0.3376494023904382 0.47544642857142855 0.3376494023904382 0.47544642857142855 0.24601593625498008 0.38913690476190477 0.24601593625498008 0.38913690476190477 0.3376494023904382