0 0.8320240295748613 0.5578125 0.9424676524953789 0.5578125 0.9424676524953789 0.1546875 0.8320240295748613 0.1546875 0.8320240295748613 0.5578125
0 0.6282347504621072 0.68515625 0.7525415896487985 0.68515625 0.7525415896487985 0.25703125 0.6282347504621072 0.25703125 0.6282347504621072 0.68515625
0 0.30268022181146026 0.94921875 0.4075785582255083 0.94921875 0.4075785582255083 0.50703125 0.30268022181146026 0.50703125 0.30268022181146026 0.94921875
0 0.4080406654343808 0.875 0.5240295748613678 0.875 0.5240295748613678 0.453125 0.4080406654343808 0.453125 0.4080406654343808 0.875
0 0.6217652495378928 0 0.6217652495378928 0.2203125 0.7109519408502772 0.2203125 0.7109519408502772 0 0.6217652495378928 0
0 0.5006931608133087 0.55546875 0.6046672828096118 0.55546875 0.6046672828096118 0.21328125 0.5006931608133087 0.21328125 0.5006931608133087 0.55546875
0 0.297365988909427 1 0.297365988909427 0.7640625 0.18183918669131238 0.7640625 0.18183918669131238 1 0.297365988909427 1
0 0.40318853974122 0.58125 0.4974584103512015 0.58125 0.4974584103512015 0.2703125 0.40318853974122 0.2703125 0.40318853974122 0.58125
0 0.4519408502772643 0 0.4519408502772643 0.2515625 0.5300369685767098 0.2515625 0.5300369685767098 0 0.4519408502772643 0
0 0.47966728280961185 0.34453125 0.5670055452865065 0.34453125 0.5670055452865065 0.08515625 0.47966728280961185 0.08515625 0.47966728280961185 0.34453125
0 0.591728280961183 0.46875 0.6823012939001848 0.46875 0.6823012939001848 0.134375 0.591728280961183 0.134375 0.591728280961183 0.46875
0 0.14625693160813308 0.9671875 0.21880776340110905 0.9671875 0.21880776340110905 0.625 0.14625693160813308 0.625 0.14625693160813308 0.9671875
0 0.4956099815157117 1 0.4956099815157117 0.8734375 0.38008317929759705 0.8734375 0.38008317929759705 1 0.4956099815157117 1
0 0.664279112754159 1 0.664279112754159 0.796875 0.5182532347504621 0.796875 0.5182532347504621 1 0.664279112754159 1
0 0.5083179297597042 0.91171875 0.634011090573013 0.91171875 0.634011090573013 0.50859375 0.5083179297597042 0.50859375 0.5083179297597042 0.91171875
0 0.8128465804066544 0 0.8128465804066544 0.05625 0.8729205175600739 0.05625 0.8729205175600739 0 0.8128465804066544 0
0 0.5970425138632163 0 0.5970425138632163 0.1390625 0.6377079482439926 0.1390625 0.6377079482439926 0 0.5970425138632163 0
0 0.5794824399260629 0 0.5794824399260629 0.03125 0.6016635859519408 0.03125 0.6016635859519408 0 0.5794824399260629 0
0 0.69362292051756 0 0.69362292051756 0.0421875 0.7259704251386322 0.0421875 0.7259704251386322 0 0.69362292051756 0
0 0.1400184842883549 1 0.1400184842883549 0.9109375 0.06469500924214418 0.9109375 0.06469500924214418 1 0.1400184842883549 1
0 0.047597042513863215 1 0.047597042513863215 0.8234375 0 0.8234375 0 1 0.047597042513863215 1