0 0.31477627471383973 0.5863384188626907 0.43496357960457854 0.5863384188626907 0.43496357960457854 0.4067267683772538 0.31477627471383973 0.4067267683772538 0.31477627471383973 0.5863384188626907
0 0.20889698231009365 0.5922330097087378 0.31503642039542146 0.5922330097087378 0.31503642039542146 0.38488210818307905 0.20889698231009365 0.38488210818307905 0.20889698231009365 0.5922330097087378
0 0.15608740894901144 0.35991678224687934 0.25806451612903225 0.35991678224687934 0.25806451612903225 0.21567267683772537 0.15608740894901144 0.21567267683772537 0.15608740894901144 0.35991678224687934
0 0.75 0.37690707350901526 0.8290842872008325 0.37690707350901526 0.8290842872008325 0.25208044382801664 0.75 0.25208044382801664 0.75 0.37690707350901526
0 0.10353798126951093 0.5870319001386962 0.2133194588969823 0.5870319001386962 0.2133194588969823 0.3762135922330097 0.10353798126951093 0.3762135922330097 0.10353798126951093 0.5870319001386962
0 0.3631633714880333 0.17649098474341193 0.4386056191467222 0.17649098474341193 0.4386056191467222 0.06484049930651872 0.3631633714880333 0.06484049930651872 0.3631633714880333 0.17649098474341193
0 0.2843392299687825 0.20804438280166435 0.3530176899063476 0.20804438280166435 0.3530176899063476 0.07766990291262135 0.2843392299687825 0.07766990291262135 0.2843392299687825 0.20804438280166435
0 0.20551508844953173 0.13522884882108183 0.26326742976066597 0.13522884882108183 0.26326742976066597 0.019417475728155338 0.20551508844953173 0.019417475728155338 0.20551508844953173 0.13522884882108183
0 0.8870967741935484 0.4306518723994452 0.9646201873048907 0.4306518723994452 0.9646201873048907 0.3155339805825243 0.8870967741935484 0.3155339805825243 0.8870967741935484 0.4306518723994452
0 0.8449531737773153 0.33460471567267686 0.9063475546305931 0.33460471567267686 0.9063475546305931 0.22711511789181693 0.8449531737773153 0.22711511789181693 0.8449531737773153 0.33460471567267686
0 0.7562434963579605 0.11234396671289876 0.808792924037461 0.11234396671289876 0.808792924037461 0.02565880721220527 0.7562434963579605 0.02565880721220527 0.7562434963579605 0.11234396671289876
0 0.26196670135275757 0.13661581137309292 0.32232049947970864 0.13661581137309292 0.32232049947970864 0.026352288488210817 0.26196670135275757 0.026352288488210817 0.26196670135275757 0.13661581137309292
0 0.7848595213319459 0.32697642163661583 0.8504162330905307 0.32697642163661583 0.8504162330905307 0.2035367545076283 0.7848595213319459 0.2035367545076283 0.7848595213319459 0.32697642163661583
0 0.32388137356919877 0.14147018030513175 0.38371488033298645 0.14147018030513175 0.38371488033298645 0.013869625520110958 0.32388137356919877 0.013869625520110958 0.32388137356919877 0.14147018030513175