0 0.5940388170055453 0.91796875 0.7345194085027726 0.91796875 0.7345194085027726 0.43828125 0.5940388170055453 0.43828125 0.5940388170055453 0.91796875
0 0.8257855822550831 0.77734375 0.9519408502772643 0.77734375 0.9519408502772643 0.32265625 0.8257855822550831 0.32265625 0.8257855822550831 0.77734375
0 0.3463493530499076 1 0.3463493530499076 0.6953125 0.2396025878003697 0.6953125 0.2396025878003697 1 0.3463493530499076 1
0 0.5951940850277264 0.38671875 0.6940850277264325 0.38671875 0.6940850277264325 0.05859375 0.5951940850277264 0.05859375 0.5951940850277264 0.38671875
0 0.802449168207024 0 0.802449168207024 0.1578125 0.8828558225508318 0.1578125 0.8828558225508318 0 0.802449168207024 0
0 0.35097042513863214 0.74296875 0.452634011090573 0.74296875 0.452634011090573 0.43046875 0.35097042513863214 0.43046875 0.35097042513863214 0.74296875
0 0.47573937153419593 1 0.47573937153419593 0.65 0.34865988909426987 0.65 0.34865988909426987 1 0.47573937153419593 1
0 0.4565619223659889 0.759375 0.5707024029574861 0.759375 0.5707024029574861 0.371875 0.4565619223659889 0.371875 0.4565619223659889 0.759375
0 0.4138170055452865 0.39296875 0.4983826247689464 0.39296875 0.4983826247689464 0.06796875 0.4138170055452865 0.06796875 0.4138170055452865 0.39296875
0 0.6393253234750462 0 0.6393253234750462 0.1390625 0.719731977818854 0.1390625 0.719731977818854 0 0.6393253234750462 0
0 0.5579944547134935 0.65390625 0.6624306839186691 0.65390625 0.6624306839186691 0.28203125 0.5579944547134935 0.28203125 0.5579944547134935 0.65390625
0 0.4366913123844732 0.50390625 0.533271719038817 0.50390625 0.533271719038817 0.20546875 0.4366913123844732 0.20546875 0.4366913123844732 0.50390625
0 0.5949630314232902 1 0.5949630314232902 0.7609375 0.46095194085027724 0.7609375 0.46095194085027724 1 0.5949630314232902 1
0 0.5709334565619224 0 0.5709334565619224 0.2640625 0.642097966728281 0.2640625 0.642097966728281 0 0.5709334565619224 0
0 0.1566543438077634 1 0.1566543438077634 0.7734375 0.08179297597042513 0.7734375 0.08179297597042513 1 0.1566543438077634 1
0 0.5512939001848429 0 0.5512939001848429 0.1140625 0.5965804066543438 0.1140625 0.5965804066543438 0 0.5512939001848429 0
0 0.5217190388170055 0 0.5217190388170055 0.034375 0.555452865064695 0.034375 0.555452865064695 0 0.5217190388170055 0
0 0.2024029574861368 1 0.2024029574861368 0.95625 0.1266173752310536 0.95625 0.1266173752310536 1 0.2024029574861368 1
0 0.9658040665434381 0 0.9658040665434381 0.378125 0.9995378927911276 0.378125 0.9995378927911276 0 0.9658040665434381 0