0 0.7093345656192237 0.9140625 0.8428835489833642 0.9140625 0.8428835489833642 0.4515625 0.7093345656192237 0.4515625 0.7093345656192237 0.9140625
0 0.6275415896487985 0.5359375 0.7125693160813309 0.5359375 0.7125693160813309 0.1625 0.6275415896487985 0.1625 0.6275415896487985 0.5359375
0 0.83271719038817 0.725 0.9353049907578558 0.725 0.9353049907578558 0.3359375 0.83271719038817 0.3359375 0.83271719038817 0.725
0 0.6173752310536045 1 0.6173752310536045 0.5234375 0.4967652495378928 0.5234375 0.4967652495378928 1 0.6173752310536045 1
0 0.81862292051756 0 0.81862292051756 0.1375 0.897181146025878 0.1375 0.897181146025878 0 0.81862292051756 0
0 0.41035120147874304 0.43359375 0.5 0.43359375 0.5 0.15859375 0.41035120147874304 0.15859375 0.41035120147874304 0.43359375
0 0.571626617375231 0 0.571626617375231 0.1796875 0.6395563770794824 0.1796875 0.6395563770794824 0 0.571626617375231 0
0 0.27818853974122 0.90078125 0.3974121996303142 0.90078125 0.3974121996303142 0.46484375 0.27818853974122 0.46484375 0.27818853974122 0.90078125
0 0.397181146025878 0.878125 0.5048521256931608 0.878125 0.5048521256931608 0.41875 0.397181146025878 0.41875 0.397181146025878 0.878125
0 0.488909426987061 0.5828125 0.5951940850277264 0.5828125 0.5951940850277264 0.2953125 0.488909426987061 0.2953125 0.488909426987061 0.5828125
0 0.7005545286506469 0 0.7005545286506469 0.125 0.7606284658040665 0.125 0.7606284658040665 0 0.7005545286506469 0
0 0.6407116451016636 0 0.6407116451016636 0.115625 0.6984750462107209 0.115625 0.6984750462107209 0 0.6407116451016636 0
0 0.2809611829944547 0.53046875 0.371996303142329 0.53046875 0.371996303142329 0.33203125 0.2809611829944547 0.33203125 0.2809611829944547 0.53046875
0 0.5016173752310537 0.3375 0.5820240295748613 0.3375 0.5820240295748613 0.078125 0.5016173752310537 0.078125 0.5016173752310537 0.3375
0 0.4554066543438078 1 0.4554066543438078 0.7703125 0.3241682070240296 0.7703125 0.3241682070240296 1 0.4554066543438078 1
0 0.31215341959334564 1 0.31215341959334564 0.89375 0.22250462107208874 0.89375 0.22250462107208874 1 0.31215341959334564 1
0 0.10466728280961184 0.99921875 0.19200554528650646 0.99921875 0.19200554528650646 0.77734375 0.10466728280961184 0.77734375 0.10466728280961184 0.99921875
0 0.5106284658040665 0 0.5106284658040665 0.0890625 0.5739371534195934 0.0890625 0.5739371534195934 0 0.5106284658040665 0