0 0.2916666666666667 0.38147410358565736 0.37648809523809523 0.38147410358565736 0.37648809523809523 0.2599601593625498 0.2916666666666667 0.2599601593625498 0.2916666666666667 0.38147410358565736
0 0.09151785714285714 0.5328685258964143 0.18377976190476192 0.5328685258964143 0.18377976190476192 0.3854581673306773 0.09151785714285714 0.3854581673306773 0.09151785714285714 0.5328685258964143
0 0.10044642857142858 0.3047808764940239 0.19419642857142858 0.3047808764940239 0.19419642857142858 0.18127490039840638 0.10044642857142858 0.18127490039840638 0.10044642857142858 0.3047808764940239
0 0.6800595238095238 0.9840637450199203 0.7693452380952381 0.9840637450199203 0.7693452380952381 0.8266932270916335 0.6800595238095238 0.8266932270916335 0.6800595238095238 0.9840637450199203
0 0.26264880952380953 0.8187250996015937 0.36086309523809523 0.8187250996015937 0.36086309523809523 0.6673306772908366 0.26264880952380953 0.6673306772908366 0.26264880952380953 0.8187250996015937
0 0.13095238095238096 0.646414342629482 0.22172619047619047 0.646414342629482 0.22172619047619047 0.499003984063745 0.13095238095238096 0.499003984063745 0.13095238095238096 0.646414342629482
0 0.1636904761904762 0.34063745019920316 0.24702380952380953 0.34063745019920316 0.24702380952380953 0.23306772908366533 0.1636904761904762 0.23306772908366533 0.1636904761904762 0.34063745019920316
0 0.15401785714285715 0.4701195219123506 0.24330357142857142 0.4701195219123506 0.24330357142857142 0.3346613545816733 0.15401785714285715 0.3346613545816733 0.15401785714285715 0.4701195219123506
0 0.061755952380952384 0.21314741035856574 0.14360119047619047 0.21314741035856574 0.14360119047619047 0.10557768924302789 0.061755952380952384 0.10557768924302789 0.061755952380952384 0.21314741035856574
0 0.8526785714285714 1 0.8526785714285714 0.8705179282868526 0.7797619047619048 0.8705179282868526 0.7797619047619048 1 0.8526785714285714 1
0 0.47544642857142855 1 0.47544642857142855 0.9382470119521913 0.3757440476190476 0.9382470119521913 0.3757440476190476 1 0.47544642857142855 1
0 0.38095238095238093 0.5906374501992032 0.4732142857142857 0.5906374501992032 0.4732142857142857 0.4551792828685259 0.38095238095238093 0.4551792828685259 0.38095238095238093 0.5906374501992032
0 0.47172619047619047 0.10657370517928287 0.5357142857142857 0.10657370517928287 0.5357142857142857 0.00099601593625498 0.47172619047619047 0.00099601593625498 0.47172619047619047 0.10657370517928287
0 0.3132440476190476 0.7350597609561753 0.4055059523809524 0.7350597609561753 0.4055059523809524 0.599601593625498 0.3132440476190476 0.599601593625498 0.3132440476190476 0.7350597609561753
0 0.3645833333333333 1 0.3645833333333333 0.9621513944223108 0.27232142857142855 0.9621513944223108 0.27232142857142855 1 0.3645833333333333 1
0 0.4114583333333333 0.08067729083665338 0.4739583333333333 0.08067729083665338 0.4739583333333333 0.010956175298804782 0.4114583333333333 0.010956175298804782 0.4114583333333333 0.08067729083665338
0 0.12425595238095238 0.1394422310756972 0.20014880952380953 0.1394422310756972 0.20014880952380953 0.0398406374501992 0.12425595238095238 0.0398406374501992 0.12425595238095238 0.1394422310756972