0 0.7292051756007394 0.409375 0.8123844731977818 0.409375 0.8123844731977818 0.046875 0.7292051756007394 0.046875 0.7292051756007394 0.409375
0 0.4507855822550832 0.42890625 0.5284195933456562 0.42890625 0.5284195933456562 0.11796875 0.4507855822550832 0.11796875 0.4507855822550832 0.42890625
0 0.29528650646950094 0.6015625 0.3914048059149723 0.6015625 0.3914048059149723 0.315625 0.29528650646950094 0.315625 0.29528650646950094 0.6015625
0 0.3932532347504621 0.78515625 0.5004621072088724 0.78515625 0.5004621072088724 0.43203125 0.3932532347504621 0.43203125 0.3932532347504621 0.78515625
0 0.6148336414048059 0.36953125 0.7044824399260629 0.36953125 0.7044824399260629 0.03515625 0.6148336414048059 0.03515625 0.6148336414048059 0.36953125
0 0.2151109057301294 0.834375 0.30106284658040666 0.834375 0.30106284658040666 0.559375 0.2151109057301294 0.559375 0.2151109057301294 0.834375
0 0.5750924214417745 0.61875 0.6647412199630314 0.61875 0.6647412199630314 0.184375 0.5750924214417745 0.184375 0.5750924214417745 0.61875
0 0.5279574861367837 0.35078125 0.6083641404805915 0.35078125 0.6083641404805915 0.10234375 0.5279574861367837 0.10234375 0.5279574861367837 0.35078125
0 0.6853049907578558 0 0.6853049907578558 0.190625 0.7592421441774492 0.190625 0.7592421441774492 0 0.6853049907578558 0
0 0.3153881700554529 1 0.3153881700554529 0.7890625 0.21372458410351203 0.7890625 0.21372458410351203 1 0.3153881700554529 1
0 0.5025415896487985 0.74921875 0.6009704251386322 0.74921875 0.6009704251386322 0.34921875 0.5025415896487985 0.34921875 0.5025415896487985 0.74921875
0 0.30175600739371533 0.84765625 0.38955637707948243 0.84765625 0.38955637707948243 0.52421875 0.30175600739371533 0.52421875 0.30175600739371533 0.84765625
0 0.42467652495378927 1 0.42467652495378927 0.6890625 0.3202402957486137 0.6890625 0.3202402957486137 1 0.42467652495378927 1
0 0.5339648798521257 1 0.5339648798521257 0.61875 0.4272181146025878 0.61875 0.4272181146025878 1 0.5339648798521257 1
0 0.6580406654343808 1 0.6580406654343808 0.6046875 0.5351201478743068 0.6046875 0.5351201478743068 1 0.6580406654343808 1
0 0.5831792975970426 0 0.5831792975970426 0.134375 0.6589648798521257 0.134375 0.6589648798521257 0 0.5831792975970426 0
0 0.5115526802218114 0 0.5115526802218114 0.13125 0.5813308687615527 0.13125 0.5813308687615527 0 0.5115526802218114 0
0 0.655268022181146 0 0.655268022181146 0.0359375 0.6871534195933456 0.0359375 0.6871534195933456 0 0.655268022181146 0