0 0.6018946395563771 0.703125 0.7266635859519408 0.703125 0.7266635859519408 0.2546875 0.6018946395563771 0.2546875 0.6018946395563771 0.703125
0 0.7541589648798521 0.5890625 0.8465804066543438 0.5890625 0.8465804066543438 0.153125 0.7541589648798521 0.153125 0.7541589648798521 0.5890625
0 0.28650646950092423 0.70234375 0.37153419593345655 0.70234375 0.37153419593345655 0.32578125 0.28650646950092423 0.32578125 0.28650646950092423 0.70234375
0 0.6504158964879853 0.390625 0.7428373382624769 0.390625 0.7428373382624769 0.0875 0.6504158964879853 0.0875 0.6504158964879853 0.390625
0 0.4762014787430684 0.271875 0.5552218114602587 0.271875 0.5552218114602587 0.0171875 0.4762014787430684 0.0171875 0.4762014787430684 0.271875
0 0.3451940850277264 0.40625 0.4121996303142329 0.40625 0.4121996303142329 0.1375 0.3451940850277264 0.1375 0.3451940850277264 0.40625
0 0.4653419593345656 1 0.4653419593345656 0.625 0.35628465804066545 0.625 0.35628465804066545 1 0.4653419593345656 1
0 0.355822550831793 1 0.355822550831793 0.6765625 0.25693160813308685 0.6765625 0.25693160813308685 1 0.355822550831793 1
0 0.5593807763401109 0.50859375 0.6407116451016636 0.50859375 0.6407116451016636 0.15234375 0.5593807763401109 0.15234375 0.5593807763401109 0.50859375
0 0.45448243992606285 0.928125 0.5589186691312384 0.928125 0.5589186691312384 0.425 0.45448243992606285 0.425 0.45448243992606285 0.928125
0 0.39995378927911274 0.44140625 0.4840573012939002 0.44140625 0.4840573012939002 0.18046875 0.39995378927911274 0.18046875 0.39995378927911274 0.44140625
0 0.1961645101663586 0.96328125 0.27426062846580407 0.96328125 0.27426062846580407 0.56171875 0.1961645101663586 0.56171875 0.1961645101663586 0.96328125
0 0.18853974121996303 0.6078125 0.2592421441774492 0.6078125 0.2592421441774492 0.3625 0.18853974121996303 0.3625 0.18853974121996303 0.6078125
0 0.5577634011090573 0 0.5577634011090573 0.2109375 0.6372458410351202 0.2109375 0.6372458410351202 0 0.5577634011090573 0
0 0.7063308687615527 0 0.7063308687615527 0.1359375 0.7844269870609981 0.1359375 0.7844269870609981 0 0.7063308687615527 0
0 0.4835951940850277 0.56640625 0.5704713493530499 0.56640625 0.5704713493530499 0.22421875 0.4835951940850277 0.22421875 0.4835951940850277 0.56640625
0 0.649260628465804 1 0.649260628465804 0.784375 0.49491682070240295 0.784375 0.49491682070240295 1 0.649260628465804 1
0 0.3574399260628466 0.70234375 0.463724584103512 0.70234375 0.463724584103512 0.36953125 0.3574399260628466 0.36953125 0.3574399260628466 0.70234375
0 0.6326247689463955 0 0.6326247689463955 0.234375 0.7162661737523105 0.234375 0.7162661737523105 0 0.6326247689463955 0
0 0.8479667282809612 0 0.8479667282809612 0.0578125 0.9098890942698706 0.0578125 0.9098890942698706 0 0.8479667282809612 0
0 0.0711645101663586 0.97734375 0.13170055452865065 0.97734375 0.13170055452865065 0.66171875 0.0711645101663586 0.66171875 0.0711645101663586 0.97734375
0 0.10813308687615526 0.9984375 0.1876155268022181 0.9984375 0.1876155268022181 0.81875 0.10813308687615526 0.81875 0.10813308687615526 0.9984375
0 0.5395101663585952 0 0.5395101663585952 0.0765625 0.5815619223659889 0.0765625 0.5815619223659889 0 0.5395101663585952 0
0 0.6291589648798521 0 0.6291589648798521 0.0515625 0.6550369685767098 0.0515625 0.6550369685767098 0 0.6291589648798521 0