0 0.24297606659729448 0.8408460471567267 0.404786680541103 0.8408460471567267 0.404786680541103 0.633495145631068 0.24297606659729448 0.633495145631068 0.24297606659729448 0.8408460471567267
0 0.13215400624349635 0.45319001386962554 0.24141519250780438 0.45319001386962554 0.24141519250780438 0.29160887656033285 0.13215400624349635 0.29160887656033285 0.13215400624349635 0.45319001386962554
0 0.09599375650364204 0.6369625520110958 0.22554630593132155 0.6369625520110958 0.22554630593132155 0.4420943134535368 0.09599375650364204 0.4420943134535368 0.09599375650364204 0.6369625520110958
0 0.17377731529656607 0.7309292649098474 0.3054110301768991 0.7309292649098474 0.3054110301768991 0.5332871012482663 0.17377731529656607 0.5332871012482663 0.17377731529656607 0.7309292649098474
0 0.2247658688865765 0.38730929264909847 0.3262226847034339 0.38730929264909847 0.3262226847034339 0.24791955617198336 0.2247658688865765 0.24791955617198336 0.2247658688865765 0.38730929264909847
0 0.6014568158168574 0.12864077669902912 0.659729448491155 0.12864077669902912 0.659729448491155 0.042649098474341195 0.6014568158168574 0.042649098474341195 0.6014568158168574 0.12864077669902912
0 0.022112382934443287 0.3287101248266297 0.11420395421436004 0.3287101248266297 0.11420395421436004 0.19209431345353675 0.022112382934443287 0.19209431345353675 0.022112382934443287 0.3287101248266297
0 0.2208636836628512 0.10263522884882108 0.2885015608740895 0.10263522884882108 0.2885015608740895 0.0048543689320388345 0.2208636836628512 0.0048543689320388345 0.2208636836628512 0.10263522884882108
0 0.8777315296566077 0.9875173370319001 0.9875130072840791 0.9875173370319001 0.9875130072840791 0.7586685159500693 0.8777315296566077 0.7586685159500693 0.8777315296566077 0.9875173370319001
0 0.05228928199791884 0.2274618585298197 0.136576482830385 0.2274618585298197 0.136576482830385 0.10402219140083217 0.05228928199791884 0.10402219140083217 0.05228928199791884 0.2274618585298197
0 0.772372528616025 0.2659500693481276 0.8358480749219563 0.2659500693481276 0.8358480749219563 0.16331484049930653 0.772372528616025 0.16331484049930653 0.772372528616025 0.2659500693481276
0 0.828563995837669 0.3058252427184466 0.8951612903225806 0.3058252427184466 0.8951612903225806 0.20041608876560332 0.828563995837669 0.20041608876560332 0.828563995837669 0.3058252427184466
0 0.7494797086368367 0.09812760055478502 0.7983870967741935 0.09812760055478502 0.7983870967741935 0.0239251040221914 0.7494797086368367 0.0239251040221914 0.7494797086368367 0.09812760055478502
0 1 0.3311373092926491 0.931321540062435 0.3311373092926491 0.931321540062435 0.4441747572815534 1 0.4441747572815534 1 0.3311373092926491
0 0.8441727367325702 0.2621359223300971 0.9008844953173777 0.2621359223300971 0.9008844953173777 0.1754507628294036 0.8441727367325702 0.1754507628294036 0.8441727367325702 0.2621359223300971
0 1 0.7496532593619972 0.9698231009365245 0.7496532593619972 0.9698231009365245 0.9334257975034674 1 0.9334257975034674 1 0.7496532593619972