0 0.19040697674418605 0.623046875 0.26598837209302323 0.623046875 0.26598837209302323 0.517578125 0.19040697674418605 0.517578125 0.19040697674418605 0.623046875
0 0.29651162790697677 0.369140625 0.375 0.369140625 0.375 0.259765625 0.29651162790697677 0.259765625 0.29651162790697677 0.369140625
0 0.5930232558139535 0.24609375 0.6569767441860465 0.24609375 0.6569767441860465 0.13671875 0.5930232558139535 0.13671875 0.5930232558139535 0.24609375
0 0.25726744186046513 0.2421875 0.32994186046511625 0.2421875 0.32994186046511625 0.1328125 0.25726744186046513 0.1328125 0.25726744186046513 0.2421875
0 0.5465116279069767 0.4921875 0.625 0.4921875 0.625 0.3828125 0.5465116279069767 0.3828125 0.5465116279069767 0.4921875
0 0.11482558139534883 0.1015625 0.1875 0.1015625 0.1875 0.0078125 0.11482558139534883 0.0078125 0.11482558139534883 0.1015625
0 0.559593023255814 0.62109375 0.6293604651162791 0.62109375 0.6293604651162791 0.5078125 0.559593023255814 0.5078125 0.559593023255814 0.62109375
0 0.4796511627906977 0.306640625 0.5436046511627907 0.306640625 0.5436046511627907 0.193359375 0.4796511627906977 0.193359375 0.4796511627906977 0.306640625
0 0.7238372093023255 0.373046875 0.7936046511627907 0.373046875 0.7936046511627907 0.255859375 0.7238372093023255 0.255859375 0.7238372093023255 0.373046875
0 0 0.623046875 0.046511627906976744 0.623046875 0.046511627906976744 0.505859375 0 0.505859375 0 0.623046875
0 0.09593023255813954 0.62109375 0.17732558139534885 0.62109375 0.17732558139534885 0.5078125 0.09593023255813954 0.5078125 0.09593023255813954 0.62109375
0 0.6424418604651163 0.185546875 0.7151162790697675 0.185546875 0.7151162790697675 0.076171875 0.6424418604651163 0.076171875 0.6424418604651163 0.185546875
0 0.03924418604651163 0.1015625 0.10901162790697674 0.1015625 0.10901162790697674 0.0078125 0.03924418604651163 0.0078125 0.03924418604651163 0.1015625
0 0.40843023255813954 0.62109375 0.4752906976744186 0.62109375 0.4752906976744186 0.515625 0.40843023255813954 0.515625 0.40843023255813954 0.62109375
0 0.7732558139534884 0.623046875 0.8372093023255814 0.623046875 0.8372093023255814 0.505859375 0.7732558139534884 0.505859375 0.7732558139534884 0.623046875
0 0.7558139534883721 0.12109375 0.8255813953488372 0.12109375 0.8255813953488372 0.015625 0.7558139534883721 0.015625 0.7558139534883721 0.12109375
0 0.5232558139534884 0.248046875 0.5843023255813954 0.248046875 0.5843023255813954 0.126953125 0.5232558139534884 0.126953125 0.5232558139534884 0.248046875
0 0.501453488372093 0.751953125 0.5770348837209303 0.751953125 0.5770348837209303 0.642578125 0.501453488372093 0.642578125 0.501453488372093 0.751953125
0 0.6351744186046512 0.62109375 0.6962209302325582 0.62109375 0.6962209302325582 0.5 0.6351744186046512 0.5 0.6351744186046512 0.62109375
0 0.6438953488372093 0.35546875 0.7165697674418605 0.35546875 0.7165697674418605 0.2578125 0.6438953488372093 0.2578125 0.6438953488372093 0.35546875
0 0.5973837209302325 0.99609375 0.6729651162790697 0.99609375 0.6729651162790697 0.9140625 0.5973837209302325 0.9140625 0.5973837209302325 0.99609375
0 0.8822674418604651 0.99609375 0.9520348837209303 0.99609375 0.9520348837209303 0.91015625 0.8822674418604651 0.91015625 0.8822674418604651 0.99609375
0 0.4069767441860465 0.50390625 0.48546511627906974 0.50390625 0.48546511627906974 0.39453125 0.4069767441860465 0.39453125 0.4069767441860465 0.50390625
0 0.38953488372093026 0.302734375 0.4680232558139535 0.302734375 0.4680232558139535 0.193359375 0.38953488372093026 0.193359375 0.38953488372093026 0.302734375
0 0.31976744186046513 0.625 0.39825581395348836 0.625 0.39825581395348836 0.51953125 0.31976744186046513 0.51953125 0.31976744186046513 0.625
0 0.7965116279069767 0.99609375 0.872093023255814 0.99609375 0.872093023255814 0.90625 0.7965116279069767 0.90625 0.7965116279069767 0.99609375
0 0.8052325581395349 0.435546875 0.8808139534883721 0.435546875 0.8808139534883721 0.310546875 0.8052325581395349 0.310546875 0.8052325581395349 0.435546875
0 0.4883720930232558 0.62109375 0.5494186046511628 0.62109375 0.5494186046511628 0.515625 0.4883720930232558 0.515625 0.4883720930232558 0.62109375
0 0.7223837209302325 0.748046875 0.7950581395348837 0.748046875 0.7950581395348837 0.638671875 0.7223837209302325 0.638671875 0.7223837209302325 0.748046875
0 0.6918604651162791 0.24609375 0.7703488372093024 0.24609375 0.7703488372093024 0.14453125 0.6918604651162791 0.14453125 0.6918604651162791 0.24609375
0 0.5537790697674418 0.123046875 0.626453488372093 0.123046875 0.626453488372093 0.017578125 0.5537790697674418 0.017578125 0.5537790697674418 0.123046875
0 0.7063953488372093 0.619140625 0.7645348837209303 0.619140625 0.7645348837209303 0.513671875 0.7063953488372093 0.513671875 0.7063953488372093 0.619140625
0 0.6555232558139535 0.830078125 0.7340116279069767 0.830078125 0.7340116279069767 0.708984375 0.6555232558139535 0.708984375 0.6555232558139535 0.830078125
0 0.6162790697674418 0 0.6162790697674418 0.0625 0.688953488372093 0.0625 0.688953488372093 0 0.6162790697674418 0
0 0.8212209302325582 0.544921875 0.8997093023255814 0.544921875 0.8997093023255814 0.447265625 0.8212209302325582 0.447265625 0.8212209302325582 0.544921875
0 0.7572674418604651 0.4921875 0.8241279069767442 0.4921875 0.8241279069767442 0.37890625 0.7572674418604651 0.37890625 0.7572674418604651 0.4921875
0 0.6816860465116279 0.501953125 0.748546511627907 0.501953125 0.748546511627907 0.388671875 0.6816860465116279 0.388671875 0.6816860465116279 0.501953125
0 0.7645348837209303 0.296875 0.8284883720930233 0.296875 0.8284883720930233 0.1953125 0.7645348837209303 0.1953125 0.7645348837209303 0.296875
0 0.7325581395348837 0.955078125 0.8052325581395349 0.955078125 0.8052325581395349 0.845703125 0.7325581395348837 0.845703125 0.7325581395348837 0.955078125
0 0.5712209302325582 0.818359375 0.6468023255813954 0.818359375 0.6468023255813954 0.716796875 0.5712209302325582 0.716796875 0.5712209302325582 0.818359375
0 0.34156976744186046 0.99609375 0.4258720930232558 0.99609375 0.4258720930232558 0.9296875 0.34156976744186046 0.9296875 0.34156976744186046 0.99609375
0 0.6438953488372093 0.96484375 0.7252906976744186 0.96484375 0.7252906976744186 0.84375 0.6438953488372093 0.84375 0.6438953488372093 0.96484375
0 0.7848837209302325 0.890625 0.8662790697674418 0.890625 0.8662790697674418 0.7734375 0.7848837209302325 0.7734375 0.7848837209302325 0.890625
0 0.011627906976744186 0.498046875 0.09302325581395349 0.498046875 0.09302325581395349 0.369140625 0.011627906976744186 0.369140625 0.011627906976744186 0.498046875
0 0.3008720930232558 0.115234375 0.36191860465116277 0.115234375 0.36191860465116277 0.017578125 0.3008720930232558 0.017578125 0.3008720930232558 0.115234375
0 0.04941860465116279 0.68359375 0.125 0.68359375 0.125 0.57421875 0.04941860465116279 0.57421875 0.04941860465116279 0.68359375
0 0.7979651162790697 1 0.7979651162790697 0.96875 0.7398255813953488 0.96875 0.7398255813953488 1 0.7979651162790697 1
0 0.7267441860465116 1 0.7267441860465116 0.984375 0.6773255813953488 0.984375 0.6773255813953488 1 0.7267441860465116 1