0 0.21502976190476192 0.4910358565737052 0.31026785714285715 0.4910358565737052 0.31026785714285715 0.351593625498008 0.21502976190476192 0.351593625498008 0.21502976190476192 0.4910358565737052
0 0.35193452380952384 0.4123505976095618 0.4367559523809524 0.4123505976095618 0.4367559523809524 0.2848605577689243 0.35193452380952384 0.2848605577689243 0.35193452380952384 0.4123505976095618
0 0.6108630952380952 0.8187250996015937 0.7105654761904762 0.8187250996015937 0.7105654761904762 0.701195219123506 0.6108630952380952 0.701195219123506 0.6108630952380952 0.8187250996015937
0 0.48288690476190477 0.2858565737051793 0.5528273809523809 0.2858565737051793 0.5528273809523809 0.150398406374502 0.48288690476190477 0.150398406374502 0.48288690476190477 0.2858565737051793
0 0.08482142857142858 0.4591633466135458 0.17708333333333334 0.4591633466135458 0.17708333333333334 0.3256972111553785 0.08482142857142858 0.3256972111553785 0.08482142857142858 0.4591633466135458
0 0.5208333333333334 1 0.5208333333333334 0.9143426294820717 0.4166666666666667 0.9143426294820717 0.4166666666666667 1 0.5208333333333334 1
0 0.14955357142857142 0.3615537848605578 0.23288690476190477 0.3615537848605578 0.23288690476190477 0.22211155378486055 0.14955357142857142 0.22211155378486055 0.14955357142857142 0.3615537848605578
0 0.5922619047619048 0.7171314741035857 0.6934523809523809 0.7171314741035857 0.6934523809523809 0.5776892430278885 0.5922619047619048 0.5776892430278885 0.5922619047619048 0.7171314741035857
0 0.25148809523809523 0.5786852589641435 0.34970238095238093 0.5786852589641435 0.34970238095238093 0.4551792828685259 0.25148809523809523 0.4551792828685259 0.25148809523809523 0.5786852589641435
0 0.8921130952380952 1 0.8921130952380952 0.9223107569721115 0.8043154761904762 0.9223107569721115 0.8043154761904762 1 0.8921130952380952 1
0 0.27976190476190477 0.42828685258964144 0.35267857142857145 0.42828685258964144 0.35267857142857145 0.2968127490039841 0.27976190476190477 0.2968127490039841 0.27976190476190477 0.42828685258964144
0 0.6696428571428571 0.7400398406374502 0.7589285714285714 0.7400398406374502 0.7589285714285714 0.6105577689243028 0.6696428571428571 0.6105577689243028 0.6696428571428571 0.7400398406374502
0 0.5610119047619048 0.3137450199203187 0.6235119047619048 0.3137450199203187 0.6235119047619048 0.18426294820717132 0.5610119047619048 0.18426294820717132 0.5610119047619048 0.3137450199203187
0 0.234375 0.3466135458167331 0.3162202380952381 0.3466135458167331 0.3162202380952381 0.20916334661354583 0.234375 0.20916334661354583 0.234375 0.3466135458167331
0 0.34226190476190477 0.7838645418326693 0.4419642857142857 0.7838645418326693 0.4419642857142857 0.6444223107569721 0.34226190476190477 0.6444223107569721 0.34226190476190477 0.7838645418326693
0 0.4962797619047619 0.7470119521912351 0.5915178571428571 0.7470119521912351 0.5915178571428571 0.5976095617529881 0.4962797619047619 0.5976095617529881 0.4962797619047619 0.7470119521912351
0 0.15922619047619047 0.1553784860557769 0.23809523809523808 0.1553784860557769 0.23809523809523808 0.043824701195219126 0.15922619047619047 0.043824701195219126 0.15922619047619047 0.1553784860557769
0 0.6845238095238095 0.6115537848605578 0.7604166666666666 0.6115537848605578 0.7604166666666666 0.4681274900398406 0.6845238095238095 0.4681274900398406 0.6845238095238095 0.6115537848605578
0 0.40327380952380953 0.9193227091633466 0.5029761904761905 0.9193227091633466 0.5029761904761905 0.7579681274900398 0.40327380952380953 0.7579681274900398 0.40327380952380953 0.9193227091633466
0 0.5580357142857143 0.6045816733067729 0.6473214285714286 0.6045816733067729 0.6473214285714286 0.46713147410358563 0.5580357142857143 0.46713147410358563 0.5580357142857143 0.6045816733067729