0 0.3328488372093023 0.845703125 0.4171511627906977 0.845703125 0.4171511627906977 0.732421875 0.3328488372093023 0.732421875 0.3328488372093023 0.845703125
0 0.20203488372093023 0.986328125 0.2921511627906977 0.986328125 0.2921511627906977 0.873046875 0.20203488372093023 0.873046875 0.20203488372093023 0.986328125
0 0.5116279069767442 0.505859375 0.5930232558139535 0.505859375 0.5930232558139535 0.400390625 0.5116279069767442 0.400390625 0.5116279069767442 0.505859375
0 0.49273255813953487 0.916015625 0.5683139534883721 0.916015625 0.5683139534883721 0.798828125 0.49273255813953487 0.798828125 0.49273255813953487 0.916015625
0 0.46511627906976744 0.197265625 0.5377906976744186 0.197265625 0.5377906976744186 0.095703125 0.46511627906976744 0.095703125 0.46511627906976744 0.197265625
0 0.8270348837209303 0.974609375 0.9026162790697675 0.974609375 0.9026162790697675 0.865234375 0.8270348837209303 0.865234375 0.8270348837209303 0.974609375
0 0.08430232558139535 0.509765625 0.16569767441860464 0.509765625 0.16569767441860464 0.396484375 0.08430232558139535 0.396484375 0.08430232558139535 0.509765625
0 0.21220930232558138 0.1953125 0.2877906976744186 0.1953125 0.2877906976744186 0.08984375 0.21220930232558138 0.08984375 0.21220930232558138 0.1953125
0 0.0755813953488372 0.98828125 0.15988372093023256 0.98828125 0.15988372093023256 0.8671875 0.0755813953488372 0.8671875 0.0755813953488372 0.98828125
0 0.7034883720930233 0.8359375 0.7790697674418605 0.8359375 0.7790697674418605 0.7265625 0.7034883720930233 0.7265625 0.7034883720930233 0.8359375
0 0 0.240234375 0.061046511627906974 0.240234375 0.061046511627906974 0.134765625 0 0.134765625 0 0.240234375
0 0.3386627906976744 0.1953125 0.4113372093023256 0.1953125 0.4113372093023256 0.09375 0.3386627906976744 0.09375 0.3386627906976744 0.1953125
0 0.40843023255813954 0.328125 0.48401162790697677 0.328125 0.48401162790697677 0.2109375 0.40843023255813954 0.2109375 0.40843023255813954 0.328125
0 0.3313953488372093 0.990234375 0.40988372093023256 0.990234375 0.40988372093023256 0.873046875 0.3313953488372093 0.873046875 0.3313953488372093 0.990234375
0 0.4127906976744186 0.923828125 0.48546511627906974 0.923828125 0.48546511627906974 0.810546875 0.4127906976744186 0.810546875 0.4127906976744186 0.923828125
0 0.5319767441860465 0.140625 0.6046511627906976 0.140625 0.6046511627906976 0.03515625 0.5319767441860465 0.03515625 0.5319767441860465 0.140625
0 0.622093023255814 0.841796875 0.6947674418604651 0.841796875 0.6947674418604651 0.728515625 0.622093023255814 0.728515625 0.622093023255814 0.841796875
0 0.4127906976744186 0.13671875 0.4796511627906977 0.13671875 0.4796511627906977 0.03515625 0.4127906976744186 0.03515625 0.4127906976744186 0.13671875
0 0.5959302325581395 0.197265625 0.6686046511627907 0.197265625 0.6686046511627907 0.095703125 0.5959302325581395 0.095703125 0.5959302325581395 0.197265625
0 0.7325581395348837 0.1328125 0.8052325581395349 0.1328125 0.8052325581395349 0.03125 0.7325581395348837 0.03125 0.7325581395348837 0.1328125
0 0.4898255813953488 0.330078125 0.5450581395348837 0.330078125 0.5450581395348837 0.208984375 0.4898255813953488 0.208984375 0.4898255813953488 0.330078125
0 0.5843023255813954 0.322265625 0.6627906976744186 0.322265625 0.6627906976744186 0.216796875 0.5843023255813954 0.216796875 0.5843023255813954 0.322265625
0 0.2194767441860465 0.45703125 0.29505813953488375 0.45703125 0.29505813953488375 0.33203125 0.2194767441860465 0.33203125 0.2194767441860465 0.45703125
0 0.10319767441860465 0.189453125 0.17877906976744187 0.189453125 0.17877906976744187 0.091796875 0.10319767441860465 0.091796875 0.10319767441860465 0.189453125
0 0.28924418604651164 0 0.28924418604651164 0.078125 0.35901162790697677 0.078125 0.35901162790697677 0 0.28924418604651164 0
0 0.6555232558139535 0.2734375 0.7311046511627907 0.2734375 0.7311046511627907 0.14453125 0.6555232558139535 0.14453125 0.6555232558139535 0.2734375
0 0.1744186046511628 0.8515625 0.25872093023255816 0.8515625 0.25872093023255816 0.734375 0.1744186046511628 0.734375 0.1744186046511628 0.8515625
0 0.748546511627907 0.771484375 0.8241279069767442 0.771484375 0.8241279069767442 0.654296875 0.748546511627907 0.654296875 0.748546511627907 0.771484375
0 0.0014534883720930232 0.4453125 0.08575581395348837 0.4453125 0.08575581395348837 0.328125 0.0014534883720930232 0.328125 0.0014534883720930232 0.4453125
0 0.3444767441860465 0.591796875 0.42296511627906974 0.591796875 0.42296511627906974 0.470703125 0.3444767441860465 0.470703125 0.3444767441860465 0.591796875
0 0.6540697674418605 0.98828125 0.7296511627906976 0.98828125 0.7296511627906976 0.87109375 0.6540697674418605 0.87109375 0.6540697674418605 0.98828125
0 0.498546511627907 0.642578125 0.5683139534883721 0.642578125 0.5683139534883721 0.517578125 0.498546511627907 0.517578125 0.498546511627907 0.642578125
0 0.6409883720930233 0.44140625 0.7107558139534884 0.44140625 0.7107558139534884 0.3359375 0.6409883720930233 0.3359375 0.6409883720930233 0.44140625
0 0.8313953488372093 0.76953125 0.9069767441860465 0.76953125 0.9069767441860465 0.65625 0.8313953488372093 0.65625 0.8313953488372093 0.76953125
0 0.046511627906976744 0.138671875 0.11627906976744186 0.138671875 0.11627906976744186 0.005859375 0.046511627906976744 0.005859375 0.046511627906976744 0.138671875
0 0.4811046511627907 0.78125 0.5566860465116279 0.78125 0.5566860465116279 0.66796875 0.4811046511627907 0.66796875 0.4811046511627907 0.78125
0 0.38808139534883723 0.453125 0.45494186046511625 0.453125 0.45494186046511625 0.3359375 0.38808139534883723 0.3359375 0.38808139534883723 0.453125
0 0.6569767441860465 0 0.6569767441860465 0.08203125 0.7325581395348837 0.08203125 0.7325581395348837 0 0.6569767441860465 0
0 0.47093023255813954 0 0.47093023255813954 0.078125 0.5406976744186046 0.078125 0.5406976744186046 0 0.47093023255813954 0
0 0.9098837209302325 0.974609375 0.9738372093023255 0.974609375 0.9738372093023255 0.857421875 0.9098837209302325 0.857421875 0.9098837209302325 0.974609375
0 0.5421511627906976 0.845703125 0.6177325581395349 0.845703125 0.6177325581395349 0.732421875 0.5421511627906976 0.732421875 0.5421511627906976 0.845703125
0 0.5261627906976745 0.998046875 0.6046511627906976 0.998046875 0.6046511627906976 0.939453125 0.5261627906976745 0.939453125 0.5261627906976745 0.998046875
0 0.5755813953488372 0.640625 0.6308139534883721 0.640625 0.6308139534883721 0.51171875 0.5755813953488372 0.51171875 0.5755813953488372 0.640625
0 0.7383720930232558 0.314453125 0.811046511627907 0.314453125 0.811046511627907 0.212890625 0.7383720930232558 0.212890625 0.7383720930232558 0.314453125
0 0.41569767441860467 0.640625 0.49127906976744184 0.640625 0.49127906976744184 0.53515625 0.41569767441860467 0.53515625 0.41569767441860467 0.640625
0 0.5581395348837209 0.44140625 0.6308139534883721 0.44140625 0.6308139534883721 0.33984375 0.5581395348837209 0.33984375 0.5581395348837209 0.44140625
0 0.6991279069767442 0.384765625 0.7659883720930233 0.384765625 0.7659883720930233 0.279296875 0.6991279069767442 0.279296875 0.6991279069767442 0.384765625
0 0.39680232558139533 0.787109375 0.47238372093023256 0.787109375 0.47238372093023256 0.666015625 0.39680232558139533 0.666015625 0.39680232558139533 0.787109375
0 0.4622093023255814 0.45703125 0.5174418604651163 0.45703125 0.5174418604651163 0.328125 0.4622093023255814 0.328125 0.4622093023255814 0.45703125
0 0.7718023255813954 0.908203125 0.8473837209302325 0.908203125 0.8473837209302325 0.794921875 0.7718023255813954 0.794921875 0.7718023255813954 0.908203125
0 0.7281976744186046 0.99609375 0.8008720930232558 0.99609375 0.8008720930232558 0.9375 0.7281976744186046 0.9375 0.7281976744186046 0.99609375
0 0.7543604651162791 0.63671875 0.8328488372093024 0.63671875 0.8328488372093024 0.52734375 0.7543604651162791 0.52734375 0.7543604651162791 0.63671875
0 0.751453488372093 0.44140625 0.8270348837209303 0.44140625 0.8270348837209303 0.328125 0.751453488372093 0.328125 0.751453488372093 0.44140625
0 0.5319767441860465 0.259765625 0.5988372093023255 0.259765625 0.5988372093023255 0.158203125 0.5319767441860465 0.158203125 0.5319767441860465 0.259765625
0 0.061046511627906974 0.85546875 0.1308139534883721 0.85546875 0.1308139534883721 0.73828125 0.061046511627906974 0.73828125 0.061046511627906974 0.85546875
0 0.3938953488372093 0.99609375 0.47238372093023256 0.99609375 0.47238372093023256 0.94921875 0.3938953488372093 0.94921875 0.3938953488372093 0.99609375
0 0.686046511627907 0.576171875 0.752906976744186 0.576171875 0.752906976744186 0.458984375 0.686046511627907 0.458984375 0.686046511627907 0.576171875
0 0.30959302325581395 0.466796875 0.3793604651162791 0.466796875 0.3793604651162791 0.337890625 0.30959302325581395 0.337890625 0.30959302325581395 0.466796875
0 0 0.685546875 0.040697674418604654 0.685546875 0.040697674418604654 0.595703125 0 0.595703125 0 0.685546875
0 0.20784883720930233 0.72265625 0.27761627906976744 0.72265625 0.27761627906976744 0.59765625 0.20784883720930233 0.59765625 0.20784883720930233 0.72265625
0 0.6191860465116279 0.70703125 0.686046511627907 0.70703125 0.686046511627907 0.60546875 0.6191860465116279 0.60546875 0.6191860465116279 0.70703125
0 0.6933139534883721 0.70703125 0.7659883720930233 0.70703125 0.7659883720930233 0.58984375 0.6933139534883721 0.58984375 0.6933139534883721 0.70703125
0 0.5944767441860465 0 0.5944767441860465 0.0234375 0.6584302325581395 0.0234375 0.6584302325581395 0 0.5944767441860465 0