0 0.23224043715846995 0.16545454545454547 0.29508196721311475 0.16545454545454547 0.29508196721311475 0.06909090909090909 0.23224043715846995 0.06909090909090909 0.23224043715846995 0.16545454545454547
0 0.375 0.15363636363636363 0.43101092896174864 0.15363636363636363 0.43101092896174864 0.060909090909090906 0.375 0.060909090909090906 0.375 0.15363636363636363
0 0.2937158469945355 0.6445454545454545 0.3620218579234973 0.6445454545454545 0.3620218579234973 0.5263636363636364 0.2937158469945355 0.5263636363636364 0.2937158469945355 0.6445454545454545
0 0.39617486338797814 0.9181818181818182 0.46994535519125685 0.9181818181818182 0.46994535519125685 0.7945454545454546 0.39617486338797814 0.7945454545454546 0.39617486338797814 0.9181818181818182
0 0.46584699453551914 0.6018181818181818 0.5273224043715847 0.6018181818181818 0.5273224043715847 0.49636363636363634 0.46584699453551914 0.49636363636363634 0.46584699453551914 0.6018181818181818
0 0.3859289617486339 0.4618181818181818 0.4501366120218579 0.4618181818181818 0.4501366120218579 0.36363636363636365 0.3859289617486339 0.36363636363636365 0.3859289617486339 0.4618181818181818
0 0.6980874316939891 0.9963636363636363 0.7568306010928961 0.9963636363636363 0.7568306010928961 0.889090909090909 0.6980874316939891 0.889090909090909 0.6980874316939891 0.9963636363636363
0 0.3968579234972678 0.6145454545454545 0.46379781420765026 0.6145454545454545 0.46379781420765026 0.5072727272727273 0.3968579234972678 0.5072727272727273 0.3968579234972678 0.6145454545454545
0 0.44330601092896177 0.35909090909090907 0.5006830601092896 0.35909090909090907 0.5006830601092896 0.2609090909090909 0.44330601092896177 0.2609090909090909 0.44330601092896177 0.35909090909090907
0 0.1359289617486339 0.730909090909091 0.21379781420765026 0.730909090909091 0.21379781420765026 0.610909090909091 0.1359289617486339 0.610909090909091 0.1359289617486339 0.730909090909091
0 0.48975409836065575 0.8809090909090909 0.555327868852459 0.8809090909090909 0.555327868852459 0.7627272727272727 0.48975409836065575 0.7627272727272727 0.48975409836065575 0.8809090909090909
0 0.296448087431694 0.5309090909090909 0.3633879781420765 0.5309090909090909 0.3633879781420765 0.4290909090909091 0.296448087431694 0.4290909090909091 0.296448087431694 0.5309090909090909
0 0.38934426229508196 0.3236363636363636 0.4453551912568306 0.3236363636363636 0.4453551912568306 0.22727272727272727 0.38934426229508196 0.22727272727272727 0.38934426229508196 0.3236363636363636
0 0.6816939890710383 0.3527272727272727 0.726775956284153 0.3527272727272727 0.726775956284153 0.26545454545454544 0.6816939890710383 0.26545454545454544 0.6816939890710383 0.3527272727272727
0 0.21379781420765026 0.600909090909091 0.2889344262295082 0.600909090909091 0.2889344262295082 0.4954545454545455 0.21379781420765026 0.4954545454545455 0.21379781420765026 0.600909090909091
0 0.4371584699453552 0.22727272727272727 0.4972677595628415 0.22727272727272727 0.4972677595628415 0.13272727272727272 0.4371584699453552 0.13272727272727272 0.4371584699453552 0.22727272727272727
0 0.5853825136612022 0.6836363636363636 0.6441256830601093 0.6836363636363636 0.6441256830601093 0.5781818181818181 0.5853825136612022 0.5781818181818181 0.5853825136612022 0.6836363636363636
0 0.5 0.3972727272727273 0.5546448087431693 0.3972727272727273 0.5546448087431693 0.2881818181818182 0.5 0.2881818181818182 0.5 0.3972727272727273
0 0.5683060109289617 0.07636363636363637 0.6188524590163934 0.07636363636363637 0.6188524590163934 0.00909090909090909 0.5683060109289617 0.00909090909090909 0.5683060109289617 0.07636363636363637
0 0.33060109289617484 0 0.33060109289617484 0.07818181818181819 0.3866120218579235 0.07818181818181819 0.3866120218579235 0 0.33060109289617484 0
0 0.32786885245901637 0.3327272727272727 0.39207650273224043 0.3327272727272727 0.39207650273224043 0.23454545454545456 0.32786885245901637 0.23454545454545456 0.32786885245901637 0.3327272727272727
0 0.549863387978142 0.9345454545454546 0.6181693989071039 0.9345454545454546 0.6181693989071039 0.8145454545454546 0.549863387978142 0.8145454545454546 0.549863387978142 0.9345454545454546
0 0.5901639344262295 0.8481818181818181 0.6489071038251366 0.8481818181818181 0.6489071038251366 0.7445454545454545 0.5901639344262295 0.7445454545454545 0.5901639344262295 0.8481818181818181
0 0.5484972677595629 0.43454545454545457 0.6004098360655737 0.43454545454545457 0.6004098360655737 0.3327272727272727 0.5484972677595629 0.3327272727272727 0.5484972677595629 0.43454545454545457
0 0.10450819672131148 0.22090909090909092 0.17281420765027322 0.22090909090909092 0.17281420765027322 0.11363636363636363 0.10450819672131148 0.11363636363636363 0.10450819672131148 0.22090909090909092
0 0.875 0.9090909090909091 0.9269125683060109 0.9090909090909091 0.9269125683060109 0.8018181818181818 0.875 0.8018181818181818 0.875 0.9090909090909091
0 0.769808743169399 0.9990909090909091 0.8244535519125683 0.9990909090909091 0.8244535519125683 0.9154545454545454 0.769808743169399 0.9154545454545454 0.769808743169399 0.9990909090909091
0 0.6844262295081968 0.8136363636363636 0.744535519125683 0.8136363636363636 0.744535519125683 0.7118181818181818 0.6844262295081968 0.7118181818181818 0.6844262295081968 0.8136363636363636
0 0.46994535519125685 0.2963636363636364 0.5245901639344263 0.2963636363636364 0.5245901639344263 0.21272727272727274 0.46994535519125685 0.21272727272727274 0.46994535519125685 0.2963636363636364
0 0.3025956284153005 0.4290909090909091 0.3709016393442623 0.4290909090909091 0.3709016393442623 0.3236363636363636 0.3025956284153005 0.3236363636363636 0.3025956284153005 0.4290909090909091
0 0.514344262295082 0.81 0.5840163934426229 0.81 0.5840163934426229 0.71 0.514344262295082 0.71 0.514344262295082 0.81
0 0.16393442622950818 0 0.16393442622950818 0.0890909090909091 0.22540983606557377 0.0890909090909091 0.22540983606557377 0 0.16393442622950818 0
0 0.8879781420765027 0.9990909090909091 0.9385245901639344 0.9990909090909091 0.9385245901639344 0.9209090909090909 0.8879781420765027 0.9209090909090909 0.8879781420765027 0.9990909090909091
0 0.5368852459016393 0.33090909090909093 0.5819672131147541 0.33090909090909093 0.5819672131147541 0.24181818181818182 0.5368852459016393 0.24181818181818182 0.5368852459016393 0.33090909090909093
0 0.44603825136612024 0 0.44603825136612024 0.07090909090909091 0.4952185792349727 0.07090909090909091 0.4952185792349727 0 0.44603825136612024 0
0 0.6782786885245902 0.5981818181818181 0.7288251366120219 0.5981818181818181 0.7288251366120219 0.49636363636363634 0.6782786885245902 0.49636363636363634 0.6782786885245902 0.5981818181818181
0 0.805327868852459 0.9472727272727273 0.8613387978142076 0.9472727272727273 0.8613387978142076 0.8363636363636363 0.805327868852459 0.8363636363636363 0.805327868852459 0.9472727272727273
0 0.6174863387978142 0.5136363636363637 0.6680327868852459 0.5136363636363637 0.6680327868852459 0.41545454545454547 0.6174863387978142 0.41545454545454547 0.6174863387978142 0.5136363636363637
0 0.5792349726775956 0.37727272727272726 0.6229508196721312 0.37727272727272726 0.6229508196721312 0.28454545454545455 0.5792349726775956 0.28454545454545455 0.5792349726775956 0.37727272727272726
0 0.6557377049180327 0.22454545454545455 0.7008196721311475 0.22454545454545455 0.7008196721311475 0.14454545454545453 0.6557377049180327 0.14454545454545453 0.6557377049180327 0.22454545454545455
0 0.6352459016393442 0.36 0.6789617486338798 0.36 0.6789617486338798 0.27454545454545454 0.6352459016393442 0.27454545454545454 0.6352459016393442 0.36
0 0.6475409836065574 0.7190909090909091 0.703551912568306 0.7190909090909091 0.703551912568306 0.6154545454545455 0.6475409836065574 0.6154545454545455 0.6475409836065574 0.7190909090909091
0 0.5648907103825137 0.15272727272727274 0.6181693989071039 0.15272727272727274 0.6181693989071039 0.07636363636363637 0.5648907103825137 0.07636363636363637 0.5648907103825137 0.15272727272727274
0 0.5990437158469946 0.59 0.648224043715847 0.59 0.648224043715847 0.519090909090909 0.5990437158469946 0.519090909090909 0.5990437158469946 0.59
0 0.5676229508196722 0.28454545454545455 0.6099726775956285 0.28454545454545455 0.6099726775956285 0.2009090909090909 0.5676229508196722 0.2009090909090909 0.5676229508196722 0.28454545454545455
0 0.505464480874317 0.1618181818181818 0.5519125683060109 0.1618181818181818 0.5519125683060109 0.08545454545454545 0.505464480874317 0.08545454545454545 0.505464480874317 0.1618181818181818
0 0.8224043715846995 0.8218181818181818 0.894808743169399 0.8218181818181818 0.894808743169399 0.7109090909090909 0.8224043715846995 0.7109090909090909 0.8224043715846995 0.8218181818181818
0 0.6140710382513661 0.2872727272727273 0.6523224043715847 0.2872727272727273 0.6523224043715847 0.2018181818181818 0.6140710382513661 0.2018181818181818 0.6140710382513661 0.2872727272727273
0 0.6127049180327869 0.20636363636363636 0.6523224043715847 0.20636363636363636 0.6523224043715847 0.1481818181818182 0.6127049180327869 0.1481818181818182 0.6127049180327869 0.20636363636363636
0 0.4569672131147541 0.15272727272727274 0.5047814207650273 0.15272727272727274 0.5047814207650273 0.0890909090909091 0.4569672131147541 0.0890909090909091 0.4569672131147541 0.15272727272727274
0 0.04644808743169399 0.4618181818181818 0.11748633879781421 0.4618181818181818 0.11748633879781421 0.3418181818181818 0.04644808743169399 0.3418181818181818 0.04644808743169399 0.4618181818181818
0 0.5573770491803278 0.1990909090909091 0.6024590163934426 0.1990909090909091 0.6024590163934426 0.12090909090909091 0.5573770491803278 0.12090909090909091 0.5573770491803278 0.1990909090909091
0 0.7950819672131147 0.6045454545454545 0.8346994535519126 0.6045454545454545 0.8346994535519126 0.5227272727272727 0.7950819672131147 0.5227272727272727 0.7950819672131147 0.6045454545454545
0 0.7520491803278688 0.46636363636363637 0.799863387978142 0.46636363636363637 0.799863387978142 0.38636363636363635 0.7520491803278688 0.38636363636363635 0.7520491803278688 0.46636363636363637
0 0.8401639344262295 0.7154545454545455 0.889344262295082 0.7154545454545455 0.889344262295082 0.65 0.8401639344262295 0.65 0.8401639344262295 0.7154545454545455
0 0.7418032786885246 0.4109090909090909 0.7814207650273224 0.4109090909090909 0.7814207650273224 0.32727272727272727 0.7418032786885246 0.32727272727272727 0.7418032786885246 0.4109090909090909
0 0.726775956284153 0.6809090909090909 0.7759562841530054 0.6809090909090909 0.7759562841530054 0.5845454545454546 0.726775956284153 0.5845454545454546 0.726775956284153 0.6809090909090909
0 0.49453551912568305 0.25636363636363635 0.5532786885245902 0.25636363636363635 0.5532786885245902 0.16545454545454547 0.49453551912568305 0.16545454545454547 0.49453551912568305 0.25636363636363635
0 0.04918032786885246 0.13727272727272727 0.09699453551912568 0.13727272727272727 0.09699453551912568 0.07727272727272727 0.04918032786885246 0.07727272727272727 0.04918032786885246 0.13727272727272727
0 0.3825136612021858 0 0.3825136612021858 0.04727272727272727 0.4371584699453552 0.04727272727272727 0.4371584699453552 0 0.3825136612021858 0