0 0.36607142857142855 0.16533864541832669 0.44494047619047616 0.16533864541832669 0.44494047619047616 0.049800796812749 0.36607142857142855 0.049800796812749 0.36607142857142855 0.16533864541832669
0 0.65625 0.9741035856573705 0.7619047619047619 0.9741035856573705 0.7619047619047619 0.8266932270916335 0.65625 0.8266932270916335 0.65625 0.9741035856573705
0 0.8214285714285714 1 0.8214285714285714 0.8804780876494024 0.7470238095238095 0.8804780876494024 0.7470238095238095 1 0.8214285714285714 1
0 0.18452380952380953 0.20019920318725098 0.26785714285714285 0.20019920318725098 0.26785714285714285 0.08864541832669323 0.18452380952380953 0.08864541832669323 0.18452380952380953 0.20019920318725098
0 0.5610119047619048 0.41832669322709165 0.6458333333333334 0.41832669322709165 0.6458333333333334 0.2868525896414343 0.5610119047619048 0.2868525896414343 0.5610119047619048 0.41832669322709165
0 0.1212797619047619 0.17131474103585656 0.20163690476190477 0.17131474103585656 0.20163690476190477 0.045816733067729085 0.1212797619047619 0.045816733067729085 0.1212797619047619 0.17131474103585656
0 0.2924107142857143 0.5976095617529881 0.39360119047619047 0.5976095617529881 0.39360119047619047 0.4581673306772908 0.2924107142857143 0.4581673306772908 0.2924107142857143 0.5976095617529881
0 0.3742559523809524 1 0.3742559523809524 0.9442231075697212 0.2611607142857143 0.9442231075697212 0.2611607142857143 1 0.3742559523809524 1
0 0.5952380952380952 0.8605577689243028 0.6904761904761905 0.8605577689243028 0.6904761904761905 0.7171314741035857 0.5952380952380952 0.7171314741035857 0.5952380952380952 0.8605577689243028
0 0.25669642857142855 0.6723107569721115 0.35044642857142855 0.6723107569721115 0.35044642857142855 0.5368525896414342 0.25669642857142855 0.5368525896414342 0.25669642857142855 0.6723107569721115
0 0.26785714285714285 0.13645418326693226 0.35267857142857145 0.13645418326693226 0.35267857142857145 0.026892430278884463 0.26785714285714285 0.026892430278884463 0.26785714285714285 0.13645418326693226
0 0.19345238095238096 0.75 0.28720238095238093 0.75 0.28720238095238093 0.5786852589641435 0.19345238095238096 0.5786852589641435 0.19345238095238096 0.75
0 0.2425595238095238 1 0.2425595238095238 0.9601593625498008 0.16220238095238096 0.9601593625498008 0.16220238095238096 1 0.2425595238095238 1
0 0.20907738095238096 0.09561752988047809 0.2775297619047619 0.09561752988047809 0.2775297619047619 0.0398406374501992 0.20907738095238096 0.0398406374501992 0.20907738095238096 0.09561752988047809