0 0.1380813953488372 0.9921875 0.22529069767441862 0.9921875 0.22529069767441862 0.87890625 0.1380813953488372 0.87890625 0.1380813953488372 0.9921875
0 0.31540697674418605 0.9921875 0.3938953488372093 0.9921875 0.3938953488372093 0.8828125 0.31540697674418605 0.8828125 0.31540697674418605 0.9921875
0 0.22093023255813954 0.779296875 0.3023255813953488 0.779296875 0.3023255813953488 0.681640625 0.22093023255813954 0.681640625 0.22093023255813954 0.779296875
0 0.4069767441860465 0.52734375 0.48255813953488375 0.52734375 0.48255813953488375 0.3984375 0.4069767441860465 0.3984375 0.4069767441860465 0.52734375
0 0.6177325581395349 0.212890625 0.6787790697674418 0.212890625 0.6787790697674418 0.095703125 0.6177325581395349 0.095703125 0.6177325581395349 0.212890625
0 0.8880813953488372 0.83203125 0.9578488372093024 0.83203125 0.9578488372093024 0.73046875 0.8880813953488372 0.73046875 0.8880813953488372 0.83203125
0 0.6555232558139535 0.388671875 0.7311046511627907 0.388671875 0.7311046511627907 0.283203125 0.6555232558139535 0.283203125 0.6555232558139535 0.388671875
0 0.48255813953488375 0.98828125 0.5552325581395349 0.98828125 0.5552325581395349 0.8828125 0.48255813953488375 0.8828125 0.48255813953488375 0.98828125
0 0.4127906976744186 0 0.4127906976744186 0.08203125 0.4883720930232558 0.08203125 0.4883720930232558 0 0.4127906976744186 0
0 0 0.919921875 0.05232558139534884 0.919921875 0.05232558139534884 0.798828125 0 0.798828125 0 0.919921875
0 0.34738372093023256 0.140625 0.42296511627906974 0.140625 0.42296511627906974 0.04296875 0.34738372093023256 0.04296875 0.34738372093023256 0.140625
0 0.6119186046511628 0.451171875 0.690406976744186 0.451171875 0.690406976744186 0.345703125 0.6119186046511628 0.345703125 0.6119186046511628 0.451171875
0 0.7369186046511628 0.384765625 0.8037790697674418 0.384765625 0.8037790697674418 0.283203125 0.7369186046511628 0.283203125 0.7369186046511628 0.384765625
0 0.2601744186046512 0.3203125 0.33575581395348836 0.3203125 0.33575581395348836 0.2109375 0.2601744186046512 0.2109375 0.2601744186046512 0.3203125
0 0.5959302325581395 0.58203125 0.6715116279069767 0.58203125 0.6715116279069767 0.46484375 0.5959302325581395 0.46484375 0.5959302325581395 0.58203125
0 0.5770348837209303 0.328125 0.6526162790697675 0.328125 0.6526162790697675 0.21484375 0.5770348837209303 0.21484375 0.5770348837209303 0.328125
0 0.8328488372093024 0.982421875 0.9084302325581395 0.982421875 0.9084302325581395 0.869140625 0.8328488372093024 0.869140625 0.8328488372093024 0.982421875
0 0.6075581395348837 0.859375 0.686046511627907 0.859375 0.686046511627907 0.73828125 0.6075581395348837 0.73828125 0.6075581395348837 0.859375
0 0.2805232558139535 0.59765625 0.36191860465116277 0.59765625 0.36191860465116277 0.46875 0.2805232558139535 0.46875 0.2805232558139535 0.59765625
0 0.5276162790697675 0.71875 0.5973837209302325 0.71875 0.5973837209302325 0.59375 0.5276162790697675 0.59375 0.5276162790697675 0.71875
0 0.4636627906976744 0.591796875 0.5479651162790697 0.591796875 0.5479651162790697 0.466796875 0.4636627906976744 0.466796875 0.4636627906976744 0.591796875
0 0.40261627906976744 0.994140625 0.4752906976744186 0.994140625 0.4752906976744186 0.876953125 0.40261627906976744 0.876953125 0.40261627906976744 0.994140625
0 0.6729651162790697 0.916015625 0.7543604651162791 0.916015625 0.7543604651162791 0.802734375 0.6729651162790697 0.802734375 0.6729651162790697 0.916015625
0 0.747093023255814 0.98828125 0.8255813953488372 0.98828125 0.8255813953488372 0.87109375 0.747093023255814 0.87109375 0.747093023255814 0.98828125
0 0.6656976744186046 0 0.6656976744186046 0.09375 0.7412790697674418 0.09375 0.7412790697674418 0 0.6656976744186046 0
0 0.7427325581395349 0.650390625 0.8241279069767442 0.650390625 0.8241279069767442 0.537109375 0.7427325581395349 0.537109375 0.7427325581395349 0.650390625
0 0.35174418604651164 0.265625 0.42441860465116277 0.265625 0.42441860465116277 0.16015625 0.35174418604651164 0.16015625 0.35174418604651164 0.265625
0 0.4069767441860465 0.208984375 0.48255813953488375 0.208984375 0.48255813953488375 0.099609375 0.4069767441860465 0.099609375 0.4069767441860465 0.208984375
0 0.6758720930232558 0.2734375 0.751453488372093 0.2734375 0.751453488372093 0.15625 0.6758720930232558 0.15625 0.6758720930232558 0.2734375
0 0.6787790697674418 0.587890625 0.751453488372093 0.587890625 0.751453488372093 0.466796875 0.6787790697674418 0.466796875 0.6787790697674418 0.587890625
0 0.7587209302325582 0.265625 0.8226744186046512 0.265625 0.8226744186046512 0.1640625 0.7587209302325582 0.1640625 0.7587209302325582 0.265625
0 0.15988372093023256 0.455078125 0.23837209302325582 0.455078125 0.23837209302325582 0.337890625 0.15988372093023256 0.337890625 0.15988372093023256 0.455078125
0 0.7994186046511628 0.857421875 0.877906976744186 0.857421875 0.877906976744186 0.732421875 0.7994186046511628 0.732421875 0.7994186046511628 0.857421875
0 0.09302325581395349 0.40625 0.17151162790697674 0.40625 0.17151162790697674 0.27734375 0.09302325581395349 0.27734375 0.09302325581395349 0.40625
0 0.5319767441860465 0.525390625 0.6046511627906976 0.525390625 0.6046511627906976 0.412109375 0.5319767441860465 0.412109375 0.5319767441860465 0.525390625
0 0.7340116279069767 0.146484375 0.809593023255814 0.146484375 0.809593023255814 0.037109375 0.7340116279069767 0.037109375 0.7340116279069767 0.146484375
0 0.8968023255813954 0.998046875 0.9723837209302325 0.998046875 0.9723837209302325 0.939453125 0.8968023255813954 0.939453125 0.8968023255813954 0.998046875
0 0.47674418604651164 0.140625 0.5494186046511628 0.140625 0.5494186046511628 0.03515625 0.47674418604651164 0.03515625 0.47674418604651164 0.140625
0 0.07412790697674419 0.84765625 0.14680232558139536 0.84765625 0.14680232558139536 0.74609375 0.07412790697674419 0.74609375 0.07412790697674419 0.84765625
0 0.5305232558139535 0.931640625 0.6148255813953488 0.931640625 0.6148255813953488 0.802734375 0.5305232558139535 0.802734375 0.5305232558139535 0.931640625
0 0.3313953488372093 0.375 0.40406976744186046 0.375 0.40406976744186046 0.28125 0.3313953488372093 0.28125 0.3313953488372093 0.375
0 0.6191860465116279 0.71875 0.6947674418604651 0.71875 0.6947674418604651 0.59765625 0.6191860465116279 0.59765625 0.6191860465116279 0.71875
0 0.8197674418604651 0.591796875 0.8982558139534884 0.591796875 0.8982558139534884 0.470703125 0.8197674418604651 0.470703125 0.8197674418604651 0.591796875
0 0.8125 0.38671875 0.876453488372093 0.38671875 0.876453488372093 0.28515625 0.8125 0.28515625 0.8125 0.38671875
0 0.45203488372093026 0.712890625 0.5218023255813954 0.712890625 0.5218023255813954 0.607421875 0.45203488372093026 0.607421875 0.45203488372093026 0.712890625
0 0.7180232558139535 0.779296875 0.7936046511627907 0.779296875 0.7936046511627907 0.666015625 0.7180232558139535 0.666015625 0.7180232558139535 0.779296875
0 0.056686046511627904 0.99609375 0.13517441860465115 0.99609375 0.13517441860465115 0.94921875 0.056686046511627904 0.94921875 0.056686046511627904 0.99609375
0 0.36773255813953487 0.71484375 0.44622093023255816 0.71484375 0.44622093023255816 0.609375 0.36773255813953487 0.609375 0.36773255813953487 0.71484375
0 0.4680232558139535 0.3125 0.5377906976744186 0.3125 0.5377906976744186 0.23046875 0.4680232558139535 0.23046875 0.4680232558139535 0.3125
0 0.125 0.62890625 0.2063953488372093 0.62890625 0.2063953488372093 0.53125 0.125 0.53125 0.125 0.62890625
0 0.03197674418604651 0.125 0.09302325581395349 0.125 0.09302325581395349 0.02734375 0.03197674418604651 0.02734375 0.03197674418604651 0.125
0 0.5523255813953488 0 0.5523255813953488 0.09375 0.6337209302325582 0.09375 0.6337209302325582 0 0.5523255813953488 0