0 0.0259765625 0.8260416666666667 0.2005859375 0.8260416666666667 0.2005859375 0.6197916666666666 0.0259765625 0.6197916666666666 0.0259765625 0.8260416666666667
0 0.753515625 0.46119791666666665 0.825 0.46119791666666665 0.825 0.35494791666666664 0.753515625 0.35494791666666664 0.753515625 0.46119791666666665
0 0.48046875 0.31328125 0.5375 0.31328125 0.5375 0.24036458333333333 0.48046875 0.24036458333333333 0.48046875 0.31328125
0 0.294921875 0.28958333333333336 0.354296875 0.28958333333333336 0.354296875 0.221875 0.294921875 0.221875 0.294921875 0.28958333333333336
0 0.0001953125 0.8778645833333333 0.0466796875 0.8778645833333333 0.0466796875 0.7049479166666667 0.0001953125 0.7049479166666667 0.0001953125 0.8778645833333333
0 0.1470703125 0.33932291666666664 0.2138671875 0.33932291666666664 0.2138671875 0.26796875 0.1470703125 0.26796875 0.1470703125 0.33932291666666664
0 0.796484375 0.36276041666666664 0.848046875 0.36276041666666664 0.848046875 0.2903645833333333 0.796484375 0.2903645833333333 0.796484375 0.36276041666666664
0 0.2505859375 0.33098958333333334 0.3138671875 0.33098958333333334 0.3138671875 0.25234375 0.2505859375 0.25234375 0.2505859375 0.33098958333333334
0 0.6935546875 0.42135416666666664 0.7669921875 0.42135416666666664 0.7669921875 0.3182291666666667 0.6935546875 0.3182291666666667 0.6935546875 0.42135416666666664
0 0.6025390625 0.39817708333333335 0.6642578125 0.39817708333333335 0.6642578125 0.30546875 0.6025390625 0.30546875 0.6025390625 0.39817708333333335
0 0.846875 0.39869791666666665 0.901171875 0.39869791666666665 0.901171875 0.3184895833333333 0.846875 0.3184895833333333 0.846875 0.39869791666666665
0 0.6416015625 0.3390625 0.6904296875 0.3390625 0.6904296875 0.265625 0.6416015625 0.265625 0.6416015625 0.3390625
0 0.2060546875 0.2875 0.2494140625 0.2875 0.2494140625 0.22552083333333334 0.2060546875 0.22552083333333334 0.2060546875 0.2875
0 0.1708984375 0.30078125 0.2263671875 0.30078125 0.2263671875 0.24088541666666666 0.1708984375 0.24088541666666666 0.1708984375 0.30078125
0 0.8861328125 0.3893229166666667 0.9212890625 0.3893229166666667 0.9212890625 0.3190104166666667 0.8861328125 0.3190104166666667 0.8861328125 0.3893229166666667
0 0.2431640625 0.2994791666666667 0.2931640625 0.2994791666666667 0.2931640625 0.23489583333333333 0.2431640625 0.23489583333333333 0.2431640625 0.2994791666666667
0 0.937890625 0.39505208333333336 0.98125 0.39505208333333336 0.98125 0.33098958333333334 0.937890625 0.33098958333333334 0.937890625 0.39505208333333336
0 0.891015625 0.3380208333333333 0.93203125 0.3380208333333333 0.93203125 0.2833333333333333 0.891015625 0.2833333333333333 0.891015625 0.3380208333333333
0 0.205078125 0.23619791666666667 0.251953125 0.23619791666666667 0.251953125 0.20390625 0.205078125 0.20390625 0.205078125 0.23619791666666667
0 0.9556640625 0.42239583333333336 0.9990234375 0.42239583333333336 0.9990234375 0.3489583333333333 0.9556640625 0.3489583333333333 0.9556640625 0.42239583333333336
0 0.6029296875 0.33125 0.6619140625 0.33125 0.6619140625 0.2786458333333333 0.6029296875 0.2786458333333333 0.6029296875 0.33125
0 0.983984375 0.45729166666666665 0.999609375 0.45729166666666665 0.999609375 0.3796875 0.983984375 0.3796875 0.983984375 0.45729166666666665
0 0.2591796875 0.24322916666666666 0.3048828125 0.24322916666666666 0.3048828125 0.20729166666666668 0.2591796875 0.20729166666666668 0.2591796875 0.24322916666666666
0 0.6830078125 0.36302083333333335 0.7509765625 0.36302083333333335 0.7509765625 0.3020833333333333 0.6830078125 0.3020833333333333 0.6830078125 0.36302083333333335
0 0.6841796875 0.32421875 0.7451171875 0.32421875 0.7451171875 0.2799479166666667 0.6841796875 0.2799479166666667 0.6841796875 0.32421875