0 0.2916666666666667 0.3609090909090909 0.3558743169398907 0.3609090909090909 0.3558743169398907 0.25545454545454543 0.2916666666666667 0.25545454545454543 0.2916666666666667 0.3609090909090909
0 0.36270491803278687 0.44636363636363635 0.4296448087431694 0.44636363636363635 0.4296448087431694 0.33545454545454545 0.36270491803278687 0.33545454545454545 0.36270491803278687 0.44636363636363635
0 0.17486338797814208 0.3790909090909091 0.2390710382513661 0.3790909090909091 0.2390710382513661 0.2772727272727273 0.17486338797814208 0.2772727272727273 0.17486338797814208 0.3790909090909091
0 0.1557377049180328 0.7545454545454545 0.23087431693989072 0.7545454545454545 0.23087431693989072 0.6363636363636364 0.1557377049180328 0.6363636363636364 0.1557377049180328 0.7545454545454545
0 0.06830601092896176 0.43 0.13114754098360656 0.43 0.13114754098360656 0.33 0.06830601092896176 0.33 0.06830601092896176 0.43
0 0.2978142076502732 0.72 0.3702185792349727 0.72 0.3702185792349727 0.6163636363636363 0.2978142076502732 0.6163636363636363 0.2978142076502732 0.72
0 0.49658469945355194 0.9263636363636364 0.5580601092896175 0.9263636363636364 0.5580601092896175 0.8081818181818182 0.49658469945355194 0.8081818181818182 0.49658469945355194 0.9263636363636364
0 0.4870218579234973 0.23363636363636364 0.5416666666666666 0.23363636363636364 0.5416666666666666 0.15 0.4870218579234973 0.15 0.4870218579234973 0.23363636363636364
0 0.4228142076502732 0.48363636363636364 0.47882513661202186 0.48363636363636364 0.47882513661202186 0.3781818181818182 0.4228142076502732 0.3781818181818182 0.4228142076502732 0.48363636363636364
0 0.2540983606557377 0.27 0.32103825136612024 0.27 0.32103825136612024 0.16818181818181818 0.2540983606557377 0.16818181818181818 0.2540983606557377 0.27
0 0.4255464480874317 0.7 0.49658469945355194 0.7 0.49658469945355194 0.5890909090909091 0.4255464480874317 0.5890909090909091 0.4255464480874317 0.7
0 0.7568306010928961 0.8081818181818182 0.8128415300546448 0.8081818181818182 0.8128415300546448 0.71 0.7568306010928961 0.71 0.7568306010928961 0.8081818181818182
0 0.5122950819672131 0.12090909090909091 0.5614754098360656 0.12090909090909091 0.5614754098360656 0.03 0.5122950819672131 0.03 0.5122950819672131 0.12090909090909091
0 0.22882513661202186 0.32181818181818184 0.2957650273224044 0.32181818181818184 0.2957650273224044 0.22 0.22882513661202186 0.22 0.22882513661202186 0.32181818181818184
0 0.5218579234972678 0.7327272727272728 0.5792349726775956 0.7327272727272728 0.5792349726775956 0.6272727272727273 0.5218579234972678 0.6272727272727273 0.5218579234972678 0.7327272727272728
0 0.5771857923497268 0.7663636363636364 0.6345628415300546 0.7663636363636364 0.6345628415300546 0.6518181818181819 0.5771857923497268 0.6518181818181819 0.5771857923497268 0.7663636363636364
0 0.5416666666666666 0.24636363636363637 0.5922131147540983 0.24636363636363637 0.5922131147540983 0.14272727272727273 0.5416666666666666 0.14272727272727273 0.5416666666666666 0.24636363636363637
0 0.1168032786885246 0.1509090909090909 0.17691256830601093 0.1509090909090909 0.17691256830601093 0.05090909090909091 0.1168032786885246 0.05090909090909091 0.1168032786885246 0.1509090909090909
0 0.45969945355191255 0.3809090909090909 0.5157103825136612 0.3809090909090909 0.5157103825136612 0.2790909090909091 0.45969945355191255 0.2790909090909091 0.45969945355191255 0.3809090909090909
0 0.5430327868852459 0.6518181818181819 0.6004098360655737 0.6518181818181819 0.6004098360655737 0.5645454545454546 0.5430327868852459 0.5645454545454546 0.5430327868852459 0.6518181818181819
0 0.5136612021857924 0.41363636363636364 0.5724043715846995 0.41363636363636364 0.5724043715846995 0.31363636363636366 0.5136612021857924 0.31363636363636366 0.5136612021857924 0.41363636363636364
0 0.6530054644808743 0.8036363636363636 0.7131147540983607 0.8036363636363636 0.7131147540983607 0.6945454545454546 0.6530054644808743 0.6945454545454546 0.6530054644808743 0.8036363636363636
0 0.3224043715846995 0.6127272727272727 0.3866120218579235 0.6127272727272727 0.3866120218579235 0.49818181818181817 0.3224043715846995 0.49818181818181817 0.3224043715846995 0.6127272727272727
0 0.3599726775956284 0.13545454545454547 0.41188524590163933 0.13545454545454547 0.41188524590163933 0.042727272727272725 0.3599726775956284 0.042727272727272725 0.3599726775956284 0.13545454545454547
0 0.7144808743169399 0.4481818181818182 0.7663934426229508 0.4481818181818182 0.7663934426229508 0.36454545454545456 0.7144808743169399 0.36454545454545456 0.7144808743169399 0.4481818181818182
0 0.18032786885245902 0.1481818181818182 0.22950819672131148 0.1481818181818182 0.22950819672131148 0.05181818181818182 0.18032786885245902 0.05181818181818182 0.18032786885245902 0.1481818181818182
0 0.825136612021858 0.9609090909090909 0.8838797814207651 0.9609090909090909 0.8838797814207651 0.8572727272727273 0.825136612021858 0.8572727272727273 0.825136612021858 0.9609090909090909
0 0.7540983606557377 0.9927272727272727 0.8073770491803278 0.9927272727272727 0.8073770491803278 0.8945454545454545 0.7540983606557377 0.8945454545454545 0.7540983606557377 0.9927272727272727
0 0.23224043715846995 0.7381818181818182 0.2937158469945355 0.7381818181818182 0.2937158469945355 0.6272727272727273 0.23224043715846995 0.6272727272727273 0.23224043715846995 0.7381818181818182
0 0.2336065573770492 0.14727272727272728 0.2827868852459016 0.14727272727272728 0.2827868852459016 0.05272727272727273 0.2336065573770492 0.05272727272727273 0.2336065573770492 0.14727272727272728
0 0.5778688524590164 0.4445454545454545 0.6284153005464481 0.4445454545454545 0.6284153005464481 0.3518181818181818 0.5778688524590164 0.3518181818181818 0.5778688524590164 0.4445454545454545
0 0.7479508196721312 0.6045454545454545 0.8066939890710383 0.6045454545454545 0.8066939890710383 0.4990909090909091 0.7479508196721312 0.4990909090909091 0.7479508196721312 0.6045454545454545
0 0.28620218579234974 0.14 0.3353825136612022 0.14 0.3353825136612022 0.045454545454545456 0.28620218579234974 0.045454545454545456 0.28620218579234974 0.14
0 0.5737704918032787 0.9554545454545454 0.6325136612021858 0.9554545454545454 0.6325136612021858 0.8409090909090909 0.5737704918032787 0.8409090909090909 0.5737704918032787 0.9554545454545454
0 0.5006830601092896 0.3245454545454545 0.5525956284153005 0.3245454545454545 0.5525956284153005 0.23363636363636364 0.5006830601092896 0.23363636363636364 0.5006830601092896 0.3245454545454545
0 0.25956284153005466 0.9990909090909091 0.33879781420765026 0.9990909090909091 0.33879781420765026 0.9427272727272727 0.25956284153005466 0.9427272727272727 0.25956284153005466 0.9990909090909091
0 0.578551912568306 0.2809090909090909 0.630464480874317 0.2809090909090909 0.630464480874317 0.2009090909090909 0.578551912568306 0.2009090909090909 0.578551912568306 0.2809090909090909
0 0.6099726775956285 0.33 0.6564207650273224 0.33 0.6564207650273224 0.26272727272727275 0.6099726775956285 0.26272727272727275 0.6099726775956285 0.33
0 0.6557377049180327 0.38545454545454544 0.703551912568306 0.38545454545454544 0.703551912568306 0.29454545454545455 0.6557377049180327 0.29454545454545455 0.6557377049180327 0.38545454545454544
0 0.421448087431694 0.27090909090909093 0.4801912568306011 0.27090909090909093 0.4801912568306011 0.19636363636363635 0.421448087431694 0.19636363636363635 0.421448087431694 0.27090909090909093
0 0.7185792349726776 0.7154545454545455 0.7663934426229508 0.7154545454545455 0.7663934426229508 0.6190909090909091 0.7185792349726776 0.6190909090909091 0.7185792349726776 0.7154545454545455
0 0.6079234972677595 0.7072727272727273 0.6639344262295082 0.7072727272727273 0.6639344262295082 0.6018181818181818 0.6079234972677595 0.6018181818181818 0.6079234972677595 0.7072727272727273
0 0.3989071038251366 0.3790909090909091 0.4521857923497268 0.3790909090909091 0.4521857923497268 0.29545454545454547 0.3989071038251366 0.29545454545454547 0.3989071038251366 0.3790909090909091
0 0.6181693989071039 0.6209090909090909 0.6687158469945356 0.6209090909090909 0.6687158469945356 0.5445454545454546 0.6181693989071039 0.5445454545454546 0.6181693989071039 0.6209090909090909
0 0.06762295081967214 0.2963636363636364 0.13319672131147542 0.2963636363636364 0.13319672131147542 0.19090909090909092 0.06762295081967214 0.19090909090909092 0.06762295081967214 0.2963636363636364
0 0.2923497267759563 0.9827272727272728 0.36065573770491804 0.9827272727272728 0.36065573770491804 0.860909090909091 0.2923497267759563 0.860909090909091 0.2923497267759563 0.9827272727272728
0 0.9262295081967213 0.9990909090909091 0.9713114754098361 0.9990909090909091 0.9713114754098361 0.9263636363636364 0.9262295081967213 0.9263636363636364 0.9262295081967213 0.9990909090909091
0 0.30669398907103823 0.10545454545454545 0.36270491803278687 0.10545454545454545 0.36270491803278687 0.005454545454545455 0.30669398907103823 0.005454545454545455 0.30669398907103823 0.10545454545454545
0 0.40505464480874315 0.3209090909090909 0.4583333333333333 0.3209090909090909 0.4583333333333333 0.24636363636363637 0.40505464480874315 0.24636363636363637 0.40505464480874315 0.3209090909090909
0 0.12773224043715847 0.4863636363636364 0.20423497267759563 0.4863636363636364 0.20423497267759563 0.3663636363636364 0.12773224043715847 0.3663636363636364 0.12773224043715847 0.4863636363636364
0 0.6700819672131147 0.7063636363636364 0.7165300546448088 0.7063636363636364 0.7165300546448088 0.6354545454545455 0.6700819672131147 0.6354545454545455 0.6700819672131147 0.7063636363636364
0 0.5908469945355191 0.3845454545454545 0.6454918032786885 0.3845454545454545 0.6454918032786885 0.30818181818181817 0.5908469945355191 0.30818181818181817 0.5908469945355191 0.3845454545454545
0 0.6065573770491803 0.2509090909090909 0.6516393442622951 0.2509090909090909 0.6516393442622951 0.16545454545454547 0.6065573770491803 0.16545454545454547 0.6065573770491803 0.2509090909090909
0 0.5826502732240437 0.15636363636363637 0.6345628415300546 0.15636363636363637 0.6345628415300546 0.06 0.5826502732240437 0.06 0.5826502732240437 0.15636363636363637
0 0.6721311475409836 0.31 0.7131147540983607 0.31 0.7131147540983607 0.24636363636363637 0.6721311475409836 0.24636363636363637 0.6721311475409836 0.31
0 0.6256830601092896 0.20727272727272728 0.6693989071038251 0.20727272727272728 0.6693989071038251 0.13454545454545455 0.6256830601092896 0.13454545454545455 0.6256830601092896 0.20727272727272728
0 0.7199453551912568 0.9981818181818182 0.7786885245901639 0.9981818181818182 0.7786885245901639 0.9672727272727273 0.7199453551912568 0.9672727272727273 0.7199453551912568 0.9981818181818182
0 0.7855191256830601 0.6854545454545454 0.842896174863388 0.6854545454545454 0.842896174863388 0.5909090909090909 0.7855191256830601 0.5909090909090909 0.7855191256830601 0.6854545454545454
0 0 0.9381818181818182 0.009562841530054645 0.9381818181818182 0.009562841530054645 0.8654545454545455 0 0.8654545454545455 0 0.9381818181818182
0 0.3907103825136612 0 0.3907103825136612 0.05272727272727273 0.44398907103825136 0.05272727272727273 0.44398907103825136 0 0.3907103825136612 0
0 0.805327868852459 0.5909090909090909 0.8476775956284153 0.5909090909090909 0.8476775956284153 0.54 0.805327868852459 0.54 0.805327868852459 0.5909090909090909