0 0.5 0.5049800796812749 0.5907738095238095 0.5049800796812749 0.5907738095238095 0.3695219123505976 0.5 0.3695219123505976 0.5 0.5049800796812749
0 0.18601190476190477 0.9571713147410359 0.30357142857142855 0.9571713147410359 0.30357142857142855 0.8037848605577689 0.18601190476190477 0.8037848605577689 0.18601190476190477 0.9571713147410359
0 0.5290178571428571 1 0.5290178571428571 0.9143426294820717 0.4263392857142857 0.9143426294820717 0.4263392857142857 1 0.5290178571428571 1
0 0.4799107142857143 0.13844621513944222 0.5558035714285714 0.13844621513944222 0.5558035714285714 0.03286852589641434 0.4799107142857143 0.03286852589641434 0.4799107142857143 0.13844621513944222
0 0.36830357142857145 1 0.36830357142857145 0.8804780876494024 0.26860119047619047 0.8804780876494024 0.26860119047619047 1 0.36830357142857145 1
0 0.14434523809523808 0.4063745019920319 0.23065476190476192 0.4063745019920319 0.23065476190476192 0.27091633466135456 0.14434523809523808 0.27091633466135456 0.14434523809523808 0.4063745019920319
0 0.5535714285714286 0.601593625498008 0.6488095238095238 0.601593625498008 0.6488095238095238 0.4402390438247012 0.5535714285714286 0.4402390438247012 0.5535714285714286 0.601593625498008
0 0.20163690476190477 0.34462151394422313 0.2864583333333333 0.34462151394422313 0.2864583333333333 0.21713147410358566 0.20163690476190477 0.21713147410358566 0.20163690476190477 0.34462151394422313
0 0.6316964285714286 0.6424302788844621 0.7075892857142857 0.6424302788844621 0.7075892857142857 0.5029880478087649 0.6316964285714286 0.5029880478087649 0.6316964285714286 0.6424302788844621
0 0.23958333333333334 0.2868525896414343 0.3244047619047619 0.2868525896414343 0.3244047619047619 0.16533864541832669 0.23958333333333334 0.16533864541832669 0.23958333333333334 0.2868525896414343
0 0.12946428571428573 0.8326693227091634 0.23511904761904762 0.8326693227091634 0.23511904761904762 0.6852589641434262 0.12946428571428573 0.6852589641434262 0.12946428571428573 0.8326693227091634
0 0.19345238095238096 0.6952191235059761 0.3020833333333333 0.6952191235059761 0.3020833333333333 0.5418326693227091 0.19345238095238096 0.5418326693227091 0.19345238095238096 0.6952191235059761
0 0.109375 0.6932270916334662 0.18824404761904762 0.6932270916334662 0.18824404761904762 0.5577689243027888 0.109375 0.5577689243027888 0.109375 0.6932270916334662