0 0.13866120218579234 0.6227272727272727 0.20833333333333334 0.6227272727272727 0.20833333333333334 0.51 0.13866120218579234 0.51 0.13866120218579234 0.6227272727272727
0 0.16325136612021857 0.7363636363636363 0.23565573770491804 0.7363636363636363 0.23565573770491804 0.62 0.16325136612021857 0.62 0.16325136612021857 0.7363636363636363
0 0.43920765027322406 0.6790909090909091 0.5088797814207651 0.6790909090909091 0.5088797814207651 0.5627272727272727 0.43920765027322406 0.5627272727272727 0.43920765027322406 0.6790909090909091
0 0.2151639344262295 0.26 0.27527322404371585 0.26 0.27527322404371585 0.16545454545454547 0.2151639344262295 0.16545454545454547 0.2151639344262295 0.26
0 0.16598360655737704 0.13545454545454547 0.23155737704918034 0.13545454545454547 0.23155737704918034 0.03727272727272727 0.16598360655737704 0.03727272727272727 0.16598360655737704 0.13545454545454547
0 0.2650273224043716 0.9645454545454546 0.337431693989071 0.9645454545454546 0.337431693989071 0.8445454545454546 0.2650273224043716 0.8445454545454546 0.2650273224043716 0.9645454545454546
0 0.4139344262295082 0.52 0.47540983606557374 0.52 0.47540983606557374 0.41818181818181815 0.4139344262295082 0.41818181818181815 0.4139344262295082 0.52
0 0.4262295081967213 0.3236363636363636 0.4890710382513661 0.3236363636363636 0.4890710382513661 0.22545454545454546 0.4262295081967213 0.22545454545454546 0.4262295081967213 0.3236363636363636
0 0.34904371584699456 0.5290909090909091 0.41325136612021857 0.5290909090909091 0.41325136612021857 0.42363636363636364 0.34904371584699456 0.42363636363636364 0.34904371584699456 0.5290909090909091
0 0.662568306010929 0.4990909090909091 0.7144808743169399 0.4990909090909091 0.7144808743169399 0.41 0.662568306010929 0.41 0.662568306010929 0.4990909090909091
0 0.3012295081967213 0.16636363636363635 0.3599726775956284 0.16636363636363635 0.3599726775956284 0.07 0.3012295081967213 0.07 0.3012295081967213 0.16636363636363635
0 0.24931693989071038 0.12818181818181817 0.30669398907103823 0.12818181818181817 0.30669398907103823 0.026363636363636363 0.24931693989071038 0.026363636363636363 0.24931693989071038 0.12818181818181817
0 0.09699453551912568 0.3654545454545455 0.17486338797814208 0.3654545454545455 0.17486338797814208 0.26 0.09699453551912568 0.26 0.09699453551912568 0.3654545454545455
0 0.43579234972677594 0.23 0.4931693989071038 0.23 0.4931693989071038 0.14454545454545453 0.43579234972677594 0.14454545454545453 0.43579234972677594 0.23
0 0.4952185792349727 0.8372727272727273 0.5539617486338798 0.8372727272727273 0.5539617486338798 0.7227272727272728 0.4952185792349727 0.7227272727272728 0.4952185792349727 0.8372727272727273
0 0.6174863387978142 0.9981818181818182 0.6844262295081968 0.9981818181818182 0.6844262295081968 0.9290909090909091 0.6174863387978142 0.9290909090909091 0.6174863387978142 0.9981818181818182
0 0.5430327868852459 0.22636363636363635 0.5935792349726776 0.22636363636363635 0.5935792349726776 0.13 0.5430327868852459 0.13 0.5430327868852459 0.22636363636363635
0 0.5539617486338798 0.8236363636363636 0.6086065573770492 0.8236363636363636 0.6086065573770492 0.7145454545454546 0.5539617486338798 0.7145454545454546 0.5539617486338798 0.8236363636363636
0 0.5314207650273224 0.4863636363636364 0.5846994535519126 0.4863636363636364 0.5846994535519126 0.39181818181818184 0.5314207650273224 0.39181818181818184 0.5314207650273224 0.4863636363636364
0 0.619535519125683 0.2927272727272727 0.6687158469945356 0.2927272727272727 0.6687158469945356 0.20545454545454545 0.619535519125683 0.20545454545454545 0.619535519125683 0.2927272727272727
0 0.3073770491803279 0.9036363636363637 0.37841530054644806 0.9036363636363637 0.37841530054644806 0.7654545454545455 0.3073770491803279 0.7654545454545455 0.3073770491803279 0.9036363636363637
0 0.7629781420765027 0.7918181818181819 0.8148907103825137 0.7918181818181819 0.8148907103825137 0.6863636363636364 0.7629781420765027 0.6863636363636364 0.7629781420765027 0.7918181818181819
0 0.5047814207650273 0.2681818181818182 0.5566939890710383 0.2681818181818182 0.5566939890710383 0.17363636363636364 0.5047814207650273 0.17363636363636364 0.5047814207650273 0.2681818181818182
0 0.17691256830601093 0.9218181818181819 0.24931693989071038 0.9218181818181819 0.24931693989071038 0.8072727272727273 0.17691256830601093 0.8072727272727273 0.17691256830601093 0.9218181818181819
0 0.6325136612021858 0.9472727272727273 0.6967213114754098 0.9472727272727273 0.6967213114754098 0.8581818181818182 0.6325136612021858 0.8581818181818182 0.6325136612021858 0.9472727272727273
0 0.5621584699453552 0.7345454545454545 0.6277322404371585 0.7345454545454545 0.6277322404371585 0.6363636363636364 0.5621584699453552 0.6363636363636364 0.5621584699453552 0.7345454545454545
0 0.6202185792349727 0.4218181818181818 0.6693989071038251 0.4218181818181818 0.6693989071038251 0.33090909090909093 0.6202185792349727 0.33090909090909093 0.6202185792349727 0.4218181818181818
0 0.837431693989071 0.9972727272727273 0.8934426229508197 0.9972727272727273 0.8934426229508197 0.8918181818181818 0.837431693989071 0.8918181818181818 0.837431693989071 0.9972727272727273
0 0.9118852459016393 0.9981818181818182 0.967896174863388 0.9981818181818182 0.967896174863388 0.9109090909090909 0.9118852459016393 0.9109090909090909 0.9118852459016393 0.9981818181818182
0 0.4569672131147541 0.46090909090909093 0.5184426229508197 0.46090909090909093 0.5184426229508197 0.35909090909090907 0.4569672131147541 0.35909090909090907 0.4569672131147541 0.46090909090909093
0 0.6905737704918032 0.6618181818181819 0.7383879781420765 0.6618181818181819 0.7383879781420765 0.5618181818181818 0.6905737704918032 0.5618181818181818 0.6905737704918032 0.6618181818181819
0 0.6092896174863388 0.2109090909090909 0.6612021857923497 0.2109090909090909 0.6612021857923497 0.12 0.6092896174863388 0.12 0.6092896174863388 0.2109090909090909
0 0.6270491803278688 0.7936363636363636 0.6721311475409836 0.7936363636363636 0.6721311475409836 0.69 0.6270491803278688 0.69 0.6270491803278688 0.7936363636363636
0 0.8504098360655737 0.759090909090909 0.8968579234972678 0.759090909090909 0.8968579234972678 0.6572727272727272 0.8504098360655737 0.6572727272727272 0.8504098360655737 0.759090909090909
0 0.6857923497267759 0.8236363636363636 0.7390710382513661 0.8236363636363636 0.7390710382513661 0.7145454545454546 0.6857923497267759 0.7145454545454546 0.6857923497267759 0.8236363636363636
0 0.3394808743169399 0.12636363636363637 0.3927595628415301 0.12636363636363637 0.3927595628415301 0.03 0.3394808743169399 0.03 0.3394808743169399 0.12636363636363637
0 0.639344262295082 0.69 0.6885245901639344 0.69 0.6885245901639344 0.5809090909090909 0.639344262295082 0.5809090909090909 0.639344262295082 0.69
0 0.2773224043715847 0.07545454545454545 0.3360655737704918 0.07545454545454545 0.3360655737704918 0.0009090909090909091 0.2773224043715847 0.0009090909090909091 0.2773224043715847 0.07545454545454545
0 0.7848360655737705 0.6272727272727273 0.8326502732240437 0.6272727272727273 0.8326502732240437 0.5254545454545455 0.7848360655737705 0.5254545454545455 0.7848360655737705 0.6272727272727273
0 0.12226775956284153 0.28363636363636363 0.1796448087431694 0.28363636363636363 0.1796448087431694 0.19454545454545455 0.12226775956284153 0.19454545454545455 0.12226775956284153 0.28363636363636363
0 0.7056010928961749 0.9390909090909091 0.7725409836065574 0.9390909090909091 0.7725409836065574 0.8245454545454546 0.7056010928961749 0.8245454545454546 0.7056010928961749 0.9390909090909091
0 0.3620218579234973 0.8227272727272728 0.43169398907103823 0.8227272727272728 0.43169398907103823 0.6990909090909091 0.3620218579234973 0.6990909090909091 0.3620218579234973 0.8227272727272728
0 0.4255464480874317 0.11090909090909092 0.4774590163934426 0.11090909090909092 0.4774590163934426 0.023636363636363636 0.4255464480874317 0.023636363636363636 0.4255464480874317 0.11090909090909092
0 0.38729508196721313 0.74 0.45560109289617484 0.74 0.45560109289617484 0.6363636363636364 0.38729508196721313 0.6363636363636364 0.38729508196721313 0.74
0 0.8087431693989071 0.8290909090909091 0.8565573770491803 0.8290909090909091 0.8565573770491803 0.7363636363636363 0.8087431693989071 0.7363636363636363 0.8087431693989071 0.8290909090909091
0 0.7609289617486339 0.4781818181818182 0.8046448087431693 0.4781818181818182 0.8046448087431693 0.38545454545454544 0.7609289617486339 0.38545454545454544 0.7609289617486339 0.4781818181818182
0 0.6489071038251366 0.5863636363636363 0.7008196721311475 0.5863636363636363 0.7008196721311475 0.5009090909090909 0.6489071038251366 0.5009090909090909 0.6489071038251366 0.5863636363636363
0 0.6407103825136612 0.3790909090909091 0.6912568306010929 0.3790909090909091 0.6912568306010929 0.2827272727272727 0.6407103825136612 0.2827272727272727 0.6407103825136612 0.3790909090909091
0 0.5628415300546448 0.1409090909090909 0.6133879781420765 0.1409090909090909 0.6133879781420765 0.046363636363636364 0.5628415300546448 0.046363636363636364 0.5628415300546448 0.1409090909090909
0 0.8005464480874317 0.7318181818181818 0.855191256830601 0.7318181818181818 0.855191256830601 0.6227272727272727 0.8005464480874317 0.6227272727272727 0.8005464480874317 0.7318181818181818
0 0.4801912568306011 0.3972727272727273 0.5430327868852459 0.3972727272727273 0.5430327868852459 0.30272727272727273 0.4801912568306011 0.30272727272727273 0.4801912568306011 0.3972727272727273
0 0.5812841530054644 0.69 0.6413934426229508 0.69 0.6413934426229508 0.5863636363636363 0.5812841530054644 0.5863636363636363 0.5812841530054644 0.69
0 0.5539617486338798 0.43636363636363634 0.5976775956284153 0.43636363636363634 0.5976775956284153 0.34363636363636363 0.5539617486338798 0.34363636363636363 0.5539617486338798 0.43636363636363634
0 0.7096994535519126 0.7581818181818182 0.764344262295082 0.7581818181818182 0.764344262295082 0.6618181818181819 0.7096994535519126 0.6618181818181819 0.7096994535519126 0.7581818181818182
0 0.5833333333333334 0.06909090909090909 0.6256830601092896 0.06909090909090909 0.6256830601092896 0.01090909090909091 0.5833333333333334 0.01090909090909091 0.5833333333333334 0.06909090909090909
0 0.39344262295081966 0 0.39344262295081966 0.04727272727272727 0.44398907103825136 0.04727272727272727 0.44398907103825136 0 0.39344262295081966 0
0 0.6912568306010929 0.9990909090909091 0.7349726775956285 0.9990909090909091 0.7349726775956285 0.9681818181818181 0.6912568306010929 0.9681818181818181 0.6912568306010929 0.9990909090909091
0 0 0.9836363636363636 0.01639344262295082 0.9836363636363636 0.01639344262295082 0.9254545454545454 0 0.9254545454545454 0 0.9836363636363636
0 0.9706284153005464 0.9981818181818182 0.9993169398907104 0.9981818181818182 0.9993169398907104 0.9272727272727272 0.9706284153005464 0.9272727272727272 0.9706284153005464 0.9981818181818182