0 0.42336309523809523 1 0.42336309523809523 0.8864541832669323 0.30580357142857145 0.8864541832669323 0.30580357142857145 1 0.42336309523809523 1
0 0.10342261904761904 0.44322709163346613 0.18973214285714285 0.44322709163346613 0.18973214285714285 0.30776892430278885 0.10342261904761904 0.30776892430278885 0.10342261904761904 0.44322709163346613
0 0.3400297619047619 0.3854581673306773 0.42485119047619047 0.3854581673306773 0.42485119047619047 0.2679282868525896 0.3400297619047619 0.2679282868525896 0.3400297619047619 0.3854581673306773
0 0.25818452380952384 0.2061752988047809 0.33407738095238093 0.2061752988047809 0.33407738095238093 0.09860557768924302 0.25818452380952384 0.09860557768924302 0.25818452380952384 0.2061752988047809
0 0.13988095238095238 0.16533864541832669 0.21577380952380953 0.16533864541832669 0.21577380952380953 0.07171314741035857 0.13988095238095238 0.07171314741035857 0.13988095238095238 0.16533864541832669
0 0.4680059523809524 0.9053784860557769 0.5528273809523809 0.9053784860557769 0.5528273809523809 0.7898406374501992 0.4680059523809524 0.7898406374501992 0.4680059523809524 0.9053784860557769
0 0.6101190476190477 0.7330677290836654 0.7023809523809523 0.7330677290836654 0.7023809523809523 0.5916334661354582 0.6101190476190477 0.5916334661354582 0.6101190476190477 0.7330677290836654
0 0.3802083333333333 0.9372509960159362 0.4694940476190476 0.9372509960159362 0.4694940476190476 0.8017928286852589 0.3802083333333333 0.8017928286852589 0.3802083333333333 0.9372509960159362
0 0.07142857142857142 0.33167330677290835 0.15922619047619047 0.33167330677290835 0.15922619047619047 0.20219123505976094 0.07142857142857142 0.20219123505976094 0.07142857142857142 0.33167330677290835
0 0.328125 0.8366533864541833 0.42038690476190477 0.8366533864541833 0.42038690476190477 0.6832669322709163 0.328125 0.6832669322709163 0.328125 0.8366533864541833
0 0.22544642857142858 0.8366533864541833 0.328125 0.8366533864541833 0.328125 0.701195219123506 0.22544642857142858 0.701195219123506 0.22544642857142858 0.8366533864541833
0 0.08035714285714286 0.14442231075697212 0.16517857142857142 0.14442231075697212 0.16517857142857142 0.046812749003984064 0.08035714285714286 0.046812749003984064 0.08035714285714286 0.14442231075697212
0 0.22172619047619047 0.5966135458167331 0.3169642857142857 0.5966135458167331 0.3169642857142857 0.44721115537848605 0.22172619047619047 0.44721115537848605 0.22172619047619047 0.5966135458167331
0 0.15178571428571427 0.9950199203187251 0.2619047619047619 0.9950199203187251 0.2619047619047619 0.849601593625498 0.15178571428571427 0.849601593625498 0.15178571428571427 0.9950199203187251
0 0.12797619047619047 0.2798804780876494 0.2113095238095238 0.2798804780876494 0.2113095238095238 0.15836653386454183 0.12797619047619047 0.15836653386454183 0.12797619047619047 0.2798804780876494
0 0.7061011904761905 0.7629482071713147 0.7775297619047619 0.7629482071713147 0.7775297619047619 0.603585657370518 0.7061011904761905 0.603585657370518 0.7061011904761905 0.7629482071713147
0 0.2700892857142857 0.5209163346613546 0.36235119047619047 0.5209163346613546 0.36235119047619047 0.3834661354581673 0.2700892857142857 0.3834661354581673 0.2700892857142857 0.5209163346613546