0 0.5150390625 0.93984375 0.7361328125 0.93984375 0.7361328125 0.7018229166666666 0.5150390625 0.7018229166666666 0.5150390625 0.93984375
0 0.590625 1 0.590625 0.8135416666666667 0.3515625 0.8135416666666667 0.3515625 1 0.590625 1
0 0 0.9028645833333333 0.12421875 0.9028645833333333 0.12421875 0.6997395833333333 0 0.6997395833333333 0 0.9028645833333333
0 0.073046875 0.31302083333333336 0.1234375 0.31302083333333336 0.1234375 0.24583333333333332 0.073046875 0.24583333333333332 0.073046875 0.31302083333333336
0 0.6736328125 0.3372395833333333 0.7279296875 0.3372395833333333 0.7279296875 0.26588541666666665 0.6736328125 0.26588541666666665 0.6736328125 0.3372395833333333
0 0.9068359375 0.45598958333333334 0.9693359375 0.45598958333333334 0.9693359375 0.3606770833333333 0.9068359375 0.3606770833333333 0.9068359375 0.45598958333333334
0 0.0134765625 0.3065104166666667 0.0521484375 0.3065104166666667 0.0521484375 0.25026041666666665 0.0134765625 0.25026041666666665 0.0134765625 0.3065104166666667
0 0.4544921875 0.3458333333333333 0.5193359375 0.3458333333333333 0.5193359375 0.26197916666666665 0.4544921875 0.26197916666666665 0.4544921875 0.3458333333333333
0 0.8216796875 0.4317708333333333 0.8818359375 0.4317708333333333 0.8818359375 0.3411458333333333 0.8216796875 0.3411458333333333 0.8216796875 0.4317708333333333
0 0.4775390625 0.29609375 0.5373046875 0.29609375 0.5373046875 0.23151041666666666 0.4775390625 0.23151041666666666 0.4775390625 0.29609375
0 0.329296875 0.35234375 0.402734375 0.35234375 0.402734375 0.2716145833333333 0.329296875 0.2716145833333333 0.329296875 0.35234375
0 0 0.32578125 0.018359375 0.32578125 0.018359375 0.26119791666666664 0 0.26119791666666664 0 0.32578125
0 0.4162109375 0.26536458333333335 0.4681640625 0.26536458333333335 0.4681640625 0.21067708333333332 0.4162109375 0.21067708333333332 0.4162109375 0.26536458333333335
0 0.96640625 0.49505208333333334 0.999609375 0.49505208333333334 0.999609375 0.4002604166666667 0.96640625 0.4002604166666667 0.96640625 0.49505208333333334
0 0.4275390625 0.31875 0.4783203125 0.31875 0.4783203125 0.24166666666666667 0.4275390625 0.24166666666666667 0.4275390625 0.31875
0 0.954296875 0.39453125 0.9984375 0.39453125 0.9984375 0.33046875 0.954296875 0.33046875 0.954296875 0.39453125
0 0.8048828125 0.3846354166666667 0.8626953125 0.3846354166666667 0.8626953125 0.31328125 0.8048828125 0.31328125 0.8048828125 0.3846354166666667
0 0.3529296875 0.24713541666666666 0.4001953125 0.24713541666666666 0.4001953125 0.20494791666666667 0.3529296875 0.20494791666666667 0.3529296875 0.24713541666666666
0 0.8306640625 0.3484375 0.8748046875 0.3484375 0.8748046875 0.30052083333333335 0.8306640625 0.30052083333333335 0.8306640625 0.3484375
0 0.8720703125 0.37421875 0.9208984375 0.37421875 0.9208984375 0.31744791666666666 0.8720703125 0.31744791666666666 0.8720703125 0.37421875
0 0.37421875 0.28854166666666664 0.41796875 0.28854166666666664 0.41796875 0.228125 0.37421875 0.228125 0.37421875 0.28854166666666664
0 0.883984375 0.4127604166666667 0.939453125 0.4127604166666667 0.939453125 0.34140625 0.883984375 0.34140625 0.883984375 0.4127604166666667
0 0.3435546875 0.2911458333333333 0.4064453125 0.2911458333333333 0.4064453125 0.2421875 0.3435546875 0.2421875 0.3435546875 0.2911458333333333