0 0.5439895470383276 0.8366279069767442 0.5997386759581882 0.8366279069767442 0.5997386759581882 0.7261627906976744 0.5439895470383276 0.7261627906976744 0.5439895470383276 0.8366279069767442
0 0.4930313588850174 0.7854651162790698 0.5479094076655052 0.7854651162790698 0.5479094076655052 0.6808139534883721 0.4930313588850174 0.6808139534883721 0.4930313588850174 0.7854651162790698
0 0.38153310104529614 0.5406976744186046 0.41986062717770034 0.5406976744186046 0.41986062717770034 0.4569767441860465 0.38153310104529614 0.4569767441860465 0.38153310104529614 0.5406976744186046
0 0.3166376306620209 0.6383720930232558 0.36106271777003485 0.6383720930232558 0.36106271777003485 0.5453488372093023 0.3166376306620209 0.5453488372093023 0.3166376306620209 0.6383720930232558
0 0.13196864111498258 0.5883720930232558 0.17465156794425088 0.5883720930232558 0.17465156794425088 0.49767441860465117 0.13196864111498258 0.49767441860465117 0.13196864111498258 0.5883720930232558
0 0.9128919860627178 0.4906976744186046 0.9538327526132404 0.4906976744186046 0.9538327526132404 0.4127906976744186 0.9128919860627178 0.4127906976744186 0.9128919860627178 0.4906976744186046
0 0.13240418118466898 0.8622093023255814 0.18641114982578397 0.8622093023255814 0.18641114982578397 0.7656976744186047 0.13240418118466898 0.7656976744186047 0.13240418118466898 0.8622093023255814
0 0.45121951219512196 0.5366279069767442 0.49477351916376305 0.5366279069767442 0.49477351916376305 0.4563953488372093 0.45121951219512196 0.4563953488372093 0.45121951219512196 0.5366279069767442
0 0.6546167247386759 0.5 0.698170731707317 0.5 0.698170731707317 0.4174418604651163 0.6546167247386759 0.4174418604651163 0.6546167247386759 0.5
0 0.17290940766550522 0.9133720930232558 0.22952961672473868 0.9133720930232558 0.22952961672473868 0.8017441860465117 0.17290940766550522 0.8017441860465117 0.17290940766550522 0.9133720930232558
0 0.5923344947735192 0.5238372093023256 0.6350174216027874 0.5238372093023256 0.6350174216027874 0.44476744186046513 0.5923344947735192 0.44476744186046513 0.5923344947735192 0.5238372093023256
0 0.00043554006968641115 0.4965116279069767 0.04050522648083624 0.4965116279069767 0.04050522648083624 0.41511627906976745 0.00043554006968641115 0.41511627906976745 0.00043554006968641115 0.4965116279069767
0 0.09712543554006968 0.4622093023255814 0.13806620209059234 0.4622093023255814 0.13806620209059234 0.37383720930232556 0.09712543554006968 0.37383720930232556 0.09712543554006968 0.4622093023255814
0 0.49956445993031356 0.608139534883721 0.5483449477351916 0.608139534883721 0.5483449477351916 0.5209302325581395 0.49956445993031356 0.5209302325581395 0.49956445993031356 0.608139534883721
0 0.06315331010452961 0.502906976744186 0.10583623693379791 0.502906976744186 0.10583623693379791 0.4180232558139535 0.06315331010452961 0.4180232558139535 0.06315331010452961 0.502906976744186
0 0.695993031358885 0.5343023255813953 0.7473867595818815 0.5343023255813953 0.7473867595818815 0.43197674418604654 0.695993031358885 0.43197674418604654 0.695993031358885 0.5343023255813953
0 0.2643728222996516 0.4662790697674419 0.30531358885017423 0.4662790697674419 0.30531358885017423 0.3918604651162791 0.2643728222996516 0.3918604651162791 0.2643728222996516 0.4662790697674419
0 0.05574912891986063 0.7802325581395348 0.10540069686411149 0.7802325581395348 0.10540069686411149 0.6767441860465117 0.05574912891986063 0.6767441860465117 0.05574912891986063 0.7802325581395348
0 0.16681184668989546 0.6488372093023256 0.21036585365853658 0.6488372093023256 0.21036585365853658 0.5546511627906977 0.16681184668989546 0.5546511627906977 0.16681184668989546 0.6488372093023256
0 0.2735191637630662 0.5883720930232558 0.31881533101045295 0.5883720930232558 0.31881533101045295 0.5069767441860465 0.2735191637630662 0.5069767441860465 0.2735191637630662 0.5883720930232558
0 0.5522648083623694 0.3697674418604651 0.5940766550522648 0.3697674418604651 0.5940766550522648 0.29767441860465116 0.5522648083623694 0.29767441860465116 0.5522648083623694 0.3697674418604651
0 0.8462543554006968 0.32965116279069767 0.8863240418118467 0.32965116279069767 0.8863240418118467 0.2633720930232558 0.8462543554006968 0.2633720930232558 0.8462543554006968 0.32965116279069767
0 0.16289198606271776 0.5441860465116279 0.2038327526132404 0.5441860465116279 0.2038327526132404 0.45465116279069767 0.16289198606271776 0.45465116279069767 0.16289198606271776 0.5441860465116279
0 0.40069686411149824 0.46395348837209305 0.44076655052264807 0.46395348837209305 0.44076655052264807 0.3872093023255814 0.40069686411149824 0.3872093023255814 0.40069686411149824 0.46395348837209305
0 0.3680313588850174 0.763953488372093 0.42378048780487804 0.763953488372093 0.42378048780487804 0.663953488372093 0.3680313588850174 0.663953488372093 0.3680313588850174 0.763953488372093
0 0.6197735191637631 0.37616279069767444 0.6607142857142857 0.37616279069767444 0.6607142857142857 0.30988372093023253 0.6197735191637631 0.30988372093023253 0.6197735191637631 0.37616279069767444
0 0.8741289198606271 0.5406976744186046 0.9133275261324042 0.5406976744186046 0.9133275261324042 0.46162790697674416 0.8741289198606271 0.46162790697674416 0.8741289198606271 0.5406976744186046
0 0.032229965156794424 0.6267441860465116 0.06881533101045297 0.6267441860465116 0.06881533101045297 0.5372093023255814 0.032229965156794424 0.5372093023255814 0.032229965156794424 0.6267441860465116
0 0.46994773519163763 0.6656976744186046 0.5230836236933798 0.6656976744186046 0.5230836236933798 0.5703488372093023 0.46994773519163763 0.5703488372093023 0.46994773519163763 0.6656976744186046
0 0.28310104529616725 0.6784883720930233 0.32839721254355403 0.6784883720930233 0.32839721254355403 0.5843023255813954 0.28310104529616725 0.5843023255813954 0.28310104529616725 0.6784883720930233
0 0.5718641114982579 0.4459302325581395 0.6093205574912892 0.4459302325581395 0.6093205574912892 0.3622093023255814 0.5718641114982579 0.3622093023255814 0.5718641114982579 0.4459302325581395
0 0.8162020905923345 0.40232558139534885 0.8554006968641115 0.40232558139534885 0.8554006968641115 0.3313953488372093 0.8162020905923345 0.3313953488372093 0.8162020905923345 0.40232558139534885
0 0.7722125435540069 0.3680232558139535 0.8122822299651568 0.3680232558139535 0.8122822299651568 0.2936046511627907 0.7722125435540069 0.2936046511627907 0.7722125435540069 0.3680232558139535
0 0.828397212543554 0.5116279069767442 0.8736933797909407 0.5116279069767442 0.8736933797909407 0.4325581395348837 0.828397212543554 0.4325581395348837 0.828397212543554 0.5116279069767442
0 0.7852787456445993 0.31569767441860463 0.8270905923344948 0.31569767441860463 0.8270905923344948 0.2517441860465116 0.7852787456445993 0.2517441860465116 0.7852787456445993 0.31569767441860463
0 0.6210801393728222 0.1058139534883721 0.6567944250871081 0.1058139534883721 0.6567944250871081 0.037209302325581395 0.6210801393728222 0.037209302325581395 0.6210801393728222 0.1058139534883721
0 0.6929442508710801 0.6290697674418605 0.7417247386759582 0.6290697674418605 0.7417247386759582 0.5383720930232558 0.6929442508710801 0.5383720930232558 0.6929442508710801 0.6290697674418605
0 0.3980836236933798 0.7058139534883721 0.44773519163763065 0.7058139534883721 0.44773519163763065 0.6127906976744186 0.3980836236933798 0.6127906976744186 0.3980836236933798 0.7058139534883721
0 0.9464285714285714 0.30523255813953487 0.9804006968641115 0.30523255813953487 0.9804006968641115 0.24476744186046512 0.9464285714285714 0.24476744186046512 0.9464285714285714 0.30523255813953487
0 0.9673344947735192 0.4011627906976744 0.9986933797909407 0.4011627906976744 0.9986933797909407 0.3453488372093023 0.9673344947735192 0.3453488372093023 0.9673344947735192 0.4011627906976744
0 0.9856271777003485 0.4459302325581395 0.9995644599303136 0.4459302325581395 0.9995644599303136 0.38313953488372093 0.9856271777003485 0.38313953488372093 0.9856271777003485 0.4459302325581395
0 0.8453832752613241 0.4633720930232558 0.8854529616724739 0.4633720930232558 0.8854529616724739 0.3994186046511628 0.8453832752613241 0.3994186046511628 0.8453832752613241 0.4633720930232558
0 0.00043554006968641115 0.5290697674418605 0.009146341463414634 0.5290697674418605 0.009146341463414634 0.47093023255813954 0.00043554006968641115 0.47093023255813954 0.00043554006968641115 0.5290697674418605
0 0.8980836236933798 0.3133720930232558 0.931184668989547 0.3133720930232558 0.931184668989547 0.24825581395348836 0.8980836236933798 0.24825581395348836 0.8980836236933798 0.3133720930232558
0 0.9804006968641115 0.32034883720930235 0.9995644599303136 0.32034883720930235 0.9995644599303136 0.27151162790697675 0.9804006968641115 0.27151162790697675 0.9804006968641115 0.32034883720930235
0 0.9098432055749129 0.2691860465116279 0.9429442508710801 0.2691860465116279 0.9429442508710801 0.22151162790697673 0.9098432055749129 0.22151162790697673 0.9098432055749129 0.2691860465116279
0 0.9812717770034843 0.3546511627906977 0.9995644599303136 0.3546511627906977 0.9995644599303136 0.313953488372093 0.9812717770034843 0.313953488372093 0.9812717770034843 0.3546511627906977
0 0.98301393728223 0.3767441860465116 0.9995644599303136 0.3767441860465116 0.9995644599303136 0.31976744186046513 0.98301393728223 0.31976744186046513 0.98301393728223 0.3767441860465116