0 0.4921602787456446 0.786046511627907 0.5479094076655052 0.786046511627907 0.5479094076655052 0.6802325581395349 0.4921602787456446 0.6802325581395349 0.4921602787456446 0.786046511627907
0 0.38109756097560976 0.5412790697674419 0.41942508710801396 0.5412790697674419 0.41942508710801396 0.4563953488372093 0.38109756097560976 0.4563953488372093 0.38109756097560976 0.5412790697674419
0 0.3162020905923345 0.6377906976744186 0.3614982578397213 0.6377906976744186 0.3614982578397213 0.5447674418604651 0.3162020905923345 0.5447674418604651 0.3162020905923345 0.6377906976744186
0 0.5435540069686411 0.8348837209302326 0.5993031358885017 0.8348837209302326 0.5993031358885017 0.7267441860465116 0.5435540069686411 0.7267441860465116 0.5435540069686411 0.8348837209302326
0 0.9128919860627178 0.49011627906976746 0.9538327526132404 0.49011627906976746 0.9538327526132404 0.41337209302325584 0.9128919860627178 0.41337209302325584 0.9128919860627178 0.49011627906976746
0 0.45078397212543553 0.5372093023255814 0.4943379790940767 0.5372093023255814 0.4943379790940767 0.45813953488372094 0.45078397212543553 0.45813953488372094 0.45078397212543553 0.5372093023255814
0 0.6537456445993032 0.4994186046511628 0.698170731707317 0.4994186046511628 0.698170731707317 0.4191860465116279 0.6537456445993032 0.4191860465116279 0.6537456445993032 0.4994186046511628
0 0.17290940766550522 0.9133720930232558 0.22952961672473868 0.9133720930232558 0.22952961672473868 0.8005813953488372 0.17290940766550522 0.8005813953488372 0.17290940766550522 0.9133720930232558
0 0.13109756097560976 0.8633720930232558 0.18510452961672474 0.8633720930232558 0.18510452961672474 0.7656976744186047 0.13109756097560976 0.7656976744186047 0.13109756097560976 0.8633720930232558
0 0.5918989547038328 0.5232558139534884 0.634581881533101 0.5232558139534884 0.634581881533101 0.4441860465116279 0.5918989547038328 0.4441860465116279 0.5918989547038328 0.5232558139534884
0 0.13153310104529617 0.5895348837209302 0.1750871080139373 0.5895348837209302 0.1750871080139373 0.4965116279069767 0.13153310104529617 0.4965116279069767 0.13153310104529617 0.5895348837209302
0 0 0.49593023255813956 0.039198606271777 0.49593023255813956 0.039198606271777 0.41337209302325584 0 0.41337209302325584 0 0.49593023255813956
0 0.2643728222996516 0.4680232558139535 0.30531358885017423 0.4680232558139535 0.30531358885017423 0.39127906976744187 0.2643728222996516 0.39127906976744187 0.2643728222996516 0.4680232558139535
0 0.1672473867595819 0.6476744186046511 0.21080139372822299 0.6476744186046511 0.21080139372822299 0.5523255813953488 0.1672473867595819 0.5523255813953488 0.1672473867595819 0.6476744186046511
0 0.5 0.6093023255813953 0.5487804878048781 0.6093023255813953 0.5487804878048781 0.5197674418604651 0.5 0.5197674418604651 0.5 0.6093023255813953
0 0.6197735191637631 0.3767441860465116 0.6607142857142857 0.3767441860465116 0.6607142857142857 0.30930232558139537 0.6197735191637631 0.30930232558139537 0.6197735191637631 0.3767441860465116
0 0.5527003484320557 0.3697674418604651 0.5936411149825784 0.3697674418604651 0.5936411149825784 0.29767441860465116 0.5527003484320557 0.29767441860465116 0.5527003484320557 0.3697674418604651
0 0.0975609756097561 0.4622093023255814 0.13763066202090593 0.4622093023255814 0.13763066202090593 0.37267441860465117 0.0975609756097561 0.37267441860465117 0.0975609756097561 0.4622093023255814
0 0.695993031358885 0.5348837209302325 0.7473867595818815 0.5348837209302325 0.7473867595818815 0.4313953488372093 0.695993031358885 0.4313953488372093 0.695993031358885 0.5348837209302325
0 0.06315331010452961 0.5034883720930232 0.10583623693379791 0.5034883720930232 0.10583623693379791 0.4186046511627907 0.06315331010452961 0.4186046511627907 0.06315331010452961 0.5034883720930232
0 0.16332752613240417 0.5412790697674419 0.203397212543554 0.5412790697674419 0.203397212543554 0.4552325581395349 0.16332752613240417 0.4552325581395349 0.16332752613240417 0.5412790697674419
0 0.2739547038327526 0.5883720930232558 0.3192508710801394 0.5883720930232558 0.3192508710801394 0.5069767441860465 0.2739547038327526 0.5069767441860465 0.2739547038327526 0.5883720930232558
0 0.3998257839721254 0.4627906976744186 0.4425087108013937 0.4627906976744186 0.4425087108013937 0.3872093023255814 0.3998257839721254 0.3872093023255814 0.3998257839721254 0.4627906976744186
0 0.8471254355400697 0.32965116279069767 0.8863240418118467 0.32965116279069767 0.8863240418118467 0.2622093023255814 0.8471254355400697 0.2622093023255814 0.8471254355400697 0.32965116279069767
0 0.8745644599303136 0.5401162790697674 0.9137630662020906 0.5401162790697674 0.9137630662020906 0.4622093023255814 0.8745644599303136 0.4622093023255814 0.8745644599303136 0.5401162790697674
0 0.031794425087108016 0.6273255813953489 0.06925087108013937 0.6273255813953489 0.06925087108013937 0.5366279069767442 0.031794425087108016 0.5366279069767442 0.031794425087108016 0.6273255813953489
0 0.05574912891986063 0.7790697674418605 0.10452961672473868 0.7790697674418605 0.10452961672473868 0.6767441860465117 0.05574912891986063 0.6767441860465117 0.05574912891986063 0.7790697674418605
0 0.3680313588850174 0.7674418604651163 0.42378048780487804 0.7674418604651163 0.42378048780487804 0.663953488372093 0.3680313588850174 0.663953488372093 0.3680313588850174 0.7674418604651163
0 0.4695121951219512 0.6662790697674419 0.5235191637630662 0.6662790697674419 0.5235191637630662 0.5709302325581396 0.4695121951219512 0.5709302325581396 0.4695121951219512 0.6662790697674419
0 0.8153310104529616 0.40232558139534885 0.8554006968641115 0.40232558139534885 0.8554006968641115 0.3313953488372093 0.8153310104529616 0.3313953488372093 0.8153310104529616 0.40232558139534885
0 0.5718641114982579 0.4459302325581395 0.6093205574912892 0.4459302325581395 0.6093205574912892 0.3633720930232558 0.5718641114982579 0.3633720930232558 0.5718641114982579 0.4459302325581395
0 0.28310104529616725 0.6813953488372093 0.32926829268292684 0.6813953488372093 0.32926829268292684 0.5837209302325581 0.28310104529616725 0.5837209302325581 0.28310104529616725 0.6813953488372093
0 0.7717770034843205 0.3691860465116279 0.8127177700348432 0.3691860465116279 0.8127177700348432 0.2936046511627907 0.7717770034843205 0.2936046511627907 0.7717770034843205 0.3691860465116279
0 0.6210801393728222 0.10523255813953489 0.6567944250871081 0.10523255813953489 0.6567944250871081 0.0377906976744186 0.6210801393728222 0.0377906976744186 0.6210801393728222 0.10523255813953489
0 0.3989547038327526 0.7069767441860465 0.45034843205574915 0.7069767441860465 0.45034843205574915 0.6127906976744186 0.3989547038327526 0.6127906976744186 0.3989547038327526 0.7069767441860465
0 0.7857142857142857 0.31627906976744186 0.8266550522648084 0.31627906976744186 0.8266550522648084 0.25232558139534883 0.7857142857142857 0.25232558139534883 0.7857142857142857 0.31627906976744186
0 0.828397212543554 0.5127906976744186 0.8736933797909407 0.5127906976744186 0.8736933797909407 0.43023255813953487 0.828397212543554 0.43023255813953487 0.828397212543554 0.5127906976744186
0 0.6929442508710801 0.6308139534883721 0.742595818815331 0.6308139534883721 0.742595818815331 0.5377906976744186 0.6929442508710801 0.5377906976744186 0.6929442508710801 0.6308139534883721
0 0.9464285714285714 0.30465116279069765 0.9812717770034843 0.30465116279069765 0.9812717770034843 0.24767441860465117 0.9464285714285714 0.24767441860465117 0.9464285714285714 0.30465116279069765
0 0.9673344947735192 0.4005813953488372 0.9986933797909407 0.4005813953488372 0.9986933797909407 0.34593023255813954 0.9673344947735192 0.34593023255813954 0.9673344947735192 0.4005813953488372
0 0.9847560975609756 0.44709302325581396 0.9995644599303136 0.44709302325581396 0.9995644599303136 0.3843023255813954 0.9847560975609756 0.3843023255813954 0.9847560975609756 0.44709302325581396
0 0.8449477351916377 0.4645348837209302 0.8850174216027874 0.4645348837209302 0.8850174216027874 0.3994186046511628 0.8449477351916377 0.3994186046511628 0.8449477351916377 0.4645348837209302
0 0.6189024390243902 0.7773255813953488 0.6476480836236934 0.7773255813953488 0.6476480836236934 0.7191860465116279 0.6189024390243902 0.7191860465116279 0.6189024390243902 0.7773255813953488
0 0.8985191637630662 0.313953488372093 0.9307491289198606 0.313953488372093 0.9307491289198606 0.2534883720930233 0.8985191637630662 0.2534883720930233 0.8985191637630662 0.313953488372093
0 0.9804006968641115 0.31802325581395346 0.9995644599303136 0.31802325581395346 0.9995644599303136 0.2703488372093023 0.9804006968641115 0.2703488372093023 0.9804006968641115 0.31802325581395346
0 0 0.5302325581395348 0.009581881533101045 0.5302325581395348 0.009581881533101045 0.47093023255813954 0 0.47093023255813954 0 0.5302325581395348
0 0.9102787456445993 0.26976744186046514 0.9442508710801394 0.26976744186046514 0.9442508710801394 0.22209302325581395 0.9102787456445993 0.22209302325581395 0.9102787456445993 0.26976744186046514
0 0.9812717770034843 0.35348837209302325 0.9995644599303136 0.35348837209302325 0.9995644599303136 0.3127906976744186 0.9812717770034843 0.3127906976744186 0.9812717770034843 0.35348837209302325
0 0.8776132404181185 0.7383720930232558 0.9028745644599303 0.7383720930232558 0.9028745644599303 0.6872093023255814 0.8776132404181185 0.6872093023255814 0.8776132404181185 0.7383720930232558
0 0.6045296167247387 0.7063953488372093 0.6332752613240418 0.7063953488372093 0.6332752613240418 0.6505813953488372 0.6045296167247387 0.6505813953488372 0.6045296167247387 0.7063953488372093
0 0.9847560975609756 0.37906976744186044 0.9995644599303136 0.37906976744186044 0.9995644599303136 0.31976744186046513 0.9847560975609756 0.31976744186046513 0.9847560975609756 0.37906976744186044