0 0.5796511627906977 0.6925465838509317 0.6540697674418605 0.6925465838509317 0.6540697674418605 0.5885093167701864 0.5796511627906977 0.5885093167701864 0.5796511627906977 0.6925465838509317
0 0.7587209302325582 0.6133540372670807 0.8366279069767442 0.6133540372670807 0.8366279069767442 0.5062111801242236 0.7587209302325582 0.5062111801242236 0.7587209302325582 0.6133540372670807
0 0.4982558139534884 0.7267080745341615 0.575 0.7267080745341615 0.575 0.6149068322981367 0.4982558139534884 0.6149068322981367 0.4982558139534884 0.7267080745341615
0 0.9232558139534883 0.23214285714285715 0.9872093023255814 0.23214285714285715 0.9872093023255814 0.1374223602484472 0.9232558139534883 0.1374223602484472 0.9232558139534883 0.23214285714285715
0 0.6174418604651163 0.27562111801242234 0.6755813953488372 0.27562111801242234 0.6755813953488372 0.18711180124223603 0.6174418604651163 0.18711180124223603 0.6174418604651163 0.27562111801242234
0 0.24476744186046512 1 0.24476744186046512 0.9549689440993789 0.17848837209302326 0.9549689440993789 0.17848837209302326 1 0.24476744186046512 1
0 0.6325581395348837 0.15217391304347827 0.6930232558139535 0.15217391304347827 0.6930232558139535 0.059006211180124224 0.6325581395348837 0.059006211180124224 0.6325581395348837 0.15217391304347827
0 0.7313953488372092 0.13664596273291926 0.8116279069767441 0.13664596273291926 0.8116279069767441 0.029503105590062112 0.7313953488372092 0.029503105590062112 0.7313953488372092 0.13664596273291926
0 0.33662790697674416 0.9340062111801242 0.3994186046511628 0.9340062111801242 0.3994186046511628 0.8190993788819876 0.33662790697674416 0.8190993788819876 0.33662790697674416 0.9340062111801242
0 0.5261627906976745 0.5768633540372671 0.5970930232558139 0.5768633540372671 0.5970930232558139 0.5054347826086957 0.5261627906976745 0.5054347826086957 0.5261627906976745 0.5768633540372671
0 0.6494186046511627 0.3555900621118012 0.7040697674418605 0.3555900621118012 0.7040697674418605 0.281055900621118 0.6494186046511627 0.281055900621118 0.6494186046511627 0.3555900621118012
0 0.44476744186046513 0.5403726708074534 0.5145348837209303 0.5403726708074534 0.5145348837209303 0.43788819875776397 0.44476744186046513 0.43788819875776397 0.44476744186046513 0.5403726708074534
0 0.3691860465116279 0.9992236024844721 0.44825581395348835 0.9992236024844721 0.44825581395348835 0.9277950310559007 0.3691860465116279 0.9277950310559007 0.3691860465116279 0.9992236024844721
0 0.5267441860465116 0.9440993788819876 0.6046511627906976 0.9440993788819876 0.6046511627906976 0.8462732919254659 0.5267441860465116 0.8462732919254659 0.5267441860465116 0.9440993788819876
0 0.7610465116279069 0.3967391304347826 0.8226744186046512 0.3967391304347826 0.8226744186046512 0.30357142857142855 0.7610465116279069 0.30357142857142855 0.7610465116279069 0.3967391304347826
0 0.6133720930232558 0.5838509316770186 0.6796511627906977 0.5838509316770186 0.6796511627906977 0.4829192546583851 0.6133720930232558 0.4829192546583851 0.6133720930232558 0.5838509316770186
0 0.516860465116279 0.4968944099378882 0.5819767441860465 0.4968944099378882 0.5819767441860465 0.3944099378881988 0.516860465116279 0.3944099378881988 0.516860465116279 0.4968944099378882
0 0.6587209302325582 0.484472049689441 0.7296511627906976 0.484472049689441 0.7296511627906976 0.38664596273291924 0.6587209302325582 0.38664596273291924 0.6587209302325582 0.484472049689441
0 0.7 0 0.7 0.06366459627329192 0.7488372093023256 0.06366459627329192 0.7488372093023256 0 0.7 0
0 0.7877906976744186 0.49611801242236025 0.8470930232558139 0.49611801242236025 0.8470930232558139 0.4045031055900621 0.7877906976744186 0.4045031055900621 0.7877906976744186 0.49611801242236025
0 0.4273255813953488 0.9099378881987578 0.4936046511627907 0.9099378881987578 0.4936046511627907 0.796583850931677 0.4273255813953488 0.796583850931677 0.4273255813953488 0.9099378881987578
0 0.5808139534883721 0.44332298136645965 0.638953488372093 0.44332298136645965 0.638953488372093 0.3610248447204969 0.5808139534883721 0.3610248447204969 0.5808139534883721 0.44332298136645965
0 0.413953488372093 0.7608695652173914 0.4848837209302326 0.7608695652173914 0.4848837209302326 0.6288819875776398 0.413953488372093 0.6288819875776398 0.413953488372093 0.7608695652173914
0 0.6703488372093023 0.18555900621118013 0.7284883720930233 0.18555900621118013 0.7284883720930233 0.1125776397515528 0.6703488372093023 0.1125776397515528 0.6703488372093023 0.18555900621118013
0 0.5290697674418605 1 0.5290697674418605 0.9549689440993789 0.4569767441860465 0.9549689440993789 0.4569767441860465 1 0.5290697674418605 1
0 0.6866279069767441 0.2911490683229814 0.7517441860465116 0.2911490683229814 0.7517441860465116 0.19953416149068323 0.6866279069767441 0.19953416149068323 0.6866279069767441 0.2911490683229814
0 0.7819767441860465 0 0.7819767441860465 0.06521739130434782 0.8296511627906977 0.06521739130434782 0.8296511627906977 0 0.7819767441860465 0
0 0.13372093023255813 0.3392857142857143 0.18255813953488373 0.3392857142857143 0.18255813953488373 0.24145962732919254 0.13372093023255813 0.24145962732919254 0.13372093023255813 0.3392857142857143