0 0.5575581395348838 0.9984472049689441 0.6447674418604651 0.9984472049689441 0.6447674418604651 0.860248447204969 0.5575581395348838 0.860248447204969 0.5575581395348838 0.9984472049689441
0 0.8186046511627907 0.4332298136645963 0.8941860465116279 0.4332298136645963 0.8941860465116279 0.327639751552795 0.8186046511627907 0.327639751552795 0.8186046511627907 0.4332298136645963
0 0.45465116279069767 0.9627329192546584 0.536046511627907 0.9627329192546584 0.536046511627907 0.8322981366459627 0.45465116279069767 0.8322981366459627 0.45465116279069767 0.9627329192546584
0 0.5244186046511627 0.19875776397515527 0.5813953488372093 0.19875776397515527 0.5813953488372093 0.11024844720496894 0.5244186046511627 0.11024844720496894 0.5244186046511627 0.19875776397515527
0 0.7453488372093023 0.18944099378881987 0.8069767441860465 0.18944099378881987 0.8069767441860465 0.10403726708074534 0.7453488372093023 0.10403726708074534 0.7453488372093023 0.18944099378881987
0 0.5267441860465116 0.3796583850931677 0.586046511627907 0.3796583850931677 0.586046511627907 0.2864906832298137 0.5267441860465116 0.2864906832298137 0.5267441860465116 0.3796583850931677
0 0.461046511627907 0.4076086956521739 0.5261627906976745 0.4076086956521739 0.5261627906976745 0.3082298136645963 0.461046511627907 0.3082298136645963 0.461046511627907 0.4076086956521739
0 0.8406976744186047 0 0.8406976744186047 0.08540372670807453 0.8976744186046511 0.08540372670807453 0.8976744186046511 0 0.8406976744186047 0
0 0.4808139534883721 0.6940993788819876 0.5529069767441861 0.6940993788819876 0.5529069767441861 0.5916149068322981 0.4808139534883721 0.5916149068322981 0.4808139534883721 0.6940993788819876
0 0.5546511627906977 0.6545031055900621 0.6290697674418605 0.6545031055900621 0.6290697674418605 0.5489130434782609 0.5546511627906977 0.5489130434782609 0.5546511627906977 0.6545031055900621
0 0.7156976744186047 0.13198757763975155 0.7552325581395349 0.13198757763975155 0.7552325581395349 0.05745341614906832 0.7156976744186047 0.05745341614906832 0.7156976744186047 0.13198757763975155
0 0.672093023255814 0.7515527950310559 0.7604651162790698 0.7515527950310559 0.7604651162790698 0.6490683229813664 0.672093023255814 0.6490683229813664 0.672093023255814 0.7515527950310559
0 0.6447674418604651 0.24145962732919254 0.6982558139534883 0.24145962732919254 0.6982558139534883 0.17313664596273293 0.6447674418604651 0.17313664596273293 0.6447674418604651 0.24145962732919254
0 0.8011627906976744 0 0.8011627906976744 0.027950310559006212 0.8476744186046512 0.027950310559006212 0.8476744186046512 0 0.8011627906976744 0
0 0.6854651162790698 0.3105590062111801 0.7552325581395349 0.3105590062111801 0.7552325581395349 0.2204968944099379 0.6854651162790698 0.2204968944099379 0.6854651162790698 0.3105590062111801
0 0.5854651162790697 0.18866459627329193 0.6366279069767442 0.18866459627329193 0.6366279069767442 0.1265527950310559 0.5854651162790697 0.1265527950310559 0.5854651162790697 0.18866459627329193
0 0.6523255813953488 0.140527950310559 0.7116279069767442 0.140527950310559 0.7116279069767442 0.08307453416149069 0.6523255813953488 0.08307453416149069 0.6523255813953488 0.140527950310559
0 0.9313953488372093 0.3501552795031056 0.9988372093023256 0.3501552795031056 0.9988372093023256 0.24611801242236025 0.9313953488372093 0.24611801242236025 0.9313953488372093 0.3501552795031056
0 0.6093023255813953 0.10015527950310558 0.6616279069767442 0.10015527950310558 0.6616279069767442 0.04736024844720497 0.6093023255813953 0.04736024844720497 0.6093023255813953 0.10015527950310558
0 0.672093023255814 0.07065217391304347 0.7186046511627907 0.07065217391304347 0.7186046511627907 0.010093167701863354 0.672093023255814 0.010093167701863354 0.672093023255814 0.07065217391304347
0 0.6383720930232558 0.5077639751552795 0.713953488372093 0.5077639751552795 0.713953488372093 0.40993788819875776 0.6383720930232558 0.40993788819875776 0.6383720930232558 0.5077639751552795
0 0.7296511627906976 0 0.7296511627906976 0.034161490683229816 0.7796511627906977 0.034161490683229816 0.7796511627906977 0 0.7296511627906976 0
0 0.41104651162790695 0.8097826086956522 0.48546511627906974 0.8097826086956522 0.48546511627906974 0.6886645962732919 0.41104651162790695 0.6886645962732919 0.41104651162790695 0.8097826086956522
0 0.5784883720930233 0.06366459627329192 0.6296511627906977 0.06366459627329192 0.6296511627906977 0.009316770186335404 0.5784883720930233 0.009316770186335404 0.5784883720930233 0.06366459627329192
0 0.5912790697674418 0.27562111801242234 0.6343023255813953 0.27562111801242234 0.6343023255813953 0.20885093167701863 0.5912790697674418 0.20885093167701863 0.5912790697674418 0.27562111801242234
0 0.5947674418604652 0.38354037267080743 0.6552325581395348 0.38354037267080743 0.6552325581395348 0.3059006211180124 0.5947674418604652 0.3059006211180124 0.5947674418604652 0.38354037267080743
0 0.6395348837209303 0 0.6395348837209303 0.027950310559006212 0.6848837209302325 0.027950310559006212 0.6848837209302325 0 0.6395348837209303 0
0 0.5372093023255814 0.8501552795031055 0.6 0.8501552795031055 0.6 0.7430124223602484 0.5372093023255814 0.7430124223602484 0.5372093023255814 0.8501552795031055
0 0.48430232558139535 0.5574534161490683 0.5529069767441861 0.5574534161490683 0.5529069767441861 0.44254658385093165 0.48430232558139535 0.44254658385093165 0.48430232558139535 0.5574534161490683
0 0.6744186046511628 0.40062111801242234 0.7406976744186047 0.40062111801242234 0.7406976744186047 0.31521739130434784 0.6744186046511628 0.31521739130434784 0.6744186046511628 0.40062111801242234
0 0.5558139534883721 0 0.5558139534883721 0.04503105590062112 0.5930232558139535 0.04503105590062112 0.5930232558139535 0 0.5558139534883721 0
0 0.8081395348837209 0.1653726708074534 0.872093023255814 0.1653726708074534 0.872093023255814 0.07996894409937888 0.8081395348837209 0.07996894409937888 0.8081395348837209 0.1653726708074534
0 0.5348837209302325 0.8501552795031055 0.6174418604651163 0.8501552795031055 0.6174418604651163 0.7072981366459627 0.5348837209302325 0.7072981366459627 0.5348837209302325 0.8501552795031055
0 0.5604651162790698 0.5069875776397516 0.6209302325581395 0.5069875776397516 0.6209302325581395 0.4386645962732919 0.5604651162790698 0.4386645962732919 0.5604651162790698 0.5069875776397516
0 0.8034883720930233 0.16614906832298137 0.8732558139534884 0.16614906832298137 0.8732558139534884 0.037267080745341616 0.8034883720930233 0.037267080745341616 0.8034883720930233 0.16614906832298137
0 0.561046511627907 0.5543478260869565 0.6401162790697674 0.5543478260869565 0.6401162790697674 0.42080745341614906 0.561046511627907 0.42080745341614906 0.561046511627907 0.5543478260869565