0 0.9203488372093023 0.31288819875776397 0.9877906976744186 0.31288819875776397 0.9877906976744186 0.20263975155279504 0.9203488372093023 0.20263975155279504 0.9203488372093023 0.31288819875776397
0 0.6976744186046512 0.3796583850931677 0.7697674418604651 0.3796583850931677 0.7697674418604651 0.28183229813664595 0.6976744186046512 0.28183229813664595 0.6976744186046512 0.3796583850931677
0 0.44883720930232557 0.7678571428571429 0.5162790697674419 0.7678571428571429 0.5162790697674419 0.6653726708074534 0.44883720930232557 0.6653726708074534 0.44883720930232557 0.7678571428571429
0 0.7994186046511628 0.735248447204969 0.8808139534883721 0.735248447204969 0.8808139534883721 0.625 0.7994186046511628 0.625 0.7994186046511628 0.735248447204969
0 0.5633720930232559 0.26475155279503104 0.6203488372093023 0.26475155279503104 0.6203488372093023 0.17313664596273293 0.5633720930232559 0.17313664596273293 0.5633720930232559 0.26475155279503104
0 0.5877906976744186 0.5667701863354038 0.6715116279069767 0.5667701863354038 0.6715116279069767 0.4642857142857143 0.5877906976744186 0.4642857142857143 0.5877906976744186 0.5667701863354038
0 0.65 0 0.65 0.037267080745341616 0.7011627906976744 0.037267080745341616 0.7011627906976744 0 0.65 0
0 0.6075581395348837 0.9650621118012422 0.6877906976744186 0.9650621118012422 0.6877906976744186 0.8408385093167702 0.6075581395348837 0.8408385093167702 0.6075581395348837 0.9650621118012422
0 0.5127906976744186 0.6653726708074534 0.5837209302325581 0.6653726708074534 0.5837209302325581 0.5566770186335404 0.5127906976744186 0.5566770186335404 0.5127906976744186 0.6653726708074534
0 0.55 0.47903726708074534 0.608139534883721 0.47903726708074534 0.608139534883721 0.3967391304347826 0.55 0.3967391304347826 0.55 0.47903726708074534
0 0.6040697674418605 0.3470496894409938 0.6622093023255814 0.3470496894409938 0.6622093023255814 0.27251552795031053 0.6040697674418605 0.27251552795031053 0.6040697674418605 0.3470496894409938
0 0.7232558139534884 0.23990683229813664 0.7953488372093023 0.23990683229813664 0.7953488372093023 0.1545031055900621 0.7232558139534884 0.1545031055900621 0.7232558139534884 0.23990683229813664
0 0.6255813953488372 0.2779503105590062 0.686046511627907 0.2779503105590062 0.686046511627907 0.18478260869565216 0.6255813953488372 0.18478260869565216 0.6255813953488372 0.2779503105590062
0 0.6436046511627908 0.4642857142857143 0.7075581395348837 0.4642857142857143 0.7075581395348837 0.37111801242236025 0.6436046511627908 0.37111801242236025 0.6436046511627908 0.4642857142857143
0 0.5290697674418605 0.812111801242236 0.6127906976744186 0.812111801242236 0.6127906976744186 0.6909937888198758 0.5290697674418605 0.6909937888198758 0.5290697674418605 0.812111801242236
0 0.4796511627906977 0.5854037267080745 0.5412790697674419 0.5854037267080745 0.5412790697674419 0.48757763975155277 0.4796511627906977 0.48757763975155277 0.4796511627906977 0.5854037267080745
0 0.6226744186046511 0.17546583850931677 0.6819767441860465 0.17546583850931677 0.6819767441860465 0.10714285714285714 0.6226744186046511 0.10714285714285714 0.6226744186046511 0.17546583850931677
0 0.4697674418604651 1 0.4697674418604651 0.9145962732919255 0.39767441860465114 0.9145962732919255 0.39767441860465114 1 0.4697674418604651 1
0 0.7622093023255814 0.1793478260869565 0.8168604651162791 0.1793478260869565 0.8168604651162791 0.08618012422360248 0.7622093023255814 0.08618012422360248 0.7622093023255814 0.1793478260869565
0 0.7267441860465116 0.08850931677018634 0.7732558139534884 0.08850931677018634 0.7732558139534884 0.03260869565217391 0.7267441860465116 0.03260869565217391 0.7267441860465116 0.08850931677018634
0 0.4808139534883721 0.8982919254658385 0.5552325581395349 0.8982919254658385 0.5552325581395349 0.7942546583850931 0.4808139534883721 0.7942546583850931 0.4808139534883721 0.8982919254658385
0 0.5645348837209302 0.16149068322981366 0.6191860465116279 0.16149068322981366 0.6191860465116279 0.09627329192546584 0.5645348837209302 0.09627329192546584 0.5645348837209302 0.16149068322981366
0 0.3883720930232558 1 0.3883720930232558 0.9285714285714286 0.3209302325581395 0.9285714285714286 0.3209302325581395 1 0.3883720930232558 1
0 0.688953488372093 0.19332298136645962 0.733139534883721 0.19332298136645962 0.733139534883721 0.1172360248447205 0.688953488372093 0.1172360248447205 0.688953488372093 0.19332298136645962
0 0.3040697674418605 1 0.3040697674418605 0.9829192546583851 0.24709302325581395 0.9829192546583851 0.24709302325581395 1 0.3040697674418605 1