0 0.6371124031007752 0.3546511627906977 0.7262596899224806 0.3546511627906977 0.7262596899224806 0.19573643410852712 0.6371124031007752 0.19573643410852712 0.6371124031007752 0.3546511627906977
0 0.501453488372093 0.5193798449612403 0.6022286821705426 0.5193798449612403 0.6022286821705426 0.3682170542635659 0.501453488372093 0.3682170542635659 0.501453488372093 0.5193798449612403
0 0.1821705426356589 0.7202842377260982 0.2751937984496124 0.7202842377260982 0.2751937984496124 0.5523255813953488 0.1821705426356589 0.5523255813953488 0.1821705426356589 0.7202842377260982
0 0.7330426356589147 0.28875968992248063 0.8260658914728682 0.28875968992248063 0.8260658914728682 0.1479328165374677 0.7330426356589147 0.1479328165374677 0.7330426356589147 0.28875968992248063
0 0.40455426356589147 0.5348837209302325 0.5043604651162791 0.5348837209302325 0.5043604651162791 0.38113695090439276 0.40455426356589147 0.38113695090439276 0.40455426356589147 0.5348837209302325
0 0.8822674418604651 0 0.8822674418604651 0.09431524547803617 0.9607558139534884 0.09431524547803617 0.9607558139534884 0 0.8822674418604651 0
0 0.39147286821705424 0.6776485788113695 0.4874031007751938 0.6776485788113695 0.4874031007751938 0.49547803617571057 0.39147286821705424 0.49547803617571057 0.39147286821705424 0.6776485788113695
0 0 0.9651162790697675 0.09593023255813954 0.9651162790697675 0.09593023255813954 0.7739018087855297 0 0.7739018087855297 0 0.9651162790697675
0 0.7126937984496124 0.09108527131782945 0.7688953488372093 0.09108527131782945 0.7688953488372093 0.020025839793281652 0.7126937984496124 0.020025839793281652 0.7126937984496124 0.09108527131782945
0 0.5436046511627907 0.3727390180878553 0.6375968992248062 0.3727390180878553 0.6375968992248062 0.2189922480620155 0.5436046511627907 0.2189922480620155 0.5436046511627907 0.3727390180878553
0 0.44137596899224807 0.36175710594315247 0.5140503875968992 0.36175710594315247 0.5140503875968992 0.25839793281653745 0.44137596899224807 0.25839793281653745 0.44137596899224807 0.36175710594315247
0 0.8032945736434108 0.11304909560723514 0.872093023255814 0.11304909560723514 0.872093023255814 0.0071059431524547806 0.8032945736434108 0.0071059431524547806 0.8032945736434108 0.11304909560723514
0 0.3028100775193798 0.6343669250645995 0.4055232558139535 0.6343669250645995 0.4055232558139535 0.45348837209302323 0.3028100775193798 0.45348837209302323 0.3028100775193798 0.6343669250645995
0 0.6051356589147286 0.15956072351421188 0.6816860465116279 0.15956072351421188 0.6816860465116279 0.08979328165374677 0.6051356589147286 0.08979328165374677 0.6051356589147286 0.15956072351421188
0 0.10174418604651163 0.748062015503876 0.18410852713178294 0.748062015503876 0.18410852713178294 0.5801033591731266 0.10174418604651163 0.5801033591731266 0.10174418604651163 0.748062015503876
0 0.750968992248062 0.15439276485788114 0.8246124031007752 0.15439276485788114 0.8246124031007752 0.044573643410852716 0.750968992248062 0.044573643410852716 0.750968992248062 0.15439276485788114
0 0.9428294573643411 0 0.9428294573643411 0.05297157622739018 0.9961240310077519 0.05297157622739018 0.9961240310077519 0 0.9428294573643411 0
0 0.48594961240310075 0.4114987080103359 0.5750968992248062 0.4114987080103359 0.5750968992248062 0.30426356589147285 0.48594961240310075 0.30426356589147285 0.48594961240310075 0.4114987080103359
0 0.5920542635658915 0.2396640826873385 0.6695736434108527 0.2396640826873385 0.6695736434108527 0.1388888888888889 0.5920542635658915 0.1388888888888889 0.5920542635658915 0.2396640826873385
0 0.3028100775193798 0.5032299741602068 0.3948643410852713 0.5032299741602068 0.3948643410852713 0.40891472868217055 0.3028100775193798 0.40891472868217055 0.3028100775193798 0.5032299741602068
0 0.7180232558139535 0.1731266149870801 0.7994186046511628 0.1731266149870801 0.7994186046511628 0.08785529715762273 0.7180232558139535 0.08785529715762273 0.7180232558139535 0.1731266149870801
0 0.5285852713178295 0.30103359173126615 0.5964147286821705 0.30103359173126615 0.5964147286821705 0.18863049095607234 0.5285852713178295 0.18863049095607234 0.5285852713178295 0.30103359173126615
0 0.7572674418604651 0 0.7572674418604651 0.04263565891472868 0.810562015503876 0.04263565891472868 0.810562015503876 0 0.7572674418604651 0
0 0.31976744186046513 0.4334625322997416 0.3953488372093023 0.4334625322997416 0.3953488372093023 0.35594315245478036 0.31976744186046513 0.35594315245478036 0.31976744186046513 0.4334625322997416
0 0.39680232558139533 0.43023255813953487 0.4801356589147287 0.43023255813953487 0.4801356589147287 0.32299741602067183 0.39680232558139533 0.32299741602067183 0.39680232558139533 0.43023255813953487
0 0.6700581395348837 0.27002583979328165 0.7349806201550387 0.27002583979328165 0.7349806201550387 0.14728682170542637 0.6700581395348837 0.14728682170542637 0.6700581395348837 0.27002583979328165
0 0.6836240310077519 0.1524547803617571 0.7301356589147286 0.1524547803617571 0.7301356589147286 0.08785529715762273 0.6836240310077519 0.08785529715762273 0.6836240310077519 0.1524547803617571
0 0.809593023255814 0.02131782945736434 0.8687015503875969 0.02131782945736434 0.8687015503875969 0.0006459948320413437 0.809593023255814 0.0006459948320413437 0.809593023255814 0.02131782945736434
0 0.8696705426356589 0 0.8696705426356589 0.06847545219638243 0.8958333333333334 0.06847545219638243 0.8958333333333334 0 0.8696705426356589 0
0 0.00048449612403100775 0.7997416020671835 0.04215116279069767 0.7997416020671835 0.04215116279069767 0.7196382428940569 0.00048449612403100775 0.7196382428940569 0.00048449612403100775 0.7997416020671835