0 0.9017441860465116 0.2251552795031056 0.9668604651162791 0.2251552795031056 0.9668604651162791 0.14285714285714285 0.9017441860465116 0.14285714285714285 0.9017441860465116 0.2251552795031056
0 0.313953488372093 0.7872670807453416 0.38953488372093026 0.7872670807453416 0.38953488372093026 0.6677018633540373 0.313953488372093 0.6677018633540373 0.313953488372093 0.7872670807453416
0 0.7552325581395349 0.38664596273291924 0.8180232558139535 0.38664596273291924 0.8180232558139535 0.2919254658385093 0.7552325581395349 0.2919254658385093 0.7552325581395349 0.38664596273291924
0 0.3883720930232558 0.75 0.45813953488372094 0.75 0.45813953488372094 0.639751552795031 0.3883720930232558 0.639751552795031 0.3883720930232558 0.75
0 0.6337209302325582 0.5186335403726708 0.708139534883721 0.5186335403726708 0.708139534883721 0.42080745341614906 0.6337209302325582 0.42080745341614906 0.6337209302325582 0.5186335403726708
0 0.708139534883721 0.3167701863354037 0.7697674418604651 0.3167701863354037 0.7697674418604651 0.2329192546583851 0.708139534883721 0.2329192546583851 0.708139534883721 0.3167701863354037
0 0.46511627906976744 0.20341614906832298 0.5255813953488372 0.20341614906832298 0.5255813953488372 0.11024844720496894 0.46511627906976744 0.11024844720496894 0.46511627906976744 0.20341614906832298
0 0.8511627906976744 0.7484472049689441 0.9232558139534883 0.7484472049689441 0.9232558139534883 0.6428571428571429 0.8511627906976744 0.6428571428571429 0.8511627906976744 0.7484472049689441
0 0.6058139534883721 0.1389751552795031 0.6581395348837209 0.1389751552795031 0.6581395348837209 0.06444099378881987 0.6058139534883721 0.06444099378881987 0.6058139534883721 0.1389751552795031
0 0.5697674418604651 0.6809006211180124 0.6453488372093024 0.6809006211180124 0.6453488372093024 0.5737577639751553 0.5697674418604651 0.5737577639751553 0.5697674418604651 0.6809006211180124
0 0.7145348837209302 0.8509316770186336 0.7982558139534883 0.8509316770186336 0.7982558139534883 0.7329192546583851 0.7145348837209302 0.7329192546583851 0.7145348837209302 0.8509316770186336
0 0.4046511627906977 0.5201863354037267 0.46162790697674416 0.5201863354037267 0.46162790697674416 0.4192546583850932 0.4046511627906977 0.4192546583850932 0.4046511627906977 0.5201863354037267
0 0.608139534883721 0.44875776397515527 0.6546511627906977 0.44875776397515527 0.6546511627906977 0.358695652173913 0.608139534883721 0.358695652173913 0.608139534883721 0.44875776397515527
0 0.5093023255813953 0.9363354037267081 0.5930232558139535 0.9363354037267081 0.5930232558139535 0.8136645962732919 0.5093023255813953 0.8136645962732919 0.5093023255813953 0.9363354037267081
0 0.5255813953488372 0.6017080745341615 0.5883720930232558 0.6017080745341615 0.5883720930232558 0.5007763975155279 0.5255813953488372 0.5007763975155279 0.5255813953488372 0.6017080745341615
0 0.8313953488372093 0.21739130434782608 0.8976744186046511 0.21739130434782608 0.8976744186046511 0.14130434782608695 0.8313953488372093 0.14130434782608695 0.8313953488372093 0.21739130434782608
0 0.6488372093023256 0.17313664596273293 0.7023255813953488 0.17313664596273293 0.7023255813953488 0.1048136645962733 0.6488372093023256 0.1048136645962733 0.6488372093023256 0.17313664596273293
0 0.461046511627907 0.5100931677018633 0.5284883720930232 0.5100931677018633 0.5284883720930232 0.43711180124223603 0.461046511627907 0.43711180124223603 0.461046511627907 0.5100931677018633
0 0.3372093023255814 0.9992236024844721 0.4186046511627907 0.9992236024844721 0.4186046511627907 0.8843167701863354 0.3372093023255814 0.8843167701863354 0.3372093023255814 0.9992236024844721
0 0.6098837209302326 0.2484472049689441 0.6645348837209303 0.2484472049689441 0.6645348837209303 0.17391304347826086 0.6098837209302326 0.17391304347826086 0.6098837209302326 0.2484472049689441
0 0.7534883720930232 0.2422360248447205 0.8162790697674419 0.2422360248447205 0.8162790697674419 0.15062111801242237 0.7534883720930232 0.15062111801242237 0.7534883720930232 0.2422360248447205
0 0.7145348837209302 0.4860248447204969 0.7819767441860465 0.4860248447204969 0.7819767441860465 0.40372670807453415 0.7145348837209302 0.40372670807453415 0.7145348837209302 0.4860248447204969
0 0.7843023255813953 0.1638198757763975 0.8343023255813954 0.1638198757763975 0.8343023255813954 0.07841614906832298 0.7843023255813953 0.07841614906832298 0.7843023255813953 0.1638198757763975
0 0.44069767441860463 0.328416149068323 0.48953488372093024 0.328416149068323 0.48953488372093024 0.23680124223602483 0.44069767441860463 0.23680124223602483 0.44069767441860463 0.328416149068323
0 0.42151162790697677 0.9363354037267081 0.49127906976744184 0.9363354037267081 0.49127906976744184 0.8493788819875776 0.42151162790697677 0.8493788819875776 0.42151162790697677 0.9363354037267081
0 0.4563953488372093 0.3610248447204969 0.5087209302325582 0.3610248447204969 0.5087209302325582 0.28493788819875776 0.4563953488372093 0.28493788819875776 0.4563953488372093 0.3610248447204969
0 0.5215116279069767 0.20729813664596272 0.5773255813953488 0.20729813664596272 0.5773255813953488 0.1187888198757764 0.5215116279069767 0.1187888198757764 0.5215116279069767 0.20729813664596272
0 0.5604651162790698 0.36257763975155277 0.6162790697674418 0.36257763975155277 0.6162790697674418 0.30978260869565216 0.5604651162790698 0.30978260869565216 0.5604651162790698 0.36257763975155277
0 0.5465116279069767 0.8105590062111802 0.6290697674418605 0.8105590062111802 0.6290697674418605 0.7065217391304348 0.5465116279069767 0.7065217391304348 0.5465116279069767 0.8105590062111802
0 0.538953488372093 0.46816770186335405 0.6063953488372092 0.46816770186335405 0.6063953488372092 0.390527950310559 0.538953488372093 0.390527950310559 0.538953488372093 0.46816770186335405
0 0.5523255813953488 0.2204968944099379 0.6023255813953489 0.2204968944099379 0.6023255813953489 0.16925465838509315 0.5523255813953488 0.16925465838509315 0.5523255813953488 0.2204968944099379
0 0.7273255813953489 0.09161490683229814 0.7819767441860465 0.09161490683229814 0.7819767441860465 0.03571428571428571 0.7273255813953489 0.03571428571428571 0.7273255813953489 0.09161490683229814
0 0.4872093023255814 0.39596273291925466 0.5488372093023256 0.39596273291925466 0.5488372093023256 0.3167701863354037 0.4872093023255814 0.3167701863354037 0.4872093023255814 0.39596273291925466
0 0.6267441860465116 0.3392857142857143 0.6883720930232559 0.3392857142857143 0.6883720930232559 0.27251552795031053 0.6267441860465116 0.27251552795031053 0.6267441860465116 0.3392857142857143
0 0.46162790697674416 0.6350931677018633 0.5162790697674419 0.6350931677018633 0.5162790697674419 0.5527950310559007 0.46162790697674416 0.5527950310559007 0.46162790697674416 0.6350931677018633
0 0.6784883720930233 0.2593167701863354 0.7226744186046512 0.2593167701863354 0.7226744186046512 0.19409937888198758 0.6784883720930233 0.19409937888198758 0.6784883720930233 0.2593167701863354
0 0.7186046511627907 0.17003105590062112 0.7593023255813953 0.17003105590062112 0.7593023255813953 0.1125776397515528 0.7186046511627907 0.1125776397515528 0.7186046511627907 0.17003105590062112
0 0.4680232558139535 0.7795031055900621 0.5354651162790698 0.7795031055900621 0.5354651162790698 0.672360248447205 0.4680232558139535 0.672360248447205 0.4680232558139535 0.7795031055900621
0 0.8 0 0.8 0.012422360248447204 0.8302325581395349 0.012422360248447204 0.8302325581395349 0 0.8 0
0 0.5284883720930232 0.30978260869565216 0.5691860465116279 0.30978260869565216 0.5691860465116279 0.2554347826086957 0.5284883720930232 0.2554347826086957 0.5284883720930232 0.30978260869565216
0 0.6709302325581395 0.07608695652173914 0.7197674418604652 0.07608695652173914 0.7197674418604652 0.023291925465838508 0.6709302325581395 0.023291925465838508 0.6709302325581395 0.07608695652173914
0 0.5534883720930233 0.2857142857142857 0.6 0.2857142857142857 0.6 0.21739130434782608 0.5534883720930233 0.21739130434782608 0.5534883720930233 0.2857142857142857