0 0.4917247386759582 0.7854651162790698 0.5474738675958188 0.7854651162790698 0.5474738675958188 0.6808139534883721 0.4917247386759582 0.6808139534883721 0.4917247386759582 0.7854651162790698
0 0.45078397212543553 0.5366279069767442 0.4943379790940767 0.5366279069767442 0.4943379790940767 0.4563953488372093 0.45078397212543553 0.4563953488372093 0.45078397212543553 0.5366279069767442
0 0.38109756097560976 0.5406976744186046 0.41942508710801396 0.5406976744186046 0.41942508710801396 0.4569767441860465 0.38109756097560976 0.4569767441860465 0.38109756097560976 0.5406976744186046
0 0.3162020905923345 0.6377906976744186 0.3614982578397213 0.6377906976744186 0.3614982578397213 0.5459302325581395 0.3162020905923345 0.5459302325581395 0.3162020905923345 0.6377906976744186
0 0.9128919860627178 0.49127906976744184 0.9538327526132404 0.49127906976744184 0.9538327526132404 0.41337209302325584 0.9128919860627178 0.41337209302325584 0.9128919860627178 0.49127906976744184
0 0 0.49593023255813956 0.039198606271777 0.49593023255813956 0.039198606271777 0.4145348837209302 0 0.4145348837209302 0 0.49593023255813956
0 0.544425087108014 0.836046511627907 0.5984320557491289 0.836046511627907 0.5984320557491289 0.7267441860465116 0.544425087108014 0.7267441860465116 0.544425087108014 0.836046511627907
0 0.13196864111498258 0.588953488372093 0.17465156794425088 0.588953488372093 0.17465156794425088 0.49709302325581395 0.13196864111498258 0.49709302325581395 0.13196864111498258 0.588953488372093
0 0.6541811846689896 0.5 0.6977351916376306 0.5 0.6977351916376306 0.4186046511627907 0.6541811846689896 0.4186046511627907 0.6541811846689896 0.5
0 0.5918989547038328 0.5238372093023256 0.634581881533101 0.5238372093023256 0.634581881533101 0.44476744186046513 0.5918989547038328 0.44476744186046513 0.5918989547038328 0.5238372093023256
0 0.2643728222996516 0.4680232558139535 0.30618466898954705 0.4680232558139535 0.30618466898954705 0.39127906976744187 0.2643728222996516 0.39127906976744187 0.2643728222996516 0.4680232558139535
0 0.46994773519163763 0.666860465116279 0.5239547038327527 0.666860465116279 0.5239547038327527 0.5703488372093023 0.46994773519163763 0.5703488372093023 0.46994773519163763 0.666860465116279
0 0.13240418118466898 0.8633720930232558 0.18641114982578397 0.8633720930232558 0.18641114982578397 0.7656976744186047 0.13240418118466898 0.7656976744186047 0.13240418118466898 0.8633720930232558
0 0.5522648083623694 0.37093023255813956 0.5940766550522648 0.37093023255813956 0.5940766550522648 0.2988372093023256 0.5522648083623694 0.2988372093023256 0.5522648083623694 0.37093023255813956
0 0.16637630662020905 0.6476744186046511 0.21080139372822299 0.6476744186046511 0.21080139372822299 0.5534883720930233 0.16637630662020905 0.5534883720930233 0.16637630662020905 0.6476744186046511
0 0.695993031358885 0.5337209302325582 0.7482578397212544 0.5337209302325582 0.7482578397212544 0.43023255813953487 0.695993031358885 0.43023255813953487 0.695993031358885 0.5337209302325582
0 0.17247386759581881 0.913953488372093 0.2308362369337979 0.913953488372093 0.2308362369337979 0.8011627906976744 0.17247386759581881 0.8011627906976744 0.17247386759581881 0.913953488372093
0 0.49956445993031356 0.6087209302325581 0.5483449477351916 0.6087209302325581 0.5483449477351916 0.5203488372093024 0.49956445993031356 0.5203488372093024 0.49956445993031356 0.6087209302325581
0 0.05618466898954704 0.7802325581395348 0.10409407665505227 0.7802325581395348 0.10409407665505227 0.6767441860465117 0.05618466898954704 0.6767441860465117 0.05618466898954704 0.7802325581395348
0 0.6197735191637631 0.3767441860465116 0.6607142857142857 0.3767441860465116 0.6607142857142857 0.3081395348837209 0.6197735191637631 0.3081395348837209 0.6197735191637631 0.3767441860465116
0 0.0975609756097561 0.46162790697674416 0.13763066202090593 0.46162790697674416 0.13763066202090593 0.3732558139534884 0.0975609756097561 0.3732558139534884 0.0975609756097561 0.46162790697674416
0 0.2735191637630662 0.5877906976744186 0.31881533101045295 0.5877906976744186 0.31881533101045295 0.5063953488372093 0.2735191637630662 0.5063953488372093 0.2735191637630662 0.5877906976744186
0 0.8466898954703833 0.3302325581395349 0.8858885017421603 0.3302325581395349 0.8858885017421603 0.26395348837209304 0.8466898954703833 0.26395348837209304 0.8466898954703833 0.3302325581395349
0 0.031794425087108016 0.6273255813953489 0.06925087108013937 0.6273255813953489 0.06925087108013937 0.5343023255813953 0.031794425087108016 0.5343023255813953 0.031794425087108016 0.6273255813953489
0 0.40026132404181186 0.4633720930232558 0.4412020905923345 0.4633720930232558 0.4412020905923345 0.3866279069767442 0.40026132404181186 0.3866279069767442 0.40026132404181186 0.4633720930232558
0 0.06315331010452961 0.5034883720930232 0.10583623693379791 0.5034883720930232 0.10583623693379791 0.4186046511627907 0.06315331010452961 0.4186046511627907 0.06315331010452961 0.5034883720930232
0 0.8745644599303136 0.5406976744186046 0.9137630662020906 0.5406976744186046 0.9137630662020906 0.46162790697674416 0.8745644599303136 0.46162790697674416 0.8745644599303136 0.5406976744186046
0 0.16376306620209058 0.5401162790697674 0.20470383275261325 0.5401162790697674 0.20470383275261325 0.45406976744186045 0.16376306620209058 0.45406976744186045 0.16376306620209058 0.5401162790697674
0 0.2826655052264808 0.6819767441860465 0.3288327526132404 0.6819767441860465 0.3288327526132404 0.5843023255813954 0.2826655052264808 0.5843023255813954 0.2826655052264808 0.6819767441860465
0 0.3680313588850174 0.7656976744186047 0.4220383275261324 0.7656976744186047 0.4220383275261324 0.6645348837209303 0.3680313588850174 0.6645348837209303 0.3680313588850174 0.7656976744186047
0 0.3980836236933798 0.7052325581395349 0.45034843205574915 0.7052325581395349 0.45034843205574915 0.6133720930232558 0.3980836236933798 0.6133720930232558 0.3980836236933798 0.7052325581395349
0 0.5714285714285714 0.4459302325581395 0.6097560975609756 0.4459302325581395 0.6097560975609756 0.3633720930232558 0.5714285714285714 0.3633720930232558 0.5714285714285714 0.4459302325581395
0 0.7717770034843205 0.3686046511627907 0.8118466898954704 0.3686046511627907 0.8118466898954704 0.2941860465116279 0.7717770034843205 0.2941860465116279 0.7717770034843205 0.3686046511627907
0 0.8153310104529616 0.4029069767441861 0.8536585365853658 0.4029069767441861 0.8536585365853658 0.3319767441860465 0.8153310104529616 0.3319767441860465 0.8153310104529616 0.4029069767441861
0 0.6933797909407665 0.6308139534883721 0.7421602787456446 0.6308139534883721 0.7421602787456446 0.5377906976744186 0.6933797909407665 0.5377906976744186 0.6933797909407665 0.6308139534883721
0 0.6210801393728222 0.1058139534883721 0.6567944250871081 0.1058139534883721 0.6567944250871081 0.037209302325581395 0.6210801393728222 0.037209302325581395 0.6210801393728222 0.1058139534883721
0 0.7852787456445993 0.31627906976744186 0.8253484320557491 0.31627906976744186 0.8253484320557491 0.25232558139534883 0.7852787456445993 0.25232558139534883 0.7852787456445993 0.31627906976744186
0 0.828397212543554 0.5127906976744186 0.8736933797909407 0.5127906976744186 0.8736933797909407 0.4313953488372093 0.828397212543554 0.4313953488372093 0.828397212543554 0.5127906976744186
0 0.9464285714285714 0.30465116279069765 0.9804006968641115 0.30465116279069765 0.9804006968641115 0.24767441860465117 0.9464285714285714 0.24767441860465117 0.9464285714285714 0.30465116279069765
0 0.9664634146341463 0.40174418604651163 0.9969512195121951 0.40174418604651163 0.9969512195121951 0.3447674418604651 0.9664634146341463 0.3447674418604651 0.9664634146341463 0.40174418604651163
0 0.9856271777003485 0.44709302325581396 0.9995644599303136 0.44709302325581396 0.9995644599303136 0.38313953488372093 0.9856271777003485 0.38313953488372093 0.9856271777003485 0.44709302325581396
0 0.8453832752613241 0.46395348837209305 0.8854529616724739 0.46395348837209305 0.8854529616724739 0.4 0.8453832752613241 0.4 0.8453832752613241 0.46395348837209305
0 0.8985191637630662 0.3133720930232558 0.9307491289198606 0.3133720930232558 0.9307491289198606 0.2517441860465116 0.8985191637630662 0.2517441860465116 0.8985191637630662 0.3133720930232558
0 0 0.5284883720930232 0.009581881533101045 0.5284883720930232 0.009581881533101045 0.4703488372093023 0 0.4703488372093023 0 0.5284883720930232
0 0.9098432055749129 0.27151162790697675 0.9455574912891986 0.27151162790697675 0.9455574912891986 0.22151162790697673 0.9098432055749129 0.22151162790697673 0.9098432055749129 0.27151162790697675
0 0.9804006968641115 0.3174418604651163 0.9995644599303136 0.3174418604651163 0.9995644599303136 0.2686046511627907 0.9804006968641115 0.2686046511627907 0.9804006968641115 0.3174418604651163
0 0.9804006968641115 0.3558139534883721 0.9995644599303136 0.3558139534883721 0.9995644599303136 0.3127906976744186 0.9804006968641115 0.3127906976744186 0.9804006968641115 0.3558139534883721
0 0.6602787456445993 0.7604651162790698 0.676829268292683 0.7604651162790698 0.676829268292683 0.7186046511627907 0.6602787456445993 0.7186046511627907 0.6602787456445993 0.7604651162790698
0 0.6742160278745645 0.7982558139534883 0.6968641114982579 0.7982558139534883 0.6968641114982579 0.7517441860465116 0.6742160278745645 0.7517441860465116 0.6742160278745645 0.7982558139534883
0 0.98301393728223 0.37965116279069766 0.9995644599303136 0.37965116279069766 0.9995644599303136 0.3191860465116279 0.98301393728223 0.3191860465116279 0.98301393728223 0.37965116279069766