0 0.5406976744186046 0.5232558139534884 0.6385658914728682 0.5232558139534884 0.6385658914728682 0.35658914728682173 0.5406976744186046 0.35658914728682173 0.5406976744186046 0.5232558139534884
0 0.6409883720930233 0.3449612403100775 0.7330426356589147 0.3449612403100775 0.7330426356589147 0.20155038759689922 0.6409883720930233 0.20155038759689922 0.6409883720930233 0.3449612403100775
0 0.04844961240310078 0.8843669250645995 0.14050387596899225 0.8843669250645995 0.14050387596899225 0.6854005167958657 0.04844961240310078 0.6854005167958657 0.04844961240310078 0.8843669250645995
0 0.28875968992248063 0.8791989664082688 0.3953488372093023 0.8791989664082688 0.3953488372093023 0.6750645994832042 0.28875968992248063 0.6750645994832042 0.28875968992248063 0.8791989664082688
0 0.8066860465116279 0.29069767441860467 0.8977713178294574 0.29069767441860467 0.8977713178294574 0.1511627906976744 0.8066860465116279 0.1511627906976744 0.8066860465116279 0.29069767441860467
0 0.46560077519379844 0.2739018087855297 0.5382751937984496 0.2739018087855297 0.5382751937984496 0.16279069767441862 0.46560077519379844 0.16279069767441862 0.46560077519379844 0.2739018087855297
0 0.9442829457364341 0.14534883720930233 0.999515503875969 0.14534883720930233 0.999515503875969 0.023901808785529714 0.9442829457364341 0.023901808785529714 0.9442829457364341 0.14534883720930233
0 0.36773255813953487 0.5251937984496124 0.46075581395348836 0.5251937984496124 0.46075581395348836 0.3611111111111111 0.36773255813953487 0.3611111111111111 0.36773255813953487 0.5251937984496124
0 0.8556201550387597 0.16666666666666666 0.935077519379845 0.16666666666666666 0.935077519379845 0.03488372093023256 0.8556201550387597 0.03488372093023256 0.8556201550387597 0.16666666666666666
0 0.5465116279069767 0.32751937984496127 0.6356589147286822 0.32751937984496127 0.6356589147286822 0.19444444444444445 0.5465116279069767 0.19444444444444445 0.5465116279069767 0.32751937984496127
0 0.7281976744186046 0.31976744186046513 0.8086240310077519 0.31976744186046513 0.8086240310077519 0.17506459948320413 0.7281976744186046 0.17506459948320413 0.7281976744186046 0.31976744186046513
0 0.1380813953488372 0.8617571059431525 0.24079457364341086 0.8617571059431525 0.24079457364341086 0.6602067183462532 0.1380813953488372 0.6602067183462532 0.1380813953488372 0.8617571059431525
0 0.24563953488372092 0.7467700258397932 0.3444767441860465 0.7467700258397932 0.3444767441860465 0.5697674418604651 0.24563953488372092 0.5697674418604651 0.24563953488372092 0.7467700258397932
0 0.4583333333333333 0.4967700258397933 0.5445736434108527 0.4967700258397933 0.5445736434108527 0.3417312661498708 0.4583333333333333 0.3417312661498708 0.4583333333333333 0.4967700258397933
0 0.2010658914728682 0.9147286821705426 0.29408914728682173 0.9147286821705426 0.29408914728682173 0.727390180878553 0.2010658914728682 0.727390180878553 0.2010658914728682 0.9147286821705426
0 0.5179263565891473 0.18540051679586564 0.5721899224806202 0.18540051679586564 0.5721899224806202 0.08591731266149871 0.5179263565891473 0.08591731266149871 0.5179263565891473 0.18540051679586564
0 0.17781007751937986 0.5704134366925064 0.25726744186046513 0.5704134366925064 0.25726744186046513 0.46059431524547806 0.17781007751937986 0.46059431524547806 0.17781007751937986 0.5704134366925064
0 0.7044573643410853 0.19702842377260982 0.7800387596899225 0.19702842377260982 0.7800387596899225 0.0962532299741602 0.7044573643410853 0.0962532299741602 0.7044573643410853 0.19702842377260982
0 0.9026162790697675 0 0.9026162790697675 0.09043927648578812 0.9743217054263565 0.09043927648578812 0.9743217054263565 0 0.9026162790697675 0
0 0.7136627906976745 0.08333333333333333 0.7688953488372093 0.08333333333333333 0.7688953488372093 0.018733850129198967 0.7136627906976745 0.018733850129198967 0.7136627906976745 0.08333333333333333
0 0.7630813953488372 0.19702842377260982 0.8338178294573644 0.19702842377260982 0.8338178294573644 0.0872093023255814 0.7630813953488372 0.0872093023255814 0.7630813953488372 0.19702842377260982
0 0.8367248062015504 0 0.8367248062015504 0.06459948320413436 0.9016472868217055 0.06459948320413436 0.9016472868217055 0 0.8367248062015504 0
0 0.8008720930232558 0.14534883720930233 0.8561046511627907 0.14534883720930233 0.8561046511627907 0.040697674418604654 0.8008720930232558 0.040697674418604654 0.8008720930232558 0.14534883720930233
0 0.6647286821705426 0.13501291989664083 0.7335271317829457 0.13501291989664083 0.7335271317829457 0.06136950904392765 0.6647286821705426 0.06136950904392765 0.6647286821705426 0.13501291989664083
0 0.18023255813953487 0.7028423772609819 0.26453488372093026 0.7028423772609819 0.26453488372093026 0.5516795865633075 0.18023255813953487 0.5516795865633075 0.18023255813953487 0.7028423772609819
0 0 0.8643410852713178 0.05232558139534884 0.8643410852713178 0.05232558139534884 0.7080103359173127 0 0.7080103359173127 0 0.8643410852713178
0 0.07848837209302326 1 0.07848837209302326 0.8540051679586563 0 0.8540051679586563 0 1 0.07848837209302326 1
0 0.7703488372093024 0.08397932816537468 0.8255813953488372 0.08397932816537468 0.8255813953488372 0.025839793281653745 0.7703488372093024 0.025839793281653745 0.7703488372093024 0.08397932816537468
0 0.45348837209302323 0.39082687338501293 0.5397286821705426 0.39082687338501293 0.5397286821705426 0.291343669250646 0.45348837209302323 0.291343669250646 0.45348837209302323 0.39082687338501293
0 0.7737403100775194 0 0.7737403100775194 0.03488372093023256 0.8309108527131783 0.03488372093023256 0.8309108527131783 0 0.7737403100775194 0
0 0.6148255813953488 0.19896640826873385 0.6942829457364341 0.19896640826873385 0.6942829457364341 0.10594315245478036 0.6148255813953488 0.10594315245478036 0.6148255813953488 0.19896640826873385
0 0.3628875968992248 0.4024547803617571 0.4491279069767442 0.4024547803617571 0.4491279069767442 0.3055555555555556 0.3628875968992248 0.3055555555555556 0.3628875968992248 0.4024547803617571
0 0.35901162790697677 0.3682170542635659 0.44040697674418605 0.3682170542635659 0.44040697674418605 0.2713178294573643 0.35901162790697677 0.2713178294573643 0.35901162790697677 0.3682170542635659
0 0.5460271317829457 0.23385012919896642 0.6128875968992248 0.23385012919896642 0.6128875968992248 0.165374677002584 0.5460271317829457 0.165374677002584 0.5460271317829457 0.23385012919896642
0 0.625 0.24483204134366926 0.6937984496124031 0.24483204134366926 0.6937984496124031 0.13501291989664083 0.625 0.13501291989664083 0.625 0.24483204134366926
0 0.7388565891472868 0.10852713178294573 0.7834302325581395 0.10852713178294573 0.7834302325581395 0.06459948320413436 0.7388565891472868 0.06459948320413436 0.7388565891472868 0.10852713178294573
0 0.6409883720930233 0.24612403100775193 0.7262596899224806 0.24612403100775193 0.7262596899224806 0.16731266149870802 0.6409883720930233 0.16731266149870802 0.6409883720930233 0.24612403100775193
0 0 0.9993540051679587 0.055232558139534885 0.9993540051679587 0.055232558139534885 0.9541343669250646 0 0.9541343669250646 0 0.9993540051679587