0 0.38109756097560976 0.5395348837209303 0.41942508710801396 0.5395348837209303 0.41942508710801396 0.4569767441860465 0.38109756097560976 0.4569767441860465 0.38109756097560976 0.5395348837209303
0 0.3170731707317073 0.6377906976744186 0.3614982578397213 0.6377906976744186 0.3614982578397213 0.5459302325581395 0.3170731707317073 0.5459302325581395 0.3170731707317073 0.6377906976744186
0 0.9128919860627178 0.4906976744186046 0.9538327526132404 0.4906976744186046 0.9538327526132404 0.4127906976744186 0.9128919860627178 0.4127906976744186 0.9128919860627178 0.4906976744186046
0 0.49346689895470386 0.7825581395348837 0.5474738675958188 0.7825581395348837 0.5474738675958188 0.6813953488372093 0.49346689895470386 0.6813953488372093 0.49346689895470386 0.7825581395348837
0 0.544425087108014 0.8337209302325581 0.5975609756097561 0.8337209302325581 0.5975609756097561 0.727906976744186 0.544425087108014 0.727906976744186 0.544425087108014 0.8337209302325581
0 0.45034843205574915 0.536046511627907 0.49477351916376305 0.536046511627907 0.49477351916376305 0.45813953488372094 0.45034843205574915 0.45813953488372094 0.45034843205574915 0.536046511627907
0 0.00043554006968641115 0.49593023255813956 0.039634146341463415 0.49593023255813956 0.039634146341463415 0.4145348837209302 0.00043554006968641115 0.4145348837209302 0.00043554006968641115 0.49593023255813956
0 0.49956445993031356 0.6087209302325581 0.5483449477351916 0.6087209302325581 0.5483449477351916 0.5203488372093024 0.49956445993031356 0.5203488372093024 0.49956445993031356 0.6087209302325581
0 0.26393728222996515 0.46511627906976744 0.3057491289198606 0.46511627906976744 0.3057491289198606 0.3918604651162791 0.26393728222996515 0.3918604651162791 0.26393728222996515 0.46511627906976744
0 0.062282229965156796 0.5017441860465116 0.10583623693379791 0.5017441860465116 0.10583623693379791 0.4191860465116279 0.062282229965156796 0.4191860465116279 0.062282229965156796 0.5017441860465116
0 0.16681184668989546 0.6482558139534884 0.21123693379790942 0.6482558139534884 0.21123693379790942 0.5529069767441861 0.16681184668989546 0.5529069767441861 0.16681184668989546 0.6482558139534884
0 0.13196864111498258 0.588953488372093 0.17465156794425088 0.588953488372093 0.17465156794425088 0.49709302325581395 0.13196864111498258 0.49709302325581395 0.13196864111498258 0.588953488372093
0 0.5918989547038328 0.5215116279069767 0.6354529616724739 0.5215116279069767 0.6354529616724739 0.44476744186046513 0.5918989547038328 0.44476744186046513 0.5918989547038328 0.5215116279069767
0 0.3989547038327526 0.4633720930232558 0.4416376306620209 0.4633720930232558 0.4416376306620209 0.3866279069767442 0.3989547038327526 0.3866279069767442 0.3989547038327526 0.4633720930232558
0 0.09799651567944251 0.46162790697674416 0.13719512195121952 0.46162790697674416 0.13719512195121952 0.3732558139534884 0.09799651567944251 0.3732558139534884 0.09799651567944251 0.46162790697674416
0 0.6541811846689896 0.5 0.6977351916376306 0.5 0.6977351916376306 0.42093023255813955 0.6541811846689896 0.42093023255813955 0.6541811846689896 0.5
0 0.13196864111498258 0.8622093023255814 0.1833623693379791 0.8622093023255814 0.1833623693379791 0.7656976744186047 0.13196864111498258 0.7656976744186047 0.13196864111498258 0.8622093023255814
0 0.17378048780487804 0.9122093023255814 0.22952961672473868 0.9122093023255814 0.22952961672473868 0.8017441860465117 0.17378048780487804 0.8017441860465117 0.17378048780487804 0.9122093023255814
0 0.47038327526132406 0.6674418604651163 0.5235191637630662 0.6674418604651163 0.5235191637630662 0.5720930232558139 0.47038327526132406 0.5720930232558139 0.47038327526132406 0.6674418604651163
0 0.3680313588850174 0.7726744186046511 0.4229094076655052 0.7726744186046511 0.4229094076655052 0.6645348837209303 0.3680313588850174 0.6645348837209303 0.3680313588850174 0.7726744186046511
0 0.8471254355400697 0.3308139534883721 0.8863240418118467 0.3308139534883721 0.8863240418118467 0.26569767441860465 0.8471254355400697 0.26569767441860465 0.8471254355400697 0.3308139534883721
0 0.8745644599303136 0.5401162790697674 0.9128919860627178 0.5401162790697674 0.9128919860627178 0.4622093023255814 0.8745644599303136 0.4622093023255814 0.8745644599303136 0.5401162790697674
0 0.16376306620209058 0.541860465116279 0.2029616724738676 0.541860465116279 0.2029616724738676 0.45813953488372094 0.16376306620209058 0.45813953488372094 0.16376306620209058 0.541860465116279
0 0.5527003484320557 0.3697674418604651 0.5936411149825784 0.3697674418604651 0.5936411149825784 0.29767441860465116 0.5527003484320557 0.29767441860465116 0.5527003484320557 0.3697674418604651
0 0.2735191637630662 0.5895348837209302 0.31794425087108014 0.5895348837209302 0.31794425087108014 0.5069767441860465 0.2735191637630662 0.5069767441860465 0.2735191637630662 0.5895348837209302
0 0.28310104529616725 0.6761627906976744 0.32926829268292684 0.6761627906976744 0.32926829268292684 0.5843023255813954 0.28310104529616725 0.5843023255813954 0.28310104529616725 0.6761627906976744
0 0.032229965156794424 0.627906976744186 0.06881533101045297 0.627906976744186 0.06881533101045297 0.5395348837209303 0.032229965156794424 0.5395348837209303 0.032229965156794424 0.627906976744186
0 0.6197735191637631 0.37616279069767444 0.6607142857142857 0.37616279069767444 0.6607142857142857 0.30872093023255814 0.6197735191637631 0.30872093023255814 0.6197735191637631 0.37616279069767444
0 0.6951219512195121 0.5337209302325582 0.7465156794425087 0.5337209302325582 0.7465156794425087 0.4325581395348837 0.6951219512195121 0.4325581395348837 0.6951219512195121 0.5337209302325582
0 0.05879790940766551 0.7808139534883721 0.10496515679442509 0.7808139534883721 0.10496515679442509 0.6773255813953488 0.05879790940766551 0.6773255813953488 0.05879790940766551 0.7808139534883721
0 0.8166376306620209 0.40232558139534885 0.855836236933798 0.40232558139534885 0.855836236933798 0.3313953488372093 0.8166376306620209 0.3313953488372093 0.8166376306620209 0.40232558139534885
0 0.3985191637630662 0.7046511627906977 0.45078397212543553 0.7046511627906977 0.45078397212543553 0.6127906976744186 0.3985191637630662 0.6127906976744186 0.3985191637630662 0.7046511627906977
0 0.570993031358885 0.4459302325581395 0.6093205574912892 0.4459302325581395 0.6093205574912892 0.3633720930232558 0.570993031358885 0.3633720930232558 0.570993031358885 0.4459302325581395
0 0.7717770034843205 0.3686046511627907 0.813588850174216 0.3686046511627907 0.813588850174216 0.2930232558139535 0.7717770034843205 0.2930232558139535 0.7717770034843205 0.3686046511627907
0 0.6202090592334495 0.10697674418604651 0.6567944250871081 0.10697674418604651 0.6567944250871081 0.037209302325581395 0.6202090592334495 0.037209302325581395 0.6202090592334495 0.10697674418604651
0 0.8288327526132404 0.5122093023255814 0.8732578397212544 0.5122093023255814 0.8732578397212544 0.43197674418604654 0.8288327526132404 0.43197674418604654 0.8288327526132404 0.5122093023255814
0 0.7857142857142857 0.3133720930232558 0.828397212543554 0.3133720930232558 0.828397212543554 0.2517441860465116 0.7857142857142857 0.2517441860465116 0.7857142857142857 0.3133720930232558
0 0.6942508710801394 0.6267441860465116 0.740418118466899 0.6267441860465116 0.740418118466899 0.5383720930232558 0.6942508710801394 0.5383720930232558 0.6942508710801394 0.6267441860465116
0 0.9668989547038328 0.4029069767441861 0.9965156794425087 0.4029069767441861 0.9965156794425087 0.3470930232558139 0.9668989547038328 0.3470930232558139 0.9668989547038328 0.4029069767441861
0 0.9838850174216028 0.44709302325581396 0.9995644599303136 0.44709302325581396 0.9995644599303136 0.38313953488372093 0.9838850174216028 0.38313953488372093 0.9838850174216028 0.44709302325581396
0 0 0.5284883720930232 0.009581881533101045 0.5284883720930232 0.009581881533101045 0.47151162790697676 0 0.47151162790697676 0 0.5284883720930232
0 0.9451219512195121 0.30465116279069765 0.9790940766550522 0.30465116279069765 0.9790940766550522 0.24651162790697675 0.9451219512195121 0.24651162790697675 0.9451219512195121 0.30465116279069765
0 0.8449477351916377 0.46918604651162793 0.8858885017421603 0.46918604651162793 0.8858885017421603 0.4029069767441861 0.8449477351916377 0.4029069767441861 0.8449477351916377 0.46918604651162793
0 0.8980836236933798 0.3127906976744186 0.931184668989547 0.3127906976744186 0.931184668989547 0.2534883720930233 0.8980836236933798 0.2534883720930233 0.8980836236933798 0.3127906976744186
0 0.9838850174216028 0.3168604651162791 0.9995644599303136 0.3168604651162791 0.9995644599303136 0.27151162790697675 0.9838850174216028 0.27151162790697675 0.9838850174216028 0.3168604651162791
0 0.6210801393728222 0.7895348837209303 0.6498257839721254 0.7895348837209303 0.6498257839721254 0.7232558139534884 0.6210801393728222 0.7232558139534884 0.6210801393728222 0.7895348837209303
0 0.9812717770034843 0.3755813953488372 0.9995644599303136 0.3755813953488372 0.9995644599303136 0.313953488372093 0.9812717770034843 0.313953488372093 0.9812717770034843 0.3755813953488372
0 0.9094076655052264 0.26976744186046514 0.9433797909407665 0.26976744186046514 0.9433797909407665 0.22325581395348837 0.9094076655052264 0.22325581395348837 0.9094076655052264 0.26976744186046514
0 0.3945993031358885 0.8784883720930232 0.42770034843205573 0.8784883720930232 0.42770034843205573 0.8180232558139535 0.3945993031358885 0.8180232558139535 0.3945993031358885 0.8784883720930232
0 0.9703832752613241 0.39476744186046514 0.9991289198606271 0.39476744186046514 0.9991289198606271 0.33662790697674416 0.9703832752613241 0.33662790697674416 0.9703832752613241 0.39476744186046514