0 0.06153100775193798 0.8565891472868217 0.15358527131782945 0.8565891472868217 0.15358527131782945 0.6808785529715762 0.06153100775193798 0.6808785529715762 0.06153100775193798 0.8565891472868217
0 0.5474806201550387 0.4541343669250646 0.6424418604651163 0.4541343669250646 0.6424418604651163 0.2810077519379845 0.5474806201550387 0.2810077519379845 0.5474806201550387 0.4541343669250646
0 0 0.8811369509043928 0.06298449612403101 0.8811369509043928 0.06298449612403101 0.7093023255813954 0 0.7093023255813954 0 0.8811369509043928
0 0.6560077519379846 0.3785529715762274 0.7538759689922481 0.3785529715762274 0.7538759689922481 0.22609819121447028 0.6560077519379846 0.22609819121447028 0.6560077519379846 0.3785529715762274
0 0.39292635658914726 0.646640826873385 0.49757751937984496 0.646640826873385 0.49757751937984496 0.47997416020671835 0.39292635658914726 0.47997416020671835 0.39292635658914726 0.646640826873385
0 0.8842054263565892 0 0.8842054263565892 0.10723514211886305 0.9549418604651163 0.10723514211886305 0.9549418604651163 0 0.8842054263565892 0
0 0.2931201550387597 0.6686046511627907 0.3958333333333333 0.6686046511627907 0.3958333333333333 0.49160206718346255 0.2931201550387597 0.49160206718346255 0.2931201550387597 0.6686046511627907
0 0.1821705426356589 0.774547803617571 0.28972868217054265 0.774547803617571 0.28972868217054265 0.5807493540051679 0.1821705426356589 0.5807493540051679 0.1821705426356589 0.774547803617571
0 0.7422480620155039 0.17377260981912146 0.8158914728682171 0.17377260981912146 0.8158914728682171 0.060077519379844964 0.7422480620155039 0.060077519379844964 0.7422480620155039 0.17377260981912146
0 0.2655038759689923 0.8275193798449613 0.36627906976744184 0.8275193798449613 0.36627906976744184 0.6298449612403101 0.2655038759689923 0.6298449612403101 0.2655038759689923 0.8275193798449613
0 0.45494186046511625 0.47351421188630494 0.5479651162790697 0.47351421188630494 0.5479651162790697 0.30684754521963825 0.45494186046511625 0.30684754521963825 0.45494186046511625 0.47351421188630494
0 0.8343023255813954 0.15503875968992248 0.9156976744186046 0.15503875968992248 0.9156976744186046 0.03617571059431524 0.8343023255813954 0.03617571059431524 0.8343023255813954 0.15503875968992248
0 0.4481589147286822 0.2719638242894057 0.5169573643410853 0.2719638242894057 0.5169573643410853 0.16731266149870802 0.4481589147286822 0.16731266149870802 0.4481589147286822 0.2719638242894057
0 0.6831395348837209 0.22609819121447028 0.7625968992248062 0.22609819121447028 0.7625968992248062 0.10077519379844961 0.6831395348837209 0.10077519379844961 0.6831395348837209 0.22609819121447028
0 0.6472868217054264 0.15956072351421188 0.7073643410852714 0.15956072351421188 0.7073643410852714 0.07428940568475452 0.6472868217054264 0.07428940568475452 0.6472868217054264 0.15956072351421188
0 0.5082364341085271 0.3333333333333333 0.5876937984496124 0.3333333333333333 0.5876937984496124 0.21059431524547803 0.5082364341085271 0.21059431524547803 0.5082364341085271 0.3333333333333333
0 0.7083333333333334 0.10077519379844961 0.7635658914728682 0.10077519379844961 0.7635658914728682 0.0012919896640826874 0.7083333333333334 0.0012919896640826874 0.7083333333333334 0.10077519379844961
0 0.34544573643410853 0.46124031007751937 0.42102713178294576 0.46124031007751937 0.42102713178294576 0.3462532299741602 0.34544573643410853 0.3462532299741602 0.34544573643410853 0.46124031007751937
0 0.939437984496124 0 0.939437984496124 0.06330749354005168 0.999515503875969 0.06330749354005168 0.999515503875969 0 0.939437984496124 0
0 0.3817829457364341 0.5213178294573644 0.4738372093023256 0.5213178294573644 0.4738372093023256 0.4050387596899225 0.3817829457364341 0.4050387596899225 0.3817829457364341 0.5213178294573644
0 0.21414728682170542 0.5665374677002584 0.2916666666666667 0.5665374677002584 0.2916666666666667 0.46059431524547806 0.21414728682170542 0.46059431524547806 0.21414728682170542 0.5665374677002584
0 0.6395348837209303 0.25 0.7199612403100775 0.25 0.7199612403100775 0.16085271317829458 0.6395348837209303 0.16085271317829458 0.6395348837209303 0.25
0 0.5818798449612403 0.36175710594315247 0.6574612403100775 0.36175710594315247 0.6574612403100775 0.2222222222222222 0.5818798449612403 0.2222222222222222 0.5818798449612403 0.36175710594315247
0 0.18895348837209303 0.6130490956072352 0.2877906976744186 0.6130490956072352 0.2877906976744186 0.522609819121447 0.18895348837209303 0.522609819121447 0.18895348837209303 0.6130490956072352
0 0.7596899224806202 0.11498708010335917 0.8207364341085271 0.11498708010335917 0.8207364341085271 0.00904392764857881 0.7596899224806202 0.00904392764857881 0.7596899224806202 0.11498708010335917
0 0.44040697674418605 0.39018087855297157 0.5101744186046512 0.39018087855297157 0.5101744186046512 0.2713178294573643 0.44040697674418605 0.2713178294573643 0.44040697674418605 0.39018087855297157
0 0.2916666666666667 0.5232558139534884 0.37887596899224807 0.5232558139534884 0.37887596899224807 0.42506459948320413 0.2916666666666667 0.42506459948320413 0.2916666666666667 0.5232558139534884
0 0.6027131782945736 0.22609819121447028 0.6531007751937985 0.22609819121447028 0.6531007751937985 0.15503875968992248 0.6027131782945736 0.15503875968992248 0.6027131782945736 0.22609819121447028
0 0.813468992248062 0.04974160206718346 0.8822674418604651 0.04974160206718346 0.8822674418604651 0.0006459948320413437 0.813468992248062 0.0006459948320413437 0.813468992248062 0.04974160206718346
0 0.8212209302325582 0.12467700258397933 0.8842054263565892 0.12467700258397933 0.8842054263565892 0.01744186046511628 0.8212209302325582 0.01744186046511628 0.8212209302325582 0.12467700258397933
0 0.7969961240310077 0 0.7969961240310077 0.016795865633074936 0.8212209302325582 0.016795865633074936 0.8212209302325582 0 0.7969961240310077 0