0 0.5435540069686411 0.8343023255813954 0.5966898954703833 0.8343023255813954 0.5966898954703833 0.7261627906976744 0.5435540069686411 0.7261627906976744 0.5435540069686411 0.8343023255813954
0 0.4499128919860627 0.5372093023255814 0.4943379790940767 0.5372093023255814 0.4943379790940767 0.45465116279069767 0.4499128919860627 0.45465116279069767 0.4499128919860627 0.5372093023255814
0 0.6546167247386759 0.4994186046511628 0.698170731707317 0.4994186046511628 0.698170731707317 0.41569767441860467 0.6546167247386759 0.41569767441860467 0.6546167247386759 0.4994186046511628
0 0.09625435540069686 0.46162790697674416 0.13893728222996515 0.46162790697674416 0.13893728222996515 0.3755813953488372 0.09625435540069686 0.3755813953488372 0.09625435540069686 0.46162790697674416
0 0.3806620209059233 0.5401162790697674 0.41986062717770034 0.5401162790697674 0.41986062717770034 0.4563953488372093 0.3806620209059233 0.4563953488372093 0.3806620209059233 0.5401162790697674
0 0.3162020905923345 0.6372093023255814 0.3614982578397213 0.6372093023255814 0.3614982578397213 0.5453488372093023 0.3162020905923345 0.5453488372093023 0.3162020905923345 0.6372093023255814
0 0.5004355400696864 0.6098837209302326 0.5483449477351916 0.6098837209302326 0.5483449477351916 0.5203488372093024 0.5004355400696864 0.5203488372093024 0.5004355400696864 0.6098837209302326
0 0.6955574912891986 0.5354651162790698 0.7469512195121951 0.5354651162790698 0.7469512195121951 0.43197674418604654 0.6955574912891986 0.43197674418604654 0.6955574912891986 0.5354651162790698
0 0.5918989547038328 0.5232558139534884 0.634581881533101 0.5232558139534884 0.634581881533101 0.4441860465116279 0.5918989547038328 0.4441860465116279 0.5918989547038328 0.5232558139534884
0 0.13109756097560976 0.586046511627907 0.17465156794425088 0.586046511627907 0.17465156794425088 0.49767441860465117 0.13109756097560976 0.49767441860465117 0.13109756097560976 0.586046511627907
0 0.551829268292683 0.37093023255813956 0.5927700348432056 0.37093023255813956 0.5927700348432056 0.29651162790697677 0.551829268292683 0.29651162790697677 0.551829268292683 0.37093023255813956
0 0.9124564459930313 0.49011627906976746 0.9525261324041812 0.49011627906976746 0.9525261324041812 0.41337209302325584 0.9124564459930313 0.41337209302325584 0.9124564459930313 0.49011627906976746
0 0.4917247386759582 0.786046511627907 0.546602787456446 0.786046511627907 0.546602787456446 0.6813953488372093 0.4917247386759582 0.6813953488372093 0.4917247386759582 0.786046511627907
0 0.40069686411149824 0.4633720930232558 0.44337979094076657 0.4633720930232558 0.44337979094076657 0.38546511627906976 0.40069686411149824 0.38546511627906976 0.40069686411149824 0.4633720930232558
0 0.1332752613240418 0.8622093023255814 0.18641114982578397 0.8622093023255814 0.18641114982578397 0.7645348837209303 0.1332752613240418 0.7645348837209303 0.1332752613240418 0.8622093023255814
0 0.16681184668989546 0.6476744186046511 0.21123693379790942 0.6476744186046511 0.21123693379790942 0.5523255813953488 0.16681184668989546 0.5523255813953488 0.16681184668989546 0.6476744186046511
0 0.00043554006968641115 0.4965116279069767 0.03702090592334495 0.4965116279069767 0.03702090592334495 0.41511627906976745 0.00043554006968641115 0.41511627906976745 0.00043554006968641115 0.4965116279069767
0 0.2656794425087108 0.4697674418604651 0.30226480836236935 0.4697674418604651 0.30226480836236935 0.3918604651162791 0.2656794425087108 0.3918604651162791 0.2656794425087108 0.4697674418604651
0 0.28310104529616725 0.6819767441860465 0.32926829268292684 0.6819767441860465 0.32926829268292684 0.5843023255813954 0.28310104529616725 0.5843023255813954 0.28310104529616725 0.6819767441860465
0 0.6193379790940766 0.37616279069767444 0.6611498257839721 0.37616279069767444 0.6611498257839721 0.30872093023255814 0.6193379790940766 0.30872093023255814 0.6193379790940766 0.37616279069767444
0 0.03092334494773519 0.6273255813953489 0.06925087108013937 0.6273255813953489 0.06925087108013937 0.5366279069767442 0.03092334494773519 0.5366279069767442 0.03092334494773519 0.6273255813953489
0 0.6202090592334495 0.1063953488372093 0.6559233449477352 0.1063953488372093 0.6559233449477352 0.038953488372093024 0.6202090592334495 0.038953488372093024 0.6202090592334495 0.1063953488372093
0 0.0627177700348432 0.5034883720930232 0.10627177700348432 0.5034883720930232 0.10627177700348432 0.42093023255813955 0.0627177700348432 0.42093023255813955 0.0627177700348432 0.5034883720930232
0 0.16376306620209058 0.5395348837209303 0.2038327526132404 0.5395348837209303 0.2038327526132404 0.45348837209302323 0.16376306620209058 0.45348837209302323 0.16376306620209058 0.5395348837209303
0 0.171602787456446 0.9151162790697674 0.2308362369337979 0.9151162790697674 0.2308362369337979 0.8011627906976744 0.171602787456446 0.8011627906976744 0.171602787456446 0.9151162790697674
0 0.4695121951219512 0.6674418604651163 0.5235191637630662 0.6674418604651163 0.5235191637630662 0.5720930232558139 0.4695121951219512 0.5720930232558139 0.4695121951219512 0.6674418604651163
0 0.2739547038327526 0.5872093023255814 0.3192508710801394 0.5872093023255814 0.3192508710801394 0.5069767441860465 0.2739547038327526 0.5069767441860465 0.2739547038327526 0.5872093023255814
0 0.8453832752613241 0.3308139534883721 0.8854529616724739 0.3308139534883721 0.8854529616724739 0.26453488372093026 0.8453832752613241 0.26453488372093026 0.8453832752613241 0.3308139534883721
0 0.40069686411149824 0.702906976744186 0.4520905923344948 0.702906976744186 0.4520905923344948 0.6133720930232558 0.40069686411149824 0.6133720930232558 0.40069686411149824 0.702906976744186
0 0.3671602787456446 0.7622093023255814 0.4229094076655052 0.7622093023255814 0.4229094076655052 0.6633720930232558 0.3671602787456446 0.6633720930232558 0.3671602787456446 0.7622093023255814
0 0.05618466898954704 0.7813953488372093 0.10496515679442509 0.7813953488372093 0.10496515679442509 0.6755813953488372 0.05618466898954704 0.6755813953488372 0.05618466898954704 0.7813953488372093
0 0.570993031358885 0.4459302325581395 0.610191637630662 0.4459302325581395 0.610191637630662 0.36453488372093024 0.570993031358885 0.36453488372093024 0.570993031358885 0.4459302325581395
0 0.9455574912891986 0.3040697674418605 0.9804006968641115 0.3040697674418605 0.9804006968641115 0.24476744186046512 0.9455574912891986 0.24476744186046512 0.9455574912891986 0.3040697674418605
0 0.8166376306620209 0.40406976744186046 0.8540940766550522 0.40406976744186046 0.8540940766550522 0.3319767441860465 0.8166376306620209 0.3319767441860465 0.8166376306620209 0.40406976744186046
0 0.8745644599303136 0.538953488372093 0.9128919860627178 0.538953488372093 0.9128919860627178 0.4622093023255814 0.8745644599303136 0.4622093023255814 0.8745644599303136 0.538953488372093
0 0.7717770034843205 0.3691860465116279 0.8118466898954704 0.3691860465116279 0.8118466898954704 0.29593023255813955 0.7717770034843205 0.29593023255813955 0.7717770034843205 0.3691860465116279
0 0.693815331010453 0.6343023255813953 0.742595818815331 0.6343023255813953 0.742595818815331 0.5377906976744186 0.693815331010453 0.5377906976744186 0.693815331010453 0.6343023255813953
0 0.828397212543554 0.5098837209302326 0.8745644599303136 0.5098837209302326 0.8745644599303136 0.438953488372093 0.828397212543554 0.438953488372093 0.828397212543554 0.5098837209302326
0 0.9677700348432056 0.40232558139534885 0.9991289198606271 0.40232558139534885 0.9991289198606271 0.3453488372093023 0.9677700348432056 0.3453488372093023 0.9677700348432056 0.40232558139534885
0 0.7857142857142857 0.3186046511627907 0.8222996515679443 0.3186046511627907 0.8222996515679443 0.25232558139534883 0.7857142857142857 0.25232558139534883 0.7857142857142857 0.3186046511627907
0 0.8976480836236934 0.3122093023255814 0.9298780487804879 0.3122093023255814 0.9298780487804879 0.25290697674418605 0.8976480836236934 0.25290697674418605 0.8976480836236934 0.3122093023255814
0 0 0.5290697674418605 0.008710801393728223 0.5290697674418605 0.008710801393728223 0.4720930232558139 0 0.4720930232558139 0 0.5290697674418605
0 0.9847560975609756 0.45 0.9995644599303136 0.45 0.9995644599303136 0.3825581395348837 0.9847560975609756 0.3825581395348837 0.9847560975609756 0.45
0 0.8432055749128919 0.46395348837209305 0.8850174216027874 0.46395348837209305 0.8850174216027874 0.40232558139534885 0.8432055749128919 0.40232558139534885 0.8432055749128919 0.46395348837209305
0 0.9821428571428571 0.31976744186046513 0.9995644599303136 0.31976744186046513 0.9995644599303136 0.2755813953488372 0.9821428571428571 0.2755813953488372 0.9821428571428571 0.31976744186046513
0 0.9098432055749129 0.27209302325581397 0.9446864111498258 0.27209302325581397 0.9446864111498258 0.22209302325581395 0.9098432055749129 0.22209302325581395 0.9098432055749129 0.27209302325581397
0 0.9812717770034843 0.35290697674418603 0.9995644599303136 0.35290697674418603 0.9995644599303136 0.30523255813953487 0.9812717770034843 0.30523255813953487 0.9812717770034843 0.35290697674418603
0 0.9995644599303136 1 0.9995644599303136 0.9627906976744186 0.9899825783972126 0.9627906976744186 0.9899825783972126 1 0.9995644599303136 1