0 0.5435540069686411 0.8343023255813954 0.5993031358885017 0.8343023255813954 0.5993031358885017 0.7261627906976744 0.5435540069686411 0.7261627906976744 0.5435540069686411 0.8343023255813954
0 0.4921602787456446 0.7819767441860465 0.5470383275261324 0.7819767441860465 0.5470383275261324 0.6808139534883721 0.4921602787456446 0.6808139534883721 0.4921602787456446 0.7819767441860465
0 0.45034843205574915 0.5372093023255814 0.49477351916376305 0.5372093023255814 0.49477351916376305 0.4558139534883721 0.45034843205574915 0.4558139534883721 0.45034843205574915 0.5372093023255814
0 0.31576655052264807 0.6377906976744186 0.36106271777003485 0.6377906976744186 0.36106271777003485 0.5459302325581395 0.31576655052264807 0.5459302325581395 0.31576655052264807 0.6377906976744186
0 0.38022648083623695 0.538953488372093 0.4202961672473868 0.538953488372093 0.4202961672473868 0.4563953488372093 0.38022648083623695 0.4563953488372093 0.38022648083623695 0.538953488372093
0 0.00043554006968641115 0.49593023255813956 0.03702090592334495 0.49593023255813956 0.03702090592334495 0.4145348837209302 0.00043554006968641115 0.4145348837209302 0.00043554006968641115 0.49593023255813956
0 0.5918989547038328 0.522093023255814 0.634581881533101 0.522093023255814 0.634581881533101 0.44534883720930235 0.5918989547038328 0.44534883720930235 0.5918989547038328 0.522093023255814
0 0.5004355400696864 0.6098837209302326 0.5483449477351916 0.6098837209302326 0.5483449477351916 0.5215116279069767 0.5004355400696864 0.5215116279069767 0.5004355400696864 0.6098837209302326
0 0.6546167247386759 0.5011627906976744 0.698170731707317 0.5011627906976744 0.698170731707317 0.4174418604651163 0.6546167247386759 0.4174418604651163 0.6546167247386759 0.5011627906976744
0 0.09668989547038327 0.46162790697674416 0.13850174216027875 0.46162790697674416 0.13850174216027875 0.3744186046511628 0.09668989547038327 0.3744186046511628 0.09668989547038327 0.46162790697674416
0 0.13109756097560976 0.5877906976744186 0.17465156794425088 0.5877906976744186 0.17465156794425088 0.4982558139534884 0.13109756097560976 0.4982558139534884 0.13109756097560976 0.5877906976744186
0 0.551829268292683 0.37034883720930234 0.5927700348432056 0.37034883720930234 0.5927700348432056 0.29709302325581394 0.551829268292683 0.29709302325581394 0.551829268292683 0.37034883720930234
0 0.6964285714285714 0.5343023255813953 0.7469512195121951 0.5343023255813953 0.7469512195121951 0.43197674418604654 0.6964285714285714 0.43197674418604654 0.6964285714285714 0.5343023255813953
0 0.1672473867595819 0.6482558139534884 0.21080139372822299 0.6482558139534884 0.21080139372822299 0.5529069767441861 0.1672473867595819 0.5529069767441861 0.1672473867595819 0.6482558139534884
0 0.9124564459930313 0.48953488372093024 0.9525261324041812 0.48953488372093024 0.9525261324041812 0.4127906976744186 0.9124564459930313 0.4127906976744186 0.9124564459930313 0.48953488372093024
0 0.1328397212543554 0.8622093023255814 0.18858885017421603 0.8622093023255814 0.18858885017421603 0.7645348837209303 0.1328397212543554 0.7645348837209303 0.1328397212543554 0.8622093023255814
0 0.0627177700348432 0.5023255813953489 0.10627177700348432 0.5023255813953489 0.10627177700348432 0.4232558139534884 0.0627177700348432 0.4232558139534884 0.0627177700348432 0.5023255813953489
0 0.40156794425087106 0.46395348837209305 0.44337979094076657 0.46395348837209305 0.44337979094076657 0.38488372093023254 0.40156794425087106 0.38488372093023254 0.40156794425087106 0.46395348837209305
0 0.0313588850174216 0.6273255813953489 0.06881533101045297 0.6273255813953489 0.06881533101045297 0.5366279069767442 0.0313588850174216 0.5366279069767442 0.0313588850174216 0.6273255813953489
0 0.17334494773519163 0.913953488372093 0.22822299651567945 0.913953488372093 0.22822299651567945 0.8023255813953488 0.17334494773519163 0.8023255813953488 0.17334494773519163 0.913953488372093
0 0.6193379790940766 0.375 0.6611498257839721 0.375 0.6611498257839721 0.30872093023255814 0.6193379790940766 0.30872093023255814 0.6193379790940766 0.375
0 0.6206445993031359 0.10697674418604651 0.6563588850174216 0.10697674418604651 0.6563588850174216 0.03837209302325582 0.6206445993031359 0.03837209302325582 0.6206445993031359 0.10697674418604651
0 0.40026132404181186 0.702906976744186 0.45252613240418116 0.702906976744186 0.45252613240418116 0.6133720930232558 0.40026132404181186 0.6133720930232558 0.40026132404181186 0.702906976744186
0 0.16332752613240417 0.5395348837209303 0.20426829268292682 0.5395348837209303 0.20426829268292682 0.45465116279069767 0.16332752613240417 0.45465116279069767 0.16332752613240417 0.5395348837209303
0 0.8458188153310104 0.3313953488372093 0.8850174216027874 0.3313953488372093 0.8850174216027874 0.2627906976744186 0.8458188153310104 0.2627906976744186 0.8458188153310104 0.3313953488372093
0 0.26742160278745647 0.4703488372093023 0.30313588850174217 0.4703488372093023 0.30313588850174217 0.39127906976744187 0.26742160278745647 0.39127906976744187 0.26742160278745647 0.4703488372093023
0 0.4695121951219512 0.666860465116279 0.5235191637630662 0.666860465116279 0.5235191637630662 0.5726744186046512 0.4695121951219512 0.5726744186046512 0.4695121951219512 0.666860465116279
0 0.2739547038327526 0.5877906976744186 0.31837979094076657 0.5877906976744186 0.31837979094076657 0.5052325581395349 0.2739547038327526 0.5052325581395349 0.2739547038327526 0.5877906976744186
0 0.05531358885017421 0.7796511627906977 0.10496515679442509 0.7796511627906977 0.10496515679442509 0.675 0.05531358885017421 0.675 0.05531358885017421 0.7796511627906977
0 0.5714285714285714 0.44534883720930235 0.6106271777003485 0.44534883720930235 0.6106271777003485 0.36511627906976746 0.5714285714285714 0.36511627906976746 0.5714285714285714 0.44534883720930235
0 0.6920731707317073 0.6302325581395349 0.742595818815331 0.6302325581395349 0.742595818815331 0.5372093023255814 0.6920731707317073 0.5372093023255814 0.6920731707317073 0.6302325581395349
0 0.367595818815331 0.7610465116279069 0.4181184668989547 0.7610465116279069 0.4181184668989547 0.6645348837209303 0.367595818815331 0.6645348837209303 0.367595818815331 0.7610465116279069
0 0.8754355400696864 0.5395348837209303 0.9128919860627178 0.5395348837209303 0.9128919860627178 0.4627906976744186 0.8754355400696864 0.4627906976744186 0.8754355400696864 0.5395348837209303
0 0.945993031358885 0.30348837209302326 0.980836236933798 0.30348837209302326 0.980836236933798 0.24651162790697675 0.945993031358885 0.24651162790697675 0.945993031358885 0.30348837209302326
0 0.28310104529616725 0.6872093023255814 0.32926829268292684 0.6872093023255814 0.32926829268292684 0.5837209302325581 0.28310104529616725 0.5837209302325581 0.28310104529616725 0.6872093023255814
0 0.8157665505226481 0.40348837209302324 0.8540940766550522 0.40348837209302324 0.8540940766550522 0.3325581395348837 0.8157665505226481 0.3325581395348837 0.8157665505226481 0.40348837209302324
0 0.7717770034843205 0.3686046511627907 0.8118466898954704 0.3686046511627907 0.8118466898954704 0.29651162790697677 0.7717770034843205 0.29651162790697677 0.7717770034843205 0.3686046511627907
0 0.9677700348432056 0.40348837209302324 0.9991289198606271 0.40348837209302324 0.9991289198606271 0.3430232558139535 0.9677700348432056 0.3430232558139535 0.9677700348432056 0.40348837209302324
0 0.8279616724738676 0.5098837209302326 0.8741289198606271 0.5098837209302326 0.8741289198606271 0.4366279069767442 0.8279616724738676 0.4366279069767442 0.8279616724738676 0.5098837209302326
0 0.7852787456445993 0.3191860465116279 0.8236062717770035 0.3191860465116279 0.8236062717770035 0.2517441860465116 0.7852787456445993 0.2517441860465116 0.7852787456445993 0.3191860465116279
0 0.8976480836236934 0.3122093023255814 0.9298780487804879 0.3122093023255814 0.9298780487804879 0.2517441860465116 0.8976480836236934 0.2517441860465116 0.8976480836236934 0.3122093023255814
0 0.8449477351916377 0.46569767441860466 0.8850174216027874 0.46569767441860466 0.8850174216027874 0.4029069767441861 0.8449477351916377 0.4029069767441861 0.8449477351916377 0.46569767441860466
0 0.9864982578397212 0.45 0.9995644599303136 0.45 0.9995644599303136 0.3825581395348837 0.9864982578397212 0.3825581395348837 0.9864982578397212 0.45
0 0 0.5290697674418605 0.008710801393728223 0.5290697674418605 0.008710801393728223 0.4720930232558139 0 0.4720930232558139 0 0.5290697674418605
0 0.9089721254355401 0.27267441860465114 0.943815331010453 0.27267441860465114 0.943815331010453 0.22151162790697673 0.9089721254355401 0.22151162790697673 0.9089721254355401 0.27267441860465114
0 0.9812717770034843 0.3174418604651163 0.9995644599303136 0.3174418604651163 0.9995644599303136 0.2755813953488372 0.9812717770034843 0.2755813953488372 0.9812717770034843 0.3174418604651163
0 0.9821428571428571 0.35232558139534886 0.9995644599303136 0.35232558139534886 0.9995644599303136 0.30465116279069765 0.9821428571428571 0.30465116279069765 0.9821428571428571 0.35232558139534886
0 0.6611498257839721 0.7662790697674419 0.6777003484320557 0.7662790697674419 0.6777003484320557 0.7127906976744186 0.6611498257839721 0.7127906976744186 0.6611498257839721 0.7662790697674419
0 0.98301393728223 0.3447674418604651 0.9995644599303136 0.3447674418604651 0.9995644599303136 0.275 0.98301393728223 0.275 0.98301393728223 0.3447674418604651