0 0.8023255813953488 0.8695652173913043 0.8837209302325582 0.8695652173913043 0.8837209302325582 0.75 0.8023255813953488 0.75 0.8023255813953488 0.8695652173913043
0 0.8412790697674418 0.44565217391304346 0.9087209302325582 0.44565217391304346 0.9087209302325582 0.3416149068322981 0.8412790697674418 0.3416149068322981 0.8412790697674418 0.44565217391304346
0 0.6325581395348837 0 0.6325581395348837 0.07298136645962733 0.6895348837209302 0.07298136645962733 0.6895348837209302 0 0.6325581395348837 0
0 0.872093023255814 0.6203416149068323 0.9465116279069767 0.6203416149068323 0.9465116279069767 0.5178571428571429 0.872093023255814 0.5178571428571429 0.872093023255814 0.6203416149068323
0 0.7569767441860465 0.2484472049689441 0.8232558139534883 0.2484472049689441 0.8232558139534883 0.16149068322981366 0.7569767441860465 0.16149068322981366 0.7569767441860465 0.2484472049689441
0 0.7430232558139535 0.7841614906832298 0.8220930232558139 0.7841614906832298 0.8220930232558139 0.6739130434782609 0.7430232558139535 0.6739130434782609 0.7430232558139535 0.7841614906832298
0 0.34418604651162793 1 0.34418604651162793 0.9177018633540373 0.2779069767441861 0.9177018633540373 0.2779069767441861 1 0.34418604651162793 1
0 0.6941860465116279 0.28183229813664595 0.7604651162790698 0.28183229813664595 0.7604651162790698 0.19953416149068323 0.6941860465116279 0.19953416149068323 0.6941860465116279 0.28183229813664595
0 0.8941860465116279 0.48524844720496896 0.9651162790697675 0.48524844720496896 0.9651162790697675 0.41226708074534163 0.8941860465116279 0.41226708074534163 0.8941860465116279 0.48524844720496896
0 0.47790697674418603 0.4813664596273292 0.5348837209302325 0.4813664596273292 0.5348837209302325 0.38509316770186336 0.47790697674418603 0.38509316770186336 0.47790697674418603 0.4813664596273292
0 0.786046511627907 0.5986024844720497 0.8639534883720931 0.5986024844720497 0.8639534883720931 0.5100931677018633 0.786046511627907 0.5100931677018633 0.786046511627907 0.5986024844720497
0 0.23837209302325582 0.8183229813664596 0.30116279069767443 0.8183229813664596 0.30116279069767443 0.7158385093167702 0.23837209302325582 0.7158385093167702 0.23837209302325582 0.8183229813664596
0 0.7633720930232558 0.4953416149068323 0.8296511627906977 0.4953416149068323 0.8296511627906977 0.40683229813664595 0.7633720930232558 0.40683229813664595 0.7633720930232558 0.4953416149068323
0 0.6732558139534883 0.8385093167701864 0.7488372093023256 0.8385093167701864 0.7488372093023256 0.7313664596273292 0.6732558139534883 0.7313664596273292 0.6732558139534883 0.8385093167701864
0 0.5976744186046512 0.4829192546583851 0.6488372093023256 0.4829192546583851 0.6488372093023256 0.4114906832298137 0.5976744186046512 0.4114906832298137 0.5976744186046512 0.4829192546583851
0 0.4127906976744186 0.5333850931677019 0.48372093023255813 0.5333850931677019 0.48372093023255813 0.4355590062111801 0.4127906976744186 0.4355590062111801 0.4127906976744186 0.5333850931677019
0 0.37383720930232556 0.8788819875776398 0.4563953488372093 0.8788819875776398 0.4563953488372093 0.7670807453416149 0.37383720930232556 0.7670807453416149 0.37383720930232556 0.8788819875776398
0 0.725 0.13354037267080746 0.7831395348837209 0.13354037267080746 0.7831395348837209 0.029503105590062112 0.725 0.029503105590062112 0.725 0.13354037267080746
0 0.4459302325581395 0.8315217391304348 0.5063953488372093 0.8315217391304348 0.5063953488372093 0.7414596273291926 0.4459302325581395 0.7414596273291926 0.4459302325581395 0.8315217391304348
0 0.5482558139534883 0.6086956521739131 0.6133720930232558 0.6086956521739131 0.6133720930232558 0.5031055900621118 0.5482558139534883 0.5031055900621118 0.5482558139534883 0.6086956521739131
0 0.6372093023255814 0.5745341614906833 0.7104651162790697 0.5745341614906833 0.7104651162790697 0.4782608695652174 0.6372093023255814 0.4782608695652174 0.6372093023255814 0.5745341614906833
0 0.6244186046511628 0.30357142857142855 0.686046511627907 0.30357142857142855 0.686046511627907 0.22593167701863354 0.6244186046511628 0.22593167701863354 0.6244186046511628 0.30357142857142855
0 0.5558139534883721 0.3416149068322981 0.6151162790697674 0.3416149068322981 0.6151162790697674 0.2608695652173913 0.5558139534883721 0.2608695652173913 0.5558139534883721 0.3416149068322981
0 0.8005813953488372 0.3656832298136646 0.8540697674418605 0.3656832298136646 0.8540697674418605 0.28959627329192544 0.8005813953488372 0.28959627329192544 0.8005813953488372 0.3656832298136646
0 0.5604651162790698 0.421583850931677 0.6104651162790697 0.421583850931677 0.6104651162790697 0.36257763975155277 0.5604651162790698 0.36257763975155277 0.5604651162790698 0.421583850931677
0 0.5552325581395349 0.8035714285714286 0.6168604651162791 0.8035714285714286 0.6168604651162791 0.7041925465838509 0.5552325581395349 0.7041925465838509 0.5552325581395349 0.8035714285714286
0 0.5947674418604652 0.6925465838509317 0.6715116279069767 0.6925465838509317 0.6715116279069767 0.5869565217391305 0.5947674418604652 0.5869565217391305 0.5947674418604652 0.6925465838509317
0 0.6412790697674419 0.19332298136645962 0.7005813953488372 0.19332298136645962 0.7005813953488372 0.1374223602484472 0.6412790697674419 0.1374223602484472 0.6412790697674419 0.19332298136645962
0 0.6494186046511627 0.3843167701863354 0.7040697674418605 0.3843167701863354 0.7040697674418605 0.32375776397515527 0.6494186046511627 0.32375776397515527 0.6494186046511627 0.3843167701863354
0 0.5761627906976744 0.921583850931677 0.6598837209302325 0.921583850931677 0.6598837209302325 0.842391304347826 0.5761627906976744 0.842391304347826 0.5761627906976744 0.921583850931677
0 0.29941860465116277 0.8586956521739131 0.37383720930232556 0.8586956521739131 0.37383720930232556 0.7329192546583851 0.29941860465116277 0.7329192546583851 0.29941860465116277 0.8586956521739131
0 0.5145348837209303 0.547360248447205 0.5633720930232559 0.547360248447205 0.5633720930232559 0.4557453416149068 0.5145348837209303 0.4557453416149068 0.5145348837209303 0.547360248447205
0 0.4947674418604651 0.8850931677018633 0.5633720930232559 0.8850931677018633 0.5633720930232559 0.8167701863354038 0.4947674418604651 0.8167701863354038 0.4947674418604651 0.8850931677018633
0 0.5552325581395349 1 0.5552325581395349 0.9611801242236024 0.48546511627906974 0.9611801242236024 0.48546511627906974 1 0.5552325581395349 1
0 0.575 0.26242236024844723 0.6319767441860465 0.26242236024844723 0.6319767441860465 0.18012422360248448 0.575 0.18012422360248448 0.575 0.26242236024844723
0 0.5761627906976744 0.9565217391304348 0.6645348837209303 0.9565217391304348 0.6645348837209303 0.843167701863354 0.5761627906976744 0.843167701863354 0.5761627906976744 0.9565217391304348