0 0.34108527131782945 0.687984496124031 0.44670542635658916 0.687984496124031 0.44670542635658916 0.4838501291989664 0.34108527131782945 0.4838501291989664 0.34108527131782945 0.687984496124031
0 0.4694767441860465 0.5923772609819121 0.5789728682170543 0.5923772609819121 0.5789728682170543 0.4127906976744186 0.4694767441860465 0.4127906976744186 0.4694767441860465 0.5923772609819121
0 0.5222868217054264 0.3850129198966408 0.6172480620155039 0.3850129198966408 0.6172480620155039 0.23772609819121446 0.5222868217054264 0.23772609819121446 0.5222868217054264 0.3850129198966408
0 0.8410852713178295 0.17635658914728683 0.9215116279069767 0.17635658914728683 0.9215116279069767 0.05103359173126615 0.8410852713178295 0.05103359173126615 0.8410852713178295 0.17635658914728683
0 0.9060077519379846 0.12596899224806202 0.9893410852713178 0.12596899224806202 0.9893410852713178 0.01227390180878553 0.9060077519379846 0.01227390180878553 0.9060077519379846 0.12596899224806202
0 0.7136627906976745 0.2971576227390181 0.8076550387596899 0.2971576227390181 0.8076550387596899 0.15891472868217055 0.7136627906976745 0.15891472868217055 0.7136627906976745 0.2971576227390181
0 0.39244186046511625 0.562015503875969 0.4748062015503876 0.562015503875969 0.4748062015503876 0.3979328165374677 0.39244186046511625 0.3979328165374677 0.39244186046511625 0.562015503875969
0 0.5988372093023255 0.3152454780361757 0.6831395348837209 0.3152454780361757 0.6831395348837209 0.18604651162790697 0.5988372093023255 0.18604651162790697 0.5988372093023255 0.3152454780361757
0 0.24854651162790697 0.7054263565891473 0.3444767441860465 0.7054263565891473 0.3444767441860465 0.520671834625323 0.24854651162790697 0.520671834625323 0.24854651162790697 0.7054263565891473
0 0.7785852713178295 0.23191214470284238 0.8580426356589147 0.23191214470284238 0.8580426356589147 0.09883720930232558 0.7785852713178295 0.09883720930232558 0.7785852713178295 0.23191214470284238
0 0.1555232558139535 0.936046511627907 0.2611434108527132 0.936046511627907 0.2611434108527132 0.7396640826873385 0.1555232558139535 0.7396640826873385 0.1555232558139535 0.936046511627907
0 0.5862403100775194 0.22674418604651161 0.6521317829457365 0.22674418604651161 0.6521317829457365 0.10917312661498708 0.5862403100775194 0.10917312661498708 0.5862403100775194 0.22674418604651161
0 0.05910852713178295 0.9483204134366925 0.1560077519379845 0.9483204134366925 0.1560077519379845 0.7454780361757106 0.05910852713178295 0.7454780361757106 0.05910852713178295 0.9483204134366925
0 0.29893410852713176 0.44896640826873385 0.374515503875969 0.44896640826873385 0.374515503875969 0.31976744186046513 0.29893410852713176 0.31976744186046513 0.29893410852713176 0.44896640826873385
0 0.3241279069767442 0.5148578811369509 0.4113372093023256 0.5148578811369509 0.4113372093023256 0.374031007751938 0.3241279069767442 0.374031007751938 0.3241279069767442 0.5148578811369509
0 0.499031007751938 0.31976744186046513 0.5687984496124031 0.31976744186046513 0.5687984496124031 0.1996124031007752 0.499031007751938 0.1996124031007752 0.499031007751938 0.31976744186046513
0 0.15503875968992248 0.7829457364341085 0.2548449612403101 0.7829457364341085 0.2548449612403101 0.6369509043927648 0.15503875968992248 0.6369509043927648 0.15503875968992248 0.7829457364341085
0 0.6409883720930233 0.2487080103359173 0.7097868217054264 0.2487080103359173 0.7097868217054264 0.11950904392764858 0.6409883720930233 0.11950904392764858 0.6409883720930233 0.2487080103359173
0 0.4626937984496124 0.4347545219638243 0.5586240310077519 0.4347545219638243 0.5586240310077519 0.32235142118863047 0.4626937984496124 0.32235142118863047 0.4626937984496124 0.4347545219638243
0 0.06782945736434108 0.7900516795865633 0.1569767441860465 0.7900516795865633 0.1569767441860465 0.6543927648578811 0.06782945736434108 0.6543927648578811 0.06782945736434108 0.7900516795865633
0 0.13662790697674418 0.6795865633074936 0.21996124031007752 0.6795865633074936 0.21996124031007752 0.5426356589147286 0.13662790697674418 0.5426356589147286 0.13662790697674418 0.6795865633074936
0 0 0.8126614987080103 0.061046511627906974 0.8126614987080103 0.061046511627906974 0.689922480620155 0 0.689922480620155 0 0.8126614987080103
0 0.748546511627907 0.10077519379844961 0.8163759689922481 0.10077519379844961 0.8163759689922481 0.021963824289405683 0.748546511627907 0.021963824289405683 0.748546511627907 0.10077519379844961
0 0.2446705426356589 0.5574935400516796 0.3318798449612403 0.5574935400516796 0.3318798449612403 0.4528423772609819 0.2446705426356589 0.4528423772609819 0.2446705426356589 0.5574935400516796
0 0.43410852713178294 0.4050387596899225 0.5067829457364341 0.4050387596899225 0.5067829457364341 0.3081395348837209 0.43410852713178294 0.3081395348837209 0.43410852713178294 0.4050387596899225
0 0.7790697674418605 0.11369509043927649 0.8420542635658915 0.11369509043927649 0.8420542635658915 0.04909560723514212 0.7790697674418605 0.04909560723514212 0.7790697674418605 0.11369509043927649
0 0.6928294573643411 0.1569767441860465 0.7761627906976745 0.1569767441860465 0.7761627906976745 0.07299741602067183 0.6928294573643411 0.07299741602067183 0.6928294573643411 0.1569767441860465
0 0.9660852713178295 0 0.9660852713178295 0.082687338501292 1 0.082687338501292 1 0 0.9660852713178295 0
0 0.8846899224806202 0.06266149870801034 0.9602713178294574 0.06266149870801034 0.9602713178294574 0.0006459948320413437 0.8846899224806202 0.0006459948320413437 0.8846899224806202 0.06266149870801034
0 0.6831395348837209 0.12532299741602068 0.7432170542635659 0.12532299741602068 0.7432170542635659 0.04780361757105943 0.6831395348837209 0.04780361757105943 0.6831395348837209 0.12532299741602068
0 0.8236434108527132 0.0710594315245478 0.875968992248062 0.0710594315245478 0.875968992248062 0.00904392764857881 0.8236434108527132 0.00904392764857881 0.8236434108527132 0.0710594315245478
0 0.00048449612403100775 0.9295865633074936 0.06153100775193798 0.9295865633074936 0.06153100775193798 0.7719638242894057 0.00048449612403100775 0.7719638242894057 0.00048449612403100775 0.9295865633074936
0 0 0.9974160206718347 0.050387596899224806 0.9974160206718347 0.050387596899224806 0.8578811369509044 0 0.8578811369509044 0 0.9974160206718347
0 0.007267441860465116 0.9993540051679587 0.09447674418604651 0.9993540051679587 0.09447674418604651 0.9386304909560723 0.007267441860465116 0.9386304909560723 0.007267441860465116 0.9993540051679587
0 0.8066860465116279 0.044573643410852716 0.8570736434108527 0.044573643410852716 0.8570736434108527 0.0006459948320413437 0.8066860465116279 0.0006459948320413437 0.8066860465116279 0.044573643410852716
0 0.7814922480620154 0 0.7814922480620154 0.025839793281653745 0.8212209302325582 0.025839793281653745 0.8212209302325582 0 0.7814922480620154 0
0 0.7107558139534884 0.24612403100775193 0.7737403100775194 0.24612403100775193 0.7737403100775194 0.1298449612403101 0.7107558139534884 0.1298449612403101 0.7107558139534884 0.24612403100775193
0 0.8677325581395349 0 0.8677325581395349 0.027131782945736434 0.9026162790697675 0.027131782945736434 0.9026162790697675 0 0.8677325581395349 0
0 0.7112403100775194 0.20930232558139536 0.7703488372093024 0.20930232558139536 0.7703488372093024 0.12919896640826872 0.7112403100775194 0.12919896640826872 0.7112403100775194 0.20930232558139536
0 0.15891472868217055 0.9993540051679587 0.19864341085271317 0.9993540051679587 0.19864341085271317 0.9812661498708011 0.15891472868217055 0.9812661498708011 0.15891472868217055 0.9993540051679587