0 0.6232558139534884 0.4301242236024845 0.6883720930232559 0.4301242236024845 0.6883720930232559 0.3338509316770186 0.6232558139534884 0.3338509316770186 0.6232558139534884 0.4301242236024845
0 0.7383720930232558 0.8711180124223602 0.8162790697674419 0.8711180124223602 0.8162790697674419 0.7546583850931677 0.7383720930232558 0.7546583850931677 0.7383720930232558 0.8711180124223602
0 0.6534883720930232 0.6001552795031055 0.7325581395348837 0.6001552795031055 0.7325581395348837 0.49922360248447206 0.6534883720930232 0.49922360248447206 0.6534883720930232 0.6001552795031055
0 0.8558139534883721 0.1125776397515528 0.9197674418604651 0.1125776397515528 0.9197674418604651 0.017857142857142856 0.8558139534883721 0.017857142857142856 0.8558139534883721 0.1125776397515528
0 0.7674418604651163 0.26785714285714285 0.8348837209302326 0.26785714285714285 0.8348837209302326 0.18555900621118013 0.7674418604651163 0.18555900621118013 0.7674418604651163 0.26785714285714285
0 0.26395348837209304 0.9277950310559007 0.3383720930232558 0.9277950310559007 0.3383720930232558 0.8113354037267081 0.26395348837209304 0.8113354037267081 0.26395348837209304 0.9277950310559007
0 0.5784883720930233 0.639751552795031 0.6494186046511627 0.639751552795031 0.6494186046511627 0.546583850931677 0.5784883720930233 0.546583850931677 0.5784883720930233 0.639751552795031
0 0.3325581395348837 0.8773291925465838 0.4 0.8773291925465838 0.4 0.7624223602484472 0.3325581395348837 0.7624223602484472 0.3325581395348837 0.8773291925465838
0 0.7494186046511628 0 0.7494186046511628 0.062111801242236024 0.8191860465116279 0.062111801242236024 0.8191860465116279 0 0.7494186046511628 0
0 0.525 0.36180124223602483 0.5866279069767442 0.36180124223602483 0.5866279069767442 0.2670807453416149 0.525 0.2670807453416149 0.525 0.36180124223602483
0 0.5011627906976744 0.6746894409937888 0.5755813953488372 0.6746894409937888 0.5755813953488372 0.5815217391304348 0.5011627906976744 0.5815217391304348 0.5011627906976744 0.6746894409937888
0 0.6825581395348838 0.2593167701863354 0.7406976744186047 0.2593167701863354 0.7406976744186047 0.17701863354037267 0.6825581395348838 0.17701863354037267 0.6825581395348838 0.2593167701863354
0 0.4255813953488372 0.7104037267080745 0.48953488372093024 0.7104037267080745 0.48953488372093024 0.6063664596273292 0.4255813953488372 0.6063664596273292 0.4255813953488372 0.7104037267080745
0 0.8017441860465117 0.9572981366459627 0.8877906976744186 0.9572981366459627 0.8877906976744186 0.843944099378882 0.8017441860465117 0.843944099378882 0.8017441860465117 0.9572981366459627
0 0.6523255813953488 0.9355590062111802 0.7372093023255814 0.9355590062111802 0.7372093023255814 0.8253105590062112 0.6523255813953488 0.8253105590062112 0.6523255813953488 0.9355590062111802
0 0.6343023255813953 0.17468944099378883 0.7017441860465117 0.17468944099378883 0.7017441860465117 0.07375776397515528 0.6343023255813953 0.07375776397515528 0.6343023255813953 0.17468944099378883
0 0.7453488372093023 0.18245341614906832 0.786046511627907 0.18245341614906832 0.786046511627907 0.1110248447204969 0.7453488372093023 0.1110248447204969 0.7453488372093023 0.18245341614906832
0 0.4476744186046512 0.577639751552795 0.5104651162790698 0.577639751552795 0.5104651162790698 0.5015527950310559 0.4476744186046512 0.5015527950310559 0.4476744186046512 0.577639751552795
0 0.5255813953488372 0.8198757763975155 0.5976744186046512 0.8198757763975155 0.5976744186046512 0.6909937888198758 0.5255813953488372 0.6909937888198758 0.5255813953488372 0.8198757763975155
0 0.5209302325581395 0.531055900621118 0.586046511627907 0.531055900621118 0.586046511627907 0.4658385093167702 0.5209302325581395 0.4658385093167702 0.5209302325581395 0.531055900621118
0 0.6930232558139535 0.781055900621118 0.7616279069767442 0.781055900621118 0.7616279069767442 0.6863354037267081 0.6930232558139535 0.6863354037267081 0.6930232558139535 0.781055900621118
0 0.5924418604651163 1 0.5924418604651163 0.90527950310559 0.5075581395348837 0.90527950310559 0.5075581395348837 1 0.5924418604651163 1
0 0.4808139534883721 1 0.4808139534883721 0.9394409937888198 0.4063953488372093 0.9394409937888198 0.4063953488372093 1 0.4808139534883721 1
0 0.6941860465116279 0.09239130434782608 0.7453488372093023 0.09239130434782608 0.7453488372093023 0.0007763975155279503 0.6941860465116279 0.0007763975155279503 0.6941860465116279 0.09239130434782608
0 0.42790697674418604 0.8237577639751553 0.4790697674418605 0.8237577639751553 0.4790697674418605 0.7476708074534162 0.42790697674418604 0.7476708074534162 0.42790697674418604 0.8237577639751553
0 0.3744186046511628 0.9658385093167702 0.4290697674418605 0.9658385093167702 0.4290697674418605 0.8680124223602484 0.3744186046511628 0.8680124223602484 0.3744186046511628 0.9658385093167702
0 0.4622093023255814 0.906832298136646 0.5308139534883721 0.906832298136646 0.5308139534883721 0.8152173913043478 0.4622093023255814 0.8152173913043478 0.4622093023255814 0.906832298136646