0 0.6191860465116279 0.5652173913043478 0.6912790697674419 0.5652173913043478 0.6912790697674419 0.4673913043478261 0.6191860465116279 0.4673913043478261 0.6191860465116279 0.5652173913043478
0 0.7877906976744186 0.4891304347826087 0.8668604651162791 0.4891304347826087 0.8668604651162791 0.38975155279503104 0.7877906976744186 0.38975155279503104 0.7877906976744186 0.4891304347826087
0 0.5372093023255814 0.5993788819875776 0.6151162790697674 0.5993788819875776 0.6151162790697674 0.4968944099378882 0.5372093023255814 0.4968944099378882 0.5372093023255814 0.5993788819875776
0 0.22616279069767442 0.9363354037267081 0.29593023255813955 0.9363354037267081 0.29593023255813955 0.8198757763975155 0.22616279069767442 0.8198757763975155 0.22616279069767442 0.9363354037267081
0 0.5052325581395349 0.906832298136646 0.5912790697674418 0.906832298136646 0.5912790697674418 0.8090062111801242 0.5052325581395349 0.8090062111801242 0.5052325581395349 0.906832298136646
0 0.9401162790697675 0.14285714285714285 0.9994186046511628 0.14285714285714285 0.9994186046511628 0.049689440993788817 0.9401162790697675 0.049689440993788817 0.9401162790697675 0.14285714285714285
0 0.45872093023255817 1 0.45872093023255817 0.9192546583850931 0.4052325581395349 0.9192546583850931 0.4052325581395349 1 0.45872093023255817 1
0 0.7622093023255814 0 0.7622093023255814 0.046583850931677016 0.8354651162790697 0.046583850931677016 0.8354651162790697 0 0.7622093023255814 0
0 0.48255813953488375 0.4301242236024845 0.5581395348837209 0.4301242236024845 0.5581395348837209 0.327639751552795 0.48255813953488375 0.327639751552795 0.48255813953488375 0.4301242236024845
0 0.5744186046511628 0.796583850931677 0.641860465116279 0.796583850931677 0.641860465116279 0.703416149068323 0.5744186046511628 0.703416149068323 0.5744186046511628 0.796583850931677
0 0.2936046511627907 0.9425465838509317 0.34825581395348837 0.9425465838509317 0.34825581395348837 0.8571428571428571 0.2936046511627907 0.8571428571428571 0.2936046511627907 0.9425465838509317
0 0.38895348837209304 0.7958074534161491 0.44476744186046513 0.7958074534161491 0.44476744186046513 0.6886645962732919 0.38895348837209304 0.6886645962732919 0.38895348837209304 0.7958074534161491
0 0.6174418604651163 0.3361801242236025 0.6767441860465117 0.3361801242236025 0.6767441860465117 0.25698757763975155 0.6174418604651163 0.25698757763975155 0.6174418604651163 0.3361801242236025
0 0.7046511627906977 0.09239130434782608 0.7523255813953489 0.09239130434782608 0.7523255813953489 0.02562111801242236 0.7046511627906977 0.02562111801242236 0.7046511627906977 0.09239130434782608
0 0.6697674418604651 0 0.6697674418604651 0.055900621118012424 0.7220930232558139 0.055900621118012424 0.7220930232558139 0 0.6697674418604651 0
0 0.6906976744186046 0.375 0.7604651162790698 0.375 0.7604651162790698 0.27872670807453415 0.6906976744186046 0.27872670807453415 0.6906976744186046 0.375
0 0.7866279069767442 0.2942546583850932 0.8517441860465116 0.2942546583850932 0.8517441860465116 0.20263975155279504 0.7866279069767442 0.20263975155279504 0.7866279069767442 0.2942546583850932
0 0.65 0.46816770186335405 0.7093023255813954 0.46816770186335405 0.7093023255813954 0.3656832298136646 0.65 0.3656832298136646 0.65 0.46816770186335405
0 0.5726744186046512 0.4588509316770186 0.6354651162790698 0.4588509316770186 0.6354651162790698 0.3920807453416149 0.5726744186046512 0.3920807453416149 0.5726744186046512 0.4588509316770186
0 0.6529069767441861 0.17546583850931677 0.711046511627907 0.17546583850931677 0.711046511627907 0.09006211180124224 0.6529069767441861 0.09006211180124224 0.6529069767441861 0.17546583850931677
0 0.46918604651162793 0.7740683229813664 0.5494186046511628 0.7740683229813664 0.5494186046511628 0.6607142857142857 0.46918604651162793 0.6607142857142857 0.46918604651162793 0.7740683229813664
0 0.8186046511627907 0.38664596273291924 0.8837209302325582 0.38664596273291924 0.8837209302325582 0.2981366459627329 0.8186046511627907 0.2981366459627329 0.8186046511627907 0.38664596273291924
0 0.5534883720930233 0.38664596273291924 0.608139534883721 0.38664596273291924 0.608139534883721 0.2795031055900621 0.5534883720930233 0.2795031055900621 0.5534883720930233 0.38664596273291924
0 0.3866279069767442 1 0.3866279069767442 0.9503105590062112 0.3261627906976744 0.9503105590062112 0.3261627906976744 1 0.3866279069767442 1
0 0.6767441860465117 0.25232919254658387 0.7337209302325581 0.25232919254658387 0.7337209302325581 0.18555900621118013 0.6767441860465117 0.18555900621118013 0.6767441860465117 0.25232919254658387
0 0.45930232558139533 0.6444099378881988 0.5348837209302325 0.6444099378881988 0.5348837209302325 0.5232919254658385 0.45930232558139533 0.5232919254658385 0.45930232558139533 0.6444099378881988
0 0.42848837209302326 0.860248447204969 0.4994186046511628 0.860248447204969 0.4994186046511628 0.7701863354037267 0.42848837209302326 0.7701863354037267 0.42848837209302326 0.860248447204969
0 0.6139534883720931 1 0.6139534883720931 0.9767080745341615 0.5558139534883721 0.9767080745341615 0.5558139534883721 1 0.6139534883720931 1
0 0.175 0.2484472049689441 0.22616279069767442 0.2484472049689441 0.22616279069767442 0.14596273291925466 0.175 0.14596273291925466 0.175 0.2484472049689441
0 0.7209302325581395 0.18788819875776397 0.7686046511627908 0.18788819875776397 0.7686046511627908 0.10714285714285714 0.7209302325581395 0.10714285714285714 0.7209302325581395 0.18788819875776397