0 0.2854651162790698 0.8633540372670807 0.35872093023255813 0.8633540372670807 0.35872093023255813 0.7422360248447205 0.2854651162790698 0.7422360248447205 0.2854651162790698 0.8633540372670807
0 0.8302325581395349 0.827639751552795 0.9093023255813953 0.827639751552795 0.9093023255813953 0.7220496894409938 0.8302325581395349 0.7220496894409938 0.8302325581395349 0.827639751552795
0 0.6104651162790697 0.5885093167701864 0.6930232558139535 0.5885093167701864 0.6930232558139535 0.48757763975155277 0.6104651162790697 0.48757763975155277 0.6104651162790697 0.5885093167701864
0 0.3715116279069767 0.5838509316770186 0.44127906976744186 0.5838509316770186 0.44127906976744186 0.4782608695652174 0.3715116279069767 0.4782608695652174 0.3715116279069767 0.5838509316770186
0 0.6883720930232559 0.37577639751552794 0.7523255813953489 0.37577639751552794 0.7523255813953489 0.29347826086956524 0.6883720930232559 0.29347826086956524 0.6883720930232559 0.37577639751552794
0 0.5848837209302326 0.514751552795031 0.6337209302325582 0.514751552795031 0.6337209302325582 0.42624223602484473 0.5848837209302326 0.42624223602484473 0.5848837209302326 0.514751552795031
0 0.36453488372093024 0.8291925465838509 0.43197674418604654 0.8291925465838509 0.43197674418604654 0.7236024844720497 0.36453488372093024 0.7236024844720497 0.36453488372093024 0.8291925465838509
0 0.5017441860465116 0.6669254658385093 0.5668604651162791 0.6669254658385093 0.5668604651162791 0.5737577639751553 0.5017441860465116 0.5737577639751553 0.5017441860465116 0.6669254658385093
0 0.6912790697674419 0.9386645962732919 0.7854651162790698 0.9386645962732919 0.7854651162790698 0.8408385093167702 0.6912790697674419 0.8408385093167702 0.6912790697674419 0.9386645962732919
0 0.7319767441860465 0.4503105590062112 0.7994186046511628 0.4503105590062112 0.7994186046511628 0.35248447204968947 0.7319767441860465 0.35248447204968947 0.7319767441860465 0.4503105590062112
0 0.8860465116279069 0.28183229813664595 0.958139534883721 0.28183229813664595 0.958139534883721 0.19487577639751552 0.8860465116279069 0.19487577639751552 0.8860465116279069 0.28183229813664595
0 0.4441860465116279 0.2577639751552795 0.5011627906976744 0.2577639751552795 0.5011627906976744 0.15993788819875776 0.4441860465116279 0.15993788819875776 0.4441860465116279 0.2577639751552795
0 0.522093023255814 0.8975155279503105 0.6104651162790697 0.8975155279503105 0.6104651162790697 0.7903726708074534 0.522093023255814 0.7903726708074534 0.522093023255814 0.8975155279503105
0 0.6069767441860465 0.391304347826087 0.6662790697674419 0.391304347826087 0.6662790697674419 0.327639751552795 0.6069767441860465 0.327639751552795 0.6069767441860465 0.391304347826087
0 0.5424418604651163 0.7569875776397516 0.6226744186046511 0.7569875776397516 0.6226744186046511 0.6451863354037267 0.5424418604651163 0.6451863354037267 0.5424418604651163 0.7569875776397516
0 0.7651162790697674 0.21739130434782608 0.8186046511627907 0.21739130434782608 0.8186046511627907 0.13509316770186336 0.7651162790697674 0.13509316770186336 0.7651162790697674 0.21739130434782608
0 0.4366279069767442 0.5861801242236024 0.5040697674418605 0.5861801242236024 0.5040697674418605 0.5069875776397516 0.4366279069767442 0.5069875776397516 0.4366279069767442 0.5861801242236024
0 0.5883720930232558 0.3027950310559006 0.6430232558139535 0.3027950310559006 0.6430232558139535 0.234472049689441 0.5883720930232558 0.234472049689441 0.5883720930232558 0.3027950310559006
0 0.7232558139534884 0 0.7232558139534884 0.029503105590062112 0.7627906976744186 0.029503105590062112 0.7627906976744186 0 0.7232558139534884 0
0 0.8168604651162791 0.2748447204968944 0.8831395348837209 0.2748447204968944 0.8831395348837209 0.18478260869565216 0.8168604651162791 0.18478260869565216 0.8168604651162791 0.2748447204968944
0 0.6947674418604651 0.5559006211180124 0.7622093023255814 0.5559006211180124 0.7622093023255814 0.4658385093167702 0.6947674418604651 0.4658385093167702 0.6947674418604651 0.5559006211180124
0 0.6302325581395349 0.2220496894409938 0.6825581395348838 0.2220496894409938 0.6825581395348838 0.15527950310559005 0.6302325581395349 0.15527950310559005 0.6302325581395349 0.2220496894409938
0 0.5383720930232558 0.4309006211180124 0.5941860465116279 0.4309006211180124 0.5941860465116279 0.3687888198757764 0.5383720930232558 0.3687888198757764 0.5383720930232558 0.4309006211180124
0 0.5122093023255814 0.5357142857142857 0.5843023255813954 0.5357142857142857 0.5843023255813954 0.45652173913043476 0.5122093023255814 0.45652173913043476 0.5122093023255814 0.5357142857142857
0 0.7337209302325581 0.30357142857142855 0.7988372093023256 0.30357142857142855 0.7988372093023256 0.20574534161490685 0.7337209302325581 0.20574534161490685 0.7337209302325581 0.30357142857142855
0 0.7633720930232558 0 0.7633720930232558 0.05434782608695652 0.8261627906976744 0.05434782608695652 0.8261627906976744 0 0.7633720930232558 0
0 0.42616279069767443 0.4231366459627329 0.49127906976744184 0.4231366459627329 0.49127906976744184 0.3423913043478261 0.42616279069767443 0.3423913043478261 0.42616279069767443 0.4231366459627329
0 0.5261627906976745 0.2826086956521739 0.5784883720930233 0.2826086956521739 0.5784883720930233 0.2220496894409938 0.5261627906976745 0.2220496894409938 0.5261627906976745 0.2826086956521739
0 0.5 0.2562111801242236 0.5581395348837209 0.2562111801242236 0.5581395348837209 0.17701863354037267 0.5 0.17701863354037267 0.5 0.2562111801242236
0 0.7 0.2220496894409938 0.7406976744186047 0.2220496894409938 0.7406976744186047 0.17236024844720496 0.7 0.17236024844720496 0.7 0.2220496894409938
0 0.40813953488372096 0.37732919254658387 0.46511627906976744 0.37732919254658387 0.46511627906976744 0.2841614906832298 0.40813953488372096 0.2841614906832298 0.40813953488372096 0.37732919254658387
0 0.43953488372093025 0.8625776397515528 0.5151162790697674 0.8625776397515528 0.5151162790697674 0.7399068322981367 0.43953488372093025 0.7399068322981367 0.43953488372093025 0.8625776397515528
0 0.5843023255813954 0.19177018633540371 0.6377906976744186 0.19177018633540371 0.6377906976744186 0.10326086956521739 0.5843023255813954 0.10326086956521739 0.5843023255813954 0.19177018633540371
0 0.5715116279069767 1 0.5715116279069767 0.9006211180124224 0.47848837209302325 0.9006211180124224 0.47848837209302325 1 0.5715116279069767 1
0 0.4645348837209302 0.46273291925465837 0.5261627906976745 0.46273291925465837 0.5261627906976745 0.3944099378881988 0.4645348837209302 0.3944099378881988 0.4645348837209302 0.46273291925465837
0 0.6581395348837209 0.31754658385093165 0.7011627906976744 0.31754658385093165 0.7011627906976744 0.24767080745341616 0.6581395348837209 0.24767080745341616 0.6581395348837209 0.31754658385093165
0 0.4680232558139535 1 0.4680232558139535 0.9409937888198758 0.3866279069767442 0.9409937888198758 0.3866279069767442 1 0.4680232558139535 1
0 0.4325581395348837 0.7220496894409938 0.4930232558139535 0.7220496894409938 0.4930232558139535 0.6242236024844721 0.4325581395348837 0.6242236024844721 0.4325581395348837 0.7220496894409938
0 0.5046511627906977 0.3687888198757764 0.5476744186046512 0.3687888198757764 0.5476744186046512 0.3144409937888199 0.5046511627906977 0.3144409937888199 0.5046511627906977 0.3687888198757764
0 0.5069767441860465 0.3656832298136646 0.5732558139534883 0.3656832298136646 0.5732558139534883 0.27406832298136646 0.5069767441860465 0.27406832298136646 0.5069767441860465 0.3656832298136646