0 0.22093023255813954 0.9976708074534162 0.2941860465116279 0.9976708074534162 0.2941860465116279 0.8687888198757764 0.22093023255813954 0.8687888198757764 0.22093023255813954 0.9976708074534162
0 0.46162790697674416 0.5108695652173914 0.5232558139534884 0.5108695652173914 0.5232558139534884 0.4083850931677019 0.46162790697674416 0.4083850931677019 0.46162790697674416 0.5108695652173914
0 0.5703488372093023 0.7779503105590062 0.6377906976744186 0.7779503105590062 0.6377906976744186 0.6739130434782609 0.5703488372093023 0.6739130434782609 0.5703488372093023 0.7779503105590062
0 0.7994186046511628 0.6506211180124224 0.8726744186046511 0.6506211180124224 0.8726744186046511 0.5481366459627329 0.7994186046511628 0.5481366459627329 0.7994186046511628 0.6506211180124224
0 0.3133720930232558 0.5846273291925466 0.3691860465116279 0.5846273291925466 0.3691860465116279 0.47437888198757766 0.3133720930232558 0.47437888198757766 0.3133720930232558 0.5846273291925466
0 0.6174418604651163 0.8703416149068323 0.6988372093023256 0.8703416149068323 0.6988372093023256 0.764751552795031 0.6174418604651163 0.764751552795031 0.6174418604651163 0.8703416149068323
0 0.6627906976744186 0.3517080745341615 0.7313953488372092 0.3517080745341615 0.7313953488372092 0.26319875776397517 0.6627906976744186 0.26319875776397517 0.6627906976744186 0.3517080745341615
0 0.2627906976744186 0.7375776397515528 0.3383720930232558 0.7375776397515528 0.3383720930232558 0.6273291925465838 0.2627906976744186 0.6273291925465838 0.2627906976744186 0.7375776397515528
0 0.6581395348837209 0.5543478260869565 0.7220930232558139 0.5543478260869565 0.7220930232558139 0.4611801242236025 0.6581395348837209 0.4611801242236025 0.6581395348837209 0.5543478260869565
0 0.461046511627907 0.6793478260869565 0.5226744186046511 0.6793478260869565 0.5226744186046511 0.5799689440993789 0.461046511627907 0.5799689440993789 0.461046511627907 0.6793478260869565
0 0.5063953488372093 0.5698757763975155 0.5703488372093023 0.5698757763975155 0.5703488372093023 0.484472049689441 0.5063953488372093 0.484472049689441 0.5063953488372093 0.5698757763975155
0 0.6127906976744186 0.30201863354037267 0.6697674418604651 0.30201863354037267 0.6697674418604651 0.20729813664596272 0.6127906976744186 0.20729813664596272 0.6127906976744186 0.30201863354037267
0 0.5459302325581395 0.12732919254658384 0.6005813953488373 0.12732919254658384 0.6005813953488373 0.046583850931677016 0.5459302325581395 0.046583850931677016 0.5459302325581395 0.12732919254658384
0 0.45 0.9440993788819876 0.5069767441860465 0.9440993788819876 0.5069767441860465 0.8385093167701864 0.45 0.8385093167701864 0.45 0.9440993788819876
0 0.5691860465116279 0.9961180124223602 0.6529069767441861 0.9961180124223602 0.6529069767441861 0.8703416149068323 0.5691860465116279 0.8703416149068323 0.5691860465116279 0.9961180124223602
0 0.7715116279069767 0.2375776397515528 0.838953488372093 0.2375776397515528 0.838953488372093 0.13198757763975155 0.7715116279069767 0.13198757763975155 0.7715116279069767 0.2375776397515528
0 0.6965116279069767 0.12888198757763975 0.7372093023255814 0.12888198757763975 0.7372093023255814 0.06055900621118013 0.6965116279069767 0.06055900621118013 0.6965116279069767 0.12888198757763975
0 0.3680232558139535 0.5916149068322981 0.4331395348837209 0.5916149068322981 0.4331395348837209 0.4922360248447205 0.3680232558139535 0.4922360248447205 0.3680232558139535 0.5916149068322981
0 0.5825581395348837 0.5722049689440993 0.6348837209302326 0.5722049689440993 0.6348837209302326 0.49611801242236025 0.5825581395348837 0.49611801242236025 0.5825581395348837 0.5722049689440993
0 0.7366279069767442 0.18400621118012422 0.7866279069767442 0.18400621118012422 0.7866279069767442 0.09394409937888198 0.7366279069767442 0.09394409937888198 0.7366279069767442 0.18400621118012422
0 0.8494186046511628 0.20108695652173914 0.9191860465116279 0.20108695652173914 0.9191860465116279 0.1063664596273292 0.8494186046511628 0.1063664596273292 0.8494186046511628 0.20108695652173914
0 0.7197674418604652 0.6358695652173914 0.7930232558139535 0.6358695652173914 0.7930232558139535 0.5349378881987578 0.7197674418604652 0.5349378881987578 0.7197674418604652 0.6358695652173914
0 0.5145348837209303 0.2360248447204969 0.5656976744186046 0.2360248447204969 0.5656976744186046 0.15683229813664595 0.5145348837209303 0.15683229813664595 0.5145348837209303 0.2360248447204969
0 0.7697674418604651 0 0.7697674418604651 0.06521739130434782 0.8290697674418605 0.06521739130434782 0.8290697674418605 0 0.7697674418604651 0
0 0.5348837209302325 0.6933229813664596 0.5906976744186047 0.6933229813664596 0.5906976744186047 0.6048136645962733 0.5348837209302325 0.6048136645962733 0.5348837209302325 0.6933229813664596
0 0.5337209302325582 0.45108695652173914 0.5941860465116279 0.45108695652173914 0.5941860465116279 0.3858695652173913 0.5337209302325582 0.3858695652173913 0.5337209302325582 0.45108695652173914
0 0.5738372093023256 0.2096273291925466 0.6354651162790698 0.2096273291925466 0.6354651162790698 0.12732919254658384 0.5738372093023256 0.12732919254658384 0.5738372093023256 0.2096273291925466
0 0.3656976744186046 0.7461180124223602 0.41686046511627906 0.7461180124223602 0.41686046511627906 0.6653726708074534 0.3656976744186046 0.6653726708074534 0.3656976744186046 0.7461180124223602
0 0.40348837209302324 0.8229813664596274 0.4662790697674419 0.8229813664596274 0.4662790697674419 0.7562111801242236 0.40348837209302324 0.7562111801242236 0.40348837209302324 0.8229813664596274
0 0.6046511627906976 0.468944099378882 0.663953488372093 0.468944099378882 0.663953488372093 0.40683229813664595 0.6046511627906976 0.40683229813664595 0.6046511627906976 0.468944099378882
0 0.6197674418604651 0.6614906832298136 0.6953488372093023 0.6614906832298136 0.6953488372093023 0.5605590062111802 0.6197674418604651 0.5605590062111802 0.6197674418604651 0.6614906832298136
0 0.3686046511627907 0.9984472049689441 0.45348837209302323 0.9984472049689441 0.45348837209302323 0.8742236024844721 0.3686046511627907 0.8742236024844721 0.3686046511627907 0.9984472049689441
0 0.2930232558139535 0.8066770186335404 0.34767441860465115 0.8066770186335404 0.34767441860465115 0.7072981366459627 0.2930232558139535 0.7072981366459627 0.2930232558139535 0.8066770186335404
0 0.6726744186046512 0 0.6726744186046512 0.012422360248447204 0.7075581395348837 0.012422360248447204 0.7075581395348837 0 0.6726744186046512 0
0 0.686046511627907 0.2701863354037267 0.7593023255813953 0.2701863354037267 0.7593023255813953 0.16459627329192547 0.686046511627907 0.16459627329192547 0.686046511627907 0.2701863354037267
0 0.3616279069767442 1 0.3616279069767442 0.906832298136646 0.2941860465116279 0.906832298136646 0.2941860465116279 1 0.3616279069767442 1
0 0.638953488372093 0.1545031055900621 0.6877906976744186 0.1545031055900621 0.6877906976744186 0.07996894409937888 0.638953488372093 0.07996894409937888 0.638953488372093 0.1545031055900621
0 0.47732558139534886 0.8291925465838509 0.5517441860465117 0.8291925465838509 0.5517441860465117 0.7111801242236024 0.47732558139534886 0.7111801242236024 0.47732558139534886 0.8291925465838509
0 0.561046511627907 1 0.561046511627907 0.922360248447205 0.4761627906976744 0.922360248447205 0.4761627906976744 1 0.561046511627907 1
0 0.32151162790697674 0.8687888198757764 0.38895348837209304 0.8687888198757764 0.38895348837209304 0.7771739130434783 0.32151162790697674 0.7771739130434783 0.32151162790697674 0.8687888198757764
0 0.8180232558139535 0.14130434782608695 0.8598837209302326 0.14130434782608695 0.8598837209302326 0.06677018633540373 0.8180232558139535 0.06677018633540373 0.8180232558139535 0.14130434782608695
0 0.39476744186046514 0.6358695652173914 0.4552325581395349 0.6358695652173914 0.4552325581395349 0.5613354037267081 0.39476744186046514 0.5613354037267081 0.39476744186046514 0.6358695652173914
0 0.702906976744186 0 0.702906976744186 0.03571428571428571 0.7540697674418605 0.03571428571428571 0.7540697674418605 0 0.702906976744186 0
0 0.3686046511627907 0.967391304347826 0.44651162790697674 0.967391304347826 0.44651162790697674 0.8726708074534162 0.3686046511627907 0.8726708074534162 0.3686046511627907 0.967391304347826
0 0.6075581395348837 0.10403726708074534 0.6505813953488372 0.10403726708074534 0.6505813953488372 0.05124223602484472 0.6075581395348837 0.05124223602484472 0.6075581395348837 0.10403726708074534
0 0.39825581395348836 0.6886645962732919 0.4563953488372093 0.6886645962732919 0.4563953488372093 0.6203416149068323 0.39825581395348836 0.6203416149068323 0.39825581395348836 0.6886645962732919