0 0.3122093023255814 1 0.3122093023255814 0.8773291925465838 0.23895348837209301 0.8773291925465838 0.23895348837209301 1 0.3122093023255814 1
0 0.8313953488372093 0.04891304347826087 0.8953488372093024 0.04891304347826087 0.8953488372093024 0.0007763975155279503 0.8313953488372093 0.0007763975155279503 0.8313953488372093 0.04891304347826087
0 0.5505813953488372 0.4091614906832298 0.6075581395348837 0.4091614906832298 0.6075581395348837 0.3330745341614907 0.5505813953488372 0.3330745341614907 0.5505813953488372 0.4091614906832298
0 0.5755813953488372 0.7220496894409938 0.65 0.7220496894409938 0.65 0.6164596273291926 0.5755813953488372 0.6164596273291926 0.5755813953488372 0.7220496894409938
0 0.3313953488372093 0.7072981366459627 0.3953488372093023 0.7072981366459627 0.3953488372093023 0.5970496894409938 0.3313953488372093 0.5970496894409938 0.3313953488372093 0.7072981366459627
0 0.6546511627906977 0.48990683229813664 0.7209302325581395 0.48990683229813664 0.7209302325581395 0.406055900621118 0.6546511627906977 0.406055900621118 0.6546511627906977 0.48990683229813664
0 0.6563953488372093 0.687111801242236 0.7273255813953489 0.687111801242236 0.7273255813953489 0.592391304347826 0.6563953488372093 0.592391304347826 0.6563953488372093 0.687111801242236
0 0.7883720930232558 0.37888198757763975 0.8558139534883721 0.37888198757763975 0.8558139534883721 0.28726708074534163 0.7883720930232558 0.28726708074534163 0.7883720930232558 0.37888198757763975
0 0.3127906976744186 0.9712732919254659 0.38488372093023254 0.9712732919254659 0.38488372093023254 0.8470496894409938 0.3127906976744186 0.8470496894409938 0.3127906976744186 0.9712732919254659
0 0.5465116279069767 0.6436335403726708 0.5953488372093023 0.6436335403726708 0.5953488372093023 0.5442546583850931 0.5465116279069767 0.5442546583850931 0.5465116279069767 0.6436335403726708
0 0.5436046511627907 0.28493788819875776 0.6040697674418605 0.28493788819875776 0.6040697674418605 0.19332298136645962 0.5436046511627907 0.19332298136645962 0.5436046511627907 0.28493788819875776
0 0.7034883720930233 0.5737577639751553 0.7662790697674419 0.5737577639751553 0.7662790697674419 0.47282608695652173 0.7034883720930233 0.47282608695652173 0.7034883720930233 0.5737577639751553
0 0.8662790697674418 0.38354037267080743 0.9302325581395349 0.38354037267080743 0.9302325581395349 0.30434782608695654 0.8662790697674418 0.30434782608695654 0.8662790697674418 0.38354037267080743
0 0.6988372093023256 0.40372670807453415 0.7697674418604651 0.40372670807453415 0.7697674418604651 0.3090062111801242 0.6988372093023256 0.3090062111801242 0.6988372093023256 0.40372670807453415
0 0.40581395348837207 0.3555900621118012 0.46162790697674416 0.3555900621118012 0.46162790697674416 0.25 0.40581395348837207 0.25 0.40581395348837207 0.3555900621118012
0 0.4575581395348837 0.8074534161490683 0.5203488372093024 0.8074534161490683 0.5203488372093024 0.703416149068323 0.4575581395348837 0.703416149068323 0.4575581395348837 0.8074534161490683
0 0.8 0.9891304347826086 0.8883720930232558 0.9891304347826086 0.8883720930232558 0.8509316770186336 0.8 0.8509316770186336 0.8 0.9891304347826086
0 0.5959302325581395 0.32142857142857145 0.6482558139534884 0.32142857142857145 0.6482558139534884 0.2515527950310559 0.5959302325581395 0.2515527950310559 0.5959302325581395 0.32142857142857145
0 0.4633720930232558 0.4805900621118012 0.5098837209302326 0.4805900621118012 0.5098837209302326 0.41226708074534163 0.4633720930232558 0.41226708074534163 0.4633720930232558 0.4805900621118012
0 0.3686046511627907 0.48835403726708076 0.43488372093023253 0.48835403726708076 0.43488372093023253 0.3967391304347826 0.3686046511627907 0.3967391304347826 0.3686046511627907 0.48835403726708076
0 0.6482558139534884 0 0.6482558139534884 0.031055900621118012 0.6982558139534883 0.031055900621118012 0.6982558139534883 0 0.6482558139534884 0
0 0.39244186046511625 0.5372670807453416 0.45058139534883723 0.5372670807453416 0.45058139534883723 0.43788819875776397 0.39244186046511625 0.43788819875776397 0.39244186046511625 0.5372670807453416
0 0.7296511627906976 0.1343167701863354 0.7982558139534883 0.1343167701863354 0.7982558139534883 0.06133540372670807 0.7296511627906976 0.06133540372670807 0.7296511627906976 0.1343167701863354
0 0.461046511627907 0.3579192546583851 0.5087209302325582 0.3579192546583851 0.5087209302325582 0.26785714285714285 0.461046511627907 0.26785714285714285 0.461046511627907 0.3579192546583851
0 0.502906976744186 0.9029503105590062 0.583139534883721 0.9029503105590062 0.583139534883721 0.7880434782608695 0.502906976744186 0.7880434782608695 0.502906976744186 0.9029503105590062
0 0.5697674418604651 0.5077639751552795 0.6337209302325582 0.5077639751552795 0.6337209302325582 0.4409937888198758 0.5697674418604651 0.4409937888198758 0.5697674418604651 0.5077639751552795
0 0.7343023255813953 0.3136645962732919 0.7936046511627907 0.3136645962732919 0.7936046511627907 0.2251552795031056 0.7343023255813953 0.2251552795031056 0.7343023255813953 0.3136645962732919
0 0.6866279069767441 0.10326086956521739 0.7354651162790697 0.10326086956521739 0.7354651162790697 0.019409937888198756 0.6866279069767441 0.019409937888198756 0.6866279069767441 0.10326086956521739
0 0.39127906976744187 0.7127329192546584 0.4575581395348837 0.7127329192546584 0.4575581395348837 0.6273291925465838 0.39127906976744187 0.6273291925465838 0.39127906976744187 0.7127329192546584
0 0.49709302325581395 0.547360248447205 0.5540697674418604 0.547360248447205 0.5540697674418604 0.48214285714285715 0.49709302325581395 0.48214285714285715 0.49709302325581395 0.547360248447205
0 0.9093023255813953 0.016304347826086956 0.9616279069767442 0.016304347826086956 0.9616279069767442 0.0007763975155279503 0.9093023255813953 0.0007763975155279503 0.9093023255813953 0.016304347826086956
0 0.588953488372093 0.05512422360248447 0.6366279069767442 0.05512422360248447 0.6366279069767442 0.0007763975155279503 0.588953488372093 0.0007763975155279503 0.588953488372093 0.05512422360248447
0 0.6674418604651163 0.3198757763975155 0.7104651162790697 0.3198757763975155 0.7104651162790697 0.2608695652173913 0.6674418604651163 0.2608695652173913 0.6674418604651163 0.3198757763975155
0 0.4191860465116279 0.5846273291925466 0.4808139534883721 0.5846273291925466 0.4808139534883721 0.49922360248447206 0.4191860465116279 0.49922360248447206 0.4191860465116279 0.5846273291925466
0 0.6238372093023256 0.42391304347826086 0.666860465116279 0.42391304347826086 0.666860465116279 0.36024844720496896 0.6238372093023256 0.36024844720496896 0.6238372093023256 0.42391304347826086
0 0.7616279069767442 0 0.7616279069767442 0.08229813664596274 0.8162790697674419 0.08229813664596274 0.8162790697674419 0 0.7616279069767442 0
0 0.3918604651162791 0.9968944099378882 0.4662790697674419 0.9968944099378882 0.4662790697674419 0.8819875776397516 0.3918604651162791 0.8819875776397516 0.3918604651162791 0.9968944099378882
0 0.47267441860465115 0.656832298136646 0.538953488372093 0.656832298136646 0.538953488372093 0.5822981366459627 0.47267441860465115 0.5822981366459627 0.47267441860465115 0.656832298136646
0 0.48604651162790696 0.38509316770186336 0.541860465116279 0.38509316770186336 0.541860465116279 0.3307453416149068 0.48604651162790696 0.3307453416149068 0.48604651162790696 0.38509316770186336
0 0.3872093023255814 0.8532608695652174 0.45348837209302323 0.8532608695652174 0.45348837209302323 0.7663043478260869 0.3872093023255814 0.7663043478260869 0.3872093023255814 0.8532608695652174
0 0.6808139534883721 0.23369565217391305 0.7354651162790697 0.23369565217391305 0.7354651162790697 0.18245341614906832 0.6808139534883721 0.18245341614906832 0.6808139534883721 0.23369565217391305
0 0.563953488372093 1 0.563953488372093 0.9394409937888198 0.47790697674418603 0.9394409937888198 0.47790697674418603 1 0.563953488372093 1
0 0.6168604651162791 0.23369565217391305 0.6726744186046512 0.23369565217391305 0.6726744186046512 0.17468944099378883 0.6168604651162791 0.17468944099378883 0.6168604651162791 0.23369565217391305
0 0.6168604651162791 0.2577639751552795 0.6726744186046512 0.2577639751552795 0.6726744186046512 0.17701863354037267 0.6168604651162791 0.17701863354037267 0.6168604651162791 0.2577639751552795