0 0.5465116279069767 0.6059431524547804 0.6598837209302325 0.6059431524547804 0.6598837209302325 0.4263565891472868 0.5465116279069767 0.4263565891472868 0.5465116279069767 0.6059431524547804
0 0.8008720930232558 0.14082687338501293 0.8706395348837209 0.14082687338501293 0.8706395348837209 0.020671834625323 0.8008720930232558 0.020671834625323 0.8008720930232558 0.14082687338501293
0 0.751453488372093 0.38113695090439276 0.8522286821705426 0.38113695090439276 0.8522286821705426 0.2235142118863049 0.751453488372093 0.2235142118863049 0.751453488372093 0.38113695090439276
0 0.6453488372093024 0.40310077519379844 0.7393410852713178 0.40310077519379844 0.7393410852713178 0.2441860465116279 0.6453488372093024 0.2441860465116279 0.6453488372093024 0.40310077519379844
0 0.8643410852713178 0.1479328165374677 0.9486434108527132 0.1479328165374677 0.9486434108527132 0.03682170542635659 0.8643410852713178 0.03682170542635659 0.8643410852713178 0.1479328165374677
0 0.3498062015503876 0.6731266149870802 0.4563953488372093 0.6731266149870802 0.4563953488372093 0.4935400516795866 0.3498062015503876 0.4935400516795866 0.3498062015503876 0.6731266149870802
0 0.19040697674418605 0.9528423772609819 0.29796511627906974 0.9528423772609819 0.29796511627906974 0.7370801033591732 0.19040697674418605 0.7370801033591732 0.19040697674418605 0.9528423772609819
0 0.2611434108527132 0.6246770025839793 0.3561046511627907 0.6246770025839793 0.3561046511627907 0.4541343669250646 0.2611434108527132 0.4541343669250646 0.2611434108527132 0.6246770025839793
0 0.45251937984496127 0.6401808785529716 0.5484496124031008 0.6401808785529716 0.5484496124031008 0.46059431524547806 0.45251937984496127 0.46059431524547806 0.45251937984496127 0.6401808785529716
0 0.43362403100775193 0.3507751937984496 0.5101744186046512 0.3507751937984496 0.5101744186046512 0.2616279069767442 0.43362403100775193 0.2616279069767442 0.43362403100775193 0.3507751937984496
0 0.20348837209302326 0.5277777777777778 0.2751937984496124 0.5277777777777778 0.2751937984496124 0.38695090439276486 0.20348837209302326 0.38695090439276486 0.20348837209302326 0.5277777777777778
0 0.14147286821705427 0.7338501291989664 0.22868217054263565 0.7338501291989664 0.22868217054263565 0.6072351421188631 0.14147286821705427 0.6072351421188631 0.14147286821705427 0.7338501291989664
0 0.031492248062015504 0.9043927648578811 0.125484496124031 0.9043927648578811 0.125484496124031 0.7041343669250646 0.031492248062015504 0.7041343669250646 0.031492248062015504 0.9043927648578811
0 0.5809108527131783 0.22545219638242894 0.6438953488372093 0.22545219638242894 0.6438953488372093 0.13242894056847546 0.5809108527131783 0.13242894056847546 0.5809108527131783 0.22545219638242894
0 0.9476744186046512 0 0.9476744186046512 0.07881136950904392 1 0.07881136950904392 1 0 0.9476744186046512 0
0 0.5397286821705426 0.19444444444444445 0.6007751937984496 0.19444444444444445 0.6007751937984496 0.08333333333333333 0.5397286821705426 0.08333333333333333 0.5397286821705426 0.19444444444444445
0 0.7248062015503876 0.2835917312661499 0.810077519379845 0.2835917312661499 0.810077519379845 0.15439276485788114 0.7248062015503876 0.15439276485788114 0.7248062015503876 0.2835917312661499
0 0.35998062015503873 0.3333333333333333 0.42393410852713176 0.3333333333333333 0.42393410852713176 0.2157622739018088 0.35998062015503873 0.2157622739018088 0.35998062015503873 0.3333333333333333
0 0.4491279069767442 0.4728682170542636 0.5363372093023255 0.4728682170542636 0.5363372093023255 0.3397932816537468 0.4491279069767442 0.3397932816537468 0.4491279069767442 0.4728682170542636
0 0.5193798449612403 0.46188630490956073 0.6133720930232558 0.46188630490956073 0.6133720930232558 0.3107235142118863 0.5193798449612403 0.3107235142118863 0.5193798449612403 0.46188630490956073
0 0.501453488372093 0.28488372093023256 0.5673449612403101 0.28488372093023256 0.5673449612403101 0.19056847545219638 0.501453488372093 0.19056847545219638 0.501453488372093 0.28488372093023256
0 0.055232558139534885 0.6395348837209303 0.14825581395348839 0.6395348837209303 0.14825581395348839 0.5581395348837209 0.055232558139534885 0.5581395348837209 0.055232558139534885 0.6395348837209303
0 0.7398255813953488 0.11692506459948321 0.8008720930232558 0.11692506459948321 0.8008720930232558 0.027777777777777776 0.7398255813953488 0.027777777777777776 0.7398255813953488 0.11692506459948321
0 0.28343023255813954 0.39664082687338503 0.3444767441860465 0.39664082687338503 0.3444767441860465 0.27906976744186046 0.28343023255813954 0.27906976744186046 0.28343023255813954 0.39664082687338503
0 0.5852713178294574 0.3888888888888889 0.6472868217054264 0.3888888888888889 0.6472868217054264 0.24160206718346253 0.5852713178294574 0.24160206718346253 0.5852713178294574 0.3888888888888889
0 0.3687015503875969 0.5290697674418605 0.45494186046511625 0.5290697674418605 0.45494186046511625 0.436046511627907 0.3687015503875969 0.436046511627907 0.3687015503875969 0.5290697674418605
0 0.041182170542635656 0.7403100775193798 0.13905038759689922 0.7403100775193798 0.13905038759689922 0.6111111111111112 0.041182170542635656 0.6111111111111112 0.041182170542635656 0.7403100775193798
0 0.874031007751938 0 0.874031007751938 0.06459948320413436 0.9486434108527132 0.06459948320413436 0.9486434108527132 0 0.874031007751938 0
0 0.12354651162790697 0.8888888888888888 0.2059108527131783 0.8888888888888888 0.2059108527131783 0.686046511627907 0.12354651162790697 0.686046511627907 0.12354651162790697 0.8888888888888888
0 0.5048449612403101 0.3494832041343669 0.5726744186046512 0.3494832041343669 0.5726744186046512 0.2745478036175711 0.5048449612403101 0.2745478036175711 0.5048449612403101 0.3494832041343669
0 0.7281976744186046 0.18863049095607234 0.8076550387596899 0.18863049095607234 0.8076550387596899 0.0917312661498708 0.7281976744186046 0.0917312661498708 0.7281976744186046 0.18863049095607234
0 0.5576550387596899 0.3003875968992248 0.6312984496124031 0.3003875968992248 0.6312984496124031 0.21253229974160207 0.5576550387596899 0.21253229974160207 0.5576550387596899 0.3003875968992248
0 0.6443798449612403 0.2629198966408269 0.7228682170542635 0.2629198966408269 0.7228682170542635 0.1686046511627907 0.6443798449612403 0.1686046511627907 0.6443798449612403 0.2629198966408269
0 0.6516472868217055 0.19509043927648578 0.7214147286821705 0.19509043927648578 0.7214147286821705 0.11498708010335917 0.6516472868217055 0.11498708010335917 0.6516472868217055 0.19509043927648578
0 0.627906976744186 0.15762273901808785 0.685077519379845 0.15762273901808785 0.685077519379845 0.09431524547803617 0.627906976744186 0.09431524547803617 0.627906976744186 0.15762273901808785
0 0.6991279069767442 0.16149870801033592 0.7592054263565892 0.16149870801033592 0.7592054263565892 0.059431524547803614 0.6991279069767442 0.059431524547803614 0.6991279069767442 0.16149870801033592
0 0.35901162790697677 0.49483204134366926 0.44137596899224807 0.49483204134366926 0.44137596899224807 0.3785529715762274 0.35901162790697677 0.3785529715762274 0.35901162790697677 0.49483204134366926
0 0.8507751937984496 0 0.8507751937984496 0.03875968992248062 0.8943798449612403 0.03875968992248062 0.8943798449612403 0 0.8507751937984496 0
0 0.36627906976744184 0.4134366925064599 0.45058139534883723 0.4134366925064599 0.45058139534883723 0.33204134366925064 0.36627906976744184 0.33204134366925064 0.36627906976744184 0.4134366925064599
0 0.6758720930232558 0.11692506459948321 0.7301356589147286 0.11692506459948321 0.7301356589147286 0.03940568475452196 0.6758720930232558 0.03940568475452196 0.6758720930232558 0.11692506459948321
0 0.2805232558139535 0.5142118863049095 0.35901162790697677 0.5142118863049095 0.35901162790697677 0.4082687338501292 0.2805232558139535 0.4082687338501292 0.2805232558139535 0.5142118863049095
0 0.8091085271317829 0 0.8091085271317829 0.021963824289405683 0.8352713178294574 0.021963824289405683 0.8352713178294574 0 0.8091085271317829 0
0 0.8318798449612403 0 0.8318798449612403 0.01808785529715762 0.8531976744186046 0.01808785529715762 0.8531976744186046 0 0.8318798449612403 0