0 0.38153310104529614 0.5395348837209303 0.41986062717770034 0.5395348837209303 0.41986062717770034 0.4569767441860465 0.38153310104529614 0.4569767441860465 0.38153310104529614 0.5395348837209303
0 0.9128919860627178 0.4906976744186046 0.9538327526132404 0.4906976744186046 0.9538327526132404 0.4127906976744186 0.9128919860627178 0.4127906976744186 0.9128919860627178 0.4906976744186046
0 0.3170731707317073 0.6377906976744186 0.3614982578397213 0.6377906976744186 0.3614982578397213 0.5459302325581395 0.3170731707317073 0.5459302325581395 0.3170731707317073 0.6377906976744186
0 0.5435540069686411 0.836046511627907 0.5993031358885017 0.836046511627907 0.5993031358885017 0.7267441860465116 0.5435540069686411 0.7267441860465116 0.5435540069686411 0.836046511627907
0 0.492595818815331 0.7848837209302325 0.5474738675958188 0.7848837209302325 0.5474738675958188 0.6813953488372093 0.492595818815331 0.6813953488372093 0.492595818815331 0.7848837209302325
0 0.45034843205574915 0.5366279069767442 0.49477351916376305 0.5366279069767442 0.49477351916376305 0.45872093023255817 0.45034843205574915 0.45872093023255817 0.45034843205574915 0.5366279069767442
0 0.367595818815331 0.763953488372093 0.42421602787456447 0.763953488372093 0.42421602787456447 0.6651162790697674 0.367595818815331 0.6651162790697674 0.367595818815331 0.763953488372093
0 0.00043554006968641115 0.49593023255813956 0.039634146341463415 0.49593023255813956 0.039634146341463415 0.4145348837209302 0.00043554006968641115 0.4145348837209302 0.00043554006968641115 0.49593023255813956
0 0.17378048780487804 0.9145348837209303 0.2304006968641115 0.9145348837209303 0.2304006968641115 0.8017441860465117 0.17378048780487804 0.8017441860465117 0.17378048780487804 0.9145348837209303
0 0.49956445993031356 0.6087209302325581 0.5483449477351916 0.6087209302325581 0.5483449477351916 0.5203488372093024 0.49956445993031356 0.5203488372093024 0.49956445993031356 0.6087209302325581
0 0.16681184668989546 0.6488372093023256 0.21123693379790942 0.6488372093023256 0.21123693379790942 0.5534883720930233 0.16681184668989546 0.5534883720930233 0.16681184668989546 0.6488372093023256
0 0.13196864111498258 0.5883720930232558 0.17465156794425088 0.5883720930232558 0.17465156794425088 0.49767441860465117 0.13196864111498258 0.49767441860465117 0.13196864111498258 0.5883720930232558
0 0.0627177700348432 0.5017441860465116 0.10627177700348432 0.5017441860465116 0.10627177700348432 0.4191860465116279 0.0627177700348432 0.4191860465116279 0.0627177700348432 0.5017441860465116
0 0.26393728222996515 0.46511627906976744 0.3057491289198606 0.46511627906976744 0.3057491289198606 0.3918604651162791 0.26393728222996515 0.3918604651162791 0.26393728222996515 0.46511627906976744
0 0.5918989547038328 0.5226744186046511 0.6354529616724739 0.5226744186046511 0.6354529616724739 0.44476744186046513 0.5918989547038328 0.44476744186046513 0.5918989547038328 0.5226744186046511
0 0.09799651567944251 0.46162790697674416 0.13719512195121952 0.46162790697674416 0.13719512195121952 0.3732558139534884 0.09799651567944251 0.3732558139534884 0.09799651567944251 0.46162790697674416
0 0.3989547038327526 0.4633720930232558 0.4416376306620209 0.4633720930232558 0.4416376306620209 0.3866279069767442 0.3989547038327526 0.3866279069767442 0.3989547038327526 0.4633720930232558
0 0.6541811846689896 0.5005813953488372 0.6986062717770035 0.5005813953488372 0.6986062717770035 0.42034883720930233 0.6541811846689896 0.42034883720930233 0.6541811846689896 0.5005813953488372
0 0.1332752613240418 0.8627906976744186 0.18902439024390244 0.8627906976744186 0.18902439024390244 0.763953488372093 0.1332752613240418 0.763953488372093 0.1332752613240418 0.8627906976744186
0 0.8471254355400697 0.3308139534883721 0.8863240418118467 0.3308139534883721 0.8863240418118467 0.26569767441860465 0.8471254355400697 0.26569767441860465 0.8471254355400697 0.3308139534883721
0 0.2735191637630662 0.5895348837209302 0.31794425087108014 0.5895348837209302 0.31794425087108014 0.5069767441860465 0.2735191637630662 0.5069767441860465 0.2735191637630662 0.5895348837209302
0 0.8745644599303136 0.5401162790697674 0.9128919860627178 0.5401162790697674 0.9128919860627178 0.4622093023255814 0.8745644599303136 0.4622093023255814 0.8745644599303136 0.5401162790697674
0 0.5527003484320557 0.3697674418604651 0.5936411149825784 0.3697674418604651 0.5936411149825784 0.29767441860465116 0.5527003484320557 0.29767441860465116 0.5527003484320557 0.3697674418604651
0 0.47038327526132406 0.6674418604651163 0.5235191637630662 0.6674418604651163 0.5235191637630662 0.5720930232558139 0.47038327526132406 0.5720930232558139 0.47038327526132406 0.6674418604651163
0 0.16376306620209058 0.541860465116279 0.2029616724738676 0.541860465116279 0.2029616724738676 0.45930232558139533 0.16376306620209058 0.45930232558139533 0.16376306620209058 0.541860465116279
0 0.6197735191637631 0.3755813953488372 0.6607142857142857 0.3755813953488372 0.6607142857142857 0.3081395348837209 0.6197735191637631 0.3081395348837209 0.6197735191637631 0.3755813953488372
0 0.28310104529616725 0.6755813953488372 0.32926829268292684 0.6755813953488372 0.32926829268292684 0.5848837209302326 0.28310104529616725 0.5848837209302326 0.28310104529616725 0.6755813953488372
0 0.032229965156794424 0.627906976744186 0.06881533101045297 0.627906976744186 0.06881533101045297 0.5395348837209303 0.032229965156794424 0.5395348837209303 0.032229965156794424 0.627906976744186
0 0.6951219512195121 0.5343023255813953 0.7465156794425087 0.5343023255813953 0.7465156794425087 0.43197674418604654 0.6951219512195121 0.43197674418604654 0.6951219512195121 0.5343023255813953
0 0.05879790940766551 0.7819767441860465 0.10496515679442509 0.7819767441860465 0.10496515679442509 0.6773255813953488 0.05879790940766551 0.6773255813953488 0.05879790940766551 0.7819767441860465
0 0.8166376306620209 0.40232558139534885 0.855836236933798 0.40232558139534885 0.855836236933798 0.3313953488372093 0.8166376306620209 0.3313953488372093 0.8166376306620209 0.40232558139534885
0 0.5714285714285714 0.4459302325581395 0.6097560975609756 0.4459302325581395 0.6097560975609756 0.3633720930232558 0.5714285714285714 0.3633720930232558 0.5714285714285714 0.4459302325581395
0 0.7717770034843205 0.3686046511627907 0.813588850174216 0.3686046511627907 0.813588850174216 0.2930232558139535 0.7717770034843205 0.2930232558139535 0.7717770034843205 0.3686046511627907
0 0.6202090592334495 0.10697674418604651 0.6567944250871081 0.10697674418604651 0.6567944250871081 0.037209302325581395 0.6202090592334495 0.037209302325581395 0.6202090592334495 0.10697674418604651
0 0.8288327526132404 0.5122093023255814 0.8732578397212544 0.5122093023255814 0.8732578397212544 0.4308139534883721 0.8288327526132404 0.4308139534883721 0.8288327526132404 0.5122093023255814
0 0.7857142857142857 0.3133720930232558 0.828397212543554 0.3133720930232558 0.828397212543554 0.2517441860465116 0.7857142857142857 0.2517441860465116 0.7857142857142857 0.3133720930232558
0 0.3989547038327526 0.7058139534883721 0.45121951219512196 0.7058139534883721 0.45121951219512196 0.6127906976744186 0.3989547038327526 0.6127906976744186 0.3989547038327526 0.7058139534883721
0 0.6942508710801394 0.6267441860465116 0.7395470383275261 0.6267441860465116 0.7395470383275261 0.5383720930232558 0.6942508710801394 0.5383720930232558 0.6942508710801394 0.6267441860465116
0 0.9673344947735192 0.4029069767441861 0.9986933797909407 0.4029069767441861 0.9986933797909407 0.3470930232558139 0.9673344947735192 0.3470930232558139 0.9673344947735192 0.4029069767441861
0 0.9838850174216028 0.44651162790697674 0.9995644599303136 0.44651162790697674 0.9995644599303136 0.3825581395348837 0.9838850174216028 0.3825581395348837 0.9838850174216028 0.44651162790697674
0 0.00043554006968641115 0.5284883720930232 0.009146341463414634 0.5284883720930232 0.009146341463414634 0.47151162790697676 0.00043554006968641115 0.47151162790697676 0.00043554006968641115 0.5284883720930232
0 0.8453832752613241 0.4703488372093023 0.8854529616724739 0.4703488372093023 0.8854529616724739 0.40174418604651163 0.8453832752613241 0.40174418604651163 0.8453832752613241 0.4703488372093023
0 0.9451219512195121 0.30465116279069765 0.9790940766550522 0.30465116279069765 0.9790940766550522 0.24651162790697675 0.9451219512195121 0.24651162790697675 0.9451219512195121 0.30465116279069765
0 0.8980836236933798 0.3133720930232558 0.931184668989547 0.3133720930232558 0.931184668989547 0.25290697674418605 0.8980836236933798 0.25290697674418605 0.8980836236933798 0.3133720930232558
0 0.9838850174216028 0.31627906976744186 0.9995644599303136 0.31627906976744186 0.9995644599303136 0.27209302325581397 0.9838850174216028 0.27209302325581397 0.9838850174216028 0.31627906976744186
0 0.9812717770034843 0.3622093023255814 0.9995644599303136 0.3622093023255814 0.9995644599303136 0.3122093023255814 0.9812717770034843 0.3122093023255814 0.9812717770034843 0.3622093023255814
0 0.9089721254355401 0.2691860465116279 0.9429442508710801 0.2691860465116279 0.9429442508710801 0.22267441860465118 0.9089721254355401 0.22267441860465118 0.9089721254355401 0.2691860465116279
0 0.3854529616724739 0.8255813953488372 0.4133275261324042 0.8255813953488372 0.4133275261324042 0.7755813953488372 0.3854529616724739 0.7755813953488372 0.3854529616724739 0.8255813953488372