0 0.4921602787456446 0.7837209302325582 0.5461672473867596 0.7837209302325582 0.5461672473867596 0.6813953488372093 0.4921602787456446 0.6813953488372093 0.4921602787456446 0.7837209302325582
0 0.6951219512195121 0.5348837209302325 0.7473867595818815 0.5348837209302325 0.7473867595818815 0.4313953488372093 0.6951219512195121 0.4313953488372093 0.6951219512195121 0.5348837209302325
0 0.3153310104529617 0.6377906976744186 0.3614982578397213 0.6377906976744186 0.3614982578397213 0.5459302325581395 0.3153310104529617 0.5459302325581395 0.3153310104529617 0.6377906976744186
0 0.09581881533101046 0.4622093023255814 0.13850174216027875 0.4622093023255814 0.13850174216027875 0.375 0.09581881533101046 0.375 0.09581881533101046 0.4622093023255814
0 0.13109756097560976 0.5883720930232558 0.17465156794425088 0.5883720930232558 0.17465156794425088 0.4965116279069767 0.13109756097560976 0.4965116279069767 0.13109756097560976 0.5883720930232558
0 0.38109756097560976 0.5412790697674419 0.4202961672473868 0.5412790697674419 0.4202961672473868 0.4563953488372093 0.38109756097560976 0.4563953488372093 0.38109756097560976 0.5412790697674419
0 0.6546167247386759 0.5 0.698170731707317 0.5 0.698170731707317 0.41627906976744183 0.6546167247386759 0.41627906976744183 0.6546167247386759 0.5
0 0.4499128919860627 0.5372093023255814 0.4943379790940767 0.5372093023255814 0.4943379790940767 0.45348837209302323 0.4499128919860627 0.45348837209302323 0.4499128919860627 0.5372093023255814
0 0.544425087108014 0.833139534883721 0.6001742160278746 0.833139534883721 0.6001742160278746 0.7273255813953489 0.544425087108014 0.7273255813953489 0.544425087108014 0.833139534883721
0 0.26480836236933797 0.47093023255813954 0.30139372822299654 0.47093023255813954 0.30139372822299654 0.3918604651162791 0.26480836236933797 0.3918604651162791 0.26480836236933797 0.47093023255813954
0 0.5509581881533101 0.37034883720930234 0.5927700348432056 0.37034883720930234 0.5927700348432056 0.2982558139534884 0.5509581881533101 0.2982558139534884 0.5509581881533101 0.37034883720930234
0 0.9128919860627178 0.4883720930232558 0.9529616724738676 0.4883720930232558 0.9529616724738676 0.4127906976744186 0.9128919860627178 0.4127906976744186 0.9128919860627178 0.4883720930232558
0 0.17378048780487804 0.913953488372093 0.22865853658536586 0.913953488372093 0.22865853658536586 0.8011627906976744 0.17378048780487804 0.8011627906976744 0.17378048780487804 0.913953488372093
0 0 0.4965116279069767 0.037456445993031356 0.4965116279069767 0.037456445993031356 0.413953488372093 0 0.413953488372093 0 0.4965116279069767
0 0.49956445993031356 0.6093023255813953 0.5483449477351916 0.6093023255813953 0.5483449477351916 0.5209302325581395 0.49956445993031356 0.5209302325581395 0.49956445993031356 0.6093023255813953
0 0.40156794425087106 0.4633720930232558 0.44337979094076657 0.4633720930232558 0.44337979094076657 0.38546511627906976 0.40156794425087106 0.38546511627906976 0.40156794425087106 0.4633720930232558
0 0.06315331010452961 0.502906976744186 0.10670731707317073 0.502906976744186 0.10670731707317073 0.4191860465116279 0.06315331010452961 0.4191860465116279 0.06315331010452961 0.502906976744186
0 0.46994773519163763 0.666860465116279 0.5239547038327527 0.666860465116279 0.5239547038327527 0.5715116279069767 0.46994773519163763 0.5715116279069767 0.46994773519163763 0.666860465116279
0 0.5918989547038328 0.5232558139534884 0.634581881533101 0.5232558139534884 0.634581881533101 0.4441860465116279 0.5918989547038328 0.4441860465116279 0.5918989547038328 0.5232558139534884
0 0.13371080139372823 0.8622093023255814 0.18510452961672474 0.8622093023255814 0.18510452961672474 0.766860465116279 0.13371080139372823 0.766860465116279 0.13371080139372823 0.8622093023255814
0 0.16681184668989546 0.6482558139534884 0.21036585365853658 0.6482558139534884 0.21036585365853658 0.5529069767441861 0.16681184668989546 0.5529069767441861 0.16681184668989546 0.6482558139534884
0 0.6193379790940766 0.37616279069767444 0.6611498257839721 0.37616279069767444 0.6611498257839721 0.30872093023255814 0.6193379790940766 0.30872093023255814 0.6193379790940766 0.37616279069767444
0 0.2739547038327526 0.5866279069767442 0.3175087108013937 0.5866279069767442 0.3175087108013937 0.5063953488372093 0.2739547038327526 0.5063953488372093 0.2739547038327526 0.5866279069767442
0 0.16332752613240417 0.5401162790697674 0.20426829268292682 0.5401162790697674 0.20426829268292682 0.4552325581395349 0.16332752613240417 0.4552325581395349 0.16332752613240417 0.5401162790697674
0 0.03092334494773519 0.6273255813953489 0.06837979094076654 0.6273255813953489 0.06837979094076654 0.5401162790697674 0.03092334494773519 0.5401162790697674 0.03092334494773519 0.6273255813953489
0 0.6206445993031359 0.1063953488372093 0.6563588850174216 0.1063953488372093 0.6563588850174216 0.038953488372093024 0.6206445993031359 0.038953488372093024 0.6206445993031359 0.1063953488372093
0 0.28222996515679444 0.6813953488372093 0.32926829268292684 0.6813953488372093 0.32926829268292684 0.5837209302325581 0.28222996515679444 0.5837209302325581 0.28222996515679444 0.6813953488372093
0 0.8475609756097561 0.3308139534883721 0.8850174216027874 0.3308139534883721 0.8850174216027874 0.2633720930232558 0.8475609756097561 0.2633720930232558 0.8475609756097561 0.3308139534883721
0 0.570993031358885 0.44651162790697674 0.6110627177700348 0.44651162790697674 0.6110627177700348 0.363953488372093 0.570993031358885 0.363953488372093 0.570993031358885 0.44651162790697674
0 0.8170731707317073 0.40406976744186046 0.8545296167247387 0.40406976744186046 0.8545296167247387 0.3319767441860465 0.8170731707317073 0.3319767441860465 0.8170731707317073 0.40406976744186046
0 0.3989547038327526 0.7052325581395349 0.45121951219512196 0.7052325581395349 0.45121951219512196 0.6145348837209302 0.3989547038327526 0.6145348837209302 0.3989547038327526 0.7052325581395349
0 0.3671602787456446 0.7645348837209303 0.42378048780487804 0.7645348837209303 0.42378048780487804 0.6633720930232558 0.3671602787456446 0.6633720930232558 0.3671602787456446 0.7645348837209303
0 0.8745644599303136 0.5395348837209303 0.9128919860627178 0.5395348837209303 0.9128919860627178 0.4627906976744186 0.8745644599303136 0.4627906976744186 0.8745644599303136 0.5395348837209303
0 0.6933797909407665 0.6319767441860465 0.7430313588850174 0.6319767441860465 0.7430313588850174 0.5366279069767442 0.6933797909407665 0.5366279069767442 0.6933797909407665 0.6319767441860465
0 0.9455574912891986 0.3040697674418605 0.9804006968641115 0.3040697674418605 0.9804006968641115 0.2424418604651163 0.9455574912891986 0.2424418604651163 0.9455574912891986 0.3040697674418605
0 0.05574912891986063 0.7796511627906977 0.10627177700348432 0.7796511627906977 0.10627177700348432 0.6761627906976744 0.05574912891986063 0.6761627906976744 0.05574912891986063 0.7796511627906977
0 0.7717770034843205 0.3691860465116279 0.813588850174216 0.3691860465116279 0.813588850174216 0.2947674418604651 0.7717770034843205 0.2947674418604651 0.7717770034843205 0.3691860465116279
0 0.8279616724738676 0.5098837209302326 0.8741289198606271 0.5098837209302326 0.8741289198606271 0.4366279069767442 0.8279616724738676 0.4366279069767442 0.8279616724738676 0.5098837209302326
0 0.9668989547038328 0.40232558139534885 0.9991289198606271 0.40232558139534885 0.9991289198606271 0.3453488372093023 0.9668989547038328 0.3453488372093023 0.9668989547038328 0.40232558139534885
0 0.7857142857142857 0.31627906976744186 0.823170731707317 0.31627906976744186 0.823170731707317 0.25232558139534883 0.7857142857142857 0.25232558139534883 0.7857142857142857 0.31627906976744186
0 0.8440766550522648 0.4662790697674419 0.8858885017421603 0.4662790697674419 0.8858885017421603 0.40232558139534885 0.8440766550522648 0.40232558139534885 0.8440766550522648 0.4662790697674419
0 0 0.5290697674418605 0.008710801393728223 0.5290697674418605 0.008710801393728223 0.47325581395348837 0 0.47325581395348837 0 0.5290697674418605
0 0.8976480836236934 0.3127906976744186 0.9307491289198606 0.3127906976744186 0.9307491289198606 0.25232558139534883 0.8976480836236934 0.25232558139534883 0.8976480836236934 0.3127906976744186
0 0.9856271777003485 0.44883720930232557 0.9995644599303136 0.44883720930232557 0.9995644599303136 0.386046511627907 0.9856271777003485 0.386046511627907 0.9856271777003485 0.44883720930232557
0 0.9089721254355401 0.2738372093023256 0.943815331010453 0.2738372093023256 0.943815331010453 0.22151162790697673 0.9089721254355401 0.22151162790697673 0.9089721254355401 0.2738372093023256
0 0.9812717770034843 0.35232558139534886 0.9995644599303136 0.35232558139534886 0.9995644599303136 0.30465116279069765 0.9812717770034843 0.30465116279069765 0.9812717770034843 0.35232558139534886
0 1 0.2744186046511628 0.9817073170731707 0.2744186046511628 0.9817073170731707 0.3174418604651163 1 0.3174418604651163 1 0.2744186046511628
0 0.9995644599303136 1 0.9995644599303136 0.9627906976744186 0.9725609756097561 0.9627906976744186 0.9725609756097561 1 0.9995644599303136 1
0 0.3440766550522648 0.8395348837209302 0.36846689895470386 0.8395348837209302 0.36846689895470386 0.7790697674418605 0.3440766550522648 0.7790697674418605 0.3440766550522648 0.8395348837209302