0 0.6031976744186046 0.32558139534883723 0.6923449612403101 0.32558139534883723 0.6923449612403101 0.18604651162790697 0.6031976744186046 0.18604651162790697 0.6031976744186046 0.32558139534883723
0 0.8071705426356589 0.17958656330749354 0.8866279069767442 0.17958656330749354 0.8866279069767442 0.06330749354005168 0.8071705426356589 0.06330749354005168 0.8071705426356589 0.17958656330749354
0 0.6918604651162791 0.2990956072351421 0.7829457364341085 0.2990956072351421 0.7829457364341085 0.16602067183462532 0.6918604651162791 0.16602067183462532 0.6918604651162791 0.2990956072351421
0 0.23304263565891473 0.8074935400516796 0.3367248062015504 0.8074935400516796 0.3367248062015504 0.6149870801033591 0.23304263565891473 0.6149870801033591 0.23304263565891473 0.8074935400516796
0 0.4278100775193798 0.5167958656330749 0.5237403100775194 0.5167958656330749 0.5237403100775194 0.35400516795865633 0.4278100775193798 0.35400516795865633 0.4278100775193798 0.5167958656330749
0 0.23352713178294573 0.562015503875969 0.313953488372093 0.562015503875969 0.313953488372093 0.4082687338501292 0.23352713178294573 0.4082687338501292 0.23352713178294573 0.562015503875969
0 0.5256782945736435 0.49806201550387597 0.6196705426356589 0.49806201550387597 0.6196705426356589 0.3417312661498708 0.5256782945736435 0.3417312661498708 0.5256782945736435 0.49806201550387597
0 0.30959302325581395 0.6007751937984496 0.3851744186046512 0.6007751937984496 0.3851744186046512 0.4405684754521964 0.30959302325581395 0.4405684754521964 0.30959302325581395 0.6007751937984496
0 0.012596899224806201 0.9993540051679587 0.11046511627906977 0.9993540051679587 0.11046511627906977 0.8417312661498708 0.012596899224806201 0.8417312661498708 0.012596899224806201 0.9993540051679587
0 0.3808139534883721 0.6343669250645995 0.47771317829457366 0.6343669250645995 0.47771317829457366 0.46124031007751937 0.3808139534883721 0.46124031007751937 0.3808139534883721 0.6343669250645995
0 0.1555232558139535 0.6363049095607235 0.23304263565891473 0.6363049095607235 0.23304263565891473 0.5006459948320413 0.1555232558139535 0.5006459948320413 0.1555232558139535 0.6363049095607235
0 0.4331395348837209 0.35400516795865633 0.5067829457364341 0.35400516795865633 0.5067829457364341 0.2364341085271318 0.4331395348837209 0.2364341085271318 0.4331395348837209 0.35400516795865633
0 0.7388565891472868 0.20155038759689922 0.8076550387596899 0.20155038759689922 0.8076550387596899 0.08139534883720931 0.7388565891472868 0.08139534883720931 0.7388565891472868 0.20155038759689922
0 0.1429263565891473 0.8229974160206718 0.23498062015503876 0.8229974160206718 0.23498062015503876 0.624031007751938 0.1429263565891473 0.624031007751938 0.1429263565891473 0.8229974160206718
0 0.5208333333333334 0.3313953488372093 0.6061046511627907 0.3313953488372093 0.6061046511627907 0.208656330749354 0.5208333333333334 0.208656330749354 0.5208333333333334 0.3313953488372093
0 0.499031007751938 0.3766149870801034 0.5930232558139535 0.3766149870801034 0.5930232558139535 0.28229974160206717 0.499031007751938 0.28229974160206717 0.499031007751938 0.3766149870801034
0 0.00048449612403100775 0.7622739018087855 0.050872093023255814 0.7622739018087855 0.050872093023255814 0.6175710594315246 0.00048449612403100775 0.6175710594315246 0.00048449612403100775 0.7622739018087855
0 0.501937984496124 0.2009043927648579 0.562015503875969 0.2009043927648579 0.562015503875969 0.08462532299741603 0.501937984496124 0.08462532299741603 0.501937984496124 0.2009043927648579
0 0.3817829457364341 0.46059431524547806 0.4486434108527132 0.46059431524547806 0.4486434108527132 0.32751937984496127 0.3817829457364341 0.32751937984496127 0.3817829457364341 0.46059431524547806
0 0.30910852713178294 0.36563307493540054 0.37693798449612403 0.36563307493540054 0.37693798449612403 0.25064599483204136 0.30910852713178294 0.25064599483204136 0.30910852713178294 0.36563307493540054
0 0.020348837209302327 0.8947028423772609 0.1065891472868217 0.8947028423772609 0.1065891472868217 0.7396640826873385 0.020348837209302327 0.7396640826873385 0.020348837209302327 0.8947028423772609
0 0.09447674418604651 0.7797157622739018 0.1623062015503876 0.7797157622739018 0.1623062015503876 0.5962532299741602 0.09447674418604651 0.5962532299741602 0.09447674418604651 0.7797157622739018
0 0.22238372093023256 0.6576227390180879 0.3173449612403101 0.6576227390180879 0.3173449612403101 0.5361757105943152 0.22238372093023256 0.5361757105943152 0.22238372093023256 0.6576227390180879
0 0.5503875968992248 0.15374677002583978 0.6114341085271318 0.15374677002583978 0.6114341085271318 0.04780361757105943 0.5503875968992248 0.04780361757105943 0.5503875968992248 0.15374677002583978
0 0.311046511627907 0.4502583979328165 0.37887596899224807 0.4502583979328165 0.37887596899224807 0.3546511627906977 0.311046511627907 0.3546511627906977 0.311046511627907 0.4502583979328165
0 0.688953488372093 0.09496124031007752 0.75 0.09496124031007752 0.75 0.02131782945736434 0.688953488372093 0.02131782945736434 0.688953488372093 0.09496124031007752
0 0.7107558139534884 0.11692506459948321 0.7756782945736435 0.11692506459948321 0.7756782945736435 0.04844961240310078 0.7107558139534884 0.04844961240310078 0.7107558139534884 0.11692506459948321
0 0.7834302325581395 0.10335917312661498 0.8473837209302325 0.10335917312661498 0.8473837209302325 0.03359173126614987 0.7834302325581395 0.03359173126614987 0.7834302325581395 0.10335917312661498
0 0.812015503875969 0 0.812015503875969 0.060723514211886306 0.8788759689922481 0.060723514211886306 0.8788759689922481 0 0.812015503875969 0
0 0.7567829457364341 0.07493540051679587 0.8284883720930233 0.07493540051679587 0.8284883720930233 0.006459948320413436 0.7567829457364341 0.006459948320413436 0.7567829457364341 0.07493540051679587
0 0.6380813953488372 0.15180878552971577 0.7030038759689923 0.15180878552971577 0.7030038759689923 0.0665374677002584 0.6380813953488372 0.0665374677002584 0.6380813953488372 0.15180878552971577
0 0.6787790697674418 0.23385012919896642 0.747577519379845 0.23385012919896642 0.747577519379845 0.10594315245478036 0.6787790697674418 0.10594315245478036 0.6787790697674418 0.23385012919896642
0 0.875484496124031 0 0.875484496124031 0.03617571059431524 0.9016472868217055 0.03617571059431524 0.9016472868217055 0 0.875484496124031 0
0 0.6477713178294574 0.17377260981912146 0.7078488372093024 0.17377260981912146 0.7078488372093024 0.10012919896640828 0.6477713178294574 0.10012919896640828 0.6477713178294574 0.17377260981912146
0 0.7625968992248062 0 0.7625968992248062 0.023255813953488372 0.8168604651162791 0.023255813953488372 0.8168604651162791 0 0.7625968992248062 0
0 0.5939922480620154 0.25387596899224807 0.6782945736434108 0.25387596899224807 0.6782945736434108 0.15310077519379844 0.5939922480620154 0.15310077519379844 0.5939922480620154 0.25387596899224807