0 0.48304263565891475 0.5897932816537468 0.5867248062015504 0.5897932816537468 0.5867248062015504 0.4140826873385013 0.48304263565891475 0.4140826873385013 0.48304263565891475 0.5897932816537468
0 0.13905038759689922 0.6266149870801033 0.22044573643410853 0.6266149870801033 0.22044573643410853 0.46511627906976744 0.13905038759689922 0.46511627906976744 0.13905038759689922 0.6266149870801033
0 0.6782945736434108 0.4166666666666667 0.7839147286821705 0.4166666666666667 0.7839147286821705 0.24483204134366926 0.6782945736434108 0.24483204134366926 0.6782945736434108 0.4166666666666667
0 0.37742248062015504 0.6912144702842378 0.47722868217054265 0.6912144702842378 0.47722868217054265 0.5 0.37742248062015504 0.5 0.37742248062015504 0.6912144702842378
0 0.5833333333333334 0.49935400516795864 0.6957364341085271 0.49935400516795864 0.6957364341085271 0.3365633074935401 0.5833333333333334 0.3365633074935401 0.5833333333333334 0.49935400516795864
0 0.8512596899224806 0.2041343669250646 0.9219961240310077 0.2041343669250646 0.9219961240310077 0.07881136950904392 0.8512596899224806 0.07881136950904392 0.8512596899224806 0.2041343669250646
0 0.27228682170542634 0.8145994832041343 0.3817829457364341 0.8145994832041343 0.3817829457364341 0.6208010335917312 0.27228682170542634 0.6208010335917312 0.27228682170542634 0.8145994832041343
0 0.14825581395348839 0.8126614987080103 0.24321705426356588 0.8126614987080103 0.24321705426356588 0.6356589147286822 0.14825581395348839 0.6356589147286822 0.14825581395348839 0.8126614987080103
0 0.21753875968992248 0.6815245478036176 0.2999031007751938 0.6815245478036176 0.2999031007751938 0.5122739018087855 0.21753875968992248 0.5122739018087855 0.21753875968992248 0.6815245478036176
0 0.7868217054263565 0.23191214470284238 0.8556201550387597 0.23191214470284238 0.8556201550387597 0.11175710594315245 0.7868217054263565 0.11175710594315245 0.7868217054263565 0.23191214470284238
0 0.7180232558139535 0.2235142118863049 0.7965116279069767 0.2235142118863049 0.7965116279069767 0.08656330749354005 0.7180232558139535 0.08656330749354005 0.7180232558139535 0.2235142118863049
0 0.04263565891472868 0.9282945736434108 0.14050387596899225 0.9282945736434108 0.14050387596899225 0.7435400516795866 0.04263565891472868 0.7435400516795866 0.04263565891472868 0.9282945736434108
0 0.8832364341085271 0 0.8832364341085271 0.05555555555555555 0.9500968992248062 0.05555555555555555 0.9500968992248062 0 0.8832364341085271 0
0 0.8158914728682171 0 0.8158914728682171 0.07364341085271318 0.8846899224806202 0.07364341085271318 0.8846899224806202 0 0.8158914728682171 0
0 0.5673449612403101 0.2364341085271318 0.6400193798449613 0.2364341085271318 0.6400193798449613 0.13824289405684753 0.5673449612403101 0.13824289405684753 0.5673449612403101 0.2364341085271318
0 0.6414728682170543 0.21253229974160207 0.7170542635658915 0.21253229974160207 0.7170542635658915 0.11175710594315245 0.6414728682170543 0.11175710594315245 0.6414728682170543 0.21253229974160207
0 0.9500968992248062 0 0.9500968992248062 0.059431524547803614 0.999515503875969 0.059431524547803614 0.999515503875969 0 0.9500968992248062 0
0 0.04263565891472868 0.7655038759689923 0.12403100775193798 0.7655038759689923 0.12403100775193798 0.6363049095607235 0.04263565891472868 0.6363049095607235 0.04263565891472868 0.7655038759689923
0 0.31540697674418605 0.5697674418604651 0.4074612403100775 0.5697674418604651 0.4074612403100775 0.4289405684754522 0.31540697674418605 0.4289405684754522 0.31540697674418605 0.5697674418604651
0 0.4113372093023256 0.5445736434108527 0.49273255813953487 0.5445736434108527 0.49273255813953487 0.3921188630490956 0.4113372093023256 0.3921188630490956 0.4113372093023256 0.5445736434108527
0 0.4888565891472868 0.42958656330749356 0.5702519379844961 0.42958656330749356 0.5702519379844961 0.3184754521963824 0.4888565891472868 0.3184754521963824 0.4888565891472868 0.42958656330749356
0 0.7810077519379846 0.12080103359173126 0.8517441860465116 0.12080103359173126 0.8517441860465116 0.053617571059431525 0.7810077519379846 0.053617571059431525 0.7810077519379846 0.12080103359173126
0 0.3992248062015504 0.44250645994832044 0.48352713178294576 0.44250645994832044 0.48352713178294576 0.3339793281653747 0.3992248062015504 0.3339793281653747 0.3992248062015504 0.44250645994832044
0 0.627422480620155 0.2751937984496124 0.7068798449612403 0.2751937984496124 0.7068798449612403 0.1821705426356589 0.627422480620155 0.1821705426356589 0.627422480620155 0.2751937984496124
0 0.28972868217054265 0.6686046511627907 0.3798449612403101 0.6686046511627907 0.3798449612403101 0.5497416020671835 0.28972868217054265 0.5497416020671835 0.28972868217054265 0.6686046511627907
0 0.6962209302325582 0.10594315245478036 0.7572674418604651 0.10594315245478036 0.7572674418604651 0.014211886304909561 0.6962209302325582 0.014211886304909561 0.6962209302325582 0.10594315245478036
0 0.3187984496124031 0.4573643410852713 0.3943798449612403 0.4573643410852713 0.3943798449612403 0.3695090439276486 0.3187984496124031 0.3695090439276486 0.3187984496124031 0.4573643410852713
0 0.4694767441860465 0.3423772609819121 0.5479651162790697 0.3423772609819121 0.5479651162790697 0.2248062015503876 0.4694767441860465 0.2248062015503876 0.4694767441860465 0.3423772609819121
0 0.5513565891472868 0.29651162790697677 0.6191860465116279 0.29651162790697677 0.6191860465116279 0.21382428940568476 0.5513565891472868 0.21382428940568476 0.5513565891472868 0.29651162790697677
0 0.7010658914728682 0.1375968992248062 0.7795542635658915 0.1375968992248062 0.7795542635658915 0.053617571059431525 0.7010658914728682 0.053617571059431525 0.7010658914728682 0.1375968992248062
0 0.6511627906976745 0.31136950904392763 0.7306201550387597 0.31136950904392763 0.7306201550387597 0.2144702842377261 0.6511627906976745 0.2144702842377261 0.6511627906976745 0.31136950904392763
0 0.4796511627906977 0.36757105943152457 0.5562015503875969 0.36757105943152457 0.5562015503875969 0.2719638242894057 0.4796511627906977 0.2719638242894057 0.4796511627906977 0.36757105943152457
0 0.5707364341085271 0.4114987080103359 0.6763565891472868 0.4114987080103359 0.6763565891472868 0.27583979328165376 0.5707364341085271 0.27583979328165376 0.5707364341085271 0.4114987080103359
0 0.5581395348837209 0.3462532299741602 0.6385658914728682 0.3462532299741602 0.6385658914728682 0.2441860465116279 0.5581395348837209 0.2441860465116279 0.5581395348837209 0.3462532299741602
0 0.7936046511627907 0 0.7936046511627907 0.04780361757105943 0.8197674418604651 0.04780361757105943 0.8197674418604651 0 0.7936046511627907 0
0 0 0.9993540051679587 0.018410852713178296 0.9993540051679587 0.018410852713178296 0.9450904392764858 0 0.9450904392764858 0 0.9993540051679587
0 0.15891472868217055 0.9993540051679587 0.19767441860465115 0.9993540051679587 0.19767441860465115 0.9799741602067183 0.15891472868217055 0.9799741602067183 0.15891472868217055 0.9993540051679587
0 0 0.960594315245478 0.015503875968992248 0.960594315245478 0.015503875968992248 0.8675710594315246 0 0.8675710594315246 0 0.960594315245478