0 0.47819767441860467 0.43733850129198965 0.5712209302325582 0.43733850129198965 0.5712209302325582 0.28875968992248063 0.47819767441860467 0.28875968992248063 0.47819767441860467 0.43733850129198965
0 0.6715116279069767 0.3430232558139535 0.7684108527131783 0.3430232558139535 0.7684108527131783 0.20219638242894056 0.6715116279069767 0.20219638242894056 0.6715116279069767 0.3430232558139535
0 0.40939922480620156 0.66343669250646 0.5198643410852714 0.66343669250646 0.5198643410852714 0.47351421188630494 0.40939922480620156 0.47351421188630494 0.40939922480620156 0.66343669250646
0 0.877422480620155 0.16085271317829458 0.9626937984496124 0.16085271317829458 0.9626937984496124 0.040697674418604654 0.877422480620155 0.040697674418604654 0.877422480620155 0.16085271317829458
0 0.2771317829457364 0.7687338501291989 0.38372093023255816 0.7687338501291989 0.38372093023255816 0.5542635658914729 0.2771317829457364 0.5542635658914729 0.2771317829457364 0.7687338501291989
0 0 0.9993540051679587 0.08430232558139535 0.9993540051679587 0.08430232558139535 0.832687338501292 0 0.832687338501292 0 0.9993540051679587
0 0.5552325581395349 0.3636950904392765 0.6405038759689923 0.3636950904392765 0.6405038759689923 0.22674418604651161 0.5552325581395349 0.22674418604651161 0.5552325581395349 0.3636950904392765
0 0.8076550387596899 0.2131782945736434 0.8900193798449613 0.2131782945736434 0.8900193798449613 0.08397932816537468 0.8076550387596899 0.08397932816537468 0.8076550387596899 0.2131782945736434
0 0.7427325581395349 0.2739018087855297 0.8231589147286822 0.2739018087855297 0.8231589147286822 0.13565891472868216 0.7427325581395349 0.13565891472868216 0.7427325581395349 0.2739018087855297
0 0.1821705426356589 0.7797157622739018 0.27906976744186046 0.7797157622739018 0.27906976744186046 0.5897932816537468 0.1821705426356589 0.5897932816537468 0.1821705426356589 0.7797157622739018
0 0.938468992248062 0 0.938468992248062 0.1124031007751938 0.999515503875969 0.1124031007751938 0.999515503875969 0 0.938468992248062 0
0 0.5290697674418605 0.27260981912144705 0.5978682170542635 0.27260981912144705 0.5978682170542635 0.14082687338501293 0.5290697674418605 0.14082687338501293 0.5290697674418605 0.27260981912144705
0 0.08430232558139535 0.9993540051679587 0.187015503875969 0.9993540051679587 0.187015503875969 0.8236434108527132 0.08430232558139535 0.8236434108527132 0.08430232558139535 0.9993540051679587
0 0.33527131782945735 0.6298449612403101 0.41569767441860467 0.6298449612403101 0.41569767441860467 0.45671834625323 0.33527131782945735 0.45671834625323 0.33527131782945735 0.6298449612403101
0 0.5891472868217055 0.28875968992248063 0.6666666666666666 0.28875968992248063 0.6666666666666666 0.15956072351421188 0.5891472868217055 0.15956072351421188 0.5891472868217055 0.28875968992248063
0 0.2451550387596899 0.5 0.32073643410852715 0.5 0.32073643410852715 0.3682170542635659 0.2451550387596899 0.3682170542635659 0.2451550387596899 0.5
0 0.45251937984496127 0.3701550387596899 0.5222868217054264 0.3701550387596899 0.5222868217054264 0.2409560723514212 0.45251937984496127 0.2409560723514212 0.45251937984496127 0.3701550387596899
0 0.40794573643410853 0.5 0.5048449612403101 0.5 0.5048449612403101 0.3798449612403101 0.40794573643410853 0.3798449612403101 0.40794573643410853 0.5
0 0.07412790697674419 0.7487080103359173 0.15746124031007752 0.7487080103359173 0.15746124031007752 0.6117571059431525 0.07412790697674419 0.6117571059431525 0.07412790697674419 0.7487080103359173
0 0.00048449612403100775 0.8753229974160207 0.08478682170542635 0.8753229974160207 0.08478682170542635 0.725452196382429 0.00048449612403100775 0.725452196382429 0.00048449612403100775 0.8753229974160207
0 0.7151162790697675 0.13565891472868216 0.7810077519379846 0.13565891472868216 0.7810077519379846 0.050387596899224806 0.7151162790697675 0.050387596899224806 0.7151162790697675 0.13565891472868216
0 0.26744186046511625 0.5684754521963824 0.3556201550387597 0.5684754521963824 0.3556201550387597 0.43410852713178294 0.26744186046511625 0.43410852713178294 0.26744186046511625 0.5684754521963824
0 0.18410852713178294 0.6285529715762274 0.2713178294573643 0.6285529715762274 0.2713178294573643 0.5135658914728682 0.18410852713178294 0.5135658914728682 0.18410852713178294 0.6285529715762274
0 0.08866279069767442 0.8753229974160207 0.18556201550387597 0.8753229974160207 0.18556201550387597 0.7151162790697675 0.08866279069767442 0.7151162790697675 0.08866279069767442 0.8753229974160207
0 0.7936046511627907 0.1020671834625323 0.8527131782945736 0.1020671834625323 0.8527131782945736 0.03617571059431524 0.7936046511627907 0.03617571059431524 0.7936046511627907 0.1020671834625323
0 0.3803294573643411 0.46124031007751937 0.45203488372093026 0.46124031007751937 0.45203488372093026 0.35658914728682173 0.3803294573643411 0.35658914728682173 0.3803294573643411 0.46124031007751937
0 0.6511627906976745 0.20025839793281655 0.7393410852713178 0.20025839793281655 0.7393410852713178 0.10335917312661498 0.6511627906976745 0.10335917312661498 0.6511627906976745 0.20025839793281655
0 0.8565891472868217 0.09366925064599484 0.9331395348837209 0.09366925064599484 0.9331395348837209 0.010981912144702842 0.8565891472868217 0.010981912144702842 0.8565891472868217 0.09366925064599484
0 0.6468023255813954 0.16925064599483206 0.7097868217054264 0.16925064599483206 0.7097868217054264 0.07751937984496124 0.6468023255813954 0.07751937984496124 0.6468023255813954 0.16925064599483206
0 0.751937984496124 0 0.751937984496124 0.05555555555555555 0.8081395348837209 0.05555555555555555 0.8081395348837209 0 0.751937984496124 0
0 0.7451550387596899 0.14405684754521964 0.8091085271317829 0.14405684754521964 0.8091085271317829 0.07945736434108527 0.7451550387596899 0.07945736434108527 0.7451550387596899 0.14405684754521964
0 0.7761627906976745 0.07687338501291989 0.8275193798449613 0.07687338501291989 0.8275193798449613 0.01614987080103359 0.7761627906976745 0.01614987080103359 0.7761627906976745 0.07687338501291989
0 0.8376937984496124 0.05297157622739018 0.8871124031007752 0.05297157622739018 0.8871124031007752 0.002583979328165375 0.8376937984496124 0.002583979328165375 0.8376937984496124 0.05297157622739018
0 0.9113372093023255 0 0.9113372093023255 0.03617571059431524 0.9530038759689923 0.03617571059431524 0.9530038759689923 0 0.9113372093023255 0
0 0.8163759689922481 0 0.8163759689922481 0.03359173126614987 0.8716085271317829 0.03359173126614987 0.8716085271317829 0 0.8163759689922481 0
0 0.6661821705426356 0.28552971576227393 0.7349806201550387 0.28552971576227393 0.7349806201550387 0.16795865633074936 0.6661821705426356 0.16795865633074936 0.6661821705426356 0.28552971576227393
0 0.6686046511627907 0.25387596899224807 0.7354651162790697 0.25387596899224807 0.7354651162790697 0.1686046511627907 0.6686046511627907 0.1686046511627907 0.6686046511627907 0.25387596899224807
0 0.6690891472868217 0.2280361757105943 0.7340116279069767 0.2280361757105943 0.7340116279069767 0.16731266149870802 0.6690891472868217 0.16731266149870802 0.6690891472868217 0.2280361757105943