0 0.11288759689922481 0.9095607235142119 0.2136627906976744 0.9095607235142119 0.2136627906976744 0.6950904392764858 0.11288759689922481 0.6950904392764858 0.11288759689922481 0.9095607235142119
0 0.6109496124031008 0.4631782945736434 0.7185077519379846 0.4631782945736434 0.7185077519379846 0.30426356589147285 0.6109496124031008 0.30426356589147285 0.6109496124031008 0.4631782945736434
0 0.2126937984496124 0.8830749354005168 0.3221899224806202 0.8830749354005168 0.3221899224806202 0.6789405684754521 0.2126937984496124 0.6789405684754521 0.2126937984496124 0.8830749354005168
0 0.6773255813953488 0.3339793281653747 0.7655038759689923 0.3339793281653747 0.7655038759689923 0.1996124031007752 0.6773255813953488 0.1996124031007752 0.6773255813953488 0.3339793281653747
0 0.9055232558139535 0 0.9055232558139535 0.059431524547803614 0.9733527131782945 0.059431524547803614 0.9733527131782945 0 0.9055232558139535 0
0 0.4786821705426357 0.6027131782945736 0.5862403100775194 0.6027131782945736 0.5862403100775194 0.43087855297157623 0.4786821705426357 0.43087855297157623 0.4786821705426357 0.6027131782945736
0 0.8454457364341085 0.12790697674418605 0.9161821705426356 0.12790697674418605 0.9161821705426356 0.011627906976744186 0.8454457364341085 0.011627906976744186 0.8454457364341085 0.12790697674418605
0 0.3236434108527132 0.3804909560723514 0.4021317829457364 0.3804909560723514 0.4021317829457364 0.25516795865633074 0.3236434108527132 0.25516795865633074 0.3236434108527132 0.3804909560723514
0 0.17732558139534885 0.9993540051679587 0.313953488372093 0.9993540051679587 0.313953488372093 0.8714470284237726 0.17732558139534885 0.8714470284237726 0.17732558139534885 0.9993540051679587
0 0.3992248062015504 0.5691214470284238 0.5 0.5691214470284238 0.5 0.39857881136950907 0.3992248062015504 0.39857881136950907 0.3992248062015504 0.5691214470284238
0 0.26841085271317827 0.7370801033591732 0.3701550387596899 0.7370801033591732 0.3701550387596899 0.5458656330749354 0.26841085271317827 0.5458656330749354 0.26841085271317827 0.7370801033591732
0 0.34156976744186046 0.5452196382428941 0.4113372093023256 0.5452196382428941 0.4113372093023256 0.39018087855297157 0.34156976744186046 0.39018087855297157 0.34156976744186046 0.5452196382428941
0 0.5121124031007752 0.48320413436692505 0.6119186046511628 0.48320413436692505 0.6119186046511628 0.33462532299741604 0.5121124031007752 0.33462532299741604 0.5121124031007752 0.48320413436692505
0 0.7771317829457365 0.14405684754521964 0.8420542635658915 0.14405684754521964 0.8420542635658915 0.023901808785529714 0.7771317829457365 0.023901808785529714 0.7771317829457365 0.14405684754521964
0 0.05717054263565891 0.9993540051679587 0.17054263565891473 0.9993540051679587 0.17054263565891473 0.8766149870801033 0.05717054263565891 0.8766149870801033 0.05717054263565891 0.9993540051679587
0 0.7238372093023255 0.23255813953488372 0.8062015503875969 0.23255813953488372 0.8062015503875969 0.10465116279069768 0.7238372093023255 0.10465116279069768 0.7238372093023255 0.23255813953488372
0 0.09786821705426356 0.599483204134367 0.1753875968992248 0.599483204134367 0.1753875968992248 0.4728682170542636 0.09786821705426356 0.4728682170542636 0.09786821705426356 0.599483204134367
0 0.1744186046511628 0.7286821705426356 0.2616279069767442 0.7286821705426356 0.2616279069767442 0.5723514211886305 0.1744186046511628 0.5723514211886305 0.1744186046511628 0.7286821705426356
0 0.3798449612403101 0.3107235142118863 0.4496124031007752 0.3107235142118863 0.4496124031007752 0.19444444444444445 0.3798449612403101 0.19444444444444445 0.3798449612403101 0.3107235142118863
0 0.24660852713178294 0.4334625322997416 0.3280038759689923 0.4334625322997416 0.3280038759689923 0.3236434108527132 0.24660852713178294 0.3236434108527132 0.24660852713178294 0.4334625322997416
0 0.08817829457364341 0.7512919896640827 0.17344961240310078 0.7512919896640827 0.17344961240310078 0.6052971576227391 0.08817829457364341 0.6052971576227391 0.08817829457364341 0.7512919896640827
0 0.5387596899224806 0.19767441860465115 0.5998062015503876 0.19767441860465115 0.5998062015503876 0.08656330749354005 0.5387596899224806 0.08656330749354005 0.5387596899224806 0.19767441860465115
0 0 0.8656330749354005 0.06298449612403101 0.8656330749354005 0.06298449612403101 0.686046511627907 0 0.686046511627907 0 0.8656330749354005
0 0.688953488372093 0.19056847545219638 0.7558139534883721 0.19056847545219638 0.7558139534883721 0.07945736434108527 0.688953488372093 0.07945736434108527 0.688953488372093 0.19056847545219638
0 0.4471899224806202 0.25516795865633074 0.5150193798449613 0.25516795865633074 0.5150193798449613 0.14147286821705427 0.4471899224806202 0.14147286821705427 0.4471899224806202 0.25516795865633074
0 0.01937984496124031 0.998062015503876 0.09496124031007752 0.998062015503876 0.09496124031007752 0.8301033591731266 0.01937984496124031 0.8301033591731266 0.01937984496124031 0.998062015503876
0 0.7238372093023255 0.10400516795865633 0.7790697674418605 0.10400516795865633 0.7790697674418605 0.025193798449612403 0.7238372093023255 0.025193798449612403 0.7238372093023255 0.10400516795865633
0 0.028585271317829456 0.872093023255814 0.11773255813953488 0.872093023255814 0.11773255813953488 0.7467700258397932 0.028585271317829456 0.7467700258397932 0.028585271317829456 0.872093023255814
0 0.5 0.4005167958656331 0.5968992248062015 0.4005167958656331 0.5968992248062015 0.2751937984496124 0.5 0.2751937984496124 0.5 0.4005167958656331
0 0.5571705426356589 0.26744186046511625 0.6201550387596899 0.26744186046511625 0.6201550387596899 0.14857881136950904 0.5571705426356589 0.14857881136950904 0.5571705426356589 0.26744186046511625
0 0.2601744186046512 0.5012919896640827 0.34156976744186046 0.5012919896640827 0.34156976744186046 0.4082687338501292 0.2601744186046512 0.4082687338501292 0.2601744186046512 0.5012919896640827
0 0.8086240310077519 0 0.8086240310077519 0.05813953488372093 0.8619186046511628 0.05813953488372093 0.8619186046511628 0 0.8086240310077519 0
0 0.48304263565891475 0.30684754521963825 0.5537790697674418 0.30684754521963825 0.5537790697674418 0.21124031007751937 0.48304263565891475 0.21124031007751937 0.48304263565891475 0.30684754521963825
0 0.17587209302325582 0.6298449612403101 0.2621124031007752 0.6298449612403101 0.2621124031007752 0.49935400516795864 0.17587209302325582 0.49935400516795864 0.17587209302325582 0.6298449612403101
0 0.6022286821705426 0.35852713178294576 0.686531007751938 0.35852713178294576 0.686531007751938 0.2590439276485788 0.6022286821705426 0.2590439276485788 0.6022286821705426 0.35852713178294576
0 0.5823643410852714 0.2900516795865633 0.6686046511627907 0.2900516795865633 0.6686046511627907 0.1776485788113695 0.5823643410852714 0.1776485788113695 0.5823643410852714 0.2900516795865633
0 0.2606589147286822 0.6020671834625323 0.3478682170542636 0.6020671834625323 0.3478682170542636 0.4664082687338501 0.2606589147286822 0.4664082687338501 0.2606589147286822 0.6020671834625323
0 0.8517441860465116 0 0.8517441860465116 0.023255813953488372 0.9050387596899225 0.023255813953488372 0.9050387596899225 0 0.8517441860465116 0
0 0.4903100775193798 0.3430232558139535 0.5736434108527132 0.3430232558139535 0.5736434108527132 0.24354005167958656 0.4903100775193798 0.24354005167958656 0.4903100775193798 0.3430232558139535
0 0.022286821705426358 1 0.022286821705426358 0.8837209302325582 0 0.8837209302325582 0 1 0.022286821705426358 1
0 0.5881782945736435 0.3145994832041344 0.6773255813953488 0.3145994832041344 0.6773255813953488 0.22416020671834624 0.5881782945736435 0.22416020671834624 0.5881782945736435 0.3145994832041344
0 0.7403100775193798 0 0.7403100775193798 0.04263565891472868 0.7955426356589147 0.04263565891472868 0.7955426356589147 0 0.7403100775193798 0
0 0.7858527131782945 0 0.7858527131782945 0.020671834625323 0.8207364341085271 0.020671834625323 0.8207364341085271 0 0.7858527131782945 0