0 0.3819686411149826 0.5395348837209303 0.41942508710801396 0.5395348837209303 0.41942508710801396 0.4569767441860465 0.3819686411149826 0.4569767441860465 0.3819686411149826 0.5395348837209303
0 0.5435540069686411 0.8343023255813954 0.5940766550522648 0.8343023255813954 0.5940766550522648 0.7273255813953489 0.5435540069686411 0.7273255813953489 0.5435540069686411 0.8343023255813954
0 0.4921602787456446 0.7843023255813953 0.5479094076655052 0.7843023255813953 0.5479094076655052 0.6819767441860465 0.4921602787456446 0.6819767441860465 0.4921602787456446 0.7843023255813953
0 0.9128919860627178 0.49011627906976746 0.9538327526132404 0.49011627906976746 0.9538327526132404 0.41337209302325584 0.9128919860627178 0.41337209302325584 0.9128919860627178 0.49011627906976746
0 0.3166376306620209 0.6383720930232558 0.36193379790940766 0.6383720930232558 0.36193379790940766 0.5465116279069767 0.3166376306620209 0.5465116279069767 0.3166376306620209 0.6383720930232558
0 0.44947735191637633 0.536046511627907 0.49477351916376305 0.536046511627907 0.49477351916376305 0.45465116279069767 0.44947735191637633 0.45465116279069767 0.44947735191637633 0.536046511627907
0 0.13153310104529617 0.5883720930232558 0.1750871080139373 0.5883720930232558 0.1750871080139373 0.49767441860465117 0.13153310104529617 0.49767441860465117 0.13153310104529617 0.5883720930232558
0 0.3680313588850174 0.7622093023255814 0.4229094076655052 0.7622093023255814 0.4229094076655052 0.6656976744186046 0.3680313588850174 0.6656976744186046 0.3680313588850174 0.7622093023255814
0 0.5910278745644599 0.522093023255814 0.6354529616724739 0.522093023255814 0.6354529616724739 0.44534883720930235 0.5910278745644599 0.44534883720930235 0.5910278745644599 0.522093023255814
0 0.00043554006968641115 0.49593023255813956 0.04050522648083624 0.49593023255813956 0.04050522648083624 0.41337209302325584 0.00043554006968641115 0.41337209302325584 0.00043554006968641115 0.49593023255813956
0 0.40026132404181186 0.4633720930232558 0.4412020905923345 0.4633720930232558 0.4412020905923345 0.3866279069767442 0.40026132404181186 0.3866279069767442 0.40026132404181186 0.4633720930232558
0 0.16637630662020905 0.6482558139534884 0.21167247386759583 0.6482558139534884 0.21167247386759583 0.5529069767441861 0.16637630662020905 0.5529069767441861 0.16637630662020905 0.6482558139534884
0 0.09843205574912892 0.46162790697674416 0.13937282229965156 0.46162790697674416 0.13937282229965156 0.3732558139534884 0.09843205574912892 0.3732558139534884 0.09843205574912892 0.46162790697674416
0 0.0627177700348432 0.5017441860465116 0.10627177700348432 0.5017441860465116 0.10627177700348432 0.4180232558139535 0.0627177700348432 0.4180232558139535 0.0627177700348432 0.5017441860465116
0 0.4991289198606272 0.608139534883721 0.5479094076655052 0.608139534883721 0.5479094076655052 0.5209302325581395 0.4991289198606272 0.5209302325581395 0.4991289198606272 0.608139534883721
0 0.875 0.5395348837209303 0.9133275261324042 0.5395348837209303 0.9133275261324042 0.4627906976744186 0.875 0.4627906976744186 0.875 0.5395348837209303
0 0.1328397212543554 0.8616279069767442 0.18249128919860627 0.8616279069767442 0.18249128919860627 0.7651162790697674 0.1328397212543554 0.7651162790697674 0.1328397212543554 0.8616279069767442
0 0.6537456445993032 0.5 0.698170731707317 0.5 0.698170731707317 0.42209302325581394 0.6537456445993032 0.42209302325581394 0.6537456445993032 0.5
0 0.281794425087108 0.675 0.3297038327526132 0.675 0.3297038327526132 0.5843023255813954 0.281794425087108 0.5843023255813954 0.281794425087108 0.675
0 0.8458188153310104 0.3302325581395349 0.8858885017421603 0.3302325581395349 0.8858885017421603 0.26395348837209304 0.8458188153310104 0.26395348837209304 0.8458188153310104 0.3302325581395349
0 0.2643728222996516 0.46569767441860466 0.30618466898954705 0.46569767441860466 0.30618466898954705 0.39127906976744187 0.2643728222996516 0.39127906976744187 0.2643728222996516 0.46569767441860466
0 0.2730836236933798 0.588953488372093 0.3175087108013937 0.588953488372093 0.3175087108013937 0.5063953488372093 0.2730836236933798 0.5063953488372093 0.2730836236933798 0.588953488372093
0 0.1755226480836237 0.9145348837209303 0.23649825783972125 0.9145348837209303 0.23649825783972125 0.8017441860465117 0.1755226480836237 0.8017441860465117 0.1755226480836237 0.9145348837209303
0 0.16463414634146342 0.5412790697674419 0.2038327526132404 0.5412790697674419 0.2038327526132404 0.45872093023255817 0.16463414634146342 0.45872093023255817 0.16463414634146342 0.5412790697674419
0 0.47038327526132406 0.666860465116279 0.5235191637630662 0.666860465116279 0.5235191637630662 0.5668604651162791 0.47038327526132406 0.5668604651162791 0.47038327526132406 0.666860465116279
0 0.5513937282229965 0.37034883720930234 0.5932055749128919 0.37034883720930234 0.5932055749128919 0.29941860465116277 0.5513937282229965 0.29941860465116277 0.5513937282229965 0.37034883720930234
0 0.054878048780487805 0.7802325581395348 0.10452961672473868 0.7802325581395348 0.10452961672473868 0.6767441860465117 0.054878048780487805 0.6767441860465117 0.054878048780487805 0.7802325581395348
0 0.6955574912891986 0.5343023255813953 0.7469512195121951 0.5343023255813953 0.7469512195121951 0.4331395348837209 0.6955574912891986 0.4331395348837209 0.6955574912891986 0.5343023255813953
0 0.8144599303135889 0.4029069767441861 0.8554006968641115 0.4029069767441861 0.8554006968641115 0.3319767441860465 0.8144599303135889 0.3319767441860465 0.8144599303135889 0.4029069767441861
0 0.6193379790940766 0.375 0.6602787456445993 0.375 0.6602787456445993 0.3075581395348837 0.6193379790940766 0.3075581395348837 0.6193379790940766 0.375
0 0.7722125435540069 0.3680232558139535 0.8148954703832753 0.3680232558139535 0.8148954703832753 0.2924418604651163 0.7722125435540069 0.2924418604651163 0.7722125435540069 0.3680232558139535
0 0.5718641114982579 0.44709302325581396 0.610191637630662 0.44709302325581396 0.610191637630662 0.3633720930232558 0.5718641114982579 0.3633720930232558 0.5718641114982579 0.44709302325581396
0 0.031794425087108016 0.627906976744186 0.06925087108013937 0.627906976744186 0.06925087108013937 0.5395348837209303 0.031794425087108016 0.5395348837209303 0.031794425087108016 0.627906976744186
0 0.6951219512195121 0.6296511627906977 0.740418118466899 0.6296511627906977 0.740418118466899 0.5366279069767442 0.6951219512195121 0.5366279069767442 0.6951219512195121 0.6296511627906977
0 0.4011324041811847 0.7052325581395349 0.45165505226480834 0.7052325581395349 0.45165505226480834 0.6133720930232558 0.4011324041811847 0.6133720930232558 0.4011324041811847 0.7052325581395349
0 0.7861498257839721 0.313953488372093 0.8288327526132404 0.313953488372093 0.8288327526132404 0.2534883720930233 0.7861498257839721 0.2534883720930233 0.7861498257839721 0.313953488372093
0 0.6206445993031359 0.10755813953488372 0.6563588850174216 0.10755813953488372 0.6563588850174216 0.0377906976744186 0.6206445993031359 0.0377906976744186 0.6206445993031359 0.10755813953488372
0 0.9673344947735192 0.4029069767441861 0.997822299651568 0.4029069767441861 0.997822299651568 0.34593023255813954 0.9673344947735192 0.34593023255813954 0.9673344947735192 0.4029069767441861
0 0.8279616724738676 0.5116279069767442 0.8732578397212544 0.5116279069767442 0.8732578397212544 0.42209302325581394 0.8279616724738676 0.42209302325581394 0.8279616724738676 0.5116279069767442
0 0.9847560975609756 0.44534883720930235 0.9995644599303136 0.44534883720930235 0.9995644599303136 0.38372093023255816 0.9847560975609756 0.38372093023255816 0.9847560975609756 0.44534883720930235
0 0.00043554006968641115 0.5296511627906977 0.009146341463414634 0.5296511627906977 0.009146341463414634 0.46918604651162793 0.00043554006968641115 0.46918604651162793 0.00043554006968641115 0.5296511627906977
0 0.8462543554006968 0.47151162790697676 0.8854529616724739 0.47151162790697676 0.8854529616724739 0.3994186046511628 0.8462543554006968 0.3994186046511628 0.8462543554006968 0.47151162790697676
0 0.98301393728223 0.31627906976744186 0.9995644599303136 0.31627906976744186 0.9995644599303136 0.27209302325581397 0.98301393728223 0.27209302325581397 0.98301393728223 0.31627906976744186
0 0.8976480836236934 0.3127906976744186 0.9307491289198606 0.3127906976744186 0.9307491289198606 0.2569767441860465 0.8976480836236934 0.2569767441860465 0.8976480836236934 0.3127906976744186
0 0.9464285714285714 0.30465116279069765 0.9804006968641115 0.30465116279069765 0.9804006968641115 0.25465116279069766 0.9464285714285714 0.25465116279069766 0.9464285714285714 0.30465116279069765
0 0.9089721254355401 0.2686046511627907 0.9403310104529616 0.2686046511627907 0.9403310104529616 0.22325581395348837 0.9089721254355401 0.22325581395348837 0.9089721254355401 0.2686046511627907
0 0.9804006968641115 0.3598837209302326 0.9995644599303136 0.3598837209302326 0.9995644599303136 0.3122093023255814 0.9804006968641115 0.3122093023255814 0.9804006968641115 0.3598837209302326
0 0.9812717770034843 0.37616279069767444 0.9995644599303136 0.37616279069767444 0.9995644599303136 0.31569767441860463 0.9812717770034843 0.31569767441860463 0.9812717770034843 0.37616279069767444
0 0.42160278745644597 0.8186046511627907 0.44947735191637633 0.8186046511627907 0.44947735191637633 0.7546511627906977 0.42160278745644597 0.7546511627906977 0.42160278745644597 0.8186046511627907