0 0.2313953488372093 0.9728260869565217 0.29534883720930233 0.9728260869565217 0.29534883720930233 0.8563664596273292 0.2313953488372093 0.8563664596273292 0.2313953488372093 0.9728260869565217
0 0.49186046511627907 0.9386645962732919 0.5651162790697675 0.9386645962732919 0.5651162790697675 0.8268633540372671 0.49186046511627907 0.8268633540372671 0.49186046511627907 0.9386645962732919
0 0.29709302325581394 0.9409937888198758 0.37965116279069766 0.9409937888198758 0.37965116279069766 0.8167701863354038 0.29709302325581394 0.8167701863354038 0.29709302325581394 0.9409937888198758
0 0.4563953488372093 0.8586956521739131 0.5087209302325582 0.8586956521739131 0.5087209302325582 0.7608695652173914 0.4563953488372093 0.7608695652173914 0.4563953488372093 0.8586956521739131
0 0.8209302325581396 0.36490683229813664 0.891860465116279 0.36490683229813664 0.891860465116279 0.2701863354037267 0.8209302325581396 0.2701863354037267 0.8209302325581396 0.36490683229813664
0 0.661046511627907 0.43711180124223603 0.7343023255813953 0.43711180124223603 0.7343023255813953 0.343944099378882 0.661046511627907 0.343944099378882 0.661046511627907 0.43711180124223603
0 0.4372093023255814 0.6529503105590062 0.49534883720930234 0.6529503105590062 0.49534883720930234 0.5582298136645962 0.4372093023255814 0.5582298136645962 0.4372093023255814 0.6529503105590062
0 0.5511627906976744 0.7554347826086957 0.6325581395348837 0.7554347826086957 0.6325581395348837 0.656055900621118 0.5511627906976744 0.656055900621118 0.5511627906976744 0.7554347826086957
0 0.963953488372093 0 0.963953488372093 0.049689440993788817 1 0.049689440993788817 1 0 0.963953488372093 0
0 0.5808139534883721 0.4720496894409938 0.6563953488372093 0.4720496894409938 0.6563953488372093 0.36645962732919257 0.5808139534883721 0.36645962732919257 0.5808139534883721 0.4720496894409938
0 0.6441860465116279 0.9953416149068323 0.7348837209302326 0.9953416149068323 0.7348837209302326 0.8711180124223602 0.6441860465116279 0.8711180124223602 0.6441860465116279 0.9953416149068323
0 0.7261627906976744 0.26242236024844723 0.7924418604651163 0.26242236024844723 0.7924418604651163 0.17701863354037267 0.7261627906976744 0.17701863354037267 0.7261627906976744 0.26242236024844723
0 0.6139534883720931 0.6482919254658385 0.6825581395348838 0.6482919254658385 0.6825581395348838 0.5566770186335404 0.6139534883720931 0.5566770186335404 0.6139534883720931 0.6482919254658385
0 0.28081395348837207 0.797360248447205 0.3494186046511628 0.797360248447205 0.3494186046511628 0.6933229813664596 0.28081395348837207 0.6933229813664596 0.28081395348837207 0.797360248447205
0 0.5273255813953488 0.31832298136645965 0.5924418604651163 0.31832298136645965 0.5924418604651163 0.2267080745341615 0.5273255813953488 0.2267080745341615 0.5273255813953488 0.31832298136645965
0 0.3813953488372093 0.9013975155279503 0.45348837209302323 0.9013975155279503 0.45348837209302323 0.7895962732919255 0.3813953488372093 0.7895962732919255 0.3813953488372093 0.9013975155279503
0 0.6127906976744186 0.33462732919254656 0.672093023255814 0.33462732919254656 0.672093023255814 0.27872670807453415 0.6127906976744186 0.27872670807453415 0.6127906976744186 0.33462732919254656
0 0.6540697674418605 0.24145962732919254 0.711046511627907 0.24145962732919254 0.711046511627907 0.16071428571428573 0.6540697674418605 0.16071428571428573 0.6540697674418605 0.24145962732919254
0 0.6034883720930233 0.8990683229813664 0.6534883720930232 0.8990683229813664 0.6534883720930232 0.8027950310559007 0.6034883720930233 0.8027950310559007 0.6034883720930233 0.8990683229813664
0 0.34767441860465115 0.7911490683229814 0.40232558139534885 0.7911490683229814 0.40232558139534885 0.7119565217391305 0.34767441860465115 0.7119565217391305 0.34767441860465115 0.7911490683229814
0 0.7156976744186047 0.1529503105590062 0.7703488372093024 0.1529503105590062 0.7703488372093024 0.08773291925465838 0.7156976744186047 0.08773291925465838 0.7156976744186047 0.1529503105590062
0 0.6831395348837209 0.3392857142857143 0.7459302325581395 0.3392857142857143 0.7459302325581395 0.25232919254658387 0.6831395348837209 0.25232919254658387 0.6831395348837209 0.3392857142857143
0 0.5075581395348837 0.5031055900621118 0.5726744186046512 0.5031055900621118 0.5726744186046512 0.38819875776397517 0.5075581395348837 0.38819875776397517 0.5075581395348837 0.5031055900621118
0 0.5924418604651163 0.27251552795031053 0.6459302325581395 0.27251552795031053 0.6459302325581395 0.19177018633540371 0.5924418604651163 0.19177018633540371 0.5924418604651163 0.27251552795031053
0 0.6866279069767441 0.09083850931677019 0.7366279069767442 0.09083850931677019 0.7366279069767442 0.010093167701863354 0.6866279069767441 0.010093167701863354 0.6866279069767441 0.09083850931677019
0 0.47151162790697676 0.6972049689440993 0.5366279069767442 0.6972049689440993 0.5366279069767442 0.6304347826086957 0.47151162790697676 0.6304347826086957 0.47151162790697676 0.6972049689440993
0 0.8465116279069768 0.28493788819875776 0.9104651162790698 0.28493788819875776 0.9104651162790698 0.19487577639751552 0.8465116279069768 0.19487577639751552 0.8465116279069768 0.28493788819875776
0 0.6232558139534884 1 0.6232558139534884 0.9363354037267081 0.5430232558139535 0.9363354037267081 0.5430232558139535 1 0.6232558139534884 1
0 0.5215116279069767 0.6071428571428571 0.5808139534883721 0.6071428571428571 0.5808139534883721 0.5062111801242236 0.5215116279069767 0.5062111801242236 0.5215116279069767 0.6071428571428571
0 0.8209302325581396 0.19875776397515527 0.8837209302325582 0.19875776397515527 0.8837209302325582 0.10403726708074534 0.8209302325581396 0.10403726708074534 0.8209302325581396 0.19875776397515527
0 0.22151162790697673 0.1622670807453416 0.2703488372093023 0.1622670807453416 0.2703488372093023 0.056677018633540376 0.22151162790697673 0.056677018633540376 0.22151162790697673 0.1622670807453416