0 0.813953488372093 0.578416149068323 0.8906976744186047 0.578416149068323 0.8906976744186047 0.48214285714285715 0.813953488372093 0.48214285714285715 0.813953488372093 0.578416149068323
0 0.7406976744186047 0.5636645962732919 0.8081395348837209 0.5636645962732919 0.8081395348837209 0.47360248447204967 0.7406976744186047 0.47360248447204967 0.7406976744186047 0.5636645962732919
0 0.641860465116279 0.782608695652174 0.7174418604651163 0.782608695652174 0.7174418604651163 0.6816770186335404 0.641860465116279 0.6816770186335404 0.641860465116279 0.782608695652174
0 0.8651162790697674 0.1513975155279503 0.9302325581395349 0.1513975155279503 0.9302325581395349 0.059782608695652176 0.8651162790697674 0.059782608695652176 0.8651162790697674 0.1513975155279503
0 0.25406976744186044 0.9153726708074534 0.32151162790697674 0.9153726708074534 0.32151162790697674 0.797360248447205 0.25406976744186044 0.797360248447205 0.25406976744186044 0.9153726708074534
0 0.6337209302325582 0.24611801242236025 0.6883720930232559 0.24611801242236025 0.6883720930232559 0.1669254658385093 0.6337209302325582 0.1669254658385093 0.6337209302325582 0.24611801242236025
0 0.48546511627906974 0.44642857142857145 0.5482558139534883 0.44642857142857145 0.5482558139534883 0.3517080745341615 0.48546511627906974 0.3517080745341615 0.48546511627906974 0.44642857142857145
0 0.4877906976744186 0.5986024844720497 0.547093023255814 0.5986024844720497 0.547093023255814 0.5100931677018633 0.4877906976744186 0.5100931677018633 0.4877906976744186 0.5986024844720497
0 0.6825581395348838 0.2911490683229814 0.75 0.2911490683229814 0.75 0.19953416149068323 0.6825581395348838 0.19953416149068323 0.6825581395348838 0.2911490683229814
0 0.6825581395348838 0.48524844720496896 0.7418604651162791 0.48524844720496896 0.7418604651162791 0.3951863354037267 0.6825581395348838 0.3951863354037267 0.6825581395348838 0.48524844720496896
0 0.4255813953488372 0.7430124223602484 0.49186046511627907 0.7430124223602484 0.49186046511627907 0.6793478260869565 0.4255813953488372 0.6793478260869565 0.4255813953488372 0.7430124223602484
0 0.5331395348837209 0.18866459627329193 0.5854651162790697 0.18866459627329193 0.5854651162790697 0.1048136645962733 0.5331395348837209 0.1048136645962733 0.5331395348837209 0.18866459627329193
0 0.4761627906976744 0.8563664596273292 0.5284883720930232 0.8563664596273292 0.5284883720930232 0.7585403726708074 0.4761627906976744 0.7585403726708074 0.4761627906976744 0.8563664596273292
0 0.5901162790697675 0.15838509316770186 0.6505813953488372 0.15838509316770186 0.6505813953488372 0.06987577639751552 0.5901162790697675 0.06987577639751552 0.5901162790697675 0.15838509316770186
0 0.3918604651162791 0.5287267080745341 0.44534883720930235 0.5287267080745341 0.44534883720930235 0.4309006211180124 0.3918604651162791 0.4309006211180124 0.3918604651162791 0.5287267080745341
0 0.5941860465116279 0.9083850931677019 0.6686046511627907 0.9083850931677019 0.6686046511627907 0.8136645962732919 0.5941860465116279 0.8136645962732919 0.5941860465116279 0.9083850931677019
0 0.3325581395348837 0.5170807453416149 0.39767441860465114 0.5170807453416149 0.39767441860465114 0.4114906832298137 0.3325581395348837 0.4114906832298137 0.3325581395348837 0.5170807453416149
0 0.29534883720930233 0.6653726708074534 0.363953488372093 0.6653726708074534 0.363953488372093 0.5613354037267081 0.29534883720930233 0.5613354037267081 0.29534883720930233 0.6653726708074534
0 0.5011627906976744 0.7453416149068323 0.5744186046511628 0.7453416149068323 0.5744186046511628 0.6257763975155279 0.5011627906976744 0.6257763975155279 0.5011627906976744 0.7453416149068323
0 0.5046511627906977 0.9503105590062112 0.5895348837209302 0.9503105590062112 0.5895348837209302 0.8354037267080745 0.5046511627906977 0.8354037267080745 0.5046511627906977 0.9503105590062112
0 0.5930232558139535 0.6972049689440993 0.6593023255813953 0.6972049689440993 0.6593023255813953 0.59472049689441 0.5930232558139535 0.59472049689441 0.5930232558139535 0.6972049689440993
0 0.7540697674418605 0.125 0.8005813953488372 0.125 0.8005813953488372 0.04580745341614907 0.7540697674418605 0.04580745341614907 0.7540697674418605 0.125
0 0.31569767441860463 0.735248447204969 0.3784883720930233 0.735248447204969 0.3784883720930233 0.6420807453416149 0.31569767441860463 0.6420807453416149 0.31569767441860463 0.735248447204969
0 0.42209302325581394 0.5753105590062112 0.4813953488372093 0.5753105590062112 0.4813953488372093 0.49301242236024845 0.42209302325581394 0.49301242236024845 0.42209302325581394 0.5753105590062112
0 0.35174418604651164 0.7895962732919255 0.4122093023255814 0.7895962732919255 0.4122093023255814 0.6979813664596274 0.35174418604651164 0.6979813664596274 0.35174418604651164 0.7895962732919255
0 0.6412790697674419 0.5815217391304348 0.7215116279069768 0.5815217391304348 0.7215116279069768 0.48835403726708076 0.6412790697674419 0.48835403726708076 0.6412790697674419 0.5815217391304348
0 0.5558139534883721 0.3944099378881988 0.6151162790697674 0.3944099378881988 0.6151162790697674 0.31521739130434784 0.5558139534883721 0.31521739130434784 0.5558139534883721 0.3944099378881988
0 0.7168604651162791 0.07531055900621118 0.7552325581395349 0.07531055900621118 0.7552325581395349 0.016304347826086956 0.7168604651162791 0.016304347826086956 0.7168604651162791 0.07531055900621118
0 0.6063953488372092 0.5015527950310559 0.6587209302325582 0.5015527950310559 0.6587209302325582 0.42701863354037267 0.6063953488372092 0.42701863354037267 0.6063953488372092 0.5015527950310559
0 0.627906976744186 0.3998447204968944 0.6848837209302325 0.3998447204968944 0.6848837209302325 0.3330745341614907 0.627906976744186 0.3330745341614907 0.627906976744186 0.3998447204968944
0 0.5279069767441861 0.5015527950310559 0.5953488372093023 0.5015527950310559 0.5953488372093023 0.4114906832298137 0.5279069767441861 0.4114906832298137 0.5279069767441861 0.5015527950310559
0 0.7843023255813953 0.18711180124223603 0.8563953488372092 0.18711180124223603 0.8563953488372092 0.09394409937888198 0.7843023255813953 0.09394409937888198 0.7843023255813953 0.18711180124223603
0 0.3918604651162791 0.6739130434782609 0.4441860465116279 0.6739130434782609 0.4441860465116279 0.5900621118012422 0.3918604651162791 0.5900621118012422 0.3918604651162791 0.6739130434782609
0 0.6575581395348837 0.11335403726708075 0.7087209302325581 0.11335403726708075 0.7087209302325581 0.024844720496894408 0.6575581395348837 0.024844720496894408 0.6575581395348837 0.11335403726708075
0 0.44883720930232557 1 0.44883720930232557 0.9394409937888198 0.3813953488372093 0.9394409937888198 0.3813953488372093 1 0.44883720930232557 1
0 0.8354651162790697 0.09704968944099379 0.8726744186046511 0.09704968944099379 0.8726744186046511 0.02406832298136646 0.8354651162790697 0.02406832298136646 0.8354651162790697 0.09704968944099379
0 0.31976744186046513 0.9301242236024845 0.38488372093023254 0.9301242236024845 0.38488372093023254 0.827639751552795 0.31976744186046513 0.827639751552795 0.31976744186046513 0.9301242236024845
0 0.5720930232558139 0 0.5720930232558139 0.07453416149068323 0.6186046511627907 0.07453416149068323 0.6186046511627907 0 0.5720930232558139 0
0 0.5645348837209302 0.6195652173913043 0.6122093023255814 0.6195652173913043 0.6122093023255814 0.5403726708074534 0.5645348837209302 0.5403726708074534 0.5645348837209302 0.6195652173913043
0 0.39709302325581397 0.8796583850931677 0.4761627906976744 0.8796583850931677 0.4761627906976744 0.7927018633540373 0.39709302325581397 0.7927018633540373 0.39709302325581397 0.8796583850931677
0 0.7180232558139535 0.21040372670807453 0.775 0.21040372670807453 0.775 0.11413043478260869 0.7180232558139535 0.11413043478260869 0.7180232558139535 0.21040372670807453
0 0.797093023255814 0 0.797093023255814 0.04503105590062112 0.8401162790697675 0.04503105590062112 0.8401162790697675 0 0.797093023255814 0
0 0.39709302325581397 0.9122670807453416 0.4796511627906977 0.9122670807453416 0.4796511627906977 0.7942546583850931 0.39709302325581397 0.7942546583850931 0.39709302325581397 0.9122670807453416
0 0.8075581395348838 0 0.8075581395348838 0.03571428571428571 0.8401162790697675 0.03571428571428571 0.8401162790697675 0 0.8075581395348838 0