0 0.3430232558139535 0.7248062015503876 0.4418604651162791 0.7248062015503876 0.4418604651162791 0.5452196382428941 0.3430232558139535 0.5452196382428941 0.3430232558139535 0.7248062015503876
0 0.2194767441860465 0.9483204134366925 0.3425387596899225 0.9483204134366925 0.3425387596899225 0.7377260981912145 0.2194767441860465 0.7377260981912145 0.2194767441860465 0.9483204134366925
0 0.6031976744186046 0.38372093023255816 0.6933139534883721 0.38372093023255816 0.6933139534883721 0.23385012919896642 0.6031976744186046 0.23385012919896642 0.6031976744186046 0.38372093023255816
0 0.43459302325581395 0.5516795865633075 0.5314922480620154 0.5516795865633075 0.5314922480620154 0.3863049095607235 0.43459302325581395 0.3863049095607235 0.43459302325581395 0.5516795865633075
0 0.5227713178294574 0.4050387596899225 0.6012596899224806 0.4050387596899225 0.6012596899224806 0.24741602067183463 0.5227713178294574 0.24741602067183463 0.5227713178294574 0.4050387596899225
0 0.11531007751937984 0.9599483204134367 0.2189922480620155 0.9599483204134367 0.2189922480620155 0.7687338501291989 0.11531007751937984 0.7687338501291989 0.11531007751937984 0.9599483204134367
0 0.32848837209302323 0.4043927648578811 0.4060077519379845 0.4043927648578811 0.4060077519379845 0.28294573643410853 0.32848837209302323 0.28294573643410853 0.32848837209302323 0.4043927648578811
0 0.7015503875968992 0.27648578811369506 0.7829457364341085 0.27648578811369506 0.7829457364341085 0.14470284237726097 0.7015503875968992 0.14470284237726097 0.7015503875968992 0.27648578811369506
0 0.8008720930232558 0.19056847545219638 0.8783914728682171 0.19056847545219638 0.8783914728682171 0.07170542635658915 0.8008720930232558 0.07170542635658915 0.8008720930232558 0.19056847545219638
0 0.9098837209302325 0 0.9098837209302325 0.06976744186046512 0.9815891472868217 0.06976744186046512 0.9815891472868217 0 0.9098837209302325 0
0 0.25193798449612403 0.45542635658914726 0.3226744186046512 0.45542635658914726 0.3226744186046512 0.33527131782945735 0.25193798449612403 0.33527131782945735 0.25193798449612403 0.45542635658914726
0 0.8255813953488372 0 0.8255813953488372 0.08785529715762273 0.8963178294573644 0.08785529715762273 0.8963178294573644 0 0.8255813953488372 0
0 0.12160852713178294 0.8029715762273901 0.22722868217054262 0.8029715762273901 0.22722868217054262 0.6556847545219638 0.12160852713178294 0.6556847545219638 0.12160852713178294 0.8029715762273901
0 0 0.9993540051679587 0.09108527131782945 0.9993540051679587 0.09108527131782945 0.8546511627906976 0 0.8546511627906976 0 0.9993540051679587
0 0.6322674418604651 0.2603359173126615 0.7020348837209303 0.2603359173126615 0.7020348837209303 0.13372093023255813 0.6322674418604651 0.13372093023255813 0.6322674418604651 0.2603359173126615
0 0.5591085271317829 0.22286821705426357 0.627906976744186 0.22286821705426357 0.627906976744186 0.12467700258397933 0.5591085271317829 0.12467700258397933 0.5591085271317829 0.22286821705426357
0 0.4646317829457364 0.3875968992248062 0.5305232558139535 0.3875968992248062 0.5305232558139535 0.2454780361757106 0.4646317829457364 0.2454780361757106 0.4646317829457364 0.3875968992248062
0 0.14001937984496124 0.7118863049095607 0.23013565891472867 0.7118863049095607 0.23013565891472867 0.5968992248062015 0.14001937984496124 0.5968992248062015 0.14001937984496124 0.7118863049095607
0 0.7000968992248062 0.08850129198966408 0.7572674418604651 0.08850129198966408 0.7572674418604651 0.01614987080103359 0.7000968992248062 0.01614987080103359 0.7000968992248062 0.08850129198966408
0 0.6758720930232558 0.16020671834625322 0.7330426356589147 0.16020671834625322 0.7330426356589147 0.06847545219638243 0.6758720930232558 0.06847545219638243 0.6758720930232558 0.16020671834625322
0 0.25 0.6124031007751938 0.34593023255813954 0.6124031007751938 0.34593023255813954 0.49612403100775193 0.25 0.49612403100775193 0.25 0.6124031007751938
0 0.14728682170542637 0.5277777777777778 0.2189922480620155 0.5277777777777778 0.2189922480620155 0.4011627906976744 0.14728682170542637 0.4011627906976744 0.14728682170542637 0.5277777777777778
0 0.4932170542635659 0.2622739018087855 0.5678294573643411 0.2622739018087855 0.5678294573643411 0.18733850129198967 0.4932170542635659 0.18733850129198967 0.4932170542635659 0.2622739018087855
0 0.7248062015503876 0.19056847545219638 0.7994186046511628 0.19056847545219638 0.7994186046511628 0.08074935400516796 0.7248062015503876 0.08074935400516796 0.7248062015503876 0.19056847545219638
0 0.2320736434108527 0.7939276485788114 0.33575581395348836 0.7939276485788114 0.33575581395348836 0.6479328165374677 0.2320736434108527 0.6479328165374677 0.2320736434108527 0.7939276485788114
0 0.24273255813953487 0.7144702842377261 0.34156976744186046 0.7144702842377261 0.34156976744186046 0.5775193798449613 0.24273255813953487 0.5775193798449613 0.24273255813953487 0.7144702842377261
0 0.24176356589147288 0.5484496124031008 0.31540697674418605 0.5484496124031008 0.31540697674418605 0.43992248062015504 0.24176356589147288 0.43992248062015504 0.24176356589147288 0.5484496124031008
0 0 0.7189922480620154 0.06395348837209303 0.7189922480620154 0.06395348837209303 0.5652454780361758 0 0.5652454780361758 0 0.7189922480620154
0 0.6177325581395349 0.165374677002584 0.6719961240310077 0.165374677002584 0.6719961240310077 0.08397932816537468 0.6177325581395349 0.08397932816537468 0.6177325581395349 0.165374677002584
0 0.7572674418604651 0 0.7572674418604651 0.07364341085271318 0.8231589147286822 0.07364341085271318 0.8231589147286822 0 0.7572674418604651 0
0 0.5707364341085271 0.2868217054263566 0.6414728682170543 0.2868217054263566 0.6414728682170543 0.20025839793281655 0.5707364341085271 0.20025839793281655 0.5707364341085271 0.2868217054263566
0 0.14922480620155038 0.6375968992248062 0.22674418604651161 0.6375968992248062 0.22674418604651161 0.5303617571059431 0.14922480620155038 0.5303617571059431 0.14922480620155038 0.6375968992248062
0 0.7674418604651163 0.10852713178294573 0.8372093023255814 0.10852713178294573 0.8372093023255814 0.03875968992248062 0.7674418604651163 0.03875968992248062 0.7674418604651163 0.10852713178294573
0 0.4103682170542636 0.46447028423772607 0.4946705426356589 0.46447028423772607 0.4946705426356589 0.3313953488372093 0.4103682170542636 0.3313953488372093 0.4103682170542636 0.46447028423772607
0 0.06589147286821706 0.6182170542635659 0.13372093023255813 0.6182170542635659 0.13372093023255813 0.481266149870801 0.06589147286821706 0.481266149870801 0.06589147286821706 0.6182170542635659
0 0.040697674418604654 0.9993540051679587 0.14147286821705427 0.9993540051679587 0.14147286821705427 0.9321705426356589 0.040697674418604654 0.9321705426356589 0.040697674418604654 0.9993540051679587
0 0.8895348837209303 0 0.8895348837209303 0.046511627906976744 0.9118217054263565 0.046511627906976744 0.9118217054263565 0 0.8895348837209303 0