0 0.4499128919860627 0.5372093023255814 0.4943379790940767 0.5372093023255814 0.4943379790940767 0.45465116279069767 0.4499128919860627 0.45465116279069767 0.4499128919860627 0.5372093023255814
0 0.3806620209059233 0.5401162790697674 0.41986062717770034 0.5401162790697674 0.41986062717770034 0.4563953488372093 0.3806620209059233 0.4563953488372093 0.3806620209059233 0.5401162790697674
0 0.0008710801393728223 0.4965116279069767 0.037456445993031356 0.4965116279069767 0.037456445993031356 0.413953488372093 0.0008710801393728223 0.413953488372093 0.0008710801393728223 0.4965116279069767
0 0.3153310104529617 0.6377906976744186 0.3614982578397213 0.6377906976744186 0.3614982578397213 0.5459302325581395 0.3153310104529617 0.5459302325581395 0.3153310104529617 0.6377906976744186
0 0.6541811846689896 0.5 0.6977351916376306 0.5 0.6977351916376306 0.4174418604651163 0.6541811846689896 0.4174418604651163 0.6541811846689896 0.5
0 0.17378048780487804 0.9145348837209303 0.22778745644599302 0.9145348837209303 0.22778745644599302 0.8017441860465117 0.17378048780487804 0.8017441860465117 0.17378048780487804 0.9145348837209303
0 0.5918989547038328 0.5197674418604651 0.634581881533101 0.5197674418604651 0.634581881533101 0.44534883720930235 0.5918989547038328 0.44534883720930235 0.5918989547038328 0.5197674418604651
0 0.9124564459930313 0.488953488372093 0.9525261324041812 0.488953488372093 0.9525261324041812 0.41337209302325584 0.9124564459930313 0.41337209302325584 0.9124564459930313 0.488953488372093
0 0.13153310104529617 0.5872093023255814 0.17421602787456447 0.5872093023255814 0.17421602787456447 0.49767441860465117 0.13153310104529617 0.49767441860465117 0.13153310104529617 0.5872093023255814
0 0.40069686411149824 0.4633720930232558 0.44337979094076657 0.4633720930232558 0.44337979094076657 0.3843023255813954 0.40069686411149824 0.3843023255813954 0.40069686411149824 0.4633720930232558
0 0.16681184668989546 0.6482558139534884 0.21036585365853658 0.6482558139534884 0.21036585365853658 0.5540697674418604 0.16681184668989546 0.5540697674418604 0.16681184668989546 0.6482558139534884
0 0.551829268292683 0.37034883720930234 0.5927700348432056 0.37034883720930234 0.5927700348432056 0.2982558139534884 0.551829268292683 0.2982558139534884 0.551829268292683 0.37034883720930234
0 0.09668989547038327 0.46162790697674416 0.13850174216027875 0.46162790697674416 0.13850174216027875 0.3744186046511628 0.09668989547038327 0.3744186046511628 0.09668989547038327 0.46162790697674416
0 0.49956445993031356 0.6098837209302326 0.5474738675958188 0.6098837209302326 0.5474738675958188 0.5203488372093024 0.49956445993031356 0.5203488372093024 0.49956445993031356 0.6098837209302326
0 0.1328397212543554 0.8627906976744186 0.18597560975609756 0.8627906976744186 0.18597560975609756 0.763953488372093 0.1328397212543554 0.763953488372093 0.1328397212543554 0.8627906976744186
0 0.6964285714285714 0.5348837209302325 0.7469512195121951 0.5348837209302325 0.7469512195121951 0.4313953488372093 0.6964285714285714 0.4313953488372093 0.6964285714285714 0.5348837209302325
0 0.544425087108014 0.8337209302325581 0.5984320557491289 0.8337209302325581 0.5984320557491289 0.7267441860465116 0.544425087108014 0.7267441860465116 0.544425087108014 0.8337209302325581
0 0.492595818815331 0.7883720930232558 0.5483449477351916 0.7883720930232558 0.5483449477351916 0.6813953488372093 0.492595818815331 0.6813953488372093 0.492595818815331 0.7883720930232558
0 0.062282229965156796 0.5034883720930232 0.10583623693379791 0.5034883720930232 0.10583623693379791 0.42209302325581394 0.062282229965156796 0.42209302325581394 0.062282229965156796 0.5034883720930232
0 0.6206445993031359 0.10697674418604651 0.6563588850174216 0.10697674418604651 0.6563588850174216 0.03837209302325582 0.6206445993031359 0.03837209302325582 0.6206445993031359 0.10697674418604651
0 0.0313588850174216 0.6273255813953489 0.06881533101045297 0.6273255813953489 0.06881533101045297 0.5366279069767442 0.0313588850174216 0.5366279069767442 0.0313588850174216 0.6273255813953489
0 0.6193379790940766 0.375 0.6611498257839721 0.375 0.6611498257839721 0.30872093023255814 0.6193379790940766 0.30872093023255814 0.6193379790940766 0.375
0 0.16332752613240417 0.5395348837209303 0.20426829268292682 0.5395348837209303 0.20426829268292682 0.45465116279069767 0.16332752613240417 0.45465116279069767 0.16332752613240417 0.5395348837209303
0 0.3671602787456446 0.7610465116279069 0.4229094076655052 0.7610465116279069 0.4229094076655052 0.6656976744186046 0.3671602787456446 0.6656976744186046 0.3671602787456446 0.7610465116279069
0 0.057055749128919864 0.7802325581395348 0.10409407665505227 0.7802325581395348 0.10409407665505227 0.6767441860465117 0.057055749128919864 0.6767441860465117 0.057055749128919864 0.7802325581395348
0 0.8462543554006968 0.3313953488372093 0.8854529616724739 0.3313953488372093 0.8854529616724739 0.2627906976744186 0.8462543554006968 0.2627906976744186 0.8462543554006968 0.3313953488372093
0 0.5705574912891986 0.4459302325581395 0.6123693379790941 0.4459302325581395 0.6123693379790941 0.3656976744186046 0.5705574912891986 0.3656976744186046 0.5705574912891986 0.4459302325581395
0 0.46994773519163763 0.666860465116279 0.5239547038327527 0.666860465116279 0.5239547038327527 0.5726744186046512 0.46994773519163763 0.5726744186046512 0.46994773519163763 0.666860465116279
0 0.2739547038327526 0.5877906976744186 0.31837979094076657 0.5877906976744186 0.31837979094076657 0.5052325581395349 0.2739547038327526 0.5052325581395349 0.2739547038327526 0.5877906976744186
0 0.6920731707317073 0.6290697674418605 0.7408536585365854 0.6290697674418605 0.7408536585365854 0.5372093023255814 0.6920731707317073 0.5372093023255814 0.6920731707317073 0.6290697674418605
0 0.26785714285714285 0.4680232558139535 0.3044425087108014 0.4680232558139535 0.3044425087108014 0.39127906976744187 0.26785714285714285 0.39127906976744187 0.26785714285714285 0.4680232558139535
0 0.28353658536585363 0.6819767441860465 0.3288327526132404 0.6819767441860465 0.3288327526132404 0.5843023255813954 0.28353658536585363 0.5843023255813954 0.28353658536585363 0.6819767441860465
0 0.9455574912891986 0.30348837209302326 0.9804006968641115 0.30348837209302326 0.9804006968641115 0.24767441860465117 0.9455574912891986 0.24767441860465117 0.9455574912891986 0.30348837209302326
0 0.8745644599303136 0.5383720930232558 0.9128919860627178 0.5383720930232558 0.9128919860627178 0.4627906976744186 0.8745644599303136 0.4627906976744186 0.8745644599303136 0.5383720930232558
0 0.8170731707317073 0.4029069767441861 0.8536585365853658 0.4029069767441861 0.8536585365853658 0.3319767441860465 0.8170731707317073 0.3319767441860465 0.8170731707317073 0.4029069767441861
0 0.7717770034843205 0.3680232558139535 0.8109756097560976 0.3680232558139535 0.8109756097560976 0.29941860465116277 0.7717770034843205 0.29941860465116277 0.7717770034843205 0.3680232558139535
0 0.3998257839721254 0.7058139534883721 0.4520905923344948 0.7058139534883721 0.4520905923344948 0.6139534883720931 0.3998257839721254 0.6139534883720931 0.3998257839721254 0.7058139534883721
0 0.828397212543554 0.5098837209302326 0.8736933797909407 0.5098837209302326 0.8736933797909407 0.44011627906976747 0.828397212543554 0.44011627906976747 0.828397212543554 0.5098837209302326
0 0.8976480836236934 0.3122093023255814 0.9298780487804879 0.3122093023255814 0.9298780487804879 0.2552325581395349 0.8976480836236934 0.2552325581395349 0.8976480836236934 0.3122093023255814
0 0.7852787456445993 0.31976744186046513 0.8236062717770035 0.31976744186046513 0.8236062717770035 0.25232558139534883 0.7852787456445993 0.25232558139534883 0.7852787456445993 0.31976744186046513
0 0.9677700348432056 0.4046511627906977 0.9991289198606271 0.4046511627906977 0.9991289198606271 0.3430232558139535 0.9677700348432056 0.3430232558139535 0.9677700348432056 0.4046511627906977
0 0 0.5284883720930232 0.009581881533101045 0.5284883720930232 0.009581881533101045 0.4738372093023256 0 0.4738372093023256 0 0.5284883720930232
0 0.9864982578397212 0.4494186046511628 0.9995644599303136 0.4494186046511628 0.9995644599303136 0.3819767441860465 0.9864982578397212 0.3819767441860465 0.9864982578397212 0.4494186046511628
0 0.8453832752613241 0.4627906976744186 0.8854529616724739 0.4627906976744186 0.8854529616724739 0.40232558139534885 0.8453832752613241 0.40232558139534885 0.8453832752613241 0.4627906976744186
0 0.9081010452961672 0.27325581395348836 0.9446864111498258 0.27325581395348836 0.9446864111498258 0.22209302325581395 0.9081010452961672 0.22209302325581395 0.9081010452961672 0.27325581395348836
0 0.9821428571428571 0.31802325581395346 0.9995644599303136 0.31802325581395346 0.9995644599303136 0.275 0.9821428571428571 0.275 0.9821428571428571 0.31802325581395346
0 0.9821428571428571 0.35348837209302325 0.9995644599303136 0.35348837209302325 0.9995644599303136 0.3058139534883721 0.9821428571428571 0.3058139534883721 0.9821428571428571 0.35348837209302325
0 0.6223867595818815 0.8116279069767441 0.6511324041811847 0.8116279069767441 0.6511324041811847 0.7523255813953489 0.6223867595818815 0.7523255813953489 0.6223867595818815 0.8116279069767441
0 0.639808362369338 0.7063953488372093 0.664198606271777 0.7063953488372093 0.664198606271777 0.6459302325581395 0.639808362369338 0.6459302325581395 0.639808362369338 0.7063953488372093