0 0.39001937984496127 0.8378552971576227 0.5169573643410853 0.8378552971576227 0.5169573643410853 0.6285529715762274 0.39001937984496127 0.6285529715762274 0.39001937984496127 0.8378552971576227
0 0.7369186046511628 0.3184754521963824 0.8328488372093024 0.3184754521963824 0.8328488372093024 0.17377260981912146 0.7369186046511628 0.17377260981912146 0.7369186046511628 0.3184754521963824
0 0.10804263565891473 0.9476744186046512 0.2185077519379845 0.9476744186046512 0.2185077519379845 0.7396640826873385 0.10804263565891473 0.7396640826873385 0.10804263565891473 0.9476744186046512
0 0.5465116279069767 0.40891472868217055 0.6366279069767442 0.40891472868217055 0.6366279069767442 0.25775193798449614 0.5465116279069767 0.25775193798449614 0.5465116279069767 0.40891472868217055
0 0.625 0.43281653746770027 0.7238372093023255 0.43281653746770027 0.7238372093023255 0.28294573643410853 0.625 0.28294573643410853 0.625 0.43281653746770027
0 0.2625968992248062 0.8572351421188631 0.37693798449612403 0.8572351421188631 0.37693798449612403 0.6375968992248062 0.2625968992248062 0.6375968992248062 0.2625968992248062 0.8572351421188631
0 0.39728682170542634 0.6414728682170543 0.501937984496124 0.6414728682170543 0.501937984496124 0.4786821705426357 0.39728682170542634 0.4786821705426357 0.39728682170542634 0.6414728682170543
0 0.7848837209302325 0.2157622739018088 0.8643410852713178 0.2157622739018088 0.8643410852713178 0.09689922480620156 0.7848837209302325 0.09689922480620156 0.7848837209302325 0.2157622739018088
0 0.24757751937984496 0.45542635658914726 0.32122093023255816 0.45542635658914726 0.32122093023255816 0.3391472868217054 0.24757751937984496 0.3391472868217054 0.24757751937984496 0.45542635658914726
0 0.29796511627906974 0.687984496124031 0.3958333333333333 0.687984496124031 0.3958333333333333 0.4928940568475452 0.29796511627906974 0.4928940568475452 0.29796511627906974 0.687984496124031
0 0.8197674418604651 0.13630490956072353 0.8934108527131783 0.13630490956072353 0.8934108527131783 0.02131782945736434 0.8197674418604651 0.02131782945736434 0.8197674418604651 0.13630490956072353
0 0.4476744186046512 0.27002583979328165 0.5213178294573644 0.27002583979328165 0.5213178294573644 0.14987080103359174 0.4476744186046512 0.14987080103359174 0.4476744186046512 0.27002583979328165
0 0.21075581395348839 0.8094315245478036 0.2814922480620155 0.8094315245478036 0.2814922480620155 0.6143410852713178 0.21075581395348839 0.6143410852713178 0.21075581395348839 0.8094315245478036
0 0.48546511627906974 0.3979328165374677 0.5542635658914729 0.3979328165374677 0.5542635658914729 0.2571059431524548 0.48546511627906974 0.2571059431524548 0.48546511627906974 0.3979328165374677
0 0.9210271317829457 0 0.9210271317829457 0.04780361757105943 0.9859496124031008 0.04780361757105943 0.9859496124031008 0 0.9210271317829457 0
0 0.025193798449612403 0.998062015503876 0.12015503875968993 0.998062015503876 0.12015503875968993 0.7835917312661499 0.025193798449612403 0.7835917312661499 0.025193798449612403 0.998062015503876
0 0.4326550387596899 0.541343669250646 0.5305232558139535 0.541343669250646 0.5305232558139535 0.37467700258397935 0.4326550387596899 0.37467700258397935 0.4326550387596899 0.541343669250646
0 0.5542635658914729 0.16085271317829458 0.6172480620155039 0.16085271317829458 0.6172480620155039 0.05878552971576227 0.5542635658914729 0.05878552971576227 0.5542635658914729 0.16085271317829458
0 0.6434108527131783 0.3242894056847545 0.7364341085271318 0.3242894056847545 0.7364341085271318 0.2054263565891473 0.6434108527131783 0.2054263565891473 0.6434108527131783 0.3242894056847545
0 0.7805232558139535 0.10077519379844961 0.8435077519379846 0.10077519379844961 0.8435077519379846 0.0012919896640826874 0.7805232558139535 0.0012919896640826874 0.7805232558139535 0.10077519379844961
0 0.027131782945736434 0.6563307493540051 0.09593023255813954 0.6563307493540051 0.09593023255813954 0.5155038759689923 0.027131782945736434 0.5155038759689923 0.027131782945736434 0.6563307493540051
0 0.06976744186046512 0.7810077519379846 0.14631782945736435 0.7810077519379846 0.14631782945736435 0.6208010335917312 0.06976744186046512 0.6208010335917312 0.06976744186046512 0.7810077519379846
0 0.1560077519379845 0.6744186046511628 0.2315891472868217 0.6744186046511628 0.2315891472868217 0.5103359173126615 0.1560077519379845 0.5103359173126615 0.1560077519379845 0.6744186046511628
0 0.25775193798449614 0.5710594315245479 0.3381782945736434 0.5710594315245479 0.3381782945736434 0.4315245478036176 0.25775193798449614 0.4315245478036176 0.25775193798449614 0.5710594315245479
0 0.8599806201550387 0.06136950904392765 0.9190891472868217 0.06136950904392765 0.9190891472868217 0.0006459948320413437 0.8599806201550387 0.0006459948320413437 0.8599806201550387 0.06136950904392765
0 0.3803294573643411 0.32041343669250644 0.45494186046511625 0.32041343669250644 0.45494186046511625 0.20930232558139536 0.3803294573643411 0.20930232558139536 0.3803294573643411 0.32041343669250644
0 0.3318798449612403 0.4496124031007752 0.4113372093023256 0.4496124031007752 0.4113372093023256 0.35658914728682173 0.3318798449612403 0.35658914728682173 0.3318798449612403 0.4496124031007752
0 0.3396317829457364 0.5342377260981912 0.4249031007751938 0.5342377260981912 0.4249031007751938 0.4037467700258398 0.3396317829457364 0.4037467700258398 0.3396317829457364 0.5342377260981912
0 0.49079457364341084 0.2099483204134367 0.561531007751938 0.2099483204134367 0.561531007751938 0.09366925064599484 0.49079457364341084 0.09366925064599484 0.49079457364341084 0.2099483204134367
0 0.6652131782945736 0.14987080103359174 0.7214147286821705 0.14987080103359174 0.7214147286821705 0.059431524547803614 0.6652131782945736 0.059431524547803614 0.6652131782945736 0.14987080103359174
0 0.12209302325581395 0.8023255813953488 0.21511627906976744 0.8023255813953488 0.21511627906976744 0.6576227390180879 0.12209302325581395 0.6576227390180879 0.12209302325581395 0.8023255813953488
0 0 0.8242894056847545 0.06298449612403101 0.8242894056847545 0.06298449612403101 0.7286821705426356 0 0.7286821705426356 0 0.8242894056847545
0 0.40843023255813954 0.3850129198966408 0.4801356589147287 0.3850129198966408 0.4801356589147287 0.26744186046511625 0.40843023255813954 0.26744186046511625 0.40843023255813954 0.3850129198966408
0 0.20687984496124032 0.6537467700258398 0.2969961240310077 0.6537467700258398 0.2969961240310077 0.5503875968992248 0.20687984496124032 0.5503875968992248 0.20687984496124032 0.6537467700258398
0 0.6923449612403101 0.17118863049095606 0.7698643410852714 0.17118863049095606 0.7698643410852714 0.08074935400516796 0.6923449612403101 0.08074935400516796 0.6923449612403101 0.17118863049095606
0 0.41375968992248063 0.45219638242894056 0.499031007751938 0.45219638242894056 0.499031007751938 0.31136950904392763 0.41375968992248063 0.31136950904392763 0.41375968992248063 0.45219638242894056
0 0.7243217054263565 0.22416020671834624 0.7911821705426356 0.22416020671834624 0.7911821705426356 0.14276485788113696 0.7243217054263565 0.14276485788113696 0.7243217054263565 0.22416020671834624
0 0.625968992248062 0.2777777777777778 0.7083333333333334 0.2777777777777778 0.7083333333333334 0.15374677002583978 0.625968992248062 0.15374677002583978 0.625968992248062 0.2777777777777778
0 0.6104651162790697 0.18540051679586564 0.6676356589147286 0.18540051679586564 0.6676356589147286 0.1078811369509044 0.6104651162790697 0.1078811369509044 0.6104651162790697 0.18540051679586564
0 0.6138565891472868 0.24612403100775193 0.6816860465116279 0.24612403100775193 0.6816860465116279 0.1298449612403101 0.6138565891472868 0.1298449612403101 0.6138565891472868 0.24612403100775193
0 0.0939922480620155 0.9993540051679587 0.18992248062015504 0.9993540051679587 0.18992248062015504 0.9631782945736435 0.0939922480620155 0.9631782945736435 0.0939922480620155 0.9993540051679587
0 0.7068798449612403 0.19186046511627908 0.7805232558139535 0.19186046511627908 0.7805232558139535 0.1182170542635659 0.7068798449612403 0.1182170542635659 0.7068798449612403 0.19186046511627908
0 0.8241279069767442 0 0.8241279069767442 0.01937984496124031 0.8599806201550387 0.01937984496124031 0.8599806201550387 0 0.8241279069767442 0
0 0 0.939922480620155 0.018410852713178296 0.939922480620155 0.018410852713178296 0.8145994832041343 0 0.8145994832041343 0 0.939922480620155
0 0 0.9993540051679587 0.020348837209302327 0.9993540051679587 0.020348837209302327 0.9295865633074936 0 0.9295865633074936 0 0.9993540051679587
0 0.00048449612403100775 0.9812661498708011 0.02180232558139535 0.9812661498708011 0.02180232558139535 0.8133074935400517 0.00048449612403100775 0.8133074935400517 0.00048449612403100775 0.9812661498708011
0 0.7010658914728682 0.18863049095607234 0.7737403100775194 0.18863049095607234 0.7737403100775194 0.08527131782945736 0.7010658914728682 0.08527131782945736 0.7010658914728682 0.18863049095607234