0 0.12243502051983585 0.8060109289617486 0.2872777017783858 0.8060109289617486 0.2872777017783858 0.5136612021857924 0.12243502051983585 0.5136612021857924 0.12243502051983585 0.8060109289617486
0 0.3806429548563611 0.76183970856102 0.5605335157318742 0.76183970856102 0.5605335157318742 0.5013661202185792 0.3806429548563611 0.5013661202185792 0.3806429548563611 0.76183970856102
0 0.14705882352941177 0.40846994535519127 0.28864569083447333 0.40846994535519127 0.28864569083447333 0.21174863387978143 0.14705882352941177 0.21174863387978143 0.14705882352941177 0.40846994535519127
0 0.2585499316005472 0.5683060109289617 0.40287277701778385 0.5683060109289617 0.40287277701778385 0.3205828779599271 0.2585499316005472 0.3205828779599271 0.2585499316005472 0.5683060109289617
0 0.5858413132694938 0.6552823315118397 0.737688098495212 0.6552823315118397 0.737688098495212 0.4512750455373406 0.5858413132694938 0.4512750455373406 0.5858413132694938 0.6552823315118397
0 0.2701778385772914 0.3046448087431694 0.39466484268125857 0.3046448087431694 0.39466484268125857 0.14981785063752276 0.2701778385772914 0.14981785063752276 0.2701778385772914 0.3046448087431694
0 0.4131326949384405 0.3055555555555556 0.5164158686730507 0.3055555555555556 0.5164158686730507 0.14981785063752276 0.4131326949384405 0.14981785063752276 0.4131326949384405 0.3055555555555556
0 0.179890560875513 0.21174863387978143 0.2961696306429549 0.21174863387978143 0.2961696306429549 0.06147540983606557 0.179890560875513 0.06147540983606557 0.179890560875513 0.21174863387978143
0 0 0.2727686703096539 0.033515731874145006 0.2727686703096539 0.033515731874145006 0.12249544626593807 0 0.12249544626593807 0 0.2727686703096539
0 0.5321477428180574 0.7413479052823315 0.686046511627907 0.7413479052823315 0.686046511627907 0.5856102003642987 0.5321477428180574 0.5856102003642987 0.5321477428180574 0.7413479052823315
0 0.47708618331053354 0.5947176684881603 0.5995212038303693 0.5947176684881603 0.5995212038303693 0.3697632058287796 0.47708618331053354 0.3697632058287796 0.47708618331053354 0.5947176684881603
0 0.3392612859097127 0.46357012750455373 0.46443228454172364 0.46357012750455373 0.46443228454172364 0.2650273224043716 0.3392612859097127 0.2650273224043716 0.3392612859097127 0.46357012750455373
0 0.46614227086183313 0.4157559198542805 0.5967852257181943 0.4157559198542805 0.5967852257181943 0.24271402550091076 0.46614227086183313 0.24271402550091076 0.46614227086183313 0.4157559198542805
0 0.7370041039671683 0.6329690346083788 0.8450752393980848 0.6329690346083788 0.8450752393980848 0.42349726775956287 0.7370041039671683 0.42349726775956287 0.7370041039671683 0.6329690346083788
0 0.3331053351573187 0.23406193078324225 0.4179206566347469 0.23406193078324225 0.4179206566347469 0.11475409836065574 0.3331053351573187 0.11475409836065574 0.3331053351573187 0.23406193078324225
0 0.3857729138166895 0.15710382513661203 0.47674418604651164 0.15710382513661203 0.47674418604651164 0.07058287795992714 0.3857729138166895 0.07058287795992714 0.3857729138166895 0.15710382513661203
0 0.5728454172366622 0.28825136612021857 0.664500683994528 0.28825136612021857 0.664500683994528 0.15255009107468123 0.5728454172366622 0.15255009107468123 0.5728454172366622 0.28825136612021857
0 0.521545827633379 0.35564663023679416 0.634404924760602 0.35564663023679416 0.634404924760602 0.18533697632058288 0.521545827633379 0.18533697632058288 0.521545827633379 0.35564663023679416
0 0.2390560875512996 0 0.2390560875512996 0.09380692167577413 0.32045143638850887 0.09380692167577413 0.32045143638850887 0 0.2390560875512996 0
0 0.16655266757865936 0 0.16655266757865936 0.08469945355191257 0.24042407660738713 0.08469945355191257 0.24042407660738713 0 0.16655266757865936 0