0 0.21545827633378933 0.4831511839708561 0.3700410396716826 0.4831511839708561 0.3700410396716826 0.26548269581056466 0.21545827633378933 0.26548269581056466 0.21545827633378933 0.4831511839708561
0 0.08755129958960328 0.3465391621129326 0.19562243502051985 0.3465391621129326 0.19562243502051985 0.14617486338797814 0.08755129958960328 0.14617486338797814 0.08755129958960328 0.3465391621129326
0 0.36183310533515733 0.6980874316939891 0.5369357045143639 0.6980874316939891 0.5369357045143639 0.4858834244080146 0.36183310533515733 0.4858834244080146 0.36183310533515733 0.6980874316939891
0 0.3006155950752394 0.7996357012750456 0.49350205198358416 0.7996357012750456 0.49350205198358416 0.6293260473588342 0.3006155950752394 0.6293260473588342 0.3006155950752394 0.7996357012750456
0 0.369015047879617 0.39162112932604737 0.490766073871409 0.39162112932604737 0.490766073871409 0.20127504553734063 0.369015047879617 0.20127504553734063 0.369015047879617 0.39162112932604737
0 0.5827633378932968 0.5942622950819673 0.7065663474692202 0.5942622950819673 0.7065663474692202 0.38114754098360654 0.5827633378932968 0.38114754098360654 0.5827633378932968 0.5942622950819673
0 0.49794801641586867 0.7509107468123861 0.6627906976744186 0.7509107468123861 0.6627906976744186 0.5833333333333334 0.49794801641586867 0.5833333333333334 0.49794801641586867 0.7509107468123861
0 0.423734610123119 0.5737704918032787 0.5776333789329685 0.5737704918032787 0.5776333789329685 0.38342440801457195 0.423734610123119 0.38342440801457195 0.423734610123119 0.5737704918032787
0 0.19015047879616964 0.22540983606557377 0.286593707250342 0.22540983606557377 0.286593707250342 0.05874316939890711 0.19015047879616964 0.05874316939890711 0.19015047879616964 0.22540983606557377
0 0.11354309165526676 0.1384335154826958 0.2079343365253078 0.1384335154826958 0.2079343365253078 0.0018214936247723133 0.11354309165526676 0.0018214936247723133 0.11354309165526676 0.1384335154826958
0 0.6997264021887825 0.6593806921675774 0.8228454172366622 0.6593806921675774 0.8228454172366622 0.4544626593806922 0.6997264021887825 0.4544626593806922 0.6997264021887825 0.6593806921675774
0 0.2640218878248974 0.3046448087431694 0.3844049247606019 0.3046448087431694 0.3844049247606019 0.15619307832422585 0.2640218878248974 0.15619307832422585 0.2640218878248974 0.3046448087431694
0 0.4374145006839945 0.296448087431694 0.5413816689466484 0.296448087431694 0.5413816689466484 0.14162112932604737 0.4374145006839945 0.14162112932604737 0.4374145006839945 0.296448087431694
0 0.4774281805745554 0.44854280510018213 0.6019151846785226 0.44854280510018213 0.6019151846785226 0.29918032786885246 0.4774281805745554 0.29918032786885246 0.4774281805745554 0.44854280510018213
0 0.5448016415868673 0.26548269581056466 0.634404924760602 0.26548269581056466 0.634404924760602 0.1407103825136612 0.5448016415868673 0.1407103825136612 0.5448016415868673 0.26548269581056466
0 0.350547195622435 0.2053734061930783 0.4353625170998632 0.2053734061930783 0.4353625170998632 0.09153005464480875 0.350547195622435 0.09153005464480875 0.350547195622435 0.2053734061930783
0 0.5543775649794802 0.3770491803278688 0.6624487004103967 0.3770491803278688 0.6624487004103967 0.24134790528233152 0.5543775649794802 0.24134790528233152 0.5543775649794802 0.3770491803278688
0 0.2612859097127223 0.14981785063752276 0.3447332421340629 0.14981785063752276 0.3447332421340629 0.0377959927140255 0.2612859097127223 0.0377959927140255 0.2612859097127223 0.14981785063752276
0 0.350547195622435 0.1366120218579235 0.4517783857729138 0.1366120218579235 0.4517783857729138 0.026411657559198543 0.350547195622435 0.026411657559198543 0.350547195622435 0.1366120218579235
0 0.40902872777017785 0.12750455373406194 0.4897400820793434 0.12750455373406194 0.4897400820793434 0.0018214936247723133 0.40902872777017785 0.0018214936247723133 0.40902872777017785 0.12750455373406194
0 0 0 0 0.06648451730418943 0.030095759233926128 0.06648451730418943 0.030095759233926128 0 0 0
0 0.3180574555403557 0 0.3180574555403557 0.06648451730418943 0.3898768809849521 0.06648451730418943 0.3898768809849521 0 0.3180574555403557 0
0 0.45930232558139533 0 0.45930232558139533 0.09562841530054644 0.5208618331053352 0.09562841530054644 0.5208618331053352 0 0.45930232558139533 0
0 0.2082763337893297 0 0.2082763337893297 0.0482695810564663 0.29651162790697677 0.0482695810564663 0.29651162790697677 0 0.2082763337893297 0