0 0.39398084815321477 0.7313296903460837 0.5649794801641587 0.7313296903460837 0.5649794801641587 0.45901639344262296 0.39398084815321477 0.45901639344262296 0.39398084815321477 0.7313296903460837
0 0.2759917920656635 0.6457194899817851 0.41415868673050615 0.6457194899817851 0.41415868673050615 0.3633879781420765 0.2759917920656635 0.3633879781420765 0.2759917920656635 0.6457194899817851
0 0.5499316005471956 0.42122040072859745 0.6703146374829001 0.42122040072859745 0.6703146374829001 0.23178506375227687 0.5499316005471956 0.23178506375227687 0.5499316005471956 0.42122040072859745
0 0.3806429548563611 0.44808743169398907 0.49760601915184677 0.44808743169398907 0.49760601915184677 0.23588342440801457 0.3806429548563611 0.23588342440801457 0.3806429548563611 0.44808743169398907
0 0.18946648426812585 0.2645719489981785 0.3036935704514364 0.2645719489981785 0.3036935704514364 0.05510018214936248 0.18946648426812585 0.05510018214936248 0.18946648426812585 0.2645719489981785
0 0.7903556771545828 0.3697632058287796 0.8867989056087552 0.3697632058287796 0.8867989056087552 0.20765027322404372 0.7903556771545828 0.20765027322404372 0.7903556771545828 0.3697632058287796
0 0.3057455540355677 0.26183970856102 0.40902872777017785 0.26183970856102 0.40902872777017785 0.09881602914389799 0.3057455540355677 0.09881602914389799 0.3057455540355677 0.26183970856102
0 0.26265389876880985 0.14389799635701275 0.36046511627906974 0.14389799635701275 0.36046511627906974 0.0009107468123861566 0.26265389876880985 0.0009107468123861566 0.26265389876880985 0.14389799635701275
0 0.3874829001367989 0.2627504553734062 0.4893980848153215 0.2627504553734062 0.4893980848153215 0.1407103825136612 0.3874829001367989 0.1407103825136612 0.3874829001367989 0.2627504553734062
0 0.4186046511627907 0.1111111111111111 0.5020519835841313 0.1111111111111111 0.5020519835841313 0.0036429872495446266 0.4186046511627907 0.0036429872495446266 0.4186046511627907 0.1111111111111111
0 0.41963064295485636 0.25136612021857924 0.5085499316005472 0.25136612021857924 0.5085499316005472 0.10018214936247723 0.41963064295485636 0.10018214936247723 0.41963064295485636 0.25136612021857924
0 0.16142270861833105 0.16029143897996356 0.253077975376197 0.16029143897996356 0.253077975376197 0.015482695810564663 0.16142270861833105 0.015482695810564663 0.16142270861833105 0.16029143897996356
0 0.3396032831737346 0 0.3396032831737346 0.09380692167577413 0.42305061559507523 0.09380692167577413 0.42305061559507523 0 0.3396032831737346 0
0 0.21682626538987687 0 0.21682626538987687 0.05373406193078324 0.27975376196990426 0.05373406193078324 0.27975376196990426 0 0.21682626538987687 0
0 0.13679890560875513 0 0.13679890560875513 0.03460837887067395 0.2188782489740082 0.03460837887067395 0.2188782489740082 0 0.13679890560875513 0