0 0.2554719562243502 0.6721311475409836 0.43467852257181944 0.6721311475409836 0.43467852257181944 0.41621129326047357 0.2554719562243502 0.41621129326047357 0.2554719562243502 0.6721311475409836
0 0.23119015047879618 0.47176684881602915 0.39192886456908343 0.47176684881602915 0.39192886456908343 0.2786885245901639 0.23119015047879618 0.2786885245901639 0.23119015047879618 0.47176684881602915
0 0.15834473324213405 0.3574681238615665 0.2978796169630643 0.3574681238615665 0.2978796169630643 0.16347905282331512 0.15834473324213405 0.16347905282331512 0.15834473324213405 0.3574681238615665
0 0.30471956224350205 0.29280510018214934 0.4209986320109439 0.29280510018214934 0.4209986320109439 0.1133879781420765 0.30471956224350205 0.1133879781420765 0.30471956224350205 0.29280510018214934
0 0.4114227086183311 0.7472677595628415 0.6015731874145007 0.7472677595628415 0.6015731874145007 0.5214025500910747 0.4114227086183311 0.5214025500910747 0.4114227086183311 0.7472677595628415
0 0.597469220246238 0.7085610200364298 0.7554719562243503 0.7085610200364298 0.7554719562243503 0.49635701275045535 0.597469220246238 0.49635701275045535 0.597469220246238 0.7085610200364298
0 0.2869357045143639 0.8041894353369763 0.46614227086183313 0.8041894353369763 0.46614227086183313 0.6520947176684881 0.2869357045143639 0.6520947176684881 0.2869357045143639 0.8041894353369763
0 0.5471956224350205 0.14981785063752276 0.6367989056087552 0.14981785063752276 0.6367989056087552 0.007741347905282332 0.5471956224350205 0.007741347905282332 0.5471956224350205 0.14981785063752276
0 0.12619699042407662 0.1575591985428051 0.22537619699042408 0.1575591985428051 0.22537619699042408 0.0036429872495446266 0.12619699042407662 0.0036429872495446266 0.12619699042407662 0.1575591985428051
0 0.1908344733242134 0.21129326047358835 0.313953488372093 0.21129326047358835 0.313953488372093 0.07377049180327869 0.1908344733242134 0.07377049180327869 0.1908344733242134 0.21129326047358835
0 0.22811217510259918 0 0.22811217510259918 0.09562841530054644 0.3177154582763338 0.09562841530054644 0.3177154582763338 0 0.22811217510259918 0