0 0.2185362517099863 0.38160291438979965 0.3683310533515732 0.38160291438979965 0.3683310533515732 0.19216757741347906 0.2185362517099863 0.19216757741347906 0.2185362517099863 0.38160291438979965
0 0.4316005471956224 0.7103825136612022 0.5902872777017784 0.7103825136612022 0.5902872777017784 0.4644808743169399 0.4316005471956224 0.4644808743169399 0.4316005471956224 0.7103825136612022
0 0.2643638850889193 0.7572859744990893 0.4415184678522572 0.7572859744990893 0.4415184678522572 0.4685792349726776 0.2643638850889193 0.4685792349726776 0.2643638850889193 0.7572859744990893
0 0.2650478796169631 0.5018214936247724 0.42031463748290016 0.5018214936247724 0.42031463748290016 0.3205828779599271 0.2650478796169631 0.3205828779599271 0.2650478796169631 0.5018214936247724
0 0.5786593707250342 0.674408014571949 0.7291381668946648 0.674408014571949 0.7291381668946648 0.4494535519125683 0.5786593707250342 0.4494535519125683 0.5786593707250342 0.674408014571949
0 0.3348153214774282 0.24635701275045538 0.43946648426812585 0.24635701275045538 0.43946648426812585 0.08697632058287796 0.3348153214774282 0.08697632058287796 0.3348153214774282 0.24635701275045538
0 0.7281121751025992 0.27823315118397085 0.8156634746922025 0.27823315118397085 0.8156634746922025 0.11885245901639344 0.7281121751025992 0.11885245901639344 0.7281121751025992 0.27823315118397085
0 0.46169630642954856 0.20673952641165755 0.5567715458276333 0.20673952641165755 0.5567715458276333 0.05373406193078324 0.46169630642954856 0.05373406193078324 0.46169630642954856 0.20673952641165755
0 0.11422708618331054 0 0.11422708618331054 0.13296903460837886 0.21956224350205197 0.13296903460837886 0.21956224350205197 0 0.11422708618331054 0
0 0.23358413132694938 0.16939890710382513 0.3348153214774282 0.16939890710382513 0.3348153214774282 0.025500910746812388 0.23358413132694938 0.025500910746812388 0.23358413132694938 0.16939890710382513
0 0.35841313269493846 0.44899817850637525 0.478796169630643 0.44899817850637525 0.478796169630643 0.2568306010928962 0.35841313269493846 0.2568306010928962 0.35841313269493846 0.44899817850637525
0 0.36183310533515733 0 0.36183310533515733 0.09380692167577413 0.4473324213406293 0.09380692167577413 0.4473324213406293 0 0.36183310533515733 0
0 0.380984952120383 0.7786885245901639 0.5314637482900136 0.7786885245901639 0.5314637482900136 0.6839708561020036 0.380984952120383 0.6839708561020036 0.380984952120383 0.7786885245901639
0 0.27872777017783856 0 0.27872777017783856 0.07832422586520947 0.3601231190150479 0.07832422586520947 0.3601231190150479 0 0.27872777017783856 0
0 0.20075239398084815 0 0.20075239398084815 0.09289617486338798 0.2664158686730506 0.09289617486338798 0.2664158686730506 0 0.20075239398084815 0