0 0.2862517099863201 0.6958105646630237 0.48666210670314636 0.6958105646630237 0.48666210670314636 0.45264116575591984 0.2862517099863201 0.45264116575591984 0.2862517099863201 0.6958105646630237
0 0.46545827633378933 0.74408014571949 0.6405608755129959 0.74408014571949 0.6405608755129959 0.5245901639344263 0.46545827633378933 0.5245901639344263 0.46545827633378933 0.74408014571949
0 0.17647058823529413 0.5250455373406193 0.3385772913816689 0.5250455373406193 0.3385772913816689 0.2918943533697632 0.17647058823529413 0.2918943533697632 0.17647058823529413 0.5250455373406193
0 0.3177154582763338 0.43123861566484517 0.4517783857729138 0.43123861566484517 0.4517783857729138 0.22814207650273224 0.3177154582763338 0.22814207650273224 0.3177154582763338 0.43123861566484517
0 0.18160054719562244 0.20491803278688525 0.289671682626539 0.20491803278688525 0.289671682626539 0.04189435336976321 0.18160054719562244 0.04189435336976321 0.18160054719562244 0.20491803278688525
0 0.7366621067031464 0.4307832422586521 0.8440492476060192 0.4307832422586521 0.8440492476060192 0.24316939890710382 0.7366621067031464 0.24316939890710382 0.7366621067031464 0.4307832422586521
0 0.35772913816689467 0 0.35772913816689467 0.15391621129326047 0.4487004103967168 0.15391621129326047 0.4487004103967168 0 0.35772913816689467 0
0 0.26915184678522575 0.8123861566484517 0.46751025991792067 0.8123861566484517 0.46751025991792067 0.6839708561020036 0.26915184678522575 0.6839708561020036 0.26915184678522575 0.8123861566484517
0 0.26915184678522575 0.15892531876138433 0.35601915184678523 0.15892531876138433 0.35601915184678523 0.0031876138433515485 0.26915184678522575 0.0031876138433515485 0.26915184678522575 0.15892531876138433
0 0.16244870041039672 0 0.16244870041039672 0.10564663023679417 0.2506839945280438 0.10564663023679417 0.2506839945280438 0 0.16244870041039672 0
0 0.24316005471956223 0 0.24316005471956223 0.037340619307832425 0.3478112175102599 0.037340619307832425 0.3478112175102599 0 0.24316005471956223 0