0 0.29035567715458277 0.7645719489981785 0.4490424076607387 0.7645719489981785 0.4490424076607387 0.4503642987249545 0.29035567715458277 0.4503642987249545 0.29035567715458277 0.7645719489981785
0 0.3396032831737346 0.36020036429872493 0.4606703146374829 0.36020036429872493 0.4606703146374829 0.19626593806921674 0.3396032831737346 0.19626593806921674 0.3396032831737346 0.36020036429872493
0 0.4418604651162791 0.4731329690346084 0.5683994528043775 0.4731329690346084 0.5683994528043775 0.3128415300546448 0.4418604651162791 0.3128415300546448 0.4418604651162791 0.4731329690346084
0 0.4483584131326949 0.7199453551912568 0.5810533515731874 0.7199453551912568 0.5810533515731874 0.4394353369763206 0.4483584131326949 0.4394353369763206 0.4483584131326949 0.7199453551912568
0 0.3064295485636115 0.476775956284153 0.43980848153214774 0.476775956284153 0.43980848153214774 0.3192167577413479 0.3064295485636115 0.3192167577413479 0.3064295485636115 0.476775956284153
0 0.21477428180574556 0.4644808743169399 0.3372093023255814 0.4644808743169399 0.3372093023255814 0.1930783242258652 0.21477428180574556 0.1930783242258652 0.21477428180574556 0.4644808743169399
0 0.1744186046511628 0 0.1744186046511628 0.1721311475409836 0.26196990424076605 0.1721311475409836 0.26196990424076605 0 0.1744186046511628 0
0 0.5253077975376197 0.25045537340619306 0.6272229822161423 0.25045537340619306 0.6272229822161423 0.09380692167577413 0.5253077975376197 0.09380692167577413 0.5253077975376197 0.25045537340619306
0 0.5707934336525308 0.4622040072859745 0.6898084815321477 0.4622040072859745 0.6898084815321477 0.3055555555555556 0.5707934336525308 0.3055555555555556 0.5707934336525308 0.4622040072859745
0 0.5796853625170999 0.6734972677595629 0.698016415868673 0.6734972677595629 0.698016415868673 0.44489981785063754 0.5796853625170999 0.44489981785063754 0.5796853625170999 0.6734972677595629
0 0.606703146374829 0.3788706739526412 0.7120383036935705 0.3788706739526412 0.7120383036935705 0.226775956284153 0.606703146374829 0.226775956284153 0.606703146374829 0.3788706739526412
0 0.7999316005471956 0.6088342440801457 0.896374829001368 0.6088342440801457 0.896374829001368 0.4075591985428051 0.7999316005471956 0.4075591985428051 0.7999316005471956 0.6088342440801457
0 0 0 0 0.12112932604735883 0.027359781121751026 0.12112932604735883 0.027359781121751026 0 0 0
0 0.27359781121751026 0.226775956284153 0.3844049247606019 0.226775956284153 0.3844049247606019 0.09562841530054644 0.27359781121751026 0.09562841530054644 0.27359781121751026 0.226775956284153
0 0.6976744186046512 0.650728597449909 0.8002735978112175 0.650728597449909 0.8002735978112175 0.4285063752276867 0.6976744186046512 0.4285063752276867 0.6976744186046512 0.650728597449909
0 0.26744186046511625 0.12067395264116576 0.36662106703146374 0.12067395264116576 0.36662106703146374 0.020491803278688523 0.26744186046511625 0.020491803278688523 0.26744186046511625 0.12067395264116576
0 0.20143638850889192 0.2918943533697632 0.32455540355677154 0.2918943533697632 0.32455540355677154 0.1388888888888889 0.20143638850889192 0.1388888888888889 0.20143638850889192 0.2918943533697632
0 0.32455540355677154 0 0.32455540355677154 0.12295081967213115 0.4045827633378933 0.12295081967213115 0.4045827633378933 0 0.32455540355677154 0
0 0.14192886456908343 0 0.14192886456908343 0.08014571948998178 0.2158002735978112 0.08014571948998178 0.2158002735978112 0 0.14192886456908343 0
0 0.3905608755129959 0.7768670309653917 0.5506155950752394 0.7768670309653917 0.5506155950752394 0.7122040072859745 0.3905608755129959 0.7122040072859745 0.3905608755129959 0.7768670309653917