0 0.4011627906976744 0.5979052823315119 0.5331737346101231 0.5979052823315119 0.5331737346101231 0.32103825136612024 0.4011627906976744 0.32103825136612024 0.4011627906976744 0.5979052823315119
0 0.19186046511627908 0.44034608378870677 0.32181942544459646 0.44034608378870677 0.32181942544459646 0.21994535519125682 0.19186046511627908 0.21994535519125682 0.19186046511627908 0.44034608378870677
0 0.2664158686730506 0.6179417122040073 0.40253077975376195 0.6179417122040073 0.40253077975376195 0.33287795992714025 0.2664158686730506 0.33287795992714025 0.2664158686730506 0.6179417122040073
0 0.2924076607387141 0.35837887067395263 0.4271545827633379 0.35837887067395263 0.4271545827633379 0.16985428051001822 0.2924076607387141 0.16985428051001822 0.2924076607387141 0.35837887067395263
0 0.42852257181942544 0.34972677595628415 0.5523255813953488 0.34972677595628415 0.5523255813953488 0.17122040072859745 0.42852257181942544 0.17122040072859745 0.42852257181942544 0.34972677595628415
0 0.34097127222982215 0.7950819672131147 0.5208618331053352 0.7950819672131147 0.5208618331053352 0.6766848816029144 0.34097127222982215 0.6766848816029144 0.34097127222982215 0.7950819672131147
0 0.1822845417236662 0.25774134790528236 0.3060875512995896 0.25774134790528236 0.3060875512995896 0.1092896174863388 0.1822845417236662 0.1092896174863388 0.1822845417236662 0.25774134790528236
0 0.17305061559507523 0.16438979963570127 0.28796169630642954 0.16438979963570127 0.28796169630642954 0.03597449908925319 0.17305061559507523 0.03597449908925319 0.17305061559507523 0.16438979963570127
0 0.23358413132694938 0 0.23358413132694938 0.08743169398907104 0.32660738714090287 0.08743169398907104 0.32660738714090287 0 0.23358413132694938 0
0 0.12517099863201095 0 0.12517099863201095 0.11566484517304189 0.22913816689466485 0.11566484517304189 0.22913816689466485 0 0.12517099863201095 0
0 0.6874145006839946 0.7003642987249544 0.7913816689466484 0.7003642987249544 0.7913816689466484 0.6102003642987249 0.6874145006839946 0.6102003642987249 0.6874145006839946 0.7003642987249544