0 0.3228454172366621 0.7987249544626593 0.48768809849521205 0.7987249544626593 0.48768809849521205 0.5482695810564663 0.3228454172366621 0.5482695810564663 0.3228454172366621 0.7987249544626593
0 0.6224350205198358 0.558287795992714 0.7476060191518468 0.558287795992714 0.7476060191518468 0.3460837887067395 0.6224350205198358 0.3460837887067395 0.6224350205198358 0.558287795992714
0 0.2137482900136799 0.3788706739526412 0.3430232558139535 0.3788706739526412 0.3430232558139535 0.1384335154826958 0.2137482900136799 0.1384335154826958 0.2137482900136799 0.3788706739526412
0 0.4374145006839945 0.6079234972677595 0.5687414500683995 0.6079234972677595 0.5687414500683995 0.3638433515482696 0.4374145006839945 0.3638433515482696 0.4374145006839945 0.6079234972677595
0 0.3437072503419973 0.37067395264116576 0.4606703146374829 0.37067395264116576 0.4606703146374829 0.18670309653916212 0.3437072503419973 0.18670309653916212 0.3437072503419973 0.37067395264116576
0 0.8645690834473324 0.4722222222222222 0.9616963064295485 0.4722222222222222 0.9616963064295485 0.29918032786885246 0.8645690834473324 0.29918032786885246 0.8645690834473324 0.4722222222222222
0 0.29103967168262657 0.23497267759562843 0.4052667578659371 0.23497267759562843 0.4052667578659371 0.07468123861566485 0.29103967168262657 0.07468123861566485 0.29103967168262657 0.23497267759562843
0 0.4582763337893297 0.19080145719489983 0.5485636114911081 0.19080145719489983 0.5485636114911081 0.06329690346083788 0.4582763337893297 0.06329690346083788 0.4582763337893297 0.19080145719489983
0 0.37790697674418605 0.16438979963570127 0.46545827633378933 0.16438979963570127 0.46545827633378933 0.020491803278688523 0.37790697674418605 0.020491803278688523 0.37790697674418605 0.16438979963570127
0 0.4357045143638851 0.39207650273224043 0.5458276333789329 0.39207650273224043 0.5458276333789329 0.23816029143897996 0.4357045143638851 0.23816029143897996 0.4357045143638851 0.39207650273224043
0 0.17818057455540356 0.2509107468123862 0.28419972640218877 0.2509107468123862 0.28419972640218877 0.08515482695810565 0.17818057455540356 0.08515482695810565 0.17818057455540356 0.2509107468123862
0 0.1456908344733242 0 0.1456908344733242 0.09562841530054644 0.24350205198358413 0.09562841530054644 0.24350205198358413 0 0.1456908344733242 0
0 0.4692202462380301 0.3383424408014572 0.5677154582763337 0.3383424408014572 0.5677154582763337 0.1871584699453552 0.4692202462380301 0.1871584699453552 0.4692202462380301 0.3383424408014572
0 0.2363201094391245 0.1302367941712204 0.3074555403556772 0.1302367941712204 0.3074555403556772 0.044626593806921674 0.2363201094391245 0.044626593806921674 0.2363201094391245 0.1302367941712204
0 0.48084815321477425 0.75591985428051 0.6299589603283173 0.75591985428051 0.6299589603283173 0.6730418943533698 0.48084815321477425 0.6730418943533698 0.48084815321477425 0.75591985428051
0 0.32694938440492477 0 0.32694938440492477 0.06466302367941712 0.39192886456908343 0.06466302367941712 0.39192886456908343 0 0.32694938440492477 0
0 0.07147742818057455 0 0.07147742818057455 0.031876138433515486 0.12824897400820792 0.031876138433515486 0.12824897400820792 0 0.07147742818057455 0
0 0.2814637482900137 0.06830601092896176 0.36217510259917923 0.06830601092896176 0.36217510259917923 0.009107468123861567 0.2814637482900137 0.009107468123861567 0.2814637482900137 0.06830601092896176