0 0.27906976744186046 0.6821493624772313 0.4418604651162791 0.6821493624772313 0.4418604651162791 0.4326047358834244 0.27906976744186046 0.4326047358834244 0.27906976744186046 0.6821493624772313
0 0.3341313269493844 0.7955373406193078 0.5263337893296853 0.7955373406193078 0.5263337893296853 0.6197632058287796 0.3341313269493844 0.6197632058287796 0.3341313269493844 0.7955373406193078
0 0.41928864569083446 0.5268670309653917 0.5690834473324213 0.5268670309653917 0.5690834473324213 0.32194899817850636 0.41928864569083446 0.32194899817850636 0.41928864569083446 0.5268670309653917
0 0.5988372093023255 0.6839708561020036 0.737688098495212 0.6839708561020036 0.737688098495212 0.4207650273224044 0.5988372093023255 0.4207650273224044 0.5988372093023255 0.6839708561020036
0 0.4384404924760602 0.7281420765027322 0.6087551299589603 0.7281420765027322 0.6087551299589603 0.48041894353369763 0.4384404924760602 0.48041894353369763 0.4384404924760602 0.7281420765027322
0 0.6415868673050615 0.3592896174863388 0.7373461012311902 0.3592896174863388 0.7373461012311902 0.1935336976320583 0.6415868673050615 0.1935336976320583 0.6415868673050615 0.3592896174863388
0 0.3402872777017784 0.3756830601092896 0.4408344733242134 0.3756830601092896 0.4408344733242134 0.17896174863387979 0.3402872777017784 0.17896174863387979 0.3402872777017784 0.3756830601092896
0 0.22093023255813954 0.39799635701275043 0.3372093023255814 0.39799635701275043 0.3372093023255814 0.16939890710382513 0.22093023255813954 0.16939890710382513 0.22093023255813954 0.39799635701275043
0 0.5482216142270862 0.372040072859745 0.6385088919288646 0.372040072859745 0.6385088919288646 0.19444444444444445 0.5482216142270862 0.19444444444444445 0.5482216142270862 0.372040072859745
0 0.2585499316005472 0.5214025500910747 0.4165526675786594 0.5214025500910747 0.4165526675786594 0.3237704918032787 0.2585499316005472 0.3237704918032787 0.2585499316005472 0.5214025500910747
0 0.3491792065663475 0.22540983606557377 0.4517783857729138 0.22540983606557377 0.4517783857729138 0.11429872495446267 0.3491792065663475 0.11429872495446267 0.3491792065663475 0.22540983606557377
0 0.44528043775649795 0.3224043715846995 0.539671682626539 0.3224043715846995 0.539671682626539 0.18761384335154827 0.44528043775649795 0.18761384335154827 0.44528043775649795 0.3224043715846995
0 0.2701778385772914 0.1575591985428051 0.3700410396716826 0.1575591985428051 0.3700410396716826 0.03551912568306011 0.2701778385772914 0.03551912568306011 0.2701778385772914 0.1575591985428051
0 0.17339261285909713 0.2272313296903461 0.26299589603283174 0.2272313296903461 0.26299589603283174 0.02413479052823315 0.17339261285909713 0.02413479052823315 0.17339261285909713 0.2272313296903461
0 0.4370725034199726 0 0.4370725034199726 0.09836065573770492 0.5246238030095759 0.09836065573770492 0.5246238030095759 0 0.4370725034199726 0
0 0.45348837209302323 0.2185792349726776 0.554719562243502 0.2185792349726776 0.554719562243502 0.11202185792349727 0.45348837209302323 0.11202185792349727 0.45348837209302323 0.2185792349726776
0 0.493844049247606 0.1830601092896175 0.579343365253078 0.1830601092896175 0.579343365253078 0.06648451730418943 0.493844049247606 0.06648451730418943 0.493844049247606 0.1830601092896175
0 0.2441860465116279 0.2204007285974499 0.3454172366621067 0.2204007285974499 0.3454172366621067 0.10655737704918032 0.2441860465116279 0.10655737704918032 0.2441860465116279 0.2204007285974499
0 0.16484268125854992 0 0.16484268125854992 0.1092896174863388 0.2558139534883721 0.1092896174863388 0.2558139534883721 0 0.16484268125854992 0
0 0.24555403556771546 0 0.24555403556771546 0.05191256830601093 0.313953488372093 0.05191256830601093 0.313953488372093 0 0.24555403556771546 0