0 0.5364493996569468 0.34285714285714286 0.6093481989708405 0.34285714285714286 0.6093481989708405 0.18888888888888888 0.5364493996569468 0.18888888888888888 0.5364493996569468 0.34285714285714286
0 0.8812178387650086 0.9055555555555556 0.9584048027444254 0.9055555555555556 0.9584048027444254 0.7261904761904762 0.8812178387650086 0.7261904761904762 0.8812178387650086 0.9055555555555556
0 0.434819897084048 0.5650793650793651 0.5188679245283019 0.5650793650793651 0.5188679245283019 0.3904761904761905 0.434819897084048 0.3904761904761905 0.434819897084048 0.5650793650793651
0 0.06689536878216124 0.25952380952380955 0.14751286449399656 0.25952380952380955 0.14751286449399656 0.09126984126984126 0.06689536878216124 0.09126984126984126 0.06689536878216124 0.25952380952380955
0 0.5420240137221269 0.6055555555555555 0.6260720411663808 0.6055555555555555 0.6260720411663808 0.430952380952381 0.5420240137221269 0.430952380952381 0.5420240137221269 0.6055555555555555
0 0.7311320754716981 0.4158730158730159 0.8048885077186964 0.4158730158730159 0.8048885077186964 0.25873015873015875 0.7311320754716981 0.25873015873015875 0.7311320754716981 0.4158730158730159
0 0.6290737564322469 0.5650793650793651 0.7036878216123499 0.5650793650793651 0.7036878216123499 0.38571428571428573 0.6290737564322469 0.38571428571428573 0.6290737564322469 0.5650793650793651
0 0.6693825042881647 0.21349206349206348 0.7311320754716981 0.21349206349206348 0.7311320754716981 0.0626984126984127 0.6693825042881647 0.0626984126984127 0.6693825042881647 0.21349206349206348
0 0.09948542024013722 0.9055555555555556 0.18181818181818182 0.9055555555555556 0.18181818181818182 0.6928571428571428 0.09948542024013722 0.6928571428571428 0.09948542024013722 0.9055555555555556
0 0.3602058319039451 0.5015873015873016 0.4468267581475129 0.5015873015873016 0.4468267581475129 0.33015873015873015 0.3602058319039451 0.33015873015873015 0.3602058319039451 0.5015873015873016
0 0.7602915951972555 0.3142857142857143 0.8306174957118353 0.3142857142857143 0.8306174957118353 0.15555555555555556 0.7602915951972555 0.15555555555555556 0.7602915951972555 0.3142857142857143
0 0.3606346483704974 0.3261904761904762 0.43782161234991424 0.3261904761904762 0.43782161234991424 0.17063492063492064 0.3606346483704974 0.17063492063492064 0.3606346483704974 0.3261904761904762
0 0.5300171526586621 0 0.5300171526586621 0.12380952380952381 0.597770154373928 0.12380952380952381 0.597770154373928 0 0.5300171526586621 0
0 0.4339622641509434 0.38333333333333336 0.5154373927958834 0.38333333333333336 0.5154373927958834 0.2150793650793651 0.4339622641509434 0.2150793650793651 0.4339622641509434 0.38333333333333336
0 0.6976843910806175 0.6198412698412699 0.7714408233276158 0.6198412698412699 0.7714408233276158 0.45634920634920634 0.6976843910806175 0.45634920634920634 0.6976843910806175 0.6198412698412699
0 0.5956260720411664 0.16428571428571428 0.6719554030874786 0.16428571428571428 0.6719554030874786 0.016666666666666666 0.5956260720411664 0.016666666666666666 0.5956260720411664 0.16428571428571428
0 0.8048885077186964 0.7452380952380953 0.8846483704974271 0.7452380952380953 0.8846483704974271 0.5611111111111111 0.8048885077186964 0.5611111111111111 0.8048885077186964 0.7452380952380953
0 0.7697255574614065 0.5801587301587302 0.8391938250428816 0.5801587301587302 0.8391938250428816 0.396031746031746 0.7697255574614065 0.396031746031746 0.7697255574614065 0.5801587301587302
0 0.5343053173241853 0.8142857142857143 0.6217838765008576 0.8142857142857143 0.6217838765008576 0.6253968253968254 0.5343053173241853 0.6253968253968254 0.5343053173241853 0.8142857142857143
0 0.8756432246998285 0.696031746031746 0.9425385934819898 0.696031746031746 0.9425385934819898 0.5325396825396825 0.8756432246998285 0.5325396825396825 0.8756432246998285 0.696031746031746
0 0.8400514579759862 0.5476190476190477 0.9078044596912521 0.5476190476190477 0.9078044596912521 0.37936507936507935 0.8400514579759862 0.37936507936507935 0.8400514579759862 0.5476190476190477
0 0.1072041166380789 0.17142857142857143 0.17409948542024015 0.17142857142857143 0.17409948542024015 0.023809523809523808 0.1072041166380789 0.023809523809523808 0.1072041166380789 0.17142857142857143
0 0.6989708404802745 0 0.6989708404802745 0.12222222222222222 0.7547169811320755 0.12222222222222222 0.7547169811320755 0 0.6989708404802745 0
0 0.4652658662092624 0.2785714285714286 0.5390222984562607 0.2785714285714286 0.5390222984562607 0.1373015873015873 0.4652658662092624 0.1373015873015873 0.4652658662092624 0.2785714285714286
0 0.7229845626072041 1 0.7229845626072041 0.9015873015873016 0.6329331046312179 0.9015873015873016 0.6329331046312179 1 0.7229845626072041 1
0 0.8181818181818182 0.4126984126984127 0.8790737564322469 0.4126984126984127 0.8790737564322469 0.31746031746031744 0.8181818181818182 0.31746031746031744 0.8181818181818182 0.4126984126984127
0 0.9459691252144082 0.9992063492063492 0.9991423670668954 0.9992063492063492 0.9991423670668954 0.8912698412698413 0.9459691252144082 0.8912698412698413 0.9459691252144082 0.9992063492063492
0 0.24228130360205832 1 0.24228130360205832 0.9222222222222223 0.13936535162950256 0.9222222222222223 0.13936535162950256 1 0.24228130360205832 1
0 0.025728987993138937 0 0.025728987993138937 0.05714285714285714 0.09433962264150944 0.05714285714285714 0.09433962264150944 0 0.025728987993138937 0
0 0.6213550600343053 0 0.6213550600343053 0.06666666666666667 0.6865351629502573 0.06666666666666667 0.6865351629502573 0 0.6213550600343053 0
0 0.6376500857632933 1 0.6376500857632933 0.9619047619047619 0.5647512864493996 0.9619047619047619 0.5647512864493996 1 0.6376500857632933 1