0 0.16391304347826086 0.998876404494382 0.3517391304347826 0.998876404494382 0.3517391304347826 0.8337078651685393 0.16391304347826086 0.8337078651685393 0.16391304347826086 0.998876404494382
0 0.2417391304347826 0.547752808988764 0.3695652173913043 0.547752808988764 0.3695652173913043 0.3938202247191011 0.2417391304347826 0.3938202247191011 0.2417391304347826 0.547752808988764
0 0.8760869565217392 0.5730337078651685 0.9873913043478261 0.5730337078651685 0.9873913043478261 0.44719101123595506 0.8760869565217392 0.44719101123595506 0.8760869565217392 0.5730337078651685
0 0.8769565217391304 0.24662921348314606 0.9691304347826087 0.24662921348314606 0.9691304347826087 0.14775280898876406 0.8769565217391304 0.14775280898876406 0.8769565217391304 0.24662921348314606
0 0.7365217391304347 0.3404494382022472 0.8443478260869566 0.3404494382022472 0.8443478260869566 0.2258426966292135 0.7365217391304347 0.2258426966292135 0.7365217391304347 0.3404494382022472
0 0.7260869565217392 0.1662921348314607 0.82 0.1662921348314607 0.82 0.060674157303370786 0.7260869565217392 0.060674157303370786 0.7260869565217392 0.1662921348314607
0 0.8691304347826087 0.41460674157303373 0.9708695652173913 0.41460674157303373 0.9708695652173913 0.30337078651685395 0.8691304347826087 0.30337078651685395 0.8691304347826087 0.41460674157303373
0 0.14739130434782607 0.30786516853932583 0.2717391304347826 0.30786516853932583 0.2717391304347826 0.15168539325842698 0.14739130434782607 0.15168539325842698 0.14739130434782607 0.30786516853932583
0 0.050869565217391305 0.3398876404494382 0.18478260869565216 0.3398876404494382 0.18478260869565216 0.18932584269662922 0.050869565217391305 0.18932584269662922 0.050869565217391305 0.3398876404494382
0 0.07565217391304348 0.5129213483146068 0.19304347826086957 0.5129213483146068 0.19304347826086957 0.34101123595505617 0.07565217391304348 0.34101123595505617 0.07565217391304348 0.5129213483146068
0 0.8143478260869565 0.18651685393258427 0.8847826086956522 0.18651685393258427 0.8847826086956522 0.07528089887640449 0.8143478260869565 0.07528089887640449 0.8143478260869565 0.18651685393258427
0 0.961304347826087 0.47415730337078654 0.9995652173913043 0.47415730337078654 0.9995652173913043 0.36404494382022473 0.961304347826087 0.36404494382022473 0.961304347826087 0.47415730337078654
0 0.9178260869565218 0.36404494382022473 0.9986956521739131 0.36404494382022473 0.9986956521739131 0.26853932584269663 0.9178260869565218 0.26853932584269663 0.9178260869565218 0.36404494382022473
0 1 0.5320224719101123 0.9626086956521739 0.5320224719101123 0.9626086956521739 0.6410112359550562 1 0.6410112359550562 1 0.5320224719101123