0 0.5098627787307033 0.5142857142857142 0.5913379073756432 0.5142857142857142 0.5913379073756432 0.3396825396825397 0.5098627787307033 0.3396825396825397 0.5098627787307033 0.5142857142857142
0 0.4854202401372213 0.7198412698412698 0.5711835334476844 0.7198412698412698 0.5711835334476844 0.5436507936507936 0.4854202401372213 0.5436507936507936 0.4854202401372213 0.7198412698412698
0 0.19425385934819897 0.3738095238095238 0.2783018867924528 0.3738095238095238 0.2783018867924528 0.1976190476190476 0.19425385934819897 0.1976190476190476 0.19425385934819897 0.3738095238095238
0 0.0797598627787307 0.676984126984127 0.17409948542024015 0.676984126984127 0.17409948542024015 0.4880952380952381 0.0797598627787307 0.4880952380952381 0.0797598627787307 0.676984126984127
0 0.1951114922813036 0.6404761904761904 0.28602058319039453 0.6404761904761904 0.28602058319039453 0.44841269841269843 0.1951114922813036 0.44841269841269843 0.1951114922813036 0.6404761904761904
0 0.8486277873070326 0.9119047619047619 0.9292452830188679 0.9119047619047619 0.9292452830188679 0.7277777777777777 0.8486277873070326 0.7277777777777777 0.8486277873070326 0.9119047619047619
0 0.7114065180102916 0.25555555555555554 0.7680102915951973 0.25555555555555554 0.7680102915951973 0.1126984126984127 0.7114065180102916 0.1126984126984127 0.7114065180102916 0.25555555555555554
0 0.7928816466552315 0.5412698412698412 0.864065180102916 0.5412698412698412 0.864065180102916 0.38571428571428573 0.7928816466552315 0.38571428571428573 0.7928816466552315 0.5412698412698412
0 0.03216123499142367 0.2571428571428571 0.11106346483704975 0.2571428571428571 0.11106346483704975 0.09841269841269841 0.03216123499142367 0.09841269841269841 0.03216123499142367 0.2571428571428571
0 0.6826758147512865 0 0.6826758147512865 0.12063492063492064 0.7469982847341338 0.12063492063492064 0.7469982847341338 0 0.6826758147512865 0
0 0.6526586620926244 0.2785714285714286 0.7109777015437393 0.2785714285714286 0.7109777015437393 0.11190476190476191 0.6526586620926244 0.11190476190476191 0.6526586620926244 0.2785714285714286
0 0.8289022298456261 0.7142857142857143 0.9000857632933105 0.7142857142857143 0.9000857632933105 0.546031746031746 0.8289022298456261 0.546031746031746 0.8289022298456261 0.7142857142857143
0 0.09777015437392796 0 0.09777015437392796 0.09682539682539683 0.17238421955403088 0.09682539682539683 0.17238421955403088 0 0.09777015437392796 0
0 0.9309605488850772 0.926984126984127 0.9987135506003431 0.926984126984127 0.9987135506003431 0.7777777777777778 0.9309605488850772 0.7777777777777778 0.9309605488850772 0.926984126984127
0 0.6822469982847341 1 0.6822469982847341 0.9111111111111111 0.589622641509434 0.9111111111111111 0.589622641509434 1 0.6822469982847341 1
0 0.6209262435677531 0 0.6209262435677531 0.08253968253968254 0.6826758147512865 0.08253968253968254 0.6826758147512865 0 0.6209262435677531 0
0 0.01843910806174957 0 0.01843910806174957 0.1111111111111111 0.09133790737564322 0.1111111111111111 0.09133790737564322 0 0.01843910806174957 0
0 0.7975986277873071 0 0.7975986277873071 0.07301587301587302 0.855917667238422 0.07301587301587302 0.855917667238422 0 0.7975986277873071 0
0 0.8889365351629502 0.6666666666666666 0.9524013722126929 0.6666666666666666 0.9524013722126929 0.5142857142857142 0.8889365351629502 0.5142857142857142 0.8889365351629502 0.6666666666666666
0 0.9288164665523156 0.21349206349206348 0.9802744425385935 0.21349206349206348 0.9802744425385935 0.0880952380952381 0.9288164665523156 0.0880952380952381 0.9288164665523156 0.21349206349206348
0 0.9854202401372213 1 0.9854202401372213 0.9079365079365079 0.9056603773584906 0.9079365079365079 0.9056603773584906 1 0.9854202401372213 1
0 0.8619210977701544 0.048412698412698414 0.9065180102915952 0.048412698412698414 0.9065180102915952 0.0007936507936507937 0.8619210977701544 0.0007936507936507937 0.8619210977701544 0.048412698412698414
0 0.5626072041166381 0 0.5626072041166381 0.03492063492063492 0.6217838765008576 0.03492063492063492 0.6217838765008576 0 0.5626072041166381 0
0 0.991852487135506 0.36904761904761907 0.9995711835334476 0.36904761904761907 0.9995711835334476 0.2563492063492063 0.991852487135506 0.2563492063492063 0.991852487135506 0.36904761904761907
0 0.6938250428816467 0.9992063492063492 0.7572898799313894 0.9992063492063492 0.7572898799313894 0.9722222222222222 0.6938250428816467 0.9722222222222222 0.6938250428816467 0.9992063492063492