0 0.6286407766990292 0.6293969849246231 0.7160194174757282 0.6293969849246231 0.7160194174757282 0.4962311557788945 0.6286407766990292 0.4962311557788945 0.6286407766990292 0.6293969849246231
0 0.7317961165048543 0.1922110552763819 0.8118932038834952 0.1922110552763819 0.8118932038834952 0.09170854271356783 0.7317961165048543 0.09170854271356783 0.7317961165048543 0.1922110552763819
0 0.3483009708737864 0.30025125628140703 0.4356796116504854 0.30025125628140703 0.4356796116504854 0.2022613065326633 0.3483009708737864 0.2022613065326633 0.3483009708737864 0.30025125628140703
0 0.2220873786407767 0.20979899497487436 0.3070388349514563 0.20979899497487436 0.3070388349514563 0.11180904522613065 0.2220873786407767 0.11180904522613065 0.2220873786407767 0.20979899497487436
0 0.12135922330097088 0.6934673366834171 0.20631067961165048 0.6934673366834171 0.20631067961165048 0.5753768844221105 0.12135922330097088 0.5753768844221105 0.12135922330097088 0.6934673366834171
0 0.35072815533980584 0.20728643216080403 0.4162621359223301 0.20728643216080403 0.4162621359223301 0.12939698492462312 0.35072815533980584 0.12939698492462312 0.35072815533980584 0.20728643216080403
0 0.7645631067961165 0.8932160804020101 0.8470873786407767 0.8932160804020101 0.8470873786407767 0.7801507537688442 0.7645631067961165 0.7801507537688442 0.7645631067961165 0.8932160804020101
0 0.13349514563106796 0.5829145728643216 0.21601941747572814 0.5829145728643216 0.21601941747572814 0.49246231155778897 0.13349514563106796 0.49246231155778897 0.13349514563106796 0.5829145728643216
0 0.11893203883495146 0.2135678391959799 0.1941747572815534 0.2135678391959799 0.1941747572815534 0.13316582914572864 0.11893203883495146 0.13316582914572864 0.11893203883495146 0.2135678391959799
0 0.9745145631067961 0.16959798994974876 0.9987864077669902 0.16959798994974876 0.9987864077669902 0.07914572864321608 0.9745145631067961 0.07914572864321608 0.9745145631067961 0.16959798994974876
0 0.1395631067961165 0.3128140703517588 0.21237864077669902 0.3128140703517588 0.21237864077669902 0.20477386934673367 0.1395631067961165 0.20477386934673367 0.1395631067961165 0.3128140703517588
0 0.1395631067961165 0.31155778894472363 0.21480582524271843 0.31155778894472363 0.21480582524271843 0.15829145728643215 0.1395631067961165 0.15829145728643215 0.1395631067961165 0.31155778894472363