0 0.3280445969125214 0.2722222222222222 0.41037735849056606 0.2722222222222222 0.41037735849056606 0.10396825396825397 0.3280445969125214 0.10396825396825397 0.3280445969125214 0.2722222222222222
0 0.054030874785591765 0.5246031746031746 0.13636363636363635 0.5246031746031746 0.13636363636363635 0.3277777777777778 0.054030874785591765 0.3277777777777778 0.054030874785591765 0.5246031746031746
0 0.03516295025728988 0.2015873015873016 0.1183533447684391 0.2015873015873016 0.1183533447684391 0.0380952380952381 0.03516295025728988 0.0380952380952381 0.03516295025728988 0.2015873015873016
0 0.741852487135506 0.42698412698412697 0.8207547169811321 0.42698412698412697 0.8207547169811321 0.2571428571428571 0.741852487135506 0.2571428571428571 0.741852487135506 0.42698412698412697
0 0.7212692967409948 0.1984126984126984 0.7847341337907375 0.1984126984126984 0.7847341337907375 0.047619047619047616 0.7212692967409948 0.047619047619047616 0.7212692967409948 0.1984126984126984
0 0.7753001715265866 0.5817460317460318 0.8499142367066895 0.5817460317460318 0.8499142367066895 0.4246031746031746 0.7753001715265866 0.4246031746031746 0.7753001715265866 0.5817460317460318
0 0.8512006861063465 0.5341269841269841 0.9155231560891939 0.5341269841269841 0.9155231560891939 0.37222222222222223 0.8512006861063465 0.37222222222222223 0.8512006861063465 0.5341269841269841
0 0.6449399656946827 0.30952380952380953 0.7169811320754716 0.30952380952380953 0.7169811320754716 0.15873015873015872 0.6449399656946827 0.15873015873015872 0.6449399656946827 0.30952380952380953
0 0.6042024013722127 0.17539682539682538 0.6728130360205832 0.17539682539682538 0.6728130360205832 0.029365079365079365 0.6042024013722127 0.029365079365079365 0.6042024013722127 0.17539682539682538
0 0.8790737564322469 0.9214285714285714 0.9554030874785592 0.9214285714285714 0.9554030874785592 0.7515873015873016 0.8790737564322469 0.7515873015873016 0.8790737564322469 0.9214285714285714
0 0.9403945111492281 0.8626984126984127 0.9995711835334476 0.8626984126984127 0.9995711835334476 0.6817460317460318 0.9403945111492281 0.6817460317460318 0.9403945111492281 0.8626984126984127
0 0.8700686106346484 0.7142857142857143 0.9361063464837049 0.7142857142857143 0.9361063464837049 0.5507936507936508 0.8700686106346484 0.5507936507936508 0.8700686106346484 0.7142857142857143
0 0.7598627787307033 0.28809523809523807 0.8267581475128645 0.28809523809523807 0.8267581475128645 0.18492063492063493 0.7598627787307033 0.18492063492063493 0.7598627787307033 0.28809523809523807
0 0.6852487135506004 0 0.6852487135506004 0.07777777777777778 0.7435677530017153 0.07777777777777778 0.7435677530017153 0 0.6852487135506004 0
0 0.9566895368782161 0.9992063492063492 0.9995711835334476 0.9992063492063492 0.9995711835334476 0.8944444444444445 0.9566895368782161 0.8944444444444445 0.9566895368782161 0.9992063492063492
0 0.6616638078902229 0.18253968253968253 0.7199828473413379 0.18253968253968253 0.7199828473413379 0.09206349206349207 0.6616638078902229 0.09206349206349207 0.6616638078902229 0.18253968253968253
0 0.35548885077186965 0 0.35548885077186965 0.05238095238095238 0.41723842195540306 0.05238095238095238 0.41723842195540306 0 0.35548885077186965 0
0 0.8400514579759862 0.7484126984126984 0.8795025728987993 0.7484126984126984 0.8795025728987993 0.6674603174603174 0.8400514579759862 0.6674603174603174 0.8400514579759862 0.7484126984126984
0 0.9000857632933105 0.9992063492063492 0.9575471698113207 0.9992063492063492 0.9575471698113207 0.969047619047619 0.9000857632933105 0.969047619047619 0.9000857632933105 0.9992063492063492
0 0.6054888507718696 0 0.6054888507718696 0.02857142857142857 0.6655231560891939 0.02857142857142857 0.6655231560891939 0 0.6054888507718696 0