0 0.1707920792079208 0.5480225988700564 0.2722772277227723 0.5480225988700564 0.2722772277227723 0.4576271186440678 0.1707920792079208 0.4576271186440678 0.1707920792079208 0.5480225988700564
0 0.349009900990099 0.4548022598870056 0.4430693069306931 0.4548022598870056 0.4430693069306931 0.3587570621468927 0.349009900990099 0.3587570621468927 0.349009900990099 0.4548022598870056
0 0.46410891089108913 0.7401129943502824 0.5556930693069307 0.7401129943502824 0.5556930693069307 0.632768361581921 0.46410891089108913 0.632768361581921 0.46410891089108913 0.7401129943502824
0 0.5606435643564357 0.7274011299435028 0.6547029702970297 0.7274011299435028 0.6547029702970297 0.6059322033898306 0.5606435643564357 0.6059322033898306 0.5606435643564357 0.7274011299435028
0 0.6707920792079208 0.6398305084745762 0.7698019801980198 0.6398305084745762 0.7698019801980198 0.538135593220339 0.6707920792079208 0.538135593220339 0.6707920792079208 0.6398305084745762
0 0.8836633663366337 0.3474576271186441 0.9653465346534653 0.3474576271186441 0.9653465346534653 0.24293785310734464 0.8836633663366337 0.24293785310734464 0.8836633663366337 0.3474576271186441
0 0.8118811881188119 0.3149717514124294 0.8985148514851485 0.3149717514124294 0.8985148514851485 0.2189265536723164 0.8118811881188119 0.2189265536723164 0.8118811881188119 0.3149717514124294
0 0.02103960396039604 0.7443502824858758 0.10767326732673267 0.7443502824858758 0.10767326732673267 0.653954802259887 0.02103960396039604 0.653954802259887 0.02103960396039604 0.7443502824858758
0 0.7462871287128713 0.4533898305084746 0.8502475247524752 0.4533898305084746 0.8502475247524752 0.3714689265536723 0.7462871287128713 0.3714689265536723 0.7462871287128713 0.4533898305084746
0 0.7524752475247525 0.5423728813559322 0.8564356435643564 0.5423728813559322 0.8564356435643564 0.4491525423728814 0.7524752475247525 0.4491525423728814 0.7524752475247525 0.5423728813559322
0 0.7784653465346535 0.0903954802259887 0.8725247524752475 0.0903954802259887 0.8725247524752475 0.011299435028248588 0.7784653465346535 0.011299435028248588 0.7784653465346535 0.0903954802259887
0 1 0.16242937853107345 0.9504950495049505 0.16242937853107345 0.9504950495049505 0.2612994350282486 1 0.2612994350282486 1 0.16242937853107345
0 0.6460396039603961 0 0.6460396039603961 0.03389830508474576 0.7103960396039604 0.03389830508474576 0.7103960396039604 0 0.6460396039603961 0
0 1 0.03389830508474576 0.9826732673267327 0.03389830508474576 0.9826732673267327 0.1016949152542373 1 0.1016949152542373 1 0.03389830508474576
0 0.2202970297029703 0.9957627118644068 0.29455445544554454 0.9957627118644068 0.29455445544554454 0.9759887005649718 0.2202970297029703 0.9759887005649718 0.2202970297029703 0.9957627118644068
0 0.7710396039603961 0 0.7710396039603961 0.022598870056497175 0.8502475247524752 0.022598870056497175 0.8502475247524752 0 0.7710396039603961 0