0 0.07644628099173553 0.51440329218107 0.15495867768595042 0.51440329218107 0.15495867768595042 0.4012345679012346 0.07644628099173553 0.4012345679012346 0.07644628099173553 0.51440329218107
0 0.7527548209366391 0.8950617283950617 0.8808539944903582 0.8950617283950617 0.8808539944903582 0.7407407407407407 0.7527548209366391 0.7407407407407407 0.7527548209366391 0.8950617283950617
0 0.6033057851239669 0.9979423868312757 0.7052341597796143 0.9979423868312757 0.7052341597796143 0.8395061728395061 0.6033057851239669 0.8395061728395061 0.6033057851239669 0.9979423868312757
0 0.1384297520661157 0.411522633744856 0.20316804407713498 0.411522633744856 0.20316804407713498 0.30246913580246915 0.1384297520661157 0.30246913580246915 0.1384297520661157 0.411522633744856
0 0.1590909090909091 0.49794238683127573 0.23209366391184574 0.49794238683127573 0.23209366391184574 0.3888888888888889 0.1590909090909091 0.3888888888888889 0.1590909090909091 0.49794238683127573
0 0.9318181818181818 0.4783950617283951 0.9993112947658402 0.4783950617283951 0.9993112947658402 0.3508230452674897 0.9318181818181818 0.3508230452674897 0.9318181818181818 0.4783950617283951
0 0.45661157024793386 0.22325102880658437 0.5296143250688705 0.22325102880658437 0.5296143250688705 0.1183127572016461 0.45661157024793386 0.1183127572016461 0.45661157024793386 0.22325102880658437
0 0.2706611570247934 0.36728395061728397 0.3450413223140496 0.36728395061728397 0.3450413223140496 0.2602880658436214 0.2706611570247934 0.2602880658436214 0.2706611570247934 0.36728395061728397
0 0.5213498622589532 0.1440329218106996 0.5915977961432507 0.1440329218106996 0.5915977961432507 0.0411522633744856 0.5213498622589532 0.0411522633744856 0.5213498622589532 0.1440329218106996
0 0.3925619834710744 0.3096707818930041 0.47107438016528924 0.3096707818930041 0.47107438016528924 0.2006172839506173 0.3925619834710744 0.2006172839506173 0.3925619834710744 0.3096707818930041
0 0.6825068870523416 0.9979423868312757 0.7899449035812672 0.9979423868312757 0.7899449035812672 0.8888888888888888 0.6825068870523416 0.8888888888888888 0.6825068870523416 0.9979423868312757
0 0.2940771349862259 0.09979423868312758 0.34917355371900827 0.09979423868312758 0.34917355371900827 0.01748971193415638 0.2940771349862259 0.01748971193415638 0.2940771349862259 0.09979423868312758
0 0.38980716253443526 0.12242798353909465 0.4573002754820937 0.12242798353909465 0.4573002754820937 0.046296296296296294 0.38980716253443526 0.046296296296296294 0.38980716253443526 0.12242798353909465
0 0.33539944903581265 0.27983539094650206 0.4056473829201102 0.27983539094650206 0.4056473829201102 0.17695473251028807 0.33539944903581265 0.17695473251028807 0.33539944903581265 0.27983539094650206
0 0.01721763085399449 0.5925925925925926 0.09297520661157024 0.5925925925925926 0.09297520661157024 0.5082304526748971 0.01721763085399449 0.5082304526748971 0.01721763085399449 0.5925925925925926
0 0.21694214876033058 0.15534979423868311 0.27203856749311295 0.15534979423868311 0.27203856749311295 0.06893004115226338 0.21694214876033058 0.06893004115226338 0.21694214876033058 0.15534979423868311
0 0.18526170798898073 0.25205761316872427 0.24862258953168045 0.25205761316872427 0.24862258953168045 0.15329218106995884 0.18526170798898073 0.15329218106995884 0.18526170798898073 0.25205761316872427
0 0.22796143250688705 0.2602880658436214 0.29132231404958675 0.2602880658436214 0.29132231404958675 0.17386831275720166 0.22796143250688705 0.17386831275720166 0.22796143250688705 0.2602880658436214
0 0.325068870523416 0.2037037037037037 0.4035812672176309 0.2037037037037037 0.4035812672176309 0.11522633744855967 0.325068870523416 0.11522633744855967 0.325068870523416 0.2037037037037037
0 0.2231404958677686 0.3374485596707819 0.2809917355371901 0.3374485596707819 0.2809917355371901 0.2448559670781893 0.2231404958677686 0.2448559670781893 0.2231404958677686 0.3374485596707819
0 0.40633608815426997 0.19650205761316872 0.45867768595041325 0.19650205761316872 0.45867768595041325 0.10802469135802469 0.40633608815426997 0.10802469135802469 0.40633608815426997 0.19650205761316872
0 0.45661157024793386 0 0.45661157024793386 0.053497942386831275 0.5296143250688705 0.053497942386831275 0.5296143250688705 0 0.45661157024793386 0
0 0.46143250688705234 0.1183127572016461 0.5234159779614325 0.1183127572016461 0.5234159779614325 0.0360082304526749 0.46143250688705234 0.0360082304526749 0.46143250688705234 0.1183127572016461
0 0.3278236914600551 0.1368312757201646 0.3925619834710744 0.1368312757201646 0.3925619834710744 0.07304526748971193 0.3278236914600551 0.07304526748971193 0.3278236914600551 0.1368312757201646
0 0.02066115702479339 0.6388888888888888 0.09228650137741047 0.6388888888888888 0.09228650137741047 0.5751028806584362 0.02066115702479339 0.5751028806584362 0.02066115702479339 0.6388888888888888