0 0.47427101200686106 0.326984126984127 0.5463121783876501 0.326984126984127 0.5463121783876501 0.16507936507936508 0.47427101200686106 0.16507936507936508 0.47427101200686106 0.326984126984127
0 0.30060034305317324 0.7706349206349207 0.39236706689536877 0.7706349206349207 0.39236706689536877 0.5880952380952381 0.30060034305317324 0.5880952380952381 0.30060034305317324 0.7706349206349207
0 0.5445969125214408 0.46746031746031746 0.6217838765008576 0.46746031746031746 0.6217838765008576 0.2992063492063492 0.5445969125214408 0.2992063492063492 0.5445969125214408 0.46746031746031746
0 0.13936535162950256 0.8373015873015873 0.2388507718696398 0.8373015873015873 0.2388507718696398 0.6325396825396825 0.13936535162950256 0.6325396825396825 0.13936535162950256 0.8373015873015873
0 0.4018010291595197 0.44285714285714284 0.49013722126929676 0.44285714285714284 0.49013722126929676 0.2634920634920635 0.4018010291595197 0.2634920634920635 0.4018010291595197 0.44285714285714284
0 0.6869639794168096 0.4880952380952381 0.7590051457975986 0.4880952380952381 0.7590051457975986 0.3198412698412698 0.6869639794168096 0.3198412698412698 0.6869639794168096 0.4880952380952381
0 0.5681818181818182 0.973015873015873 0.6633790737564322 0.973015873015873 0.6633790737564322 0.780952380952381 0.5681818181818182 0.780952380952381 0.5681818181818182 0.973015873015873
0 0.6882504288164666 0.7801587301587302 0.7714408233276158 0.7801587301587302 0.7714408233276158 0.5944444444444444 0.6882504288164666 0.5944444444444444 0.6882504288164666 0.7801587301587302
0 0.7641509433962265 0.8404761904761905 0.8430531732418525 0.8404761904761905 0.8430531732418525 0.6484126984126984 0.7641509433962265 0.6484126984126984 0.7641509433962265 0.8404761904761905
0 0.09005145797598628 0.2920634920634921 0.16981132075471697 0.2920634920634921 0.16981132075471697 0.12698412698412698 0.09005145797598628 0.12698412698412698 0.09005145797598628 0.2920634920634921
0 0.6312178387650086 0.3484126984126984 0.6981132075471698 0.3484126984126984 0.6981132075471698 0.18968253968253967 0.6312178387650086 0.18968253968253967 0.6312178387650086 0.3484126984126984
0 0.8353344768439108 0.4873015873015873 0.8953687821612349 0.4873015873015873 0.8953687821612349 0.3238095238095238 0.8353344768439108 0.3238095238095238 0.8353344768439108 0.4873015873015873
0 0.48670668953687823 0.9023809523809524 0.5767581475128645 0.9023809523809524 0.5767581475128645 0.7055555555555556 0.48670668953687823 0.7055555555555556 0.48670668953687823 0.9023809523809524
0 0.6380789022298456 0.18571428571428572 0.7049742710120068 0.18571428571428572 0.7049742710120068 0.05238095238095238 0.6380789022298456 0.05238095238095238 0.6380789022298456 0.18571428571428572
0 0.6989708404802745 0.3142857142857143 0.7667238421955404 0.3142857142857143 0.7667238421955404 0.15714285714285714 0.6989708404802745 0.15714285714285714 0.6989708404802745 0.3142857142857143
0 0.7551457975986278 0.44761904761904764 0.8211835334476844 0.44761904761904764 0.8211835334476844 0.2984126984126984 0.7551457975986278 0.2984126984126984 0.7551457975986278 0.44761904761904764
0 0.8953687821612349 0.8444444444444444 0.9596912521440824 0.8444444444444444 0.9596912521440824 0.6777777777777778 0.8953687821612349 0.6777777777777778 0.8953687821612349 0.8444444444444444
0 0.8006003430531733 0.9992063492063492 0.8872212692967409 0.9992063492063492 0.8872212692967409 0.8484126984126984 0.8006003430531733 0.8484126984126984 0.8006003430531733 0.9992063492063492
0 0.8576329331046312 0.653968253968254 0.9305317324185248 0.653968253968254 0.9305317324185248 0.4936507936507937 0.8576329331046312 0.4936507936507937 0.8576329331046312 0.653968253968254
0 0.04373927958833619 0.3880952380952381 0.11663807890222985 0.3880952380952381 0.11663807890222985 0.19603174603174603 0.04373927958833619 0.19603174603174603 0.04373927958833619 0.3880952380952381
0 0.6985420240137221 0.15158730158730158 0.7611492281303602 0.15158730158730158 0.7611492281303602 0.010317460317460317 0.6985420240137221 0.010317460317460317 0.6985420240137221 0.15158730158730158
0 0.7675814751286449 0.33095238095238094 0.8259005145797599 0.33095238095238094 0.8259005145797599 0.176984126984127 0.7675814751286449 0.176984126984127 0.7675814751286449 0.33095238095238094
0 0.7868782161234992 0.5746031746031746 0.8623499142367067 0.5746031746031746 0.8623499142367067 0.44761904761904764 0.7868782161234992 0.44761904761904764 0.7868782161234992 0.5746031746031746
0 0.8361921097770154 0.876984126984127 0.8996569468267581 0.876984126984127 0.8996569468267581 0.7293650793650793 0.8361921097770154 0.7293650793650793 0.8361921097770154 0.876984126984127
0 0.9558319039451115 0.8531746031746031 0.9995711835334476 0.8531746031746031 0.9995711835334476 0.7198412698412698 0.9558319039451115 0.7198412698412698 0.9558319039451115 0.8531746031746031
0 0.9472555746140652 0.9968253968253968 0.9995711835334476 0.9968253968253968 0.9995711835334476 0.8428571428571429 0.9472555746140652 0.8428571428571429 0.9472555746140652 0.9968253968253968
0 0.7787307032590052 0.6730158730158731 0.8507718696397941 0.6730158730158731 0.8507718696397941 0.5587301587301587 0.7787307032590052 0.5587301587301587 0.7787307032590052 0.6730158730158731
0 0.6397941680960549 0 0.6397941680960549 0.049206349206349205 0.6981132075471698 0.049206349206349205 0.6981132075471698 0 0.6397941680960549 0
0 0.62778730703259 0.9992063492063492 0.6946826758147513 0.9992063492063492 0.6946826758147513 0.9642857142857143 0.62778730703259 0.9642857142857143 0.62778730703259 0.9992063492063492