0 0.10463121783876501 0.9142857142857143 0.20497427101200685 0.9142857142857143 0.20497427101200685 0.7126984126984127 0.10463121783876501 0.7126984126984127 0.10463121783876501 0.9142857142857143
0 0.1179245283018868 0.25317460317460316 0.19425385934819897 0.25317460317460316 0.19425385934819897 0.08174603174603175 0.1179245283018868 0.08174603174603175 0.1179245283018868 0.25317460317460316
0 0.18310463121783876 0.6746031746031746 0.27401372212692965 0.6746031746031746 0.27401372212692965 0.4793650793650794 0.18310463121783876 0.4793650793650794 0.18310463121783876 0.6746031746031746
0 0.7071183533447685 0.13333333333333333 0.7697255574614065 0.13333333333333333 0.7697255574614065 0.0015873015873015873 0.7071183533447685 0.0015873015873015873 0.7071183533447685 0.13333333333333333
0 0.08319039451114923 0.7095238095238096 0.1758147512864494 0.7095238095238096 0.1758147512864494 0.5238095238095238 0.08319039451114923 0.5238095238095238 0.08319039451114923 0.7095238095238096
0 0.7195540308747856 0.5214285714285715 0.7924528301886793 0.5214285714285715 0.7924528301886793 0.3674603174603175 0.7195540308747856 0.3674603174603175 0.7195540308747856 0.5214285714285715
0 0.8211835334476844 0.45396825396825397 0.8880789022298456 0.45396825396825397 0.8880789022298456 0.30793650793650795 0.8211835334476844 0.30793650793650795 0.8211835334476844 0.45396825396825397
0 0.9048027444253859 0.3246031746031746 0.9622641509433962 0.3246031746031746 0.9622641509433962 0.18968253968253967 0.9048027444253859 0.18968253968253967 0.9048027444253859 0.3246031746031746
0 0.7881646655231561 0.573015873015873 0.8550600343053173 0.573015873015873 0.8550600343053173 0.4222222222222222 0.7881646655231561 0.4222222222222222 0.7881646655231561 0.573015873015873
0 0.03516295025728988 0.2714285714285714 0.11492281303602059 0.2714285714285714 0.11492281303602059 0.10952380952380952 0.03516295025728988 0.10952380952380952 0.03516295025728988 0.2714285714285714
0 0.8327615780445969 0.8428571428571429 0.902229845626072 0.8428571428571429 0.902229845626072 0.6492063492063492 0.8327615780445969 0.6492063492063492 0.8327615780445969 0.8428571428571429
0 0.41509433962264153 1 0.41509433962264153 0.8555555555555555 0.3130360205831904 0.8555555555555555 0.3130360205831904 1 0.41509433962264153 1
0 0.7409948542024014 0.4 0.8104631217838765 0.4 0.8104631217838765 0.26031746031746034 0.7409948542024014 0.26031746031746034 0.7409948542024014 0.4
0 0.8473413379073756 0.13412698412698412 0.9030874785591767 0.13412698412698412 0.9030874785591767 0.007142857142857143 0.8473413379073756 0.007142857142857143 0.8473413379073756 0.13412698412698412
0 0.8966552315608919 0.796031746031746 0.95926243567753 0.796031746031746 0.95926243567753 0.6341269841269841 0.8966552315608919 0.6341269841269841 0.8966552315608919 0.796031746031746
0 0.7924528301886793 0 0.7924528301886793 0.09682539682539683 0.8499142367066895 0.09682539682539683 0.8499142367066895 0 0.7924528301886793 0
0 0.01758147512864494 0.12936507936507938 0.09133790737564322 0.12936507936507938 0.09133790737564322 0.0007936507936507937 0.01758147512864494 0.0007936507936507937 0.01758147512864494 0.12936507936507938
0 0.8576329331046312 0.6111111111111112 0.9262435677530018 0.6111111111111112 0.9262435677530018 0.4492063492063492 0.8576329331046312 0.4492063492063492 0.8576329331046312 0.6111111111111112
0 0.9712692967409948 0.515079365079365 0.9995711835334476 0.515079365079365 0.9995711835334476 0.3547619047619048 0.9712692967409948 0.3547619047619048 0.9712692967409948 0.515079365079365