0 0.9112349914236707 0.969047619047619 0.9935677530017153 0.969047619047619 0.9935677530017153 0.7912698412698412 0.9112349914236707 0.7912698412698412 0.9112349914236707 0.969047619047619
0 0.6024871355060034 0.9952380952380953 0.6916809605488851 0.9952380952380953 0.6916809605488851 0.7857142857142857 0.6024871355060034 0.7857142857142857 0.6024871355060034 0.9952380952380953
0 0.5055746140651801 0.7103174603174603 0.5930531732418525 0.7103174603174603 0.5930531732418525 0.5214285714285715 0.5055746140651801 0.5214285714285715 0.5055746140651801 0.7103174603174603
0 0.5128644939965694 0.26031746031746034 0.5840480274442539 0.26031746031746034 0.5840480274442539 0.1111111111111111 0.5128644939965694 0.1111111111111111 0.5128644939965694 0.26031746031746034
0 0.5167238421955404 0.5103174603174603 0.5981989708404802 0.5103174603174603 0.5981989708404802 0.3404761904761905 0.5167238421955404 0.3404761904761905 0.5167238421955404 0.5103174603174603
0 0.41080617495711835 0.46746031746031746 0.49313893653516294 0.46746031746031746 0.49313893653516294 0.3007936507936508 0.41080617495711835 0.3007936507936508 0.41080617495711835 0.46746031746031746
0 0.11663807890222985 0.9888888888888889 0.2221269296740995 0.9888888888888889 0.2221269296740995 0.7888888888888889 0.11663807890222985 0.7888888888888889 0.11663807890222985 0.9888888888888889
0 0.6007718696397941 0.4738095238095238 0.6753859348198971 0.4738095238095238 0.6753859348198971 0.2976190476190476 0.6007718696397941 0.2976190476190476 0.6007718696397941 0.4738095238095238
0 0.05660377358490566 0.17777777777777778 0.13550600343053174 0.17777777777777778 0.13550600343053174 0.014285714285714285 0.05660377358490566 0.014285714285714285 0.05660377358490566 0.17777777777777778
0 0.6127787307032591 1 0.6127787307032591 0.8396825396825397 0.5141509433962265 0.8396825396825397 0.5141509433962265 1 0.6127787307032591 1
0 0.7392795883361921 0.4880952380952381 0.8087478559176673 0.4880952380952381 0.8087478559176673 0.3119047619047619 0.7392795883361921 0.3119047619047619 0.7392795883361921 0.4880952380952381
0 0.34133790737564323 0.2388888888888889 0.4159519725557461 0.2388888888888889 0.4159519725557461 0.09126984126984126 0.34133790737564323 0.09126984126984126 0.34133790737564323 0.2388888888888889
0 0.66852487135506 0.526984126984127 0.7414236706689536 0.526984126984127 0.7414236706689536 0.36666666666666664 0.66852487135506 0.36666666666666664 0.66852487135506 0.526984126984127
0 0.33962264150943394 0.403968253968254 0.4228130360205832 0.403968253968254 0.4228130360205832 0.24206349206349206 0.33962264150943394 0.24206349206349206 0.33962264150943394 0.403968253968254
0 0.7041166380789022 0.3333333333333333 0.7753001715265866 0.3333333333333333 0.7753001715265866 0.17936507936507937 0.7041166380789022 0.17936507936507937 0.7041166380789022 0.3333333333333333
0 0.6436535162950258 0 0.6436535162950258 0.13968253968253969 0.7045454545454546 0.13968253968253969 0.7045454545454546 0 0.6436535162950258 0
0 0.41123499142367065 0.29365079365079366 0.491852487135506 0.29365079365079366 0.491852487135506 0.1349206349206349 0.41123499142367065 0.1349206349206349 0.41123499142367065 0.29365079365079366
0 0.08533447684391081 0.7817460317460317 0.16337907375643224 0.7817460317460317 0.16337907375643224 0.5769841269841269 0.08533447684391081 0.5769841269841269 0.08533447684391081 0.7817460317460317
0 0.7727272727272727 0.65 0.8499142367066895 0.65 0.8499142367066895 0.46904761904761905 0.7727272727272727 0.46904761904761905 0.7727272727272727 0.65
0 0.7341337907375644 0.2388888888888889 0.8018867924528302 0.2388888888888889 0.8018867924528302 0.08333333333333333 0.7341337907375644 0.08333333333333333 0.7341337907375644 0.2388888888888889
0 0.8486277873070326 0.8063492063492064 0.9258147512864494 0.8063492063492064 0.9258147512864494 0.6285714285714286 0.8486277873070326 0.6285714285714286 0.8486277873070326 0.8063492063492064
0 0.8443396226415094 0.6023809523809524 0.9095197255574614 0.6023809523809524 0.9095197255574614 0.4452380952380952 0.8443396226415094 0.4452380952380952 0.8443396226415094 0.6023809523809524
0 0.8091766723842195 0.4666666666666667 0.8760720411663808 0.4666666666666667 0.8760720411663808 0.29523809523809524 0.8091766723842195 0.29523809523809524 0.8091766723842195 0.4666666666666667
0 0.5716123499142367 0 0.5716123499142367 0.09206349206349207 0.6462264150943396 0.09206349206349207 0.6462264150943396 0 0.5716123499142367 0
0 0.4421097770154374 0.2 0.5141509433962265 0.2 0.5141509433962265 0.06190476190476191 0.4421097770154374 0.06190476190476191 0.4421097770154374 0.2
0 0.7903087478559176 0.32936507936507936 0.8494854202401372 0.32936507936507936 0.8494854202401372 0.24047619047619048 0.7903087478559176 0.24047619047619048 0.7903087478559176 0.32936507936507936
0 0.09562607204116638 0 0.09562607204116638 0.09523809523809523 0.16080617495711835 0.09523809523809523 0.16080617495711835 0 0.09562607204116638 0
0 0.5077186963979416 0 0.5077186963979416 0.05396825396825397 0.5694682675814752 0.05396825396825397 0.5694682675814752 0 0.5077186963979416 0
0 0.6856775300171527 0 0.6856775300171527 0.05714285714285714 0.7277015437392796 0.05714285714285714 0.7277015437392796 0 0.6856775300171527 0