0 0.8526086956521739 0.4140449438202247 0.9595652173913043 0.4140449438202247 0.9595652173913043 0.29606741573033707 0.8526086956521739 0.29606741573033707 0.8526086956521739 0.4140449438202247
0 1 0.41235955056179774 0.9 0.41235955056179774 0.9 0.5247191011235955 1 0.5247191011235955 1 0.41235955056179774
0 0.02826086956521739 0 0.02826086956521739 0.09887640449438202 0.1482608695652174 0.09887640449438202 0.1482608695652174 0 0.02826086956521739 0
0 0.768695652173913 0.21741573033707864 0.8626086956521739 0.21741573033707864 0.8626086956521739 0.11629213483146067 0.768695652173913 0.11629213483146067 0.768695652173913 0.21741573033707864
0 0.8686956521739131 0.20449438202247192 0.9356521739130435 0.20449438202247192 0.9356521739130435 0.09101123595505618 0.8686956521739131 0.09101123595505618 0.8686956521739131 0.20449438202247192
0 0.6765217391304348 0 0.6765217391304348 0.07977528089887641 0.7539130434782608 0.07977528089887641 0.7539130434782608 0 0.6765217391304348 0
0 0.7534782608695653 0.10337078651685393 0.8343478260869566 0.10337078651685393 0.8343478260869566 0.008988764044943821 0.7534782608695653 0.008988764044943821 0.7534782608695653 0.10337078651685393
0 0.9621739130434782 0.7696629213483146 0.9995652173913043 0.7696629213483146 0.9995652173913043 0.6528089887640449 0.9621739130434782 0.6528089887640449 0.9621739130434782 0.7696629213483146
0 0.9421739130434783 0.3578651685393258 0.9995652173913043 0.3578651685393258 0.9995652173913043 0.2803370786516854 0.9421739130434783 0.2803370786516854 0.9421739130434783 0.3578651685393258
0 0.9508695652173913 0.43426966292134833 0.9995652173913043 0.43426966292134833 0.9995652173913043 0.34775280898876404 0.9508695652173913 0.34775280898876404 0.9508695652173913 0.43426966292134833
0 0.8017391304347826 0.17640449438202246 0.8791304347826087 0.17640449438202246 0.8791304347826087 0.08876404494382023 0.8017391304347826 0.08876404494382023 0.8017391304347826 0.17640449438202246
0 0.7526086956521739 0 0.7526086956521739 0.025842696629213482 0.827391304347826 0.025842696629213482 0.827391304347826 0 0.7526086956521739 0
0 0.6169565217391304 0 0.6169565217391304 0.02247191011235955 0.6891304347826087 0.02247191011235955 0.6891304347826087 0 0.6169565217391304 0