0 0.3604368932038835 0.9170854271356784 0.45024271844660196 0.9170854271356784 0.45024271844660196 0.7989949748743719 0.3604368932038835 0.7989949748743719 0.3604368932038835 0.9170854271356784
0 0.7657766990291263 0.19472361809045227 0.8385922330097088 0.19472361809045227 0.8385922330097088 0.09170854271356783 0.7657766990291263 0.09170854271356783 0.7657766990291263 0.19472361809045227
0 0.09951456310679611 0.30527638190954776 0.18446601941747573 0.30527638190954776 0.18446601941747573 0.20477386934673367 0.09951456310679611 0.20477386934673367 0.09951456310679611 0.30527638190954776
0 0 0.20979899497487436 0.0825242718446602 0.20979899497487436 0.0825242718446602 0.11180904522613065 0 0.11180904522613065 0 0.20979899497487436
0 0.5097087378640777 0.20477386934673367 0.587378640776699 0.20477386934673367 0.587378640776699 0.10427135678391959 0.5097087378640777 0.10427135678391959 0.5097087378640777 0.20477386934673367
0 0.8883495145631068 0.1972361809045226 0.9587378640776699 0.1972361809045226 0.9587378640776699 0.0942211055276382 0.8883495145631068 0.0942211055276382 0.8883495145631068 0.1972361809045226
0 0.808252427184466 0.6344221105527639 0.8980582524271845 0.6344221105527639 0.8980582524271845 0.5138190954773869 0.808252427184466 0.5138190954773869 0.808252427184466 0.6344221105527639
0 0.2949029126213592 0.6444723618090452 0.38470873786407767 0.6444723618090452 0.38470873786407767 0.5113065326633166 0.2949029126213592 0.5113065326633166 0.2949029126213592 0.6444723618090452
0 0.12257281553398058 0.2135678391959799 0.19781553398058252 0.2135678391959799 0.19781553398058252 0.12814070351758794 0.12257281553398058 0.12814070351758794 0.12257281553398058 0.2135678391959799
0 0.8118932038834952 0.5138190954773869 0.8895631067961165 0.5138190954773869 0.8895631067961165 0.41331658291457285 0.8118932038834952 0.41331658291457285 0.8118932038834952 0.5138190954773869
0 0.7245145631067961 0.5804020100502513 0.8143203883495146 0.5804020100502513 0.8143203883495146 0.4648241206030151 0.7245145631067961 0.4648241206030151 0.7245145631067961 0.5804020100502513
0 0.9162621359223301 0.6306532663316583 0.9987864077669902 0.6306532663316583 0.9987864077669902 0.5100502512562815 0.9162621359223301 0.5100502512562815 0.9162621359223301 0.6306532663316583
0 0.7050970873786407 0.678391959798995 0.7949029126213593 0.678391959798995 0.7949029126213593 0.5477386934673367 0.7050970873786407 0.5477386934673367 0.7050970873786407 0.678391959798995
0 0.8883495145631068 0.5577889447236181 0.970873786407767 0.5577889447236181 0.970873786407767 0.4371859296482412 0.8883495145631068 0.4371859296482412 0.8883495145631068 0.5577889447236181