0 0 0.6896984924623115 0.08737864077669903 0.6896984924623115 0.08737864077669903 0.5615577889447236 0 0.5615577889447236 0 0.6896984924623115
0 0.34101941747572817 0.2135678391959799 0.4162621359223301 0.2135678391959799 0.4162621359223301 0.12311557788944724 0.34101941747572817 0.12311557788944724 0.34101941747572817 0.2135678391959799
0 0.9016990291262136 0.6130653266331658 0.9939320388349514 0.6130653266331658 0.9939320388349514 0.4899497487437186 0.9016990291262136 0.4899497487437186 0.9016990291262136 0.6130653266331658
0 0.7779126213592233 0.22487437185929648 0.8580097087378641 0.22487437185929648 0.8580097087378641 0.12437185929648241 0.7779126213592233 0.12437185929648241 0.7779126213592233 0.22487437185929648
0 0.11893203883495146 0.2198492462311558 0.18446601941747573 0.2198492462311558 0.18446601941747573 0.13442211055276382 0.11893203883495146 0.13442211055276382 0.11893203883495146 0.2198492462311558
0 0.5157766990291263 0.6494974874371859 0.6055825242718447 0.6494974874371859 0.6055825242718447 0.5163316582914573 0.5157766990291263 0.5163316582914573 0.5157766990291263 0.6494974874371859
0 0.7196601941747572 0.1884422110552764 0.7973300970873787 0.1884422110552764 0.7973300970873787 0.10050251256281408 0.7196601941747572 0.10050251256281408 0.7196601941747572 0.1884422110552764
0 0.5570388349514563 0.5816582914572864 0.6395631067961165 0.5816582914572864 0.6395631067961165 0.4610552763819096 0.5570388349514563 0.4610552763819096 0.5570388349514563 0.5816582914572864
0 0.8325242718446602 0.1708542713567839 0.9053398058252428 0.1708542713567839 0.9053398058252428 0.09296482412060302 0.8325242718446602 0.09296482412060302 0.8325242718446602 0.1708542713567839
0 0.9259708737864077 0.550251256281407 0.9987864077669902 0.550251256281407 0.9987864077669902 0.4371859296482412 0.9259708737864077 0.4371859296482412 0.9259708737864077 0.550251256281407
0 0 0.21231155778894473 0.019417475728155338 0.21231155778894473 0.019417475728155338 0.13442211055276382 0 0.13442211055276382 0 0.21231155778894473