0 0.5776666666666667 0.6529850746268657 0.6283333333333333 0.6529850746268657 0.6283333333333333 0.5323383084577115 0.5776666666666667 0.5323383084577115 0.5776666666666667 0.6529850746268657
0 0.6876666666666666 0.7941542288557214 0.7456666666666667 0.7941542288557214 0.7456666666666667 0.6710199004975125 0.6876666666666666 0.6710199004975125 0.6876666666666666 0.7941542288557214
0 0.4886666666666667 0.375 0.546 0.375 0.546 0.28171641791044777 0.4886666666666667 0.28171641791044777 0.4886666666666667 0.375
0 0.5783333333333334 0.4552238805970149 0.6276666666666667 0.4552238805970149 0.6276666666666667 0.35572139303482586 0.5783333333333334 0.35572139303482586 0.5783333333333334 0.4552238805970149
0 0.627 0.6958955223880597 0.6803333333333333 0.6958955223880597 0.6803333333333333 0.5802238805970149 0.627 0.5802238805970149 0.627 0.6958955223880597
0 0.03333333333333333 0.4247512437810945 0.094 0.4247512437810945 0.094 0.3003731343283582 0.03333333333333333 0.3003731343283582 0.03333333333333333 0.4247512437810945
0 0.11833333333333333 0.875 0.18833333333333332 0.875 0.18833333333333332 0.720771144278607 0.11833333333333333 0.720771144278607 0.11833333333333333 0.875
0 0.7666666666666667 0.9763681592039801 0.8226666666666667 0.9763681592039801 0.8226666666666667 0.8420398009950248 0.7666666666666667 0.8420398009950248 0.7666666666666667 0.9763681592039801
0 0.559 0.8942786069651741 0.613 0.8942786069651741 0.613 0.7661691542288557 0.559 0.7661691542288557 0.559 0.8942786069651741
0 0.493 0.20024875621890548 0.5503333333333333 0.20024875621890548 0.5503333333333333 0.09203980099502487 0.493 0.09203980099502487 0.493 0.20024875621890548
0 0.5436666666666666 0.36318407960199006 0.5896666666666667 0.36318407960199006 0.5896666666666667 0.2599502487562189 0.5436666666666666 0.2599502487562189 0.5436666666666666 0.36318407960199006
0 0.2796666666666667 0.47885572139303484 0.339 0.47885572139303484 0.339 0.34328358208955223 0.2796666666666667 0.34328358208955223 0.2796666666666667 0.47885572139303484
0 0.6383333333333333 0.5939054726368159 0.6863333333333334 0.5939054726368159 0.6863333333333334 0.49191542288557216 0.6383333333333333 0.49191542288557216 0.6383333333333333 0.5939054726368159
0 0.3373333333333333 0.525497512437811 0.3933333333333333 0.525497512437811 0.3933333333333333 0.3774875621890547 0.3373333333333333 0.3774875621890547 0.3373333333333333 0.525497512437811
0 0.525 0.2810945273631841 0.575 0.2810945273631841 0.575 0.16666666666666666 0.525 0.16666666666666666 0.525 0.2810945273631841
0 0.077 0.16044776119402984 0.12633333333333333 0.16044776119402984 0.12633333333333333 0.06343283582089553 0.077 0.06343283582089553 0.077 0.16044776119402984
0 0.43833333333333335 0.8781094527363185 0.505 0.8781094527363185 0.505 0.7487562189054726 0.43833333333333335 0.7487562189054726 0.43833333333333335 0.8781094527363185
0 0.307 0.6312189054726368 0.36766666666666664 0.6312189054726368 0.36766666666666664 0.5230099502487562 0.307 0.5230099502487562 0.307 0.6312189054726368
0 0.4723333333333333 0.30659203980099503 0.5256666666666666 0.30659203980099503 0.5256666666666666 0.19092039800995025 0.4723333333333333 0.19092039800995025 0.4723333333333333 0.30659203980099503
0 0.38433333333333336 0.6001243781094527 0.43366666666666664 0.6001243781094527 0.43366666666666664 0.48569651741293535 0.38433333333333336 0.48569651741293535 0.38433333333333336 0.6001243781094527
0 0.4483333333333333 0.11007462686567164 0.49233333333333335 0.11007462686567164 0.49233333333333335 0.021766169154228857 0.4483333333333333 0.021766169154228857 0.4483333333333333 0.11007462686567164
0 0.018 0.1853233830845771 0.06 0.1853233830845771 0.06 0.10945273631840796 0.018 0.10945273631840796 0.018 0.1853233830845771
0 0.273 1 0.273 0.9440298507462687 0.20833333333333334 0.9440298507462687 0.20833333333333334 1 0.273 1
0 0.4106666666666667 0 0.4106666666666667 0.0472636815920398 0.45466666666666666 0.0472636815920398 0.45466666666666666 0 0.4106666666666667 0
0 0.01633333333333333 0.22574626865671643 0.067 0.22574626865671643 0.067 0.11007462686567164 0.01633333333333333 0.11007462686567164 0.01633333333333333 0.22574626865671643