0 0.84366391184573 0.7304526748971193 0.9552341597796143 0.7304526748971193 0.9552341597796143 0.5967078189300411 0.84366391184573 0.5967078189300411 0.84366391184573 0.7304526748971193
0 0.6680440771349863 0.17592592592592593 0.7369146005509641 0.17592592592592593 0.7369146005509641 0.0668724279835391 0.6680440771349863 0.0668724279835391 0.6680440771349863 0.17592592592592593
0 0.20316804407713498 0.3662551440329218 0.2734159779614325 0.3662551440329218 0.2734159779614325 0.26337448559670784 0.20316804407713498 0.26337448559670784 0.20316804407713498 0.3662551440329218
0 0.7665289256198347 0.8744855967078189 0.8836088154269972 0.8744855967078189 0.8836088154269972 0.7283950617283951 0.7665289256198347 0.7283950617283951 0.7665289256198347 0.8744855967078189
0 0.18663911845730027 0.4948559670781893 0.2596418732782369 0.4948559670781893 0.2596418732782369 0.3775720164609053 0.18663911845730027 0.3775720164609053 0.18663911845730027 0.4948559670781893
0 0.38154269972451793 0.22530864197530864 0.46005509641873277 0.22530864197530864 0.46005509641873277 0.13477366255144033 0.38154269972451793 0.13477366255144033 0.38154269972451793 0.22530864197530864
0 0.284435261707989 0.2880658436213992 0.3477961432506887 0.2880658436213992 0.3477961432506887 0.19135802469135801 0.284435261707989 0.19135802469135801 0.284435261707989 0.2880658436213992
0 0.33264462809917356 0.3117283950617284 0.40289256198347106 0.3117283950617284 0.40289256198347106 0.20473251028806586 0.33264462809917356 0.20473251028806586 0.33264462809917356 0.3117283950617284
0 0.13911845730027547 0.45781893004115226 0.2162534435261708 0.45781893004115226 0.2162534435261708 0.33641975308641975 0.13911845730027547 0.33641975308641975 0.13911845730027547 0.45781893004115226
0 0.3891184573002755 0.3395061728395062 0.45661157024793386 0.3395061728395062 0.45661157024793386 0.24279835390946503 0.3891184573002755 0.24279835390946503 0.3891184573002755 0.3395061728395062
0 0.384297520661157 0.1440329218106996 0.4490358126721763 0.1440329218106996 0.4490358126721763 0.08024691358024691 0.384297520661157 0.08024691358024691 0.384297520661157 0.1440329218106996
0 0 0.5751028806584362 0.05234159779614325 0.5751028806584362 0.05234159779614325 0.5092592592592593 0 0.5092592592592593 0 0.5751028806584362
0 0.512396694214876 0 0.512396694214876 0.03497942386831276 0.5785123966942148 0.03497942386831276 0.5785123966942148 0 0.512396694214876 0
0 0.026170798898071626 0.6378600823045267 0.09228650137741047 0.6378600823045267 0.09228650137741047 0.5596707818930041 0.026170798898071626 0.5596707818930041 0.026170798898071626 0.6378600823045267