0 0.5703259005145798 0.3746031746031746 0.6457975986277873 0.3746031746031746 0.6457975986277873 0.20952380952380953 0.5703259005145798 0.20952380952380953 0.5703259005145798 0.3746031746031746
0 0.19682675814751285 0.8158730158730159 0.2937392795883362 0.8158730158730159 0.2937392795883362 0.6190476190476191 0.19682675814751285 0.6190476190476191 0.19682675814751285 0.8158730158730159
0 0.6680960548885078 0.5944444444444444 0.7487135506003431 0.5944444444444444 0.7487135506003431 0.42142857142857143 0.6680960548885078 0.42142857142857143 0.6680960548885078 0.5944444444444444
0 0.08061749571183534 0.37936507936507935 0.16552315608919382 0.37936507936507935 0.16552315608919382 0.20476190476190476 0.08061749571183534 0.20476190476190476 0.08061749571183534 0.37936507936507935
0 0.3829331046312178 0.45 0.4644082332761578 0.45 0.4644082332761578 0.276984126984127 0.3829331046312178 0.276984126984127 0.3829331046312178 0.45
0 0.4549742710120069 0.5111111111111111 0.5390222984562607 0.5111111111111111 0.5390222984562607 0.3412698412698413 0.4549742710120069 0.3412698412698413 0.4549742710120069 0.5111111111111111
0 0.5840480274442539 0.9619047619047619 0.6715265866209262 0.9619047619047619 0.6715265866209262 0.7714285714285715 0.5840480274442539 0.7714285714285715 0.5840480274442539 0.9619047619047619
0 0.2221269296740995 0.3388888888888889 0.3018867924528302 0.3388888888888889 0.3018867924528302 0.17539682539682538 0.2221269296740995 0.17539682539682538 0.2221269296740995 0.3388888888888889
0 0.10420240137221269 0.8507936507936508 0.20197255574614065 0.8507936507936508 0.20197255574614065 0.6571428571428571 0.10420240137221269 0.6571428571428571 0.10420240137221269 0.8507936507936508
0 0.7341337907375644 0.2976190476190476 0.8018867924528302 0.2976190476190476 0.8018867924528302 0.1484126984126984 0.7341337907375644 0.1484126984126984 0.7341337907375644 0.2976190476190476
0 0.8606346483704974 0.9857142857142858 0.9403945111492281 0.9857142857142858 0.9403945111492281 0.7888888888888889 0.8606346483704974 0.7888888888888889 0.8606346483704974 0.9857142857142858
0 0.5741852487135506 0.7444444444444445 0.6590909090909091 0.7444444444444445 0.6590909090909091 0.5650793650793651 0.5741852487135506 0.5650793650793651 0.5741852487135506 0.7444444444444445
0 0.49656946826758147 0.6896825396825397 0.5763293310463122 0.6896825396825397 0.5763293310463122 0.49126984126984125 0.49656946826758147 0.49126984126984125 0.49656946826758147 0.6896825396825397
0 0.7577186963979416 0.7365079365079366 0.8331903945111492 0.7365079365079366 0.8331903945111492 0.5492063492063493 0.7577186963979416 0.5492063492063493 0.7577186963979416 0.7365079365079366
0 0.5763293310463122 0.14206349206349206 0.6415094339622641 0.14206349206349206 0.6415094339622641 0.0007936507936507937 0.5763293310463122 0.0007936507936507937 0.5763293310463122 0.14206349206349206
0 0.7165523156089194 0.15476190476190477 0.7722984562607204 0.15476190476190477 0.7722984562607204 0.00873015873015873 0.7165523156089194 0.00873015873015873 0.7165523156089194 0.15476190476190477
0 0.8224699828473413 0.7912698412698412 0.8979416809605489 0.7912698412698412 0.8979416809605489 0.6134920634920635 0.8224699828473413 0.6134920634920635 0.8224699828473413 0.7912698412698412
0 0.7628644939965694 0.4515873015873016 0.8246140651801029 0.4515873015873016 0.8246140651801029 0.2992063492063492 0.7628644939965694 0.2992063492063492 0.7628644939965694 0.4515873015873016
0 0.44639794168096053 0 0.44639794168096053 0.11904761904761904 0.5158662092624356 0.11904761904761904 0.5158662092624356 0 0.44639794168096053 0
0 0.8957975986277873 0.7373015873015873 0.9618353344768439 0.7373015873015873 0.9618353344768439 0.5642857142857143 0.8957975986277873 0.5642857142857143 0.8957975986277873 0.7373015873015873
0 0.638507718696398 0.4301587301587302 0.7122641509433962 0.4301587301587302 0.7122641509433962 0.2571428571428571 0.638507718696398 0.2571428571428571 0.638507718696398 0.4301587301587302
0 0.7058319039451115 0.46904761904761905 0.7650085763293311 0.46904761904761905 0.7650085763293311 0.32936507936507936 0.7058319039451115 0.32936507936507936 0.7058319039451115 0.46904761904761905
0 0.9331046312178388 0.9174603174603174 0.9991423670668954 0.9174603174603174 0.9991423670668954 0.7412698412698413 0.9331046312178388 0.7412698412698413 0.9331046312178388 0.9174603174603174
0 0.6419382504288165 0 0.6419382504288165 0.11904761904761904 0.701114922813036 0.11904761904761904 0.701114922813036 0 0.6419382504288165 0
0 0.3194682675814751 0 0.3194682675814751 0.09047619047619047 0.3975128644939966 0.09047619047619047 0.3975128644939966 0 0.3194682675814751 0
0 0.6672384219554031 0.22301587301587303 0.7375643224699828 0.22301587301587303 0.7375643224699828 0.10555555555555556 0.6672384219554031 0.10555555555555556 0.6672384219554031 0.22301587301587303
0 0.8104631217838765 0.6 0.888507718696398 0.6 0.888507718696398 0.4444444444444444 0.8104631217838765 0.4444444444444444 0.8104631217838765 0.6
0 0.8211835334476844 0.45396825396825397 0.8872212692967409 0.45396825396825397 0.8872212692967409 0.33650793650793653 0.8211835334476844 0.33650793650793653 0.8211835334476844 0.45396825396825397
0 0.6599485420240138 0.30634920634920637 0.7251286449399656 0.30634920634920637 0.7251286449399656 0.19365079365079366 0.6599485420240138 0.19365079365079366 0.6599485420240138 0.30634920634920637
0 0.5321612349914236 0 0.5321612349914236 0.03015873015873016 0.5836192109777015 0.03015873015873016 0.5836192109777015 0 0.5321612349914236 0
0 0.014579759862778732 0 0.014579759862778732 0.031746031746031744 0.06174957118353345 0.031746031746031744 0.06174957118353345 0 0.014579759862778732 0