0 0.2882262996941896 0.865234375 0.3830275229357798 0.865234375 0.3830275229357798 0.708984375 0.2882262996941896 0.708984375 0.2882262996941896 0.865234375
0 0.1819571865443425 0.998046875 0.29204892966360857 0.998046875 0.29204892966360857 0.849609375 0.1819571865443425 0.849609375 0.1819571865443425 0.998046875
0 0.20336391437308868 0.228515625 0.27675840978593275 0.228515625 0.27675840978593275 0.09765625 0.20336391437308868 0.09765625 0.20336391437308868 0.228515625
0 0.07415902140672782 0.8173828125 0.15061162079510704 0.8173828125 0.15061162079510704 0.6689453125 0.07415902140672782 0.6689453125 0.07415902140672782 0.8173828125
0 0.13685015290519878 0.8779296875 0.23470948012232415 0.8779296875 0.23470948012232415 0.7177734375 0.13685015290519878 0.7177734375 0.13685015290519878 0.8779296875
0 0.37155963302752293 0.298828125 0.44954128440366975 0.298828125 0.44954128440366975 0.166015625 0.37155963302752293 0.166015625 0.37155963302752293 0.298828125
0 0.6207951070336392 0.9345703125 0.7140672782874617 0.9345703125 0.7140672782874617 0.7529296875 0.6207951070336392 0.7529296875 0.6207951070336392 0.9345703125
0 0.03746177370030581 0.69140625 0.12614678899082568 0.69140625 0.12614678899082568 0.5390625 0.03746177370030581 0.5390625 0.03746177370030581 0.69140625
0 0.8715596330275229 0.2255859375 0.9571865443425076 0.2255859375 0.9571865443425076 0.0634765625 0.8715596330275229 0.0634765625 0.8715596330275229 0.2255859375
0 0.6529051987767585 0.640625 0.7614678899082569 0.640625 0.7614678899082569 0.46484375 0.6529051987767585 0.46484375 0.6529051987767585 0.640625
0 0.7805810397553516 0.3740234375 0.8692660550458715 0.3740234375 0.8692660550458715 0.2158203125 0.7805810397553516 0.2158203125 0.7805810397553516 0.3740234375
0 0.7003058103975535 0.3720703125 0.7981651376146789 0.3720703125 0.7981651376146789 0.1923828125 0.7003058103975535 0.1923828125 0.7003058103975535 0.3720703125
0 0.4938837920489297 0.771484375 0.6024464831804281 0.771484375 0.6024464831804281 0.58203125 0.4938837920489297 0.58203125 0.4938837920489297 0.771484375
0 0.7484709480122325 0.1884765625 0.8662079510703364 0.1884765625 0.8662079510703364 0.0400390625 0.7484709480122325 0.0400390625 0.7484709480122325 0.1884765625
0 0.577217125382263 0.814453125 0.6857798165137615 0.814453125 0.6857798165137615 0.63671875 0.577217125382263 0.63671875 0.577217125382263 0.814453125
0 0.8998470948012233 0 0.8998470948012233 0.068359375 0.9808868501529052 0.068359375 0.9808868501529052 0 0.8998470948012233 0