0 0.6012396694214877 0.9979423868312757 0.7045454545454546 0.9979423868312757 0.7045454545454546 0.8950617283950617 0.6012396694214877 0.8950617283950617 0.6012396694214877 0.9979423868312757
0 0.7038567493112947 0.13065843621399176 0.7713498622589532 0.13065843621399176 0.7713498622589532 0.023662551440329218 0.7038567493112947 0.023662551440329218 0.7038567493112947 0.13065843621399176
0 0.06611570247933884 0.6203703703703703 0.14049586776859505 0.6203703703703703 0.14049586776859505 0.5051440329218106 0.06611570247933884 0.5051440329218106 0.06611570247933884 0.6203703703703703
0 0.8884297520661157 0.6502057613168725 0.9958677685950413 0.6502057613168725 0.9958677685950413 0.5205761316872428 0.8884297520661157 0.5205761316872428 0.8884297520661157 0.6502057613168725
0 0.8133608815426997 0.7839506172839507 0.9276859504132231 0.7839506172839507 0.9276859504132231 0.6419753086419753 0.8133608815426997 0.6419753086419753 0.8133608815426997 0.7839506172839507
0 0.24449035812672176 0.3168724279835391 0.31473829201101927 0.3168724279835391 0.31473829201101927 0.21604938271604937 0.24449035812672176 0.21604938271604937 0.24449035812672176 0.3168724279835391
0 0.18181818181818182 0.4053497942386831 0.256198347107438 0.4053497942386831 0.256198347107438 0.28600823045267487 0.18181818181818182 0.28600823045267487 0.18181818181818182 0.4053497942386831
0 0.23140495867768596 0.4382716049382716 0.30165289256198347 0.4382716049382716 0.30165289256198347 0.32510288065843623 0.23140495867768596 0.32510288065843623 0.23140495867768596 0.4382716049382716
0 0.3236914600550964 0.24074074074074073 0.3856749311294766 0.24074074074074073 0.3856749311294766 0.14609053497942387 0.3236914600550964 0.14609053497942387 0.3236914600550964 0.24074074074074073
0 0.01652892561983471 0.5792181069958847 0.09504132231404959 0.5792181069958847 0.09504132231404959 0.455761316872428 0.01652892561983471 0.455761316872428 0.01652892561983471 0.5792181069958847
0 0.4201101928374656 0.17901234567901234 0.4972451790633609 0.17901234567901234 0.4972451790633609 0.09259259259259259 0.4201101928374656 0.09259259259259259 0.4201101928374656 0.17901234567901234
0 0.3746556473829201 0.26440329218106995 0.44214876033057854 0.26440329218106995 0.44214876033057854 0.1574074074074074 0.3746556473829201 0.1574074074074074 0.3746556473829201 0.26440329218106995
0 0.43044077134986225 0.2880658436213992 0.49793388429752067 0.2880658436213992 0.49793388429752067 0.1934156378600823 0.43044077134986225 0.1934156378600823 0.43044077134986225 0.2880658436213992
0 0.4214876033057851 0.10185185185185185 0.48622589531680444 0.10185185185185185 0.48622589531680444 0.03806584362139918 0.4214876033057851 0.03806584362139918 0.4214876033057851 0.10185185185185185