0 0.923238255033557 0.4372586872586873 0.9794463087248322 0.4372586872586873 0.9794463087248322 0.2731660231660232 0.923238255033557 0.2731660231660232 0.923238255033557 0.4372586872586873
0 0.4085570469798658 0.5714285714285714 0.4773489932885906 0.5714285714285714 0.4773489932885906 0.3745173745173745 0.4085570469798658 0.3745173745173745 0.4085570469798658 0.5714285714285714
0 0.30453020134228187 0.6496138996138996 0.375 0.6496138996138996 0.375 0.48166023166023164 0.30453020134228187 0.48166023166023164 0.30453020134228187 0.6496138996138996
0 0.3447986577181208 0.5955598455598455 0.4186241610738255 0.5955598455598455 0.4186241610738255 0.42567567567567566 0.3447986577181208 0.42567567567567566 0.3447986577181208 0.5955598455598455
0 0.3729026845637584 0.3088803088803089 0.43330536912751677 0.3088803088803089 0.43330536912751677 0.19111969111969113 0.3729026845637584 0.19111969111969113 0.3729026845637584 0.3088803088803089
0 0.2424496644295302 0.6081081081081081 0.3145973154362416 0.6081081081081081 0.3145973154362416 0.4305019305019305 0.2424496644295302 0.4305019305019305 0.2424496644295302 0.6081081081081081
0 0.4299496644295302 0.3783783783783784 0.49203020134228187 0.3783783783783784 0.49203020134228187 0.21428571428571427 0.4299496644295302 0.21428571428571427 0.4299496644295302 0.3783783783783784
0 0.26048657718120805 0.4343629343629344 0.3141778523489933 0.4343629343629344 0.3141778523489933 0.3108108108108108 0.26048657718120805 0.3108108108108108 0.26048657718120805 0.4343629343629344
0 0.3183724832214765 0.2722007722007722 0.3821308724832215 0.2722007722007722 0.3821308724832215 0.14285714285714285 0.3183724832214765 0.14285714285714285 0.3183724832214765 0.2722007722007722
0 0.3225671140939597 0.47586872586872586 0.3770973154362416 0.47586872586872586 0.3770973154362416 0.34459459459459457 0.3225671140939597 0.34459459459459457 0.3225671140939597 0.47586872586872586
0 0.9442114093959731 0.15733590733590733 0.9903523489932886 0.15733590733590733 0.9903523489932886 0.037644787644787646 0.9442114093959731 0.037644787644787646 0.9442114093959731 0.15733590733590733
0 0.1988255033557047 0.444980694980695 0.2651006711409396 0.444980694980695 0.2651006711409396 0.2982625482625483 0.1988255033557047 0.2982625482625483 0.1988255033557047 0.444980694980695
0 0.8951342281879194 0.18532818532818532 0.9463087248322147 0.18532818532818532 0.9463087248322147 0.06756756756756757 0.8951342281879194 0.06756756756756757 0.8951342281879194 0.18532818532818532
0 0.37080536912751677 0.20945945945945946 0.44546979865771813 0.20945945945945946 0.44546979865771813 0.07818532818532818 0.37080536912751677 0.07818532818532818 0.37080536912751677 0.20945945945945946
0 0.4299496644295302 0.14671814671814673 0.49538590604026844 0.14671814671814673 0.49538590604026844 0.005791505791505791 0.4299496644295302 0.005791505791505791 0.4299496644295302 0.14671814671814673
0 0.37793624161073824 0.0888030888030888 0.43330536912751677 0.0888030888030888 0.43330536912751677 0.007722007722007722 0.37793624161073824 0.007722007722007722 0.37793624161073824 0.0888030888030888