0 0.16130434782608696 0.999438202247191 0.3134782608695652 0.999438202247191 0.3134782608695652 0.7870786516853933 0.16130434782608696 0.7870786516853933 0.16130434782608696 0.999438202247191
0 0.0891304347826087 0.5955056179775281 0.21434782608695652 0.5955056179775281 0.21434782608695652 0.42247191011235957 0.0891304347826087 0.42247191011235957 0.0891304347826087 0.5955056179775281
0 0.04826086956521739 0.26348314606741574 0.1934782608695652 0.26348314606741574 0.1934782608695652 0.12303370786516854 0.04826086956521739 0.12303370786516854 0.04826086956521739 0.26348314606741574
0 0.18608695652173912 0.31235955056179776 0.31043478260869567 0.31235955056179776 0.31043478260869567 0.1696629213483146 0.18608695652173912 0.1696629213483146 0.18608695652173912 0.31235955056179776
0 0.06217391304347826 0.4191011235955056 0.18043478260869567 0.4191011235955056 0.18043478260869567 0.25842696629213485 0.06217391304347826 0.25842696629213485 0.06217391304347826 0.4191011235955056
0 0.03260869565217391 0 0.03260869565217391 0.08202247191011236 0.12217391304347826 0.08202247191011236 0.12217391304347826 0 0.03260869565217391 0
0 0.7156521739130435 0 0.7156521739130435 0.08876404494382023 0.8121739130434783 0.08876404494382023 0.8121739130434783 0 0.7156521739130435 0
0 0.12478260869565218 0 0.12478260869565218 0.0550561797752809 0.19695652173913045 0.0550561797752809 0.19695652173913045 0 0.12478260869565218 0
0 0.961304347826087 0.5764044943820225 0.9995652173913043 0.5764044943820225 0.9995652173913043 0.46292134831460674 0.961304347826087 0.46292134831460674 0.961304347826087 0.5764044943820225
0 0.19826086956521738 0 0.19826086956521738 0.029213483146067417 0.2539130434782609 0.029213483146067417 0.2539130434782609 0 0.19826086956521738 0
0 0.7808695652173913 0 0.7808695652173913 0.06292134831460675 0.8260869565217391 0.06292134831460675 0.8260869565217391 0 0.7808695652173913 0
0 0.9934782608695653 0.47808988764044946 0.9995652173913043 0.47808988764044946 0.9995652173913043 0.43202247191011234 0.9934782608695653 0.43202247191011234 0.9934782608695653 0.47808988764044946