0 0.09966666666666667 0.9981343283582089 0.17633333333333334 0.9981343283582089 0.17633333333333334 0.8762437810945274 0.09966666666666667 0.8762437810945274 0.09966666666666667 0.9981343283582089
0 0.058 0.5907960199004975 0.12866666666666668 0.5907960199004975 0.12866666666666668 0.4490049751243781 0.058 0.4490049751243781 0.058 0.5907960199004975
0 0.11533333333333333 0.6430348258706468 0.176 0.6430348258706468 0.176 0.5012437810945274 0.11533333333333333 0.5012437810945274 0.11533333333333333 0.6430348258706468
0 0.5796666666666667 0.5740049751243781 0.633 0.5740049751243781 0.633 0.46455223880597013 0.5796666666666667 0.46455223880597013 0.5796666666666667 0.5740049751243781
0 0.5153333333333333 0.4154228855721393 0.5693333333333334 0.4154228855721393 0.5693333333333334 0.31716417910447764 0.5153333333333333 0.31716417910447764 0.5153333333333333 0.4154228855721393
0 0.406 0.11940298507462686 0.44866666666666666 0.11940298507462686 0.44866666666666666 0.03233830845771144 0.406 0.03233830845771144 0.406 0.11940298507462686
0 0.025666666666666667 0.361318407960199 0.085 0.361318407960199 0.085 0.2468905472636816 0.025666666666666667 0.2468905472636816 0.025666666666666667 0.361318407960199
0 0.623 0.8333333333333334 0.6776666666666666 0.8333333333333334 0.6776666666666666 0.7139303482587065 0.623 0.7139303482587065 0.623 0.8333333333333334
0 0.661 0.6567164179104478 0.7123333333333334 0.6567164179104478 0.7123333333333334 0.5497512437810945 0.661 0.5497512437810945 0.661 0.6567164179104478
0 0.6893333333333334 0.945273631840796 0.7433333333333333 0.945273631840796 0.7433333333333333 0.822139303482587 0.6893333333333334 0.822139303482587 0.6893333333333334 0.945273631840796
0 0.4836666666666667 0.13681592039800994 0.5156666666666667 0.13681592039800994 0.5156666666666667 0.05721393034825871 0.4836666666666667 0.05721393034825871 0.4836666666666667 0.13681592039800994
0 0.6926666666666667 0.7736318407960199 0.74 0.7736318407960199 0.74 0.664179104477612 0.6926666666666667 0.664179104477612 0.6926666666666667 0.7736318407960199
0 0.7593333333333333 0.8731343283582089 0.806 0.8731343283582089 0.806 0.7661691542288557 0.7593333333333333 0.7661691542288557 0.7593333333333333 0.8731343283582089
0 0.4623333333333333 0 0.4623333333333333 0.06840796019900497 0.505 0.06840796019900497 0.505 0 0.4623333333333333 0
0 0.5586666666666666 0.4098258706467662 0.6053333333333333 0.4098258706467662 0.6053333333333333 0.29539800995024873 0.5586666666666666 0.29539800995024873 0.5586666666666666 0.4098258706467662
0 0.5906666666666667 0.47885572139303484 0.632 0.47885572139303484 0.632 0.4129353233830846 0.5906666666666667 0.4129353233830846 0.5906666666666667 0.47885572139303484
0 0.775 0.9975124378109452 0.827 0.9975124378109452 0.827 0.9079601990049752 0.775 0.9079601990049752 0.775 0.9975124378109452