0 0.6831955922865014 0.9629629629629629 0.7920110192837465 0.9629629629629629 0.7920110192837465 0.8189300411522634 0.6831955922865014 0.8189300411522634 0.6831955922865014 0.9629629629629629
0 0.41597796143250687 0.1111111111111111 0.48484848484848486 0.1111111111111111 0.48484848484848486 0.01646090534979424 0.41597796143250687 0.01646090534979424 0.41597796143250687 0.1111111111111111
0 0.2803030303030303 0.31275720164609055 0.34366391184573003 0.31275720164609055 0.34366391184573003 0.20987654320987653 0.2803030303030303 0.20987654320987653 0.2803030303030303 0.31275720164609055
0 0.29201101928374656 0.4567901234567901 0.37327823691460055 0.4567901234567901 0.37327823691460055 0.33539094650205764 0.29201101928374656 0.33539094650205764 0.29201101928374656 0.4567901234567901
0 0.26859504132231404 0.13991769547325103 0.325068870523416 0.13991769547325103 0.325068870523416 0.053497942386831275 0.26859504132231404 0.053497942386831275 0.26859504132231404 0.13991769547325103
0 0.506198347107438 0.14917695473251028 0.5819559228650137 0.14917695473251028 0.5819559228650137 0.04835390946502058 0.506198347107438 0.04835390946502058 0.506198347107438 0.14917695473251028
0 0.33953168044077137 0.3497942386831276 0.4221763085399449 0.3497942386831276 0.4221763085399449 0.24691358024691357 0.33953168044077137 0.24691358024691357 0.33953168044077137 0.3497942386831276
0 0.32575757575757575 0.2139917695473251 0.3918732782369146 0.2139917695473251 0.3918732782369146 0.12551440329218108 0.32575757575757575 0.12551440329218108 0.32575757575757575 0.2139917695473251
0 0.12327823691460055 0.4783950617283951 0.19490358126721763 0.4783950617283951 0.19490358126721763 0.3837448559670782 0.12327823691460055 0.3837448559670782 0.12327823691460055 0.4783950617283951
0 0.1756198347107438 0.3096707818930041 0.24449035812672176 0.3096707818930041 0.24449035812672176 0.2109053497942387 0.1756198347107438 0.2109053497942387 0.1756198347107438 0.3096707818930041
0 0.13360881542699724 0.39609053497942387 0.21074380165289255 0.39609053497942387 0.21074380165289255 0.30761316872427985 0.13360881542699724 0.30761316872427985 0.13360881542699724 0.39609053497942387
0 0.03856749311294766 0.6358024691358025 0.11294765840220386 0.6358024691358025 0.11294765840220386 0.5349794238683128 0.03856749311294766 0.5349794238683128 0.03856749311294766 0.6358024691358025
0 0.03581267217630854 0.5380658436213992 0.10330578512396695 0.5380658436213992 0.10330578512396695 0.4495884773662551 0.03581267217630854 0.4495884773662551 0.03581267217630854 0.5380658436213992
0 0.2265840220385675 0.48045267489711935 0.296831955922865 0.48045267489711935 0.296831955922865 0.3631687242798354 0.2265840220385675 0.3631687242798354 0.2265840220385675 0.48045267489711935
0 0.5323691460055097 0 0.5323691460055097 0.05761316872427984 0.5957300275482094 0.05761316872427984 0.5957300275482094 0 0.5323691460055097 0
0 0.3464187327823691 0.2613168724279835 0.4166666666666667 0.2613168724279835 0.4166666666666667 0.18106995884773663 0.3464187327823691 0.18106995884773663 0.3464187327823691 0.2613168724279835
0 0.22176308539944903 0.37962962962962965 0.2878787878787879 0.37962962962962965 0.2878787878787879 0.30761316872427985 0.22176308539944903 0.30761316872427985 0.22176308539944903 0.37962962962962965
0 0.2190082644628099 0.3168724279835391 0.2837465564738292 0.3168724279835391 0.2837465564738292 0.24074074074074073 0.2190082644628099 0.24074074074074073 0.2190082644628099 0.3168724279835391
0 0.47520661157024796 0 0.47520661157024796 0.03909465020576132 0.5330578512396694 0.03909465020576132 0.5330578512396694 0 0.47520661157024796 0