0 0.8968120805369127 0.8416988416988417 0.9614093959731543 0.8416988416988417 0.9614093959731543 0.6486486486486487 0.8968120805369127 0.6486486486486487 0.8968120805369127 0.8416988416988417
0 0.3498322147651007 0.13706563706563707 0.4035234899328859 0.13706563706563707 0.4035234899328859 0.009652509652509652 0.3498322147651007 0.009652509652509652 0.3498322147651007 0.13706563706563707
0 0.9383389261744967 0.20173745173745175 0.9878355704697986 0.20173745173745175 0.9878355704697986 0.08783783783783784 0.9383389261744967 0.08783783783783784 0.9383389261744967 0.20173745173745175
0 0.27181208053691275 0.5617760617760618 0.3414429530201342 0.5617760617760618 0.3414429530201342 0.3938223938223938 0.27181208053691275 0.3938223938223938 0.27181208053691275 0.5617760617760618
0 0.20218120805369127 0.5637065637065637 0.26677852348993286 0.5637065637065637 0.26677852348993286 0.4691119691119691 0.20218120805369127 0.4691119691119691 0.20218120805369127 0.5637065637065637
0 0.8959731543624161 0.2644787644787645 0.9538590604026845 0.2644787644787645 0.9538590604026845 0.12355212355212356 0.8959731543624161 0.12355212355212356 0.8959731543624161 0.2644787644787645
0 0.8716442953020134 0.5347490347490348 0.9253355704697986 0.5347490347490348 0.9253355704697986 0.34942084942084944 0.8716442953020134 0.34942084942084944 0.8716442953020134 0.5347490347490348
0 0.9236577181208053 0.48166023166023164 0.9765100671140939 0.48166023166023164 0.9765100671140939 0.3388030888030888 0.9236577181208053 0.3388030888030888 0.9236577181208053 0.48166023166023164
0 0.3179530201342282 0.6795366795366795 0.3875838926174497 0.6795366795366795 0.3875838926174497 0.5675675675675675 0.3179530201342282 0.5675675675675675 0.3179530201342282 0.6795366795366795
0 0.9010067114093959 0.12162162162162163 0.9563758389261745 0.12162162162162163 0.9563758389261745 0.0019305019305019305 0.9010067114093959 0.0019305019305019305 0.9010067114093959 0.12162162162162163
0 0.30411073825503354 0.30115830115830117 0.37038590604026844 0.30115830115830117 0.37038590604026844 0.20077220077220076 0.30411073825503354 0.20077220077220076 0.30411073825503354 0.30115830115830117
0 0.8418624161073825 0.30115830115830117 0.9014261744966443 0.30115830115830117 0.9014261744966443 0.13513513513513514 0.8418624161073825 0.13513513513513514 0.8418624161073825 0.30115830115830117
0 0.3259228187919463 0.4411196911196911 0.40226510067114096 0.4411196911196911 0.40226510067114096 0.2886100386100386 0.3259228187919463 0.2886100386100386 0.3259228187919463 0.4411196911196911
0 0.2562919463087248 0.6158301158301158 0.3225671140939597 0.6158301158301158 0.3225671140939597 0.528957528957529 0.2562919463087248 0.528957528957529 0.2562919463087248 0.6158301158301158
0 0.9391778523489933 0 0.9391778523489933 0.0888030888030888 0.9903523489932886 0.0888030888030888 0.9903523489932886 0 0.9391778523489933 0
0 0.39848993288590606 0.16312741312741313 0.4588926174496644 0.16312741312741313 0.4588926174496644 0.033783783783783786 0.39848993288590606 0.033783783783783786 0.39848993288590606 0.16312741312741313
0 0.2613255033557047 0.4266409266409266 0.32927852348993286 0.4266409266409266 0.32927852348993286 0.3030888030888031 0.2613255033557047 0.3030888030888031 0.2613255033557047 0.4266409266409266
0 0.4815436241610738 0.25 0.537751677852349 0.25 0.537751677852349 0.12065637065637065 0.4815436241610738 0.12065637065637065 0.4815436241610738 0.25