0 0.40523156089193824 0.5198412698412699 0.49528301886792453 0.5198412698412699 0.49528301886792453 0.34206349206349207 0.40523156089193824 0.34206349206349207 0.40523156089193824 0.5198412698412699
0 0.38078902229845624 0.273015873015873 0.45797598627787306 0.273015873015873 0.45797598627787306 0.11746031746031746 0.38078902229845624 0.11746031746031746 0.38078902229845624 0.273015873015873
0 0.11106346483704975 0.8317460317460318 0.21312178387650085 0.8317460317460318 0.21312178387650085 0.626984126984127 0.11106346483704975 0.626984126984127 0.11106346483704975 0.8317460317460318
0 0.0548885077186964 0.4603174603174603 0.13807890222984562 0.4603174603174603 0.13807890222984562 0.2841269841269841 0.0548885077186964 0.2841269841269841 0.0548885077186964 0.4603174603174603
0 0.7684391080617495 0.5158730158730159 0.8404802744425386 0.5158730158730159 0.8404802744425386 0.35714285714285715 0.7684391080617495 0.35714285714285715 0.7684391080617495 0.5158730158730159
0 0.4691252144082333 0.8992063492063492 0.565180102915952 0.8992063492063492 0.565180102915952 0.6992063492063492 0.4691252144082333 0.6992063492063492 0.4691252144082333 0.8992063492063492
0 0.6993996569468267 0.4666666666666667 0.7714408233276158 0.4666666666666667 0.7714408233276158 0.3142857142857143 0.6993996569468267 0.3142857142857143 0.6993996569468267 0.4666666666666667
0 0.6749571183533448 0.31746031746031744 0.7469982847341338 0.31746031746031744 0.7469982847341338 0.15873015873015872 0.6749571183533448 0.15873015873015872 0.6749571183533448 0.31746031746031744
0 0.6286449399656947 0.18095238095238095 0.6998284734133791 0.18095238095238095 0.6998284734133791 0.025396825396825397 0.6286449399656947 0.025396825396825397 0.6286449399656947 0.18095238095238095
0 0.48499142367066894 0.5793650793650794 0.5630360205831904 0.5793650793650794 0.5630360205831904 0.40793650793650793 0.48499142367066894 0.40793650793650793 0.48499142367066894 0.5793650793650794
0 0.9035162950257289 0.7119047619047619 0.9729845626072041 0.7119047619047619 0.9729845626072041 0.5452380952380952 0.9035162950257289 0.5452380952380952 0.9035162950257289 0.7119047619047619
0 0.3018867924528302 0.2261904761904762 0.37735849056603776 0.2261904761904762 0.37735849056603776 0.06746031746031746 0.3018867924528302 0.06746031746031746 0.3018867924528302 0.2261904761904762
0 0.8297598627787307 0.3984126984126984 0.8880789022298456 0.3984126984126984 0.8880789022298456 0.24126984126984127 0.8297598627787307 0.24126984126984127 0.8297598627787307 0.3984126984126984
0 0.7431389365351629 0.3611111111111111 0.8066037735849056 0.3611111111111111 0.8066037735849056 0.20555555555555555 0.7431389365351629 0.20555555555555555 0.7431389365351629 0.3611111111111111
0 0.7770154373927959 0.707936507936508 0.8524871355060034 0.707936507936508 0.8524871355060034 0.526984126984127 0.7770154373927959 0.526984126984127 0.7770154373927959 0.707936507936508
0 0.8276157804459692 0.8849206349206349 0.9090909090909091 0.8849206349206349 0.9090909090909091 0.7055555555555556 0.8276157804459692 0.7055555555555556 0.8276157804459692 0.8849206349206349
0 0.7894511149228131 0.2634920634920635 0.847770154373928 0.2634920634920635 0.847770154373928 0.10952380952380952 0.7894511149228131 0.10952380952380952 0.7894511149228131 0.2634920634920635
0 0.11020583190394512 0 0.11020583190394512 0.13333333333333333 0.18310463121783876 0.13333333333333333 0.18310463121783876 0 0.11020583190394512 0
0 0.7015437392795884 0.1523809523809524 0.7590051457975986 0.1523809523809524 0.7590051457975986 0.009523809523809525 0.7015437392795884 0.009523809523809525 0.7015437392795884 0.1523809523809524
0 0.8572041166380789 0.553968253968254 0.9223842195540308 0.553968253968254 0.9223842195540308 0.3888888888888889 0.8572041166380789 0.3888888888888889 0.8572041166380789 0.553968253968254
0 0.04030874785591767 0 0.04030874785591767 0.1492063492063492 0.10806174957118353 0.1492063492063492 0.10806174957118353 0 0.04030874785591767 0
0 0.3379073756432247 0 0.3379073756432247 0.1365079365079365 0.4099485420240137 0.1365079365079365 0.4099485420240137 0 0.3379073756432247 0
0 1 0.8261904761904761 0.9373927958833619 0.8261904761904761 0.9373927958833619 0.9976190476190476 1 0.9976190476190476 1 0.8261904761904761
0 0.9506861063464837 0.8436507936507937 0.9995711835334476 0.8436507936507937 0.9995711835334476 0.7150793650793651 0.9506861063464837 0.7150793650793651 0.9506861063464837 0.8436507936507937
0 0.8400514579759862 0.7317460317460317 0.9052315608919382 0.7317460317460317 0.9052315608919382 0.6111111111111112 0.8400514579759862 0.6111111111111112 0.8400514579759862 0.7317460317460317
0 0.6706689536878216 0 0.6706689536878216 0.03333333333333333 0.7186963979416809 0.03333333333333333 0.7186963979416809 0 0.6706689536878216 0