0 0.8822314049586777 0.5895061728395061 0.9800275482093664 0.5895061728395061 0.9800275482093664 0.42901234567901236 0.8822314049586777 0.42901234567901236 0.8822314049586777 0.5895061728395061
0 0.1721763085399449 0.35699588477366256 0.24380165289256198 0.35699588477366256 0.24380165289256198 0.25205761316872427 0.1721763085399449 0.25205761316872427 0.1721763085399449 0.35699588477366256
0 0.7988980716253443 0.13065843621399176 0.8787878787878788 0.13065843621399176 0.8787878787878788 0.033950617283950615 0.7988980716253443 0.033950617283950615 0.7988980716253443 0.13065843621399176
0 0.3774104683195592 0.17386831275720166 0.44490358126721763 0.17386831275720166 0.44490358126721763 0.07921810699588477 0.3774104683195592 0.07921810699588477 0.3774104683195592 0.17386831275720166
0 0.7300275482093664 0.10493827160493827 0.7933884297520661 0.10493827160493827 0.7933884297520661 0.00205761316872428 0.7300275482093664 0.00205761316872428 0.7300275482093664 0.10493827160493827
0 0.24104683195592286 0.4619341563786008 0.3168044077134986 0.4619341563786008 0.3168044077134986 0.35288065843621397 0.24104683195592286 0.35288065843621397 0.24104683195592286 0.4619341563786008
0 0.14256198347107438 0.4722222222222222 0.20867768595041322 0.4722222222222222 0.20867768595041322 0.37551440329218105 0.14256198347107438 0.37551440329218105 0.14256198347107438 0.4722222222222222
0 0.24242424242424243 0.33127572016460904 0.3085399449035813 0.33127572016460904 0.3085399449035813 0.22839506172839505 0.24242424242424243 0.22839506172839505 0.24242424242424243 0.33127572016460904
0 0.3608815426997245 0.33641975308641975 0.4325068870523416 0.33641975308641975 0.4325068870523416 0.2273662551440329 0.3608815426997245 0.2273662551440329 0.3608815426997245 0.33641975308641975
0 0.30647382920110194 0.30761316872427985 0.3712121212121212 0.30761316872427985 0.3712121212121212 0.19855967078189302 0.30647382920110194 0.19855967078189302 0.30647382920110194 0.30761316872427985
0 0.6735537190082644 0 0.6735537190082644 0.08847736625514403 0.7341597796143251 0.08847736625514403 0.7341597796143251 0 0.6735537190082644 0
0 0.4476584022038568 0.15534979423868311 0.5192837465564738 0.15534979423868311 0.5192837465564738 0.06893004115226338 0.4476584022038568 0.06893004115226338 0.4476584022038568 0.15534979423868311
0 0.26515151515151514 0.17592592592592593 0.3243801652892562 0.17592592592592593 0.3243801652892562 0.08127572016460906 0.26515151515151514 0.08127572016460906 0.26515151515151514 0.17592592592592593
0 0.3243801652892562 0.15020576131687244 0.3808539944903581 0.15020576131687244 0.3808539944903581 0.059670781893004114 0.3243801652892562 0.059670781893004114 0.3243801652892562 0.15020576131687244
0 0.08195592286501377 0.6625514403292181 0.16322314049586778 0.6625514403292181 0.16322314049586778 0.5390946502057613 0.08195592286501377 0.5390946502057613 0.08195592286501377 0.6625514403292181
0 0.44490358126721763 0.07716049382716049 0.512396694214876 0.07716049382716049 0.512396694214876 0.01131687242798354 0.44490358126721763 0.01131687242798354 0.44490358126721763 0.07716049382716049
0 0.08264462809917356 0.558641975308642 0.16391184573002754 0.558641975308642 0.16391184573002754 0.4722222222222222 0.08264462809917356 0.4722222222222222 0.08264462809917356 0.558641975308642
0 0 0.5874485596707819 0.048209366391184574 0.5874485596707819 0.048209366391184574 0.5154320987654321 0 0.5154320987654321 0 0.5874485596707819