0 0.6027227722772277 0.11581920903954802 0.6943069306930693 0.11581920903954802 0.6943069306930693 0.031073446327683617 0.6027227722772277 0.031073446327683617 0.6027227722772277 0.11581920903954802
0 0.530940594059406 0.6257062146892656 0.6225247524752475 0.6257062146892656 0.6225247524752475 0.5268361581920904 0.530940594059406 0.5268361581920904 0.530940594059406 0.6257062146892656
0 0.900990099009901 0.23587570621468926 0.9876237623762376 0.23587570621468926 0.9876237623762376 0.14548022598870056 0.900990099009901 0.14548022598870056 0.900990099009901 0.23587570621468926
0 0.4628712871287129 0.9011299435028248 0.5544554455445545 0.9011299435028248 0.5544554455445545 0.8050847457627118 0.4628712871287129 0.8050847457627118 0.4628712871287129 0.9011299435028248
0 0.5581683168316832 0.7937853107344632 0.6472772277227723 0.7937853107344632 0.6472772277227723 0.6836158192090396 0.5581683168316832 0.6836158192090396 0.5581683168316832 0.7937853107344632
0 0.47896039603960394 0.269774011299435 0.5655940594059405 0.269774011299435 0.5655940594059405 0.1906779661016949 0.47896039603960394 0.1906779661016949 0.47896039603960394 0.269774011299435
0 0.7103960396039604 0.5875706214689266 0.8217821782178217 0.5875706214689266 0.8217821782178217 0.4858757062146893 0.7103960396039604 0.4858757062146893 0.7103960396039604 0.5875706214689266
0 0.7103960396039604 0.4943502824858757 0.806930693069307 0.4943502824858757 0.806930693069307 0.4124293785310734 0.7103960396039604 0.4124293785310734 0.7103960396039604 0.4943502824858757
0 0.6225247524752475 0.6073446327683616 0.7091584158415841 0.6073446327683616 0.7091584158415841 0.5028248587570622 0.6225247524752475 0.5028248587570622 0.6225247524752475 0.6073446327683616
0 0.30198019801980197 0.9957627118644068 0.39851485148514854 0.9957627118644068 0.39851485148514854 0.9533898305084746 0.30198019801980197 0.9533898305084746 0.30198019801980197 0.9957627118644068
0 0.7623762376237624 0 0.7623762376237624 0.03389830508474576 0.844059405940594 0.03389830508474576 0.844059405940594 0 0.7623762376237624 0
0 1 0.1426553672316384 0.9900990099009901 0.1426553672316384 0.9900990099009901 0.2076271186440678 1 0.2076271186440678 1 0.1426553672316384