0 0.3604368932038835 0.9170854271356784 0.45024271844660196 0.9170854271356784 0.45024271844660196 0.7989949748743719 0.3604368932038835 0.7989949748743719 0.3604368932038835 0.9170854271356784
0 0.09951456310679611 0.30527638190954776 0.18446601941747573 0.30527638190954776 0.18446601941747573 0.20477386934673367 0.09951456310679611 0.20477386934673367 0.09951456310679611 0.30527638190954776
0 0.808252427184466 0.6344221105527639 0.8956310679611651 0.6344221105527639 0.8956310679611651 0.5138190954773869 0.808252427184466 0.5138190954773869 0.808252427184466 0.6344221105527639
0 0.5109223300970874 0.20477386934673367 0.5885922330097088 0.20477386934673367 0.5885922330097088 0.10427135678391959 0.5109223300970874 0.10427135678391959 0.5109223300970874 0.20477386934673367
0 0.0012135922330097086 0.20979899497487436 0.08373786407766991 0.20979899497487436 0.08373786407766991 0.11180904522613065 0.0012135922330097086 0.11180904522613065 0.0012135922330097086 0.20979899497487436
0 0.7657766990291263 0.19472361809045227 0.8385922330097088 0.19472361809045227 0.8385922330097088 0.09170854271356783 0.7657766990291263 0.09170854271356783 0.7657766990291263 0.19472361809045227
0 0.8883495145631068 0.1972361809045226 0.9587378640776699 0.1972361809045226 0.9587378640776699 0.0942211055276382 0.8883495145631068 0.0942211055276382 0.8883495145631068 0.1972361809045226
0 0.2961165048543689 0.6419597989949749 0.38349514563106796 0.6419597989949749 0.38349514563106796 0.5113065326633166 0.2961165048543689 0.5113065326633166 0.2961165048543689 0.6419597989949749
0 0.12257281553398058 0.2135678391959799 0.19781553398058252 0.2135678391959799 0.19781553398058252 0.12814070351758794 0.12257281553398058 0.12814070351758794 0.12257281553398058 0.2135678391959799
0 0.9162621359223301 0.6319095477386935 0.9987864077669902 0.6319095477386935 0.9987864077669902 0.5113065326633166 0.9162621359223301 0.5113065326633166 0.9162621359223301 0.6319095477386935
0 0.7269417475728155 0.5791457286432161 0.8118932038834952 0.5791457286432161 0.8118932038834952 0.4635678391959799 0.7269417475728155 0.4635678391959799 0.7269417475728155 0.5791457286432161
0 0.8131067961165048 0.5138190954773869 0.8883495145631068 0.5138190954773869 0.8883495145631068 0.41331658291457285 0.8131067961165048 0.41331658291457285 0.8131067961165048 0.5138190954773869
0 0.7050970873786407 0.6771356783919598 0.7949029126213593 0.6771356783919598 0.7949029126213593 0.5489949748743719 0.7050970873786407 0.5489949748743719 0.7050970873786407 0.6771356783919598
0 0.8883495145631068 0.5577889447236181 0.9733009708737864 0.5577889447236181 0.9733009708737864 0.4371859296482412 0.8883495145631068 0.4371859296482412 0.8883495145631068 0.5577889447236181