0 0.611 0.8893034825870647 0.671 0.8893034825870647 0.671 0.7786069651741293 0.611 0.7786069651741293 0.611 0.8893034825870647
0 0.101 0.7002487562189055 0.16566666666666666 0.7002487562189055 0.16566666666666666 0.5522388059701493 0.101 0.5522388059701493 0.101 0.7002487562189055
0 0.237 0.11629353233830846 0.2823333333333333 0.11629353233830846 0.2823333333333333 0.01554726368159204 0.237 0.01554726368159204 0.237 0.11629353233830846
0 0.6083333333333333 0.6741293532338308 0.6643333333333333 0.6741293532338308 0.6643333333333333 0.554726368159204 0.6083333333333333 0.554726368159204 0.6083333333333333 0.6741293532338308
0 0.596 0.47699004975124376 0.648 0.47699004975124376 0.648 0.3725124378109453 0.596 0.3725124378109453 0.596 0.47699004975124376
0 0.04533333333333334 0.5149253731343284 0.106 0.5149253731343284 0.106 0.3805970149253731 0.04533333333333334 0.3805970149253731 0.04533333333333334 0.5149253731343284
0 0.7303333333333333 0.9601990049751243 0.787 0.9601990049751243 0.787 0.8420398009950248 0.7303333333333333 0.8420398009950248 0.7303333333333333 0.9601990049751243
0 0.438 0.2263681592039801 0.48133333333333334 0.2263681592039801 0.48133333333333334 0.13432835820895522 0.438 0.13432835820895522 0.438 0.2263681592039801
0 0.4106666666666667 0.4048507462686567 0.4613333333333333 0.4048507462686567 0.4613333333333333 0.2842039800995025 0.4106666666666667 0.2842039800995025 0.4106666666666667 0.4048507462686567
0 0.5313333333333333 0.34639303482587064 0.5833333333333334 0.34639303482587064 0.5833333333333334 0.23942786069651742 0.5313333333333333 0.23942786069651742 0.5313333333333333 0.34639303482587064
0 0.10833333333333334 0.486318407960199 0.17233333333333334 0.486318407960199 0.17233333333333334 0.3582089552238806 0.10833333333333334 0.3582089552238806 0.10833333333333334 0.486318407960199
0 0.15866666666666668 0.5503731343283582 0.22133333333333333 0.5503731343283582 0.22133333333333333 0.4085820895522388 0.15866666666666668 0.4085820895522388 0.15866666666666668 0.5503731343283582
0 0.6626666666666666 0.8501243781094527 0.7166666666666667 0.8501243781094527 0.7166666666666667 0.7369402985074627 0.6626666666666666 0.7369402985074627 0.6626666666666666 0.8501243781094527
0 0.44733333333333336 0.9104477611940298 0.5 0.9104477611940298 0.5 0.7935323383084577 0.44733333333333336 0.7935323383084577 0.44733333333333336 0.9104477611940298
0 0.194 0 0.194 0.09701492537313433 0.24666666666666667 0.09701492537313433 0.24666666666666667 0 0.194 0
0 0.371 0.8980099502487562 0.445 0.8980099502487562 0.445 0.746268656716418 0.371 0.746268656716418 0.371 0.8980099502487562
0 0.20866666666666667 0.20149253731343283 0.256 0.20149253731343283 0.256 0.09950248756218906 0.20866666666666667 0.09950248756218906 0.20866666666666667 0.20149253731343283
0 0.30733333333333335 0.3787313432835821 0.35533333333333333 0.3787313432835821 0.35533333333333333 0.2593283582089552 0.30733333333333335 0.2593283582089552 0.30733333333333335 0.3787313432835821
0 0.5516666666666666 1 0.5516666666666666 0.9552238805970149 0.49166666666666664 0.9552238805970149 0.49166666666666664 1 0.5516666666666666 1
0 0.363 0.5783582089552238 0.41233333333333333 0.5783582089552238 0.41233333333333333 0.47761194029850745 0.363 0.47761194029850745 0.363 0.5783582089552238
0 0.447 0.08706467661691543 0.485 0.08706467661691543 0.485 0.017412935323383085 0.447 0.017412935323383085 0.447 0.08706467661691543
0 0.477 0.26803482587064675 0.5263333333333333 0.26803482587064675 0.5263333333333333 0.15982587064676618 0.477 0.15982587064676618 0.477 0.26803482587064675
0 0.789 0.9912935323383084 0.833 0.9912935323383084 0.833 0.8681592039800995 0.789 0.8681592039800995 0.789 0.9912935323383084
0 0.494 0.19092039800995025 0.536 0.19092039800995025 0.536 0.11256218905472637 0.494 0.11256218905472637 0.494 0.19092039800995025
0 0.7183333333333334 0.9987562189054726 0.7616666666666667 0.9987562189054726 0.7616666666666667 0.9614427860696517 0.7183333333333334 0.9614427860696517 0.7183333333333334 0.9987562189054726
0 0.275 0.19340796019900497 0.31433333333333335 0.19340796019900497 0.31433333333333335 0.08768656716417911 0.275 0.08768656716417911 0.275 0.19340796019900497
0 0.399 0.7574626865671642 0.445 0.7574626865671642 0.445 0.6691542288557214 0.399 0.6691542288557214 0.399 0.7574626865671642
0 0.2936666666666667 0.7419154228855721 0.353 0.7419154228855721 0.353 0.6274875621890548 0.2936666666666667 0.6274875621890548 0.2936666666666667 0.7419154228855721
0 0.04833333333333333 0.32960199004975127 0.105 0.32960199004975127 0.105 0.21641791044776118 0.04833333333333333 0.21641791044776118 0.04833333333333333 0.32960199004975127
0 0.9326666666666666 0.9558457711442786 0.9753333333333334 0.9558457711442786 0.9753333333333334 0.8650497512437811 0.9326666666666666 0.8650497512437811 0.9326666666666666 0.9558457711442786
0 0.37066666666666664 0 0.37066666666666664 0.03731343283582089 0.418 0.03731343283582089 0.418 0 0.37066666666666664 0