0 0.3997524752475248 0.9067796610169492 0.5061881188118812 0.9067796610169492 0.5061881188118812 0.788135593220339 0.3997524752475248 0.788135593220339 0.3997524752475248 0.9067796610169492
0 0.46905940594059403 0.6949152542372882 0.568069306930693 0.6949152542372882 0.568069306930693 0.5903954802259888 0.46905940594059403 0.5903954802259888 0.46905940594059403 0.6949152542372882
0 0.25742574257425743 0.6398305084745762 0.36386138613861385 0.6398305084745762 0.36386138613861385 0.5494350282485876 0.25742574257425743 0.5494350282485876 0.25742574257425743 0.6398305084745762
0 0.3069306930693069 0.9957627118644068 0.40594059405940597 0.9957627118644068 0.40594059405940597 0.8912429378531074 0.3069306930693069 0.8912429378531074 0.3069306930693069 0.9957627118644068
0 0.8193069306930693 0.461864406779661 0.9183168316831684 0.461864406779661 0.9183168316831684 0.365819209039548 0.8193069306930693 0.365819209039548 0.8193069306930693 0.461864406779661
0 0.6670792079207921 0.518361581920904 0.7636138613861386 0.518361581920904 0.7636138613861386 0.4279661016949153 0.6670792079207921 0.4279661016949153 0.6670792079207921 0.518361581920904
0 0.5594059405940595 0.768361581920904 0.6806930693069307 0.768361581920904 0.6806930693069307 0.6299435028248588 0.5594059405940595 0.6299435028248588 0.5594059405940595 0.768361581920904
0 0.6547029702970297 0.655367231638418 0.7512376237623762 0.655367231638418 0.7512376237623762 0.5536723163841808 0.6547029702970297 0.5536723163841808 0.6547029702970297 0.655367231638418
0 0.25742574257425743 0.5508474576271186 0.3564356435643564 0.5508474576271186 0.3564356435643564 0.4661016949152542 0.25742574257425743 0.4661016949152542 0.25742574257425743 0.5508474576271186
0 0.13242574257425743 0.5480225988700564 0.20668316831683167 0.5480225988700564 0.20668316831683167 0.4519774011299435 0.13242574257425743 0.4519774011299435 0.13242574257425743 0.5480225988700564
0 0.4344059405940594 0.11016949152542373 0.5111386138613861 0.11016949152542373 0.5111386138613861 0.02824858757062147 0.4344059405940594 0.02824858757062147 0.4344059405940594 0.11016949152542373
0 0.2400990099009901 0.963276836158192 0.3415841584158416 0.963276836158192 0.3415841584158416 0.8531073446327684 0.2400990099009901 0.8531073446327684 0.2400990099009901 0.963276836158192
0 0.7462871287128713 0.556497175141243 0.8428217821782178 0.556497175141243 0.8428217821782178 0.4576271186440678 0.7462871287128713 0.4576271186440678 0.7462871287128713 0.556497175141243
0 0.551980198019802 0 0.551980198019802 0.062146892655367235 0.6188118811881188 0.062146892655367235 0.6188118811881188 0 0.551980198019802 0
0 0.5891089108910891 0.4096045197740113 0.6881188118811881 0.4096045197740113 0.6881188118811881 0.3135593220338983 0.5891089108910891 0.3135593220338983 0.5891089108910891 0.4096045197740113
0 0.5198019801980198 0.5070621468926554 0.6089108910891089 0.5070621468926554 0.6089108910891089 0.3997175141242938 0.5198019801980198 0.3997175141242938 0.5198019801980198 0.5070621468926554
0 0.6138613861386139 0.480225988700565 0.6955445544554455 0.480225988700565 0.6955445544554455 0.3757062146892655 0.6138613861386139 0.3757062146892655 0.6138613861386139 0.480225988700565