0 0.4963592233009709 0.6771356783919598 0.5788834951456311 0.6771356783919598 0.5788834951456311 0.5540201005025126 0.4963592233009709 0.5540201005025126 0.4963592233009709 0.6771356783919598
0 0.6686893203883495 0.20100502512562815 0.7439320388349514 0.20100502512562815 0.7439320388349514 0.10301507537688442 0.6686893203883495 0.10301507537688442 0.6686893203883495 0.20100502512562815
0 0.09101941747572816 0.678391959798995 0.17597087378640777 0.678391959798995 0.17597087378640777 0.542713567839196 0.09101941747572816 0.542713567839196 0.09101941747572816 0.678391959798995
0 0.27427184466019416 0.22110552763819097 0.34951456310679613 0.22110552763819097 0.34951456310679613 0.12814070351758794 0.27427184466019416 0.12814070351758794 0.27427184466019416 0.22110552763819097
0 0.32038834951456313 0.550251256281407 0.40048543689320387 0.550251256281407 0.40048543689320387 0.4271356783919598 0.32038834951456313 0.4271356783919598 0.32038834951456313 0.550251256281407
0 0.25606796116504854 0.6683417085427136 0.33859223300970875 0.6683417085427136 0.33859223300970875 0.5527638190954773 0.25606796116504854 0.5527638190954773 0.25606796116504854 0.6683417085427136
0 0.45024271844660196 0.21608040201005024 0.5157766990291263 0.21608040201005024 0.5157766990291263 0.12562814070351758 0.45024271844660196 0.12562814070351758 0.45024271844660196 0.21608040201005024
0 0.25849514563106796 0.5678391959798995 0.345873786407767 0.5678391959798995 0.345873786407767 0.46984924623115576 0.25849514563106796 0.46984924623115576 0.25849514563106796 0.5678391959798995
0 0.17354368932038836 0.2537688442211055 0.27305825242718446 0.2537688442211055 0.27305825242718446 0.14321608040201006 0.17354368932038836 0.14321608040201006 0.17354368932038836 0.2537688442211055
0 1 0.5314070351758794 0.9781553398058253 0.5314070351758794 0.9781553398058253 0.5741206030150754 1 0.5741206030150754 1 0.5314070351758794
0 0 0.5791457286432161 0.024271844660194174 0.5791457286432161 0.024271844660194174 0.4635678391959799 0 0.4635678391959799 0 0.5791457286432161
0 0.16747572815533981 0.2135678391959799 0.2645631067961165 0.2135678391959799 0.2645631067961165 0.1306532663316583 0.16747572815533981 0.1306532663316583 0.16747572815533981 0.2135678391959799