0 0.10677530017152659 0.18571428571428572 0.18053173241852488 0.18571428571428572 0.18053173241852488 0.03015873015873016 0.10677530017152659 0.03015873015873016 0.10677530017152659 0.18571428571428572
0 0.1350771869639794 0.7952380952380952 0.23198970840480274 0.7952380952380952 0.23198970840480274 0.5968253968253968 0.1350771869639794 0.5968253968253968 0.1350771869639794 0.7952380952380952
0 0.5673241852487135 0.9238095238095239 0.6599485420240138 0.9238095238095239 0.6599485420240138 0.726984126984127 0.5673241852487135 0.726984126984127 0.5673241852487135 0.9238095238095239
0 0.6629502572898799 0.5571428571428572 0.7392795883361921 0.5571428571428572 0.7392795883361921 0.3873015873015873 0.6629502572898799 0.3873015873015873 0.6629502572898799 0.5571428571428572
0 0.07761578044596913 0.5134920634920634 0.16337907375643224 0.5134920634920634 0.16337907375643224 0.33095238095238094 0.07761578044596913 0.33095238095238094 0.07761578044596913 0.5134920634920634
0 0.8927958833619211 0.903968253968254 0.9708404802744426 0.903968253968254 0.9708404802744426 0.7357142857142858 0.8927958833619211 0.7357142857142858 0.8927958833619211 0.903968253968254
0 0.3747855917667238 0.18333333333333332 0.45197255574614065 0.18333333333333332 0.45197255574614065 0.0373015873015873 0.3747855917667238 0.0373015873015873 0.3747855917667238 0.18333333333333332
0 0.027015437392795882 0.20317460317460317 0.10506003430531732 0.20317460317460317 0.10506003430531732 0.04285714285714286 0.027015437392795882 0.04285714285714286 0.027015437392795882 0.20317460317460317
0 0.8443396226415094 0.5246031746031746 0.9060891938250428 0.5246031746031746 0.9060891938250428 0.3738095238095238 0.8443396226415094 0.3738095238095238 0.8443396226415094 0.5246031746031746
0 0.48284734133790735 0.8595238095238096 0.5720411663807891 0.8595238095238096 0.5720411663807891 0.6706349206349206 0.48284734133790735 0.6706349206349206 0.48284734133790735 0.8595238095238096
0 0.12735849056603774 0.4119047619047619 0.21226415094339623 0.4119047619047619 0.21226415094339623 0.23412698412698413 0.12735849056603774 0.23412698412698413 0.12735849056603774 0.4119047619047619
0 0.6813893653516295 0.8492063492063492 0.7620068610634648 0.8492063492063492 0.7620068610634648 0.6714285714285714 0.6813893653516295 0.6714285714285714 0.6813893653516295 0.8492063492063492
0 0.5557461406518011 0 0.5557461406518011 0.12380952380952381 0.6217838765008576 0.12380952380952381 0.6217838765008576 0 0.5557461406518011 0
0 0.7367066895368782 0.5984126984126984 0.8216123499142367 0.5984126984126984 0.8216123499142367 0.42698412698412697 0.7367066895368782 0.42698412698412697 0.7367066895368782 0.5984126984126984
0 0.9189536878216124 0.7666666666666667 0.9935677530017153 0.7666666666666667 0.9935677530017153 0.5920634920634921 0.9189536878216124 0.5920634920634921 0.9189536878216124 0.7666666666666667
0 0.6423670668953688 0.15873015873015872 0.7066895368782161 0.15873015873015872 0.7066895368782161 0.007936507936507936 0.6423670668953688 0.007936507936507936 0.6423670668953688 0.15873015873015872
0 0.1792452830188679 0.669047619047619 0.25900514579759865 0.669047619047619 0.25900514579759865 0.49444444444444446 0.1792452830188679 0.49444444444444446 0.1792452830188679 0.669047619047619
0 0.8670668953687821 0.19444444444444445 0.9288164665523156 0.19444444444444445 0.9288164665523156 0.05952380952380952 0.8670668953687821 0.05952380952380952 0.8670668953687821 0.19444444444444445
0 0.5964837049742711 0.7738095238095238 0.6822469982847341 0.7738095238095238 0.6822469982847341 0.6134920634920635 0.5964837049742711 0.6134920634920635 0.5964837049742711 0.7738095238095238
0 0.6775300171526587 0.373015873015873 0.7469982847341338 0.373015873015873 0.7469982847341338 0.22857142857142856 0.6775300171526587 0.22857142857142856 0.6775300171526587 0.373015873015873
0 0.7585763293310464 0.46904761904761905 0.8323327615780446 0.46904761904761905 0.8323327615780446 0.34365079365079365 0.7585763293310464 0.34365079365079365 0.7585763293310464 0.46904761904761905
0 0.8036020583190394 0.1619047619047619 0.8584905660377359 0.1619047619047619 0.8584905660377359 0.025396825396825397 0.8036020583190394 0.025396825396825397 0.8036020583190394 0.1619047619047619
0 0.7054030874785592 0.18492063492063493 0.7714408233276158 0.18492063492063493 0.7714408233276158 0.05952380952380952 0.7054030874785592 0.05952380952380952 0.7054030874785592 0.18492063492063493
0 0.5883361921097771 1 0.5883361921097771 0.8888888888888888 0.4897084048027444 0.8888888888888888 0.4897084048027444 1 0.5883361921097771 1
0 0.8743567753001715 1 0.8743567753001715 0.9222222222222223 0.7937392795883362 0.9222222222222223 0.7937392795883362 1 0.8743567753001715 1
0 0.8194682675814752 0.6531746031746032 0.8863636363636364 0.6531746031746032 0.8863636363636364 0.49126984126984125 0.8194682675814752 0.49126984126984125 0.8194682675814752 0.6531746031746032
0 0.6899656946826758 0.2563492063492063 0.7551457975986278 0.2563492063492063 0.7551457975986278 0.14206349206349206 0.6899656946826758 0.14206349206349206 0.6899656946826758 0.2563492063492063
0 0.9395368782161235 0.9992063492063492 0.9995711835334476 0.9992063492063492 0.9995711835334476 0.903968253968254 0.9395368782161235 0.903968253968254 0.9395368782161235 0.9992063492063492
0 0.839622641509434 0.7476190476190476 0.8867924528301887 0.7476190476190476 0.8867924528301887 0.653968253968254 0.839622641509434 0.653968253968254 0.839622641509434 0.7476190476190476
0 1 0.8063492063492064 0.9828473413379074 0.8063492063492064 0.9828473413379074 0.8984126984126984 1 0.8984126984126984 1 0.8063492063492064
0 0.6792452830188679 0 0.6792452830188679 0.06507936507936508 0.7375643224699828 0.06507936507936508 0.7375643224699828 0 0.6792452830188679 0
0 0.8147512864493996 0 0.8147512864493996 0.06349206349206349 0.8713550600343053 0.06349206349206349 0.8713550600343053 0 0.8147512864493996 0
0 0.5926243567753001 0.9992063492063492 0.6663807890222985 0.9992063492063492 0.6663807890222985 0.9611111111111111 0.5926243567753001 0.9611111111111111 0.5926243567753001 0.9992063492063492
0 0.8679245283018868 0 0.8679245283018868 0.047619047619047616 0.9099485420240138 0.047619047619047616 0.9099485420240138 0 0.8679245283018868 0