0 0.23951342281879195 0.500965250965251 0.31166107382550334 0.500965250965251 0.31166107382550334 0.333011583011583 0.23951342281879195 0.333011583011583 0.23951342281879195 0.500965250965251
0 0.3447986577181208 0.36196911196911197 0.41023489932885904 0.36196911196911197 0.41023489932885904 0.21138996138996138 0.3447986577181208 0.21138996138996138 0.3447986577181208 0.36196911196911197
0 0.9072986577181208 0.6515444015444015 0.9710570469798657 0.6515444015444015 0.9710570469798657 0.472007722007722 0.9072986577181208 0.472007722007722 0.9072986577181208 0.6515444015444015
0 0.9312080536912751 0.3909266409266409 0.9798657718120806 0.3909266409266409 0.9798657718120806 0.25965250965250963 0.9312080536912751 0.25965250965250963 0.9312080536912751 0.3909266409266409
0 0.7361577181208053 0.8214285714285714 0.80998322147651 0.8214285714285714 0.80998322147651 0.6206563706563707 0.7361577181208053 0.6206563706563707 0.7361577181208053 0.8214285714285714
0 0.800755033557047 0.37741312741312744 0.8561241610738255 0.37741312741312744 0.8561241610738255 0.19401544401544402 0.800755033557047 0.19401544401544402 0.800755033557047 0.37741312741312744
0 0.9383389261744967 0.1583011583011583 0.9911912751677853 0.1583011583011583 0.9911912751677853 0.023166023166023165 0.9383389261744967 0.023166023166023165 0.9383389261744967 0.1583011583011583
0 0.2953020134228188 0.38223938223938225 0.3548657718120805 0.38223938223938225 0.3548657718120805 0.23745173745173745 0.2953020134228188 0.23745173745173745 0.2953020134228188 0.38223938223938225
0 0.30956375838926176 0.2277992277992278 0.37416107382550334 0.2277992277992278 0.37416107382550334 0.059845559845559844 0.30956375838926176 0.059845559845559844 0.30956375838926176 0.2277992277992278
0 0.8200503355704698 0.8416988416988417 0.9005872483221476 0.8416988416988417 0.9005872483221476 0.6795366795366795 0.8200503355704698 0.6795366795366795 0.8200503355704698 0.8416988416988417
0 0.8800335570469798 0.8996138996138996 0.9513422818791947 0.8996138996138996 0.9513422818791947 0.7683397683397684 0.8800335570469798 0.7683397683397684 0.8800335570469798 0.8996138996138996
0 0.8200503355704698 0.944980694980695 0.897231543624161 0.944980694980695 0.897231543624161 0.8388030888030888 0.8200503355704698 0.8388030888030888 0.8200503355704698 0.944980694980695
0 0.26929530201342283 0.30405405405405406 0.33976510067114096 0.30405405405405406 0.33976510067114096 0.15733590733590733 0.26929530201342283 0.15733590733590733 0.26929530201342283 0.30405405405405406
0 0.48196308724832215 0.2528957528957529 0.5373322147651006 0.2528957528957529 0.5373322147651006 0.12162162162162163 0.48196308724832215 0.12162162162162163 0.48196308724832215 0.2528957528957529