0 0.3288590604026846 0.5878378378378378 0.39848993288590606 0.5878378378378378 0.39848993288590606 0.41023166023166024 0.3288590604026846 0.41023166023166024 0.3288590604026846 0.5878378378378378
0 0.927013422818792 0.361003861003861 0.9823825503355704 0.361003861003861 0.9823825503355704 0.21621621621621623 0.927013422818792 0.21621621621621623 0.927013422818792 0.361003861003861
0 0.4312080536912752 0.4971042471042471 0.49580536912751677 0.4971042471042471 0.49580536912751677 0.31177606177606176 0.4312080536912752 0.31177606177606176 0.4312080536912752 0.4971042471042471
0 0.3687080536912752 0.5260617760617761 0.4408557046979866 0.5260617760617761 0.4408557046979866 0.35231660231660233 0.3687080536912752 0.35231660231660233 0.3687080536912752 0.5260617760617761
0 0.949244966442953 0.10907335907335908 0.9920302013422819 0.10907335907335908 0.9920302013422819 0.0009652509652509653 0.949244966442953 0.0009652509652509653 0.949244966442953 0.10907335907335908
0 0.24035234899328858 0.6245173745173745 0.3150167785234899 0.6245173745173745 0.3150167785234899 0.4971042471042471 0.24035234899328858 0.4971042471042471 0.24035234899328858 0.6245173745173745
0 0.39052013422818793 0.2519305019305019 0.4509228187919463 0.2519305019305019 0.4509228187919463 0.1361003861003861 0.39052013422818793 0.1361003861003861 0.39052013422818793 0.2519305019305019
0 0.44798657718120805 0.32722007722007723 0.5083892617449665 0.32722007722007723 0.5083892617449665 0.1554054054054054 0.44798657718120805 0.1554054054054054 0.44798657718120805 0.32722007722007723
0 0.33808724832214765 0.22007722007722008 0.40184563758389263 0.22007722007722008 0.40184563758389263 0.09652509652509653 0.33808724832214765 0.09652509652509653 0.33808724832214765 0.22007722007722008
0 0.2231543624161074 0.3735521235521235 0.29194630872483224 0.3735521235521235 0.29194630872483224 0.2249034749034749 0.2231543624161074 0.2249034749034749 0.2231543624161074 0.3735521235521235
0 0.26929530201342283 0.5202702702702703 0.33808724832214765 0.5202702702702703 0.33808724832214765 0.3503861003861004 0.26929530201342283 0.3503861003861004 0.26929530201342283 0.5202702702702703
0 0.8980704697986577 0.14671814671814673 0.949244966442953 0.14671814671814673 0.949244966442953 0.013513513513513514 0.8980704697986577 0.013513513513513514 0.8980704697986577 0.14671814671814673
0 0.39093959731543626 0.15926640926640925 0.46308724832214765 0.15926640926640925 0.46308724832214765 0.006756756756756757 0.39093959731543626 0.006756756756756757 0.39093959731543626 0.15926640926640925
0 0.4450503355704698 0 0.4450503355704698 0.0888030888030888 0.5096476510067114 0.0888030888030888 0.5096476510067114 0 0.4450503355704698 0
0 0.1782718120805369 0.5675675675675675 0.2462248322147651 0.5675675675675675 0.2462248322147651 0.4517374517374517 0.1782718120805369 0.4517374517374517 0.1782718120805369 0.5675675675675675
0 0.3313758389261745 0.4034749034749035 0.4001677852348993 0.4034749034749035 0.4001677852348993 0.28185328185328185 0.3313758389261745 0.28185328185328185 0.3313758389261745 0.4034749034749035
0 0.28565436241610737 0.35424710424710426 0.3351510067114094 0.35424710424710426 0.3351510067114094 0.24613899613899615 0.28565436241610737 0.24613899613899615 0.28565436241610737 0.35424710424710426