0 0.2882262996941896 0.865234375 0.3830275229357798 0.865234375 0.3830275229357798 0.708984375 0.2882262996941896 0.708984375 0.2882262996941896 0.865234375
0 0.1827217125382263 0.998046875 0.29128440366972475 0.998046875 0.29128440366972475 0.84765625 0.1827217125382263 0.84765625 0.1827217125382263 0.998046875
0 0.20259938837920488 0.228515625 0.2775229357798165 0.228515625 0.2775229357798165 0.09765625 0.20259938837920488 0.09765625 0.20259938837920488 0.228515625
0 0.07415902140672782 0.8173828125 0.14908256880733944 0.8173828125 0.14908256880733944 0.6689453125 0.07415902140672782 0.6689453125 0.07415902140672782 0.8173828125
0 0.37155963302752293 0.298828125 0.44954128440366975 0.298828125 0.44954128440366975 0.166015625 0.37155963302752293 0.166015625 0.37155963302752293 0.298828125
0 0.13685015290519878 0.87890625 0.23470948012232415 0.87890625 0.23470948012232415 0.716796875 0.13685015290519878 0.716796875 0.13685015290519878 0.87890625
0 0.03746177370030581 0.6904296875 0.12614678899082568 0.6904296875 0.12614678899082568 0.5400390625 0.03746177370030581 0.5400390625 0.03746177370030581 0.6904296875
0 0.6207951070336392 0.9345703125 0.7140672782874617 0.9345703125 0.7140672782874617 0.7529296875 0.6207951070336392 0.7529296875 0.6207951070336392 0.9345703125
0 0.8715596330275229 0.2275390625 0.9571865443425076 0.2275390625 0.9571865443425076 0.0634765625 0.8715596330275229 0.0634765625 0.8715596330275229 0.2275390625
0 0.6529051987767585 0.6416015625 0.7614678899082569 0.6416015625 0.7614678899082569 0.4638671875 0.6529051987767585 0.4638671875 0.6529051987767585 0.6416015625
0 0.7003058103975535 0.373046875 0.7996941896024465 0.373046875 0.7996941896024465 0.193359375 0.7003058103975535 0.193359375 0.7003058103975535 0.373046875
0 0.7805810397553516 0.3740234375 0.8692660550458715 0.3740234375 0.8692660550458715 0.2158203125 0.7805810397553516 0.2158203125 0.7805810397553516 0.3740234375
0 0.7492354740061162 0.1884765625 0.8654434250764526 0.1884765625 0.8654434250764526 0.0419921875 0.7492354740061162 0.0419921875 0.7492354740061162 0.1884765625
0 0.4938837920489297 0.7724609375 0.6024464831804281 0.7724609375 0.6024464831804281 0.5810546875 0.4938837920489297 0.5810546875 0.4938837920489297 0.7724609375
0 0.5764525993883792 0.8134765625 0.6834862385321101 0.8134765625 0.6834862385321101 0.6337890625 0.5764525993883792 0.6337890625 0.5764525993883792 0.8134765625
0 0.900611620795107 0 0.900611620795107 0.068359375 0.981651376146789 0.068359375 0.981651376146789 0 0.900611620795107 0