0 0.17660550458715596 0.9990234375 0.28363914373088683 0.9990234375 0.28363914373088683 0.8544921875 0.17660550458715596 0.8544921875 0.17660550458715596 0.9990234375
0 0.286697247706422 0.8681640625 0.3845565749235474 0.8681640625 0.3845565749235474 0.7080078125 0.286697247706422 0.7080078125 0.286697247706422 0.8681640625
0 0.20412844036697247 0.216796875 0.2759938837920489 0.216796875 0.2759938837920489 0.09765625 0.20412844036697247 0.09765625 0.20412844036697247 0.216796875
0 0.13761467889908258 0.8759765625 0.2324159021406728 0.8759765625 0.2324159021406728 0.7177734375 0.13761467889908258 0.7177734375 0.13761467889908258 0.8759765625
0 0.617737003058104 0.9365234375 0.7125382262996942 0.9365234375 0.7125382262996942 0.7509765625 0.617737003058104 0.7509765625 0.617737003058104 0.9365234375
0 0.4954128440366973 0.77734375 0.6024464831804281 0.77734375 0.6024464831804281 0.59375 0.4954128440366973 0.59375 0.4954128440366973 0.77734375
0 0.039755351681957186 0.6865234375 0.12538226299694188 0.6865234375 0.12538226299694188 0.5439453125 0.039755351681957186 0.5439453125 0.039755351681957186 0.6865234375
0 0.6995412844036697 0.3447265625 0.7897553516819572 0.3447265625 0.7897553516819572 0.1962890625 0.6995412844036697 0.1962890625 0.6995412844036697 0.3447265625
0 0.37079510703363916 0.3056640625 0.4518348623853211 0.3056640625 0.4518348623853211 0.1650390625 0.37079510703363916 0.1650390625 0.37079510703363916 0.3056640625
0 0.6551987767584098 0.6240234375 0.7561162079510704 0.6240234375 0.7561162079510704 0.4697265625 0.6551987767584098 0.4697265625 0.6551987767584098 0.6240234375
0 0.8723241590214067 0.220703125 0.9564220183486238 0.220703125 0.9564220183486238 0.0625 0.8723241590214067 0.0625 0.8723241590214067 0.220703125
0 0.7492354740061162 0.1865234375 0.8363914373088684 0.1865234375 0.8363914373088684 0.0458984375 0.7492354740061162 0.0458984375 0.7492354740061162 0.1865234375
0 0.7805810397553516 0.373046875 0.8585626911314985 0.373046875 0.8585626911314985 0.21484375 0.7805810397553516 0.21484375 0.7805810397553516 0.373046875
0 0.573394495412844 0.8154296875 0.6834862385321101 0.8154296875 0.6834862385321101 0.6533203125 0.573394495412844 0.6533203125 0.573394495412844 0.8154296875
0 0.07492354740061162 0.8095703125 0.14984709480122324 0.8095703125 0.14984709480122324 0.6708984375 0.07492354740061162 0.6708984375 0.07492354740061162 0.8095703125
0 0.9029051987767585 0 0.9029051987767585 0.068359375 0.9793577981651376 0.068359375 0.9793577981651376 0 0.9029051987767585 0
0 1 0.9267578125 0.9831804281345565 0.9267578125 0.9831804281345565 0.9990234375 1 0.9990234375 1 0.9267578125