0 0.375 0.9183417085427136 0.46480582524271846 0.9183417085427136 0.46480582524271846 0.7977386934673367 0.375 0.7977386934673367 0.375 0.9183417085427136
0 0.0048543689320388345 0.20979899497487436 0.08980582524271845 0.20979899497487436 0.08980582524271845 0.11180904522613065 0.0048543689320388345 0.11180904522613065 0.0048543689320388345 0.20979899497487436
0 0.5182038834951457 0.20728643216080403 0.595873786407767 0.20728643216080403 0.595873786407767 0.10427135678391959 0.5182038834951457 0.10427135678391959 0.5182038834951457 0.20728643216080403
0 0.816747572815534 0.6306532663316583 0.9089805825242718 0.6306532663316583 0.9089805825242718 0.5125628140703518 0.816747572815534 0.5125628140703518 0.816747572815534 0.6306532663316583
0 0.7718446601941747 0.1934673366834171 0.8470873786407767 0.1934673366834171 0.8470873786407767 0.09547738693467336 0.7718446601941747 0.09547738693467336 0.7718446601941747 0.1934673366834171
0 0.10800970873786407 0.30527638190954776 0.1953883495145631 0.30527638190954776 0.1953883495145631 0.20477386934673367 0.10800970873786407 0.20477386934673367 0.10800970873786407 0.30527638190954776
0 0.8932038834951457 0.1972361809045226 0.9660194174757282 0.1972361809045226 0.9660194174757282 0.0942211055276382 0.8932038834951457 0.0942211055276382 0.8932038834951457 0.1972361809045226
0 0.30339805825242716 0.6407035175879398 0.39563106796116504 0.6407035175879398 0.39563106796116504 0.5100502512562815 0.30339805825242716 0.5100502512562815 0.30339805825242716 0.6407035175879398
0 0.7135922330097088 0.6758793969849246 0.8155339805825242 0.6758793969849246 0.8155339805825242 0.550251256281407 0.7135922330097088 0.550251256281407 0.7135922330097088 0.6758793969849246
0 0.12985436893203883 0.2135678391959799 0.20509708737864077 0.2135678391959799 0.20509708737864077 0.1306532663316583 0.12985436893203883 0.1306532663316583 0.12985436893203883 0.2135678391959799
0 0.8252427184466019 0.5138190954773869 0.9004854368932039 0.5138190954773869 0.9004854368932039 0.41331658291457285 0.8252427184466019 0.41331658291457285 0.8252427184466019 0.5138190954773869
0 0.7390776699029126 0.5728643216080402 0.8216019417475728 0.5728643216080402 0.8216019417475728 0.45979899497487436 0.7390776699029126 0.45979899497487436 0.7390776699029126 0.5728643216080402
0 0.8980582524271845 0.5540201005025126 0.9830097087378641 0.5540201005025126 0.9830097087378641 0.435929648241206 0.8980582524271845 0.435929648241206 0.8980582524271845 0.5540201005025126
0 1 0.5138190954773869 0.9223300970873787 0.5138190954773869 0.9223300970873787 0.6344221105527639 1 0.6344221105527639 1 0.5138190954773869