0 0.724009900990099 0.5268361581920904 0.823019801980198 0.5268361581920904 0.823019801980198 0.4194915254237288 0.724009900990099 0.4194915254237288 0.724009900990099 0.5268361581920904
0 0.8638613861386139 0.4096045197740113 0.9727722772277227 0.4096045197740113 0.9727722772277227 0.2824858757062147 0.8638613861386139 0.2824858757062147 0.8638613861386139 0.4096045197740113
0 0.09034653465346534 0.7274011299435028 0.18688118811881188 0.7274011299435028 0.18688118811881188 0.6228813559322034 0.09034653465346534 0.6228813559322034 0.09034653465346534 0.7274011299435028
0 0.40222772277227725 0.9590395480225988 0.5037128712871287 0.9590395480225988 0.5037128712871287 0.8488700564971752 0.40222772277227725 0.8488700564971752 0.40222772277227725 0.9590395480225988
0 0.7685643564356436 0.3531073446327684 0.8601485148514851 0.3531073446327684 0.8601485148514851 0.2570621468926554 0.7685643564356436 0.2570621468926554 0.7685643564356436 0.3531073446327684
0 0.5606435643564357 0.3163841807909605 0.6621287128712872 0.3163841807909605 0.6621287128712872 0.2344632768361582 0.5606435643564357 0.2344632768361582 0.5606435643564357 0.3163841807909605
0 0.573019801980198 0.5833333333333334 0.6695544554455446 0.5833333333333334 0.6695544554455446 0.481638418079096 0.573019801980198 0.481638418079096 0.573019801980198 0.5833333333333334
0 0.4962871287128713 0.748587570621469 0.6027227722772277 0.748587570621469 0.6027227722772277 0.6610169491525424 0.4962871287128713 0.6610169491525424 0.4962871287128713 0.748587570621469
0 0.4319306930693069 0.24717514124293785 0.5012376237623762 0.24717514124293785 0.5012376237623762 0.16242937853107345 0.4319306930693069 0.16242937853107345 0.4319306930693069 0.24717514124293785
0 0.6448019801980198 0.6257062146892656 0.7339108910891089 0.6257062146892656 0.7339108910891089 0.5098870056497176 0.6448019801980198 0.5098870056497176 0.6448019801980198 0.6257062146892656
0 0.8056930693069307 0.1977401129943503 0.8849009900990099 0.1977401129943503 0.8849009900990099 0.09887005649717515 0.8056930693069307 0.09887005649717515 0.8056930693069307 0.1977401129943503
0 0.5544554455445545 0.23728813559322035 0.6485148514851485 0.23728813559322035 0.6485148514851485 0.1638418079096045 0.5544554455445545 0.1638418079096045 0.5544554455445545 0.23728813559322035
0 0.49257425742574257 0.8488700564971752 0.6014851485148515 0.8488700564971752 0.6014851485148515 0.75 0.49257425742574257 0.75 0.49257425742574257 0.8488700564971752
0 1 0.22033898305084745 0.943069306930693 0.22033898305084745 0.943069306930693 0.3135593220338983 1 0.3135593220338983 1 0.22033898305084745
0 0.27722772277227725 0.9957627118644068 0.3811881188118812 0.9957627118644068 0.3811881188118812 0.9251412429378532 0.27722772277227725 0.9251412429378532 0.27722772277227725 0.9957627118644068
0 0.9443069306930693 0.2019774011299435 0.9987623762376238 0.2019774011299435 0.9987623762376238 0.12005649717514125 0.9443069306930693 0.12005649717514125 0.9443069306930693 0.2019774011299435
0 0.8910891089108911 0.17231638418079095 0.9653465346534653 0.17231638418079095 0.9653465346534653 0.07627118644067797 0.8910891089108911 0.07627118644067797 0.8910891089108911 0.17231638418079095
0 0.8626237623762376 0.11581920903954802 0.9492574257425742 0.11581920903954802 0.9492574257425742 0.031073446327683617 0.8626237623762376 0.031073446327683617 0.8626237623762376 0.11581920903954802
0 0.17698019801980197 0.9957627118644068 0.27103960396039606 0.9957627118644068 0.27103960396039606 0.9505649717514124 0.17698019801980197 0.9505649717514124 0.17698019801980197 0.9957627118644068