0 0.10436893203883495 0.3065326633165829 0.18689320388349515 0.3065326633165829 0.18689320388349515 0.20351758793969849 0.10436893203883495 0.20351758793969849 0.10436893203883495 0.3065326633165829
0 0.0048543689320388345 0.20979899497487436 0.08737864077669903 0.20979899497487436 0.08737864077669903 0.11180904522613065 0.0048543689320388345 0.11180904522613065 0.0048543689320388345 0.20979899497487436
0 0.36771844660194175 0.9183417085427136 0.4575242718446602 0.9183417085427136 0.4575242718446602 0.800251256281407 0.36771844660194175 0.800251256281407 0.36771844660194175 0.9183417085427136
0 0.5145631067961165 0.20603015075376885 0.5922330097087378 0.20603015075376885 0.5922330097087378 0.10301507537688442 0.5145631067961165 0.10301507537688442 0.5145631067961165 0.20603015075376885
0 0.7694174757281553 0.19472361809045227 0.8422330097087378 0.19472361809045227 0.8422330097087378 0.09170854271356783 0.7694174757281553 0.09170854271356783 0.7694174757281553 0.19472361809045227
0 0.30097087378640774 0.6444723618090452 0.3883495145631068 0.6444723618090452 0.3883495145631068 0.5113065326633166 0.30097087378640774 0.5113065326633166 0.30097087378640774 0.6444723618090452
0 0.8919902912621359 0.1972361809045226 0.962378640776699 0.1972361809045226 0.962378640776699 0.0942211055276382 0.8919902912621359 0.0942211055276382 0.8919902912621359 0.1972361809045226
0 0.8155339805825242 0.6331658291457286 0.9029126213592233 0.6331658291457286 0.9029126213592233 0.5125628140703518 0.8155339805825242 0.5125628140703518 0.8155339805825242 0.6331658291457286
0 0.12742718446601942 0.21105527638190955 0.20266990291262135 0.21105527638190955 0.20266990291262135 0.12814070351758794 0.12742718446601942 0.12814070351758794 0.12742718446601942 0.21105527638190955
0 0.8203883495145631 0.5125628140703518 0.8956310679611651 0.5125628140703518 0.8956310679611651 0.4120603015075377 0.8203883495145631 0.4120603015075377 0.8203883495145631 0.5125628140703518
0 0.7099514563106796 0.6771356783919598 0.8021844660194175 0.6771356783919598 0.8021844660194175 0.5515075376884422 0.7099514563106796 0.5515075376884422 0.7099514563106796 0.6771356783919598
0 0.8944174757281553 0.5527638190954773 0.9769417475728155 0.5527638190954773 0.9769417475728155 0.4371859296482412 0.8944174757281553 0.4371859296482412 0.8944174757281553 0.5527638190954773
0 0.7330097087378641 0.5766331658291457 0.8179611650485437 0.5766331658291457 0.8179611650485437 0.46608040201005024 0.7330097087378641 0.46608040201005024 0.7330097087378641 0.5766331658291457
0 0.9211165048543689 0.6319095477386935 0.9987864077669902 0.6319095477386935 0.9987864077669902 0.5113065326633166 0.9211165048543689 0.5113065326633166 0.9211165048543689 0.6319095477386935