0 0.3925619834710744 0.16358024691358025 0.46831955922865015 0.16358024691358025 0.46831955922865015 0.06481481481481481 0.3925619834710744 0.06481481481481481 0.3925619834710744 0.16358024691358025
0 0.5482093663911846 0.33641975308641975 0.6225895316804407 0.33641975308641975 0.6225895316804407 0.21707818930041153 0.5482093663911846 0.21707818930041153 0.5482093663911846 0.33641975308641975
0 0.6976584022038568 0.9969135802469136 0.8147382920110193 0.9969135802469136 0.8147382920110193 0.8569958847736625 0.6976584022038568 0.8569958847736625 0.6976584022038568 0.9969135802469136
0 0.8732782369146006 0.7129629629629629 0.9752066115702479 0.7129629629629629 0.9752066115702479 0.5524691358024691 0.8732782369146006 0.5524691358024691 0.8732782369146006 0.7129629629629629
0 0.07162534435261708 0.529835390946502 0.1418732782369146 0.529835390946502 0.1418732782369146 0.42489711934156377 0.07162534435261708 0.42489711934156377 0.07162534435261708 0.529835390946502
0 0.25413223140495866 0.5082304526748971 0.32300275482093666 0.5082304526748971 0.32300275482093666 0.4094650205761317 0.25413223140495866 0.4094650205761317 0.25413223140495866 0.5082304526748971
0 0.2548209366391185 0.3765432098765432 0.3333333333333333 0.3765432098765432 0.3333333333333333 0.2839506172839506 0.2548209366391185 0.2839506172839506 0.2548209366391185 0.3765432098765432
0 0.4951790633608815 0.09979423868312758 0.5571625344352618 0.09979423868312758 0.5571625344352618 0.00720164609053498 0.4951790633608815 0.00720164609053498 0.4951790633608815 0.09979423868312758
0 0.5564738292011019 0 0.5564738292011019 0.07613168724279835 0.628099173553719 0.07613168724279835 0.628099173553719 0 0.5564738292011019 0
0 0.19903581267217632 0.4783950617283951 0.27203856749311295 0.4783950617283951 0.27203856749311295 0.35905349794238683 0.19903581267217632 0.35905349794238683 0.19903581267217632 0.4783950617283951
0 0.44077134986225897 0 0.44077134986225897 0.0823045267489712 0.5068870523415978 0.0823045267489712 0.5068870523415978 0 0.44077134986225897 0
0 0.3278236914600551 0.13168724279835392 0.38980716253443526 0.13168724279835392 0.38980716253443526 0.043209876543209874 0.3278236914600551 0.043209876543209874 0.3278236914600551 0.13168724279835392
0 0.26239669421487605 0.29012345679012347 0.3285123966942149 0.29012345679012347 0.3285123966942149 0.21810699588477367 0.26239669421487605 0.21810699588477367 0.26239669421487605 0.29012345679012347
0 0.15702479338842976 0.4434156378600823 0.2190082644628099 0.4434156378600823 0.2190082644628099 0.3446502057613169 0.15702479338842976 0.3446502057613169 0.15702479338842976 0.4434156378600823
0 0.045454545454545456 0.6491769547325102 0.1184573002754821 0.6491769547325102 0.1184573002754821 0.5524691358024691 0.045454545454545456 0.5524691358024691 0.045454545454545456 0.6491769547325102
0 0.0048209366391184574 0.595679012345679 0.07920110192837465 0.595679012345679 0.07920110192837465 0.5030864197530864 0.0048209366391184574 0.5030864197530864 0.0048209366391184574 0.595679012345679