0 0.2882262996941896 0.8681640625 0.3845565749235474 0.8681640625 0.3845565749235474 0.7080078125 0.2882262996941896 0.7080078125 0.2882262996941896 0.8681640625
0 0.20336391437308868 0.2177734375 0.27675840978593275 0.2177734375 0.27675840978593275 0.0966796875 0.20336391437308868 0.0966796875 0.20336391437308868 0.2177734375
0 0.13837920489296637 0.873046875 0.23470948012232415 0.873046875 0.23470948012232415 0.71875 0.13837920489296637 0.71875 0.13837920489296637 0.873046875
0 0.17813455657492355 0.9990234375 0.286697247706422 0.9990234375 0.286697247706422 0.8564453125 0.17813455657492355 0.8564453125 0.17813455657492355 0.9990234375
0 0.7492354740061162 0.18359375 0.8425076452599388 0.18359375 0.8425076452599388 0.044921875 0.7492354740061162 0.044921875 0.7492354740061162 0.18359375
0 0.37003058103975534 0.3037109375 0.4541284403669725 0.3037109375 0.4541284403669725 0.1669921875 0.37003058103975534 0.1669921875 0.37003058103975534 0.3037109375
0 0.6207951070336392 0.9365234375 0.7155963302752294 0.9365234375 0.7155963302752294 0.7509765625 0.6207951070336392 0.7509765625 0.6207951070336392 0.9365234375
0 0.4984709480122324 0.7734375 0.6024464831804281 0.7734375 0.6024464831804281 0.59375 0.4984709480122324 0.59375 0.4984709480122324 0.7734375
0 0.8723241590214067 0.220703125 0.9564220183486238 0.220703125 0.9564220183486238 0.0625 0.8723241590214067 0.0625 0.8723241590214067 0.220703125
0 0.7003058103975535 0.34375 0.7889908256880734 0.34375 0.7889908256880734 0.203125 0.7003058103975535 0.203125 0.7003058103975535 0.34375
0 0.6536697247706422 0.6240234375 0.7561162079510704 0.6240234375 0.7561162079510704 0.4755859375 0.6536697247706422 0.4755859375 0.6536697247706422 0.6240234375
0 0.5756880733944955 0.8125 0.6811926605504587 0.8125 0.6811926605504587 0.646484375 0.5756880733944955 0.646484375 0.5756880733944955 0.8125
0 0.7805810397553516 0.37890625 0.8600917431192661 0.37890625 0.8600917431192661 0.22265625 0.7805810397553516 0.22265625 0.7805810397553516 0.37890625
0 0.03746177370030581 0.6884765625 0.1246177370030581 0.6884765625 0.1246177370030581 0.5322265625 0.03746177370030581 0.5322265625 0.03746177370030581 0.6884765625
0 0.0764525993883792 0.8125 0.15137614678899083 0.8125 0.15137614678899083 0.669921875 0.0764525993883792 0.669921875 0.0764525993883792 0.8125
0 0.8983180428134556 0 0.8983180428134556 0.068359375 0.9808868501529052 0.068359375 0.9808868501529052 0 0.8983180428134556 0