0 0.25922818791946306 0.37258687258687256 0.32298657718120805 0.37258687258687256 0.32298657718120805 0.2277992277992278 0.25922818791946306 0.2277992277992278 0.25922818791946306 0.37258687258687256
0 0.9001677852348994 0.8108108108108109 0.962248322147651 0.8108108108108109 0.962248322147651 0.6351351351351351 0.9001677852348994 0.6351351351351351 0.9001677852348994 0.8108108108108109
0 0.8125 0.22007722007722008 0.8729026845637584 0.22007722007722008 0.8729026845637584 0.07335907335907337 0.8125 0.07335907335907337 0.8125 0.22007722007722008
0 0.9412751677852349 0 0.9412751677852349 0.10810810810810811 0.9932885906040269 0.10810810810810811 0.9932885906040269 0 0.9412751677852349 0
0 0.20385906040268456 0.584942084942085 0.27768456375838924 0.584942084942085 0.27768456375838924 0.4555984555984556 0.20385906040268456 0.4555984555984556 0.20385906040268456 0.584942084942085
0 0.9190436241610739 0.4575289575289575 0.9760906040268457 0.4575289575289575 0.9760906040268457 0.3127413127413127 0.9190436241610739 0.3127413127413127 0.9190436241610739 0.4575289575289575
0 0.875 0.37258687258687256 0.9421140939597316 0.37258687258687256 0.9421140939597316 0.21042471042471042 0.875 0.21042471042471042 0.875 0.37258687258687256
0 0.8078859060402684 0.583976833976834 0.8817114093959731 0.583976833976834 0.8817114093959731 0.40444015444015446 0.8078859060402684 0.40444015444015446 0.8078859060402684 0.583976833976834
0 0.8729026845637584 0.5125482625482626 0.9383389261744967 0.5125482625482626 0.9383389261744967 0.3696911196911197 0.8729026845637584 0.3696911196911197 0.8729026845637584 0.5125482625482626
0 0.8804530201342282 0.22393822393822393 0.9391778523489933 0.22393822393822393 0.9391778523489933 0.11969111969111969 0.8804530201342282 0.11969111969111969 0.8804530201342282 0.22393822393822393
0 0.839765100671141 0.8735521235521235 0.9026845637583892 0.8735521235521235 0.9026845637583892 0.6824324324324325 0.839765100671141 0.6824324324324325 0.839765100671141 0.8735521235521235
0 0.9261744966442953 0.305984555984556 0.9815436241610739 0.305984555984556 0.9815436241610739 0.166988416988417 0.9261744966442953 0.166988416988417 0.9261744966442953 0.305984555984556
0 0.3150167785234899 0.3918918918918919 0.3846476510067114 0.3918918918918919 0.3846476510067114 0.27413127413127414 0.3150167785234899 0.27413127413127414 0.3150167785234899 0.3918918918918919