0 0.22898799313893653 0.580952380952381 0.3190394511149228 0.580952380952381 0.3190394511149228 0.39365079365079364 0.22898799313893653 0.39365079365079364 0.22898799313893653 0.580952380952381
0 0.5428816466552315 0.9626984126984127 0.6320754716981132 0.9626984126984127 0.6320754716981132 0.7785714285714286 0.5428816466552315 0.7785714285714286 0.5428816466552315 0.9626984126984127
0 0.7379931389365352 0.2761904761904762 0.8048885077186964 0.2761904761904762 0.8048885077186964 0.12222222222222222 0.7379931389365352 0.12222222222222222 0.7379931389365352 0.2761904761904762
0 0.1234991423670669 0.2714285714285714 0.20240137221269297 0.2714285714285714 0.20240137221269297 0.10158730158730159 0.1234991423670669 0.10158730158730159 0.1234991423670669 0.2714285714285714
0 0.5656089193825042 0.7246031746031746 0.6513722126929674 0.7246031746031746 0.6513722126929674 0.5404761904761904 0.5656089193825042 0.5404761904761904 0.5656089193825042 0.7246031746031746
0 0.23413379073756432 0.8825396825396825 0.330188679245283 0.8825396825396825 0.330188679245283 0.680952380952381 0.23413379073756432 0.680952380952381 0.23413379073756432 0.8825396825396825
0 0.05188679245283019 0.45396825396825397 0.13765008576329332 0.45396825396825397 0.13765008576329332 0.27936507936507937 0.05188679245283019 0.27936507936507937 0.05188679245283019 0.45396825396825397
0 0.11020583190394512 0.930952380952381 0.21226415094339623 0.930952380952381 0.21226415094339623 0.7309523809523809 0.11020583190394512 0.7309523809523809 0.11020583190394512 0.930952380952381
0 0.8520583190394511 0.2126984126984127 0.9138078902229846 0.2126984126984127 0.9138078902229846 0.05555555555555555 0.8520583190394511 0.05555555555555555 0.8520583190394511 0.2126984126984127
0 0.7701543739279588 0.4253968253968254 0.8293310463121784 0.4253968253968254 0.8293310463121784 0.273015873015873 0.7701543739279588 0.273015873015873 0.7701543739279588 0.4253968253968254
0 0.8953687821612349 0.9238095238095239 0.9682675814751286 0.9238095238095239 0.9682675814751286 0.7507936507936508 0.8953687821612349 0.7507936507936508 0.8953687821612349 0.9238095238095239
0 0.036020583190394515 0.2896825396825397 0.11749571183533447 0.2896825396825397 0.11749571183533447 0.13253968253968254 0.036020583190394515 0.13253968253968254 0.036020583190394515 0.2896825396825397
0 0.6732418524871355 0.23412698412698413 0.7367066895368782 0.23412698412698413 0.7367066895368782 0.09603174603174604 0.6732418524871355 0.09603174603174604 0.6732418524871355 0.23412698412698413
0 0.7088336192109777 0.45555555555555555 0.7714408233276158 0.45555555555555555 0.7714408233276158 0.2761904761904762 0.7088336192109777 0.2761904761904762 0.7088336192109777 0.45555555555555555
0 0.7075471698113207 0.14206349206349206 0.7710120068610634 0.14206349206349206 0.7710120068610634 0.00873015873015873 0.7075471698113207 0.00873015873015873 0.7075471698113207 0.14206349206349206
0 0.6097770154373928 0.18412698412698414 0.6775300171526587 0.18412698412698414 0.6775300171526587 0.04285714285714286 0.6097770154373928 0.04285714285714286 0.6097770154373928 0.18412698412698414
0 0.8597770154373928 0.7373015873015873 0.9318181818181818 0.7373015873015873 0.9318181818181818 0.5753968253968254 0.8597770154373928 0.5753968253968254 0.8597770154373928 0.7373015873015873
0 0.9626929674099486 0.8666666666666667 0.9995711835334476 0.8666666666666667 0.9995711835334476 0.7111111111111111 0.9626929674099486 0.7111111111111111 0.9626929674099486 0.8666666666666667
0 0.6333619210977701 0 0.6333619210977701 0.08888888888888889 0.6976843910806175 0.08888888888888889 0.6976843910806175 0 0.6333619210977701 0
0 0.9159519725557461 0.18412698412698414 0.9631217838765008 0.18412698412698414 0.9631217838765008 0.06031746031746032 0.9159519725557461 0.06031746031746032 0.9159519725557461 0.18412698412698414
0 0.9991423670668954 1 0.9991423670668954 0.9476190476190476 0.9305317324185248 0.9476190476190476 0.9305317324185248 1 0.9991423670668954 1
0 0.9858490566037735 0.3468253968253968 0.9995711835334476 0.3468253968253968 0.9995711835334476 0.2357142857142857 0.9858490566037735 0.2357142857142857 0.9858490566037735 0.3468253968253968
0 0.7928816466552315 0 0.7928816466552315 0.046031746031746035 0.8469125214408233 0.046031746031746035 0.8469125214408233 0 0.7928816466552315 0