0 0.0024271844660194173 0.21105527638190955 0.08737864077669903 0.21105527638190955 0.08737864077669903 0.11306532663316583 0.0024271844660194173 0.11306532663316583 0.0024271844660194173 0.21105527638190955
0 0.3725728155339806 0.9158291457286433 0.4575242718446602 0.9158291457286433 0.4575242718446602 0.800251256281407 0.3725728155339806 0.800251256281407 0.3725728155339806 0.9158291457286433
0 0.5145631067961165 0.20603015075376885 0.5946601941747572 0.20603015075376885 0.5946601941747572 0.10552763819095477 0.5145631067961165 0.10552763819095477 0.5145631067961165 0.20603015075376885
0 0.30097087378640774 0.6444723618090452 0.3907766990291262 0.6444723618090452 0.3907766990291262 0.5113065326633166 0.30097087378640774 0.5113065326633166 0.30097087378640774 0.6444723618090452
0 0.8143203883495146 0.6306532663316583 0.904126213592233 0.6306532663316583 0.904126213592233 0.5125628140703518 0.8143203883495146 0.5125628140703518 0.8143203883495146 0.6306532663316583
0 0.10436893203883495 0.3027638190954774 0.18689320388349515 0.3027638190954774 0.18689320388349515 0.20477386934673367 0.10436893203883495 0.20477386934673367 0.10436893203883495 0.3027638190954774
0 0.8919902912621359 0.1972361809045226 0.962378640776699 0.1972361809045226 0.962378640776699 0.0942211055276382 0.8919902912621359 0.0942211055276382 0.8919902912621359 0.1972361809045226
0 0.7706310679611651 0.19472361809045227 0.8434466019417476 0.19472361809045227 0.8434466019417476 0.0942211055276382 0.7706310679611651 0.0942211055276382 0.7706310679611651 0.19472361809045227
0 0.12742718446601942 0.2135678391959799 0.20024271844660194 0.2135678391959799 0.20024271844660194 0.1306532663316583 0.12742718446601942 0.1306532663316583 0.12742718446601942 0.2135678391959799
0 0.8228155339805825 0.5150753768844221 0.8980582524271845 0.5150753768844221 0.8980582524271845 0.4120603015075377 0.8228155339805825 0.4120603015075377 0.8228155339805825 0.5150753768844221
0 0.9186893203883495 0.6306532663316583 0.9987864077669902 0.6306532663316583 0.9987864077669902 0.5050251256281407 0.9186893203883495 0.5050251256281407 0.9186893203883495 0.6306532663316583
0 0.712378640776699 0.678391959798995 0.7997572815533981 0.678391959798995 0.7997572815533981 0.5477386934673367 0.712378640776699 0.5477386934673367 0.712378640776699 0.678391959798995
0 0.7354368932038835 0.5766331658291457 0.8203883495145631 0.5766331658291457 0.8203883495145631 0.4635678391959799 0.7354368932038835 0.4635678391959799 0.7354368932038835 0.5766331658291457
0 0.8944174757281553 0.5515075376884422 0.9793689320388349 0.5515075376884422 0.9793689320388349 0.435929648241206 0.8944174757281553 0.435929648241206 0.8944174757281553 0.5515075376884422