0 0.2706422018348624 0.78515625 0.37003058103975534 0.78515625 0.37003058103975534 0.640625 0.2706422018348624 0.640625 0.2706422018348624 0.78515625
0 0.22477064220183487 0.6611328125 0.3195718654434251 0.6611328125 0.3195718654434251 0.5087890625 0.22477064220183487 0.5087890625 0.22477064220183487 0.6611328125
0 0.3738532110091743 0.6513671875 0.46712538226299694 0.6513671875 0.46712538226299694 0.4912109375 0.3738532110091743 0.4912109375 0.3738532110091743 0.6513671875
0 0.29357798165137616 0.916015625 0.38837920489296635 0.916015625 0.38837920489296635 0.76953125 0.29357798165137616 0.76953125 0.29357798165137616 0.916015625
0 0.5825688073394495 0.546875 0.6834862385321101 0.546875 0.6834862385321101 0.376953125 0.5825688073394495 0.376953125 0.5825688073394495 0.546875
0 0.1620795107033639 0.6162109375 0.23700305810397554 0.6162109375 0.23700305810397554 0.4619140625 0.1620795107033639 0.4619140625 0.1620795107033639 0.6162109375
0 0.8180428134556575 0.1552734375 0.8990825688073395 0.1552734375 0.8990825688073395 0.0087890625 0.8180428134556575 0.0087890625 0.8180428134556575 0.1552734375
0 0.4525993883792049 0 0.4525993883792049 0.115234375 0.5305810397553516 0.115234375 0.5305810397553516 0 0.4525993883792049 0
0 0.6605504587155964 0.5830078125 0.7614678899082569 0.5830078125 0.7614678899082569 0.4189453125 0.6605504587155964 0.4189453125 0.6605504587155964 0.5830078125
0 0.7362385321100917 0.4111328125 0.8325688073394495 0.4111328125 0.8325688073394495 0.2529296875 0.7362385321100917 0.2529296875 0.7362385321100917 0.4111328125
0 0.11926605504587157 0.494140625 0.21100917431192662 0.494140625 0.21100917431192662 0.3359375 0.11926605504587157 0.3359375 0.11926605504587157 0.494140625
0 0.7041284403669725 0.7060546875 0.7928134556574924 0.7060546875 0.7928134556574924 0.5263671875 0.7041284403669725 0.5263671875 0.7041284403669725 0.7060546875
0 0.8960244648318043 0.18359375 0.9678899082568807 0.18359375 0.9678899082568807 0.03125 0.8960244648318043 0.03125 0.8960244648318043 0.18359375