0 0.8512931034482759 0.1625 0.951867816091954 0.1625 0.951867816091954 0.0375 0.8512931034482759 0.0375 0.8512931034482759 0.1625
0 0.21192528735632185 0.24583333333333332 0.29094827586206895 0.24583333333333332 0.29094827586206895 0.14166666666666666 0.21192528735632185 0.14166666666666666 0.21192528735632185 0.24583333333333332
0 0.13218390804597702 0.5677083333333334 0.21120689655172414 0.5677083333333334 0.21120689655172414 0.446875 0.13218390804597702 0.446875 0.13218390804597702 0.5677083333333334
0 0.0617816091954023 0.7822916666666667 0.14798850574712644 0.7822916666666667 0.14798850574712644 0.6614583333333334 0.0617816091954023 0.6614583333333334 0.0617816091954023 0.7822916666666667
0 0.1285919540229885 0.42604166666666665 0.21623563218390804 0.42604166666666665 0.21623563218390804 0.321875 0.1285919540229885 0.321875 0.1285919540229885 0.42604166666666665
0 0.0668103448275862 0.6166666666666667 0.14583333333333334 0.6166666666666667 0.14583333333333334 0.5145833333333333 0.0668103448275862 0.5145833333333333 0.0668103448275862 0.6166666666666667
0 0 0.6395833333333333 0.07040229885057471 0.6395833333333333 0.07040229885057471 0.5479166666666667 0 0.5479166666666667 0 0.6395833333333333
0 0.005747126436781609 0.7416666666666667 0.07471264367816093 0.7416666666666667 0.07471264367816093 0.6395833333333333 0.005747126436781609 0.6395833333333333 0.005747126436781609 0.7416666666666667
0 0.0007183908045977011 0.5489583333333333 0.06824712643678162 0.5489583333333333 0.06824712643678162 0.45729166666666665 0.0007183908045977011 0.45729166666666665 0.0007183908045977011 0.5489583333333333
0 0.008620689655172414 0.4322916666666667 0.08189655172413793 0.4322916666666667 0.08189655172413793 0.33645833333333336 0.008620689655172414 0.33645833333333336 0.008620689655172414 0.4322916666666667
0 0.0668103448275862 0.5114583333333333 0.1372126436781609 0.5114583333333333 0.1372126436781609 0.403125 0.0668103448275862 0.403125 0.0668103448275862 0.5114583333333333
0 0.08548850574712644 0.396875 0.16451149425287356 0.396875 0.16451149425287356 0.29270833333333335 0.08548850574712644 0.29270833333333335 0.08548850574712644 0.396875
0 0.028017241379310345 0.459375 0.08836206896551724 0.459375 0.08836206896551724 0.365625 0.028017241379310345 0.365625 0.028017241379310345 0.459375