0 0.3948019801980198 0.9717514124293786 0.5012376237623762 0.9717514124293786 0.5012376237623762 0.8587570621468926 0.3948019801980198 0.8587570621468926 0.3948019801980198 0.9717514124293786
0 0.7896039603960396 0.3771186440677966 0.8861386138613861 0.3771186440677966 0.8861386138613861 0.2810734463276836 0.7896039603960396 0.2810734463276836 0.7896039603960396 0.3771186440677966
0 0.7438118811881188 0.2387005649717514 0.8254950495049505 0.2387005649717514 0.8254950495049505 0.1483050847457627 0.7438118811881188 0.1483050847457627 0.7438118811881188 0.2387005649717514
0 0.9071782178217822 0.10028248587570622 0.9962871287128713 0.10028248587570622 0.9962871287128713 0.018361581920903956 0.9071782178217822 0.018361581920903956 0.9071782178217822 0.10028248587570622
0 0.05198019801980198 0.4844632768361582 0.13366336633663367 0.4844632768361582 0.13366336633663367 0.3884180790960452 0.05198019801980198 0.3884180790960452 0.05198019801980198 0.4844632768361582
0 0.8254950495049505 0.2189265536723164 0.9047029702970297 0.2189265536723164 0.9047029702970297 0.13135593220338984 0.8254950495049505 0.13135593220338984 0.8254950495049505 0.2189265536723164
0 0.15841584158415842 0.882768361581921 0.26732673267326734 0.882768361581921 0.26732673267326734 0.7725988700564972 0.15841584158415842 0.7725988700564972 0.15841584158415842 0.882768361581921
0 0.2698019801980198 0.3502824858757062 0.3415841584158416 0.3502824858757062 0.3415841584158416 0.2570621468926554 0.2698019801980198 0.2570621468926554 0.2698019801980198 0.3502824858757062
0 0.9034653465346535 0.25 0.9777227722772277 0.25 0.9777227722772277 0.153954802259887 0.9034653465346535 0.153954802259887 0.9034653465346535 0.25
0 0.07797029702970297 0.9929378531073446 0.17202970297029702 0.9929378531073446 0.17202970297029702 0.8771186440677966 0.07797029702970297 0.8771186440677966 0.07797029702970297 0.9929378531073446
0 0.870049504950495 0.4110169491525424 0.9641089108910891 0.4110169491525424 0.9641089108910891 0.3149717514124294 0.870049504950495 0.3149717514124294 0.870049504950495 0.4110169491525424
0 0.17698019801980197 0.9675141242937854 0.2660891089108911 0.9675141242937854 0.2660891089108911 0.8573446327683616 0.17698019801980197 0.8573446327683616 0.17698019801980197 0.9675141242937854
0 0.22524752475247525 0.9957627118644068 0.3292079207920792 0.9957627118644068 0.3292079207920792 0.9251412429378532 0.22524752475247525 0.9251412429378532 0.22524752475247525 0.9957627118644068
0 0.21163366336633663 0.3206214689265537 0.2908415841584158 0.3206214689265537 0.2908415841584158 0.23587570621468926 0.21163366336633663 0.23587570621468926 0.21163366336633663 0.3206214689265537
0 0.3774752475247525 0.23163841807909605 0.4591584158415842 0.23163841807909605 0.4591584158415842 0.1440677966101695 0.3774752475247525 0.1440677966101695 0.3774752475247525 0.23163841807909605
0 1 0.17937853107344634 0.9727722772277227 0.17937853107344634 0.9727722772277227 0.2754237288135593 1 0.2754237288135593 1 0.17937853107344634
0 0.15346534653465346 0.4279661016949153 0.2524752475247525 0.4279661016949153 0.2524752475247525 0.3290960451977401 0.15346534653465346 0.3290960451977401 0.15346534653465346 0.4279661016949153
0 0.9678217821782178 0 0.9678217821782178 0.03389830508474576 1 0.03389830508474576 1 0 0.9678217821782178 0
0 0.3118811881188119 0.9957627118644068 0.39851485148514854 0.9957627118644068 0.39851485148514854 0.9759887005649718 0.3118811881188119 0.9759887005649718 0.3118811881188119 0.9957627118644068