0 0.286697247706422 0.8671875 0.386085626911315 0.8671875 0.386085626911315 0.708984375 0.286697247706422 0.708984375 0.286697247706422 0.8671875
0 0.17584097859327216 0.9990234375 0.28440366972477066 0.9990234375 0.28440366972477066 0.8544921875 0.17584097859327216 0.8544921875 0.17584097859327216 0.9990234375
0 0.20336391437308868 0.2197265625 0.27522935779816515 0.2197265625 0.27522935779816515 0.0986328125 0.20336391437308868 0.0986328125 0.20336391437308868 0.2197265625
0 0.13761467889908258 0.8759765625 0.23394495412844038 0.8759765625 0.23394495412844038 0.7177734375 0.13761467889908258 0.7177734375 0.13761467889908258 0.8759765625
0 0.6995412844036697 0.3466796875 0.7912844036697247 0.3466796875 0.7912844036697247 0.1962890625 0.6995412844036697 0.1962890625 0.6995412844036697 0.3466796875
0 0.75 0.1845703125 0.8340978593272171 0.1845703125 0.8340978593272171 0.0458984375 0.75 0.0458984375 0.75 0.1845703125
0 0.37003058103975534 0.306640625 0.4525993883792049 0.306640625 0.4525993883792049 0.166015625 0.37003058103975534 0.166015625 0.37003058103975534 0.306640625
0 0.6200305810397554 0.9384765625 0.713302752293578 0.9384765625 0.713302752293578 0.7470703125 0.6200305810397554 0.7470703125 0.6200305810397554 0.9384765625
0 0.8715596330275229 0.220703125 0.9556574923547401 0.220703125 0.9556574923547401 0.0625 0.8715596330275229 0.0625 0.8715596330275229 0.220703125
0 0.654434250764526 0.6259765625 0.7568807339449541 0.6259765625 0.7568807339449541 0.4697265625 0.654434250764526 0.4697265625 0.654434250764526 0.6259765625
0 0.07568807339449542 0.80859375 0.15061162079510704 0.80859375 0.15061162079510704 0.669921875 0.07568807339449542 0.669921875 0.07568807339449542 0.80859375
0 0.4969418960244648 0.77734375 0.6024464831804281 0.77734375 0.6024464831804281 0.591796875 0.4969418960244648 0.591796875 0.4969418960244648 0.77734375
0 0.039755351681957186 0.689453125 0.12538226299694188 0.689453125 0.12538226299694188 0.5390625 0.039755351681957186 0.5390625 0.039755351681957186 0.689453125
0 0.7805810397553516 0.3740234375 0.8600917431192661 0.3740234375 0.8600917431192661 0.2119140625 0.7805810397553516 0.2119140625 0.7805810397553516 0.3740234375
0 0.573394495412844 0.8125 0.6834862385321101 0.8125 0.6834862385321101 0.654296875 0.573394495412844 0.654296875 0.573394495412844 0.8125
0 0.904434250764526 0 0.904434250764526 0.0703125 0.9793577981651376 0.0703125 0.9793577981651376 0 0.904434250764526 0