0 0.6683168316831684 0.6384180790960452 0.7747524752475248 0.6384180790960452 0.7747524752475248 0.536723163841808 0.6683168316831684 0.536723163841808 0.6683168316831684 0.6384180790960452
0 0.7462871287128713 0.1807909604519774 0.8403465346534653 0.1807909604519774 0.8403465346534653 0.09322033898305085 0.7462871287128713 0.09322033898305085 0.7462871287128713 0.1807909604519774
0 0.5792079207920792 0.7387005649717514 0.6732673267326733 0.7387005649717514 0.6732673267326733 0.6200564971751412 0.5792079207920792 0.6200564971751412 0.5792079207920792 0.7387005649717514
0 0.905940594059406 0.3587570621468927 0.9975247524752475 0.3587570621468927 0.9975247524752475 0.2627118644067797 0.905940594059406 0.2627118644067797 0.905940594059406 0.3587570621468927
0 0.4542079207920792 0.903954802259887 0.5556930693069307 0.903954802259887 0.5556930693069307 0.7994350282485876 0.4542079207920792 0.7994350282485876 0.4542079207920792 0.903954802259887
0 0.620049504950495 0.4138418079096045 0.7215346534653465 0.4138418079096045 0.7215346534653465 0.3177966101694915 0.620049504950495 0.3177966101694915 0.620049504950495 0.4138418079096045
0 0.7438118811881188 0.3389830508474576 0.8304455445544554 0.3389830508474576 0.8304455445544554 0.2570621468926554 0.7438118811881188 0.2570621468926554 0.7438118811881188 0.3389830508474576
0 0.7772277227722773 0.4887005649717514 0.8811881188118812 0.4887005649717514 0.8811881188118812 0.3898305084745763 0.7772277227722773 0.3898305084745763 0.7772277227722773 0.4887005649717514
0 0.5433168316831684 0.501412429378531 0.6423267326732673 0.501412429378531 0.6423267326732673 0.4053672316384181 0.5433168316831684 0.4053672316384181 0.5433168316831684 0.501412429378531
0 0.3774752475247525 0.8531073446327684 0.47896039603960394 0.8531073446327684 0.47896039603960394 0.748587570621469 0.3774752475247525 0.748587570621469 0.3774752475247525 0.8531073446327684
0 0.349009900990099 0.6680790960451978 0.43564356435643564 0.6680790960451978 0.43564356435643564 0.5663841807909604 0.349009900990099 0.5663841807909604 0.349009900990099 0.6680790960451978
0 0.3193069306930693 0.3107344632768362 0.41336633663366334 0.3107344632768362 0.41336633663366334 0.2231638418079096 0.3193069306930693 0.2231638418079096 0.3193069306930693 0.3107344632768362
0 0.4368811881188119 0.6511299435028248 0.5235148514851485 0.6511299435028248 0.5235148514851485 0.5494350282485876 0.4368811881188119 0.5494350282485876 0.4368811881188119 0.6511299435028248
0 0.5123762376237624 0.6949152542372882 0.5965346534653465 0.6949152542372882 0.5965346534653465 0.5875706214689266 0.5123762376237624 0.5875706214689266 0.5123762376237624 0.6949152542372882
0 0 0.634180790960452 0.06683168316831684 0.634180790960452 0.06683168316831684 0.5437853107344632 0 0.5437853107344632 0 0.634180790960452
0 0.7574257425742574 0.4124293785310734 0.8539603960396039 0.4124293785310734 0.8539603960396039 0.3333333333333333 0.7574257425742574 0.3333333333333333 0.7574257425742574 0.4124293785310734
0 1 0.1285310734463277 0.9653465346534653 0.1285310734463277 0.9653465346534653 0.19915254237288135 1 0.19915254237288135 1 0.1285310734463277
0 0.9764851485148515 0.2641242937853107 0.9987623762376238 0.2641242937853107 0.9987623762376238 0.19350282485875706 0.9764851485148515 0.19350282485875706 0.9764851485148515 0.2641242937853107