0 0.5640495867768595 0.4609053497942387 0.6535812672176309 0.4609053497942387 0.6535812672176309 0.345679012345679 0.5640495867768595 0.345679012345679 0.5640495867768595 0.4609053497942387
0 0.5929752066115702 0.9969135802469136 0.6949035812672176 0.9969135802469136 0.6949035812672176 0.9207818930041153 0.5929752066115702 0.9207818930041153 0.5929752066115702 0.9969135802469136
0 0.18801652892561985 0.25823045267489714 0.2513774104683196 0.25823045267489714 0.2513774104683196 0.15329218106995884 0.18801652892561985 0.15329218106995884 0.18801652892561985 0.25823045267489714
0 0.8071625344352618 0.831275720164609 0.9173553719008265 0.831275720164609 0.9173553719008265 0.668724279835391 0.8071625344352618 0.668724279835391 0.8071625344352618 0.831275720164609
0 0.9276859504132231 0.411522633744856 0.9993112947658402 0.411522633744856 0.9993112947658402 0.2880658436213992 0.9276859504132231 0.2880658436213992 0.9276859504132231 0.411522633744856
0 0.4896694214876033 0.4218106995884774 0.5668044077134986 0.4218106995884774 0.5668044077134986 0.2962962962962963 0.4896694214876033 0.2962962962962963 0.4896694214876033 0.4218106995884774
0 0.19765840220385675 0.4588477366255144 0.2706611570247934 0.4588477366255144 0.2706611570247934 0.360082304526749 0.19765840220385675 0.360082304526749 0.19765840220385675 0.4588477366255144
0 0.20316804407713498 0.36934156378600824 0.2734159779614325 0.36934156378600824 0.2734159779614325 0.28497942386831276 0.20316804407713498 0.28497942386831276 0.20316804407713498 0.36934156378600824
0 0.43732782369146006 0.3940329218106996 0.5020661157024794 0.3940329218106996 0.5020661157024794 0.27469135802469136 0.43732782369146006 0.27469135802469136 0.43732782369146006 0.3940329218106996
0 0.015151515151515152 0.4619341563786008 0.08264462809917356 0.4619341563786008 0.08264462809917356 0.3611111111111111 0.015151515151515152 0.3611111111111111 0.015151515151515152 0.4619341563786008
0 0.12396694214876033 0.4732510288065844 0.19696969696969696 0.4732510288065844 0.19696969696969696 0.37037037037037035 0.12396694214876033 0.37037037037037035 0.12396694214876033 0.4732510288065844
0 0.08264462809917356 0.6748971193415638 0.162534435261708 0.6748971193415638 0.162534435261708 0.565843621399177 0.08264462809917356 0.565843621399177 0.08264462809917356 0.6748971193415638
0 0.03650137741046832 0.6244855967078189 0.10537190082644628 0.6244855967078189 0.10537190082644628 0.5195473251028807 0.03650137741046832 0.5195473251028807 0.03650137741046832 0.6244855967078189
0 0.07988980716253444 0.43724279835390945 0.13774104683195593 0.43724279835390945 0.13774104683195593 0.3323045267489712 0.07988980716253444 0.3323045267489712 0.07988980716253444 0.43724279835390945
0 0.41460055096418735 0 0.41460055096418735 0.05761316872427984 0.4738292011019284 0.05761316872427984 0.4738292011019284 0 0.41460055096418735 0
0 1 0.3611111111111111 0.9600550964187328 0.3611111111111111 0.9600550964187328 0.49074074074074076 1 0.49074074074074076 1 0.3611111111111111
0 0.48760330578512395 0 0.48760330578512395 0.043209876543209874 0.5578512396694215 0.043209876543209874 0.5578512396694215 0 0.48760330578512395 0