0 0.5926724137931034 0.7072916666666667 0.7061781609195402 0.7072916666666667 0.7061781609195402 0.5614583333333333 0.5926724137931034 0.5614583333333333 0.5926724137931034 0.7072916666666667
0 0.694683908045977 0.64375 0.8081896551724138 0.64375 0.8081896551724138 0.5020833333333333 0.694683908045977 0.5020833333333333 0.694683908045977 0.64375
0 0.05603448275862069 0.5739583333333333 0.13649425287356323 0.5739583333333333 0.13649425287356323 0.46979166666666666 0.05603448275862069 0.46979166666666666 0.05603448275862069 0.5739583333333333
0 0.07327586206896551 0.4354166666666667 0.15373563218390804 0.4354166666666667 0.15373563218390804 0.325 0.07327586206896551 0.325 0.07327586206896551 0.4354166666666667
0 0.5682471264367817 0.996875 0.6774425287356322 0.996875 0.6774425287356322 0.8239583333333333 0.5682471264367817 0.8239583333333333 0.5682471264367817 0.996875
0 0.4504310344827586 0.9979166666666667 0.5783045977011494 0.9979166666666667 0.5783045977011494 0.9041666666666667 0.4504310344827586 0.9041666666666667 0.4504310344827586 0.9979166666666667
0 0 0.7666666666666667 0.05459770114942529 0.7666666666666667 0.05459770114942529 0.6583333333333333 0 0.6583333333333333 0 0.7666666666666667
0 0.1932471264367816 0.34270833333333334 0.27370689655172414 0.34270833333333334 0.27370689655172414 0.23854166666666668 0.1932471264367816 0.23854166666666668 0.1932471264367816 0.34270833333333334
0 0.0014367816091954023 0.471875 0.08189655172413793 0.471875 0.08189655172413793 0.37395833333333334 0.0014367816091954023 0.37395833333333334 0.0014367816091954023 0.471875
0 0.14655172413793102 0.20729166666666668 0.20689655172413793 0.20729166666666668 0.20689655172413793 0.10520833333333333 0.14655172413793102 0.10520833333333333 0.14655172413793102 0.20729166666666668
0 0.08764367816091954 0.08854166666666667 0.15660919540229884 0.08854166666666667 0.15660919540229884 0.0010416666666666667 0.08764367816091954 0.0010416666666666667 0.08764367816091954 0.08854166666666667
0 0.27227011494252873 0.29583333333333334 0.3599137931034483 0.29583333333333334 0.3599137931034483 0.19166666666666668 0.27227011494252873 0.19166666666666668 0.27227011494252873 0.29583333333333334
0 0 0.6552083333333333 0.040229885057471264 0.6552083333333333 0.040229885057471264 0.553125 0 0.553125 0 0.6552083333333333
0 0.2636494252873563 0.21666666666666667 0.34410919540229884 0.21666666666666667 0.34410919540229884 0.13125 0.2636494252873563 0.13125 0.2636494252873563 0.21666666666666667
0 0.20186781609195403 0.18020833333333333 0.2636494252873563 0.18020833333333333 0.2636494252873563 0.10520833333333333 0.20186781609195403 0.10520833333333333 0.20186781609195403 0.18020833333333333
0 0.005028735632183908 0.378125 0.07399425287356322 0.378125 0.07399425287356322 0.30104166666666665 0.005028735632183908 0.30104166666666665 0.005028735632183908 0.378125
0 0.2650862068965517 0.13854166666666667 0.33836206896551724 0.13854166666666667 0.33836206896551724 0.046875 0.2650862068965517 0.046875 0.2650862068965517 0.13854166666666667
0 0.1903735632183908 0.25 0.2665229885057471 0.25 0.2665229885057471 0.17708333333333334 0.1903735632183908 0.17708333333333334 0.1903735632183908 0.25
0 0.2492816091954023 0.10729166666666666 0.31537356321839083 0.10729166666666666 0.31537356321839083 0.015625 0.2492816091954023 0.015625 0.2492816091954023 0.10729166666666666
0 0.22988505747126436 0 0.22988505747126436 0.05416666666666667 0.2974137931034483 0.05416666666666667 0.2974137931034483 0 0.22988505747126436 0
0 0.9612068965517241 0 0.9612068965517241 0.01875 1 0.01875 1 0 0.9612068965517241 0