0 0.20240137221269297 0.8063492063492064 0.2967409948542024 0.8063492063492064 0.2967409948542024 0.6047619047619047 0.20240137221269297 0.6047619047619047 0.20240137221269297 0.8063492063492064
0 0.09862778730703259 0.8412698412698413 0.1955403087478559 0.8412698412698413 0.1955403087478559 0.6507936507936508 0.09862778730703259 0.6507936507936508 0.09862778730703259 0.8412698412698413
0 0.1320754716981132 0.35 0.2118353344768439 0.35 0.2118353344768439 0.176984126984127 0.1320754716981132 0.176984126984127 0.1320754716981132 0.35
0 0.046740994854202404 0.3753968253968254 0.12993138936535162 0.3753968253968254 0.12993138936535162 0.20238095238095238 0.046740994854202404 0.20238095238095238 0.046740994854202404 0.3753968253968254
0 0.8945111492281304 0.7174603174603175 0.9648370497427101 0.7174603174603175 0.9648370497427101 0.5507936507936508 0.8945111492281304 0.5507936507936508 0.8945111492281304 0.7174603174603175
0 0.7367066895368782 0.2126984126984127 0.7993138936535163 0.2126984126984127 0.7993138936535163 0.06825396825396825 0.7367066895368782 0.06825396825396825 0.7367066895368782 0.2126984126984127
0 0.026157804459691254 0.21984126984126984 0.10506003430531732 0.21984126984126984 0.10506003430531732 0.06111111111111111 0.026157804459691254 0.06111111111111111 0.026157804459691254 0.21984126984126984
0 0.8224699828473413 0.17142857142857143 0.8816466552315609 0.17142857142857143 0.8816466552315609 0.03015873015873016 0.8224699828473413 0.03015873015873016 0.8224699828473413 0.17142857142857143
0 0.8790737564322469 0.20952380952380953 0.9339622641509434 0.20952380952380953 0.9339622641509434 0.07936507936507936 0.8790737564322469 0.07936507936507936 0.8790737564322469 0.20952380952380953
0 0.7731560891938251 0.4936507936507937 0.8443396226415094 0.4936507936507937 0.8443396226415094 0.35555555555555557 0.7731560891938251 0.35555555555555557 0.7731560891938251 0.4936507936507937
0 0.22598627787307032 1 0.22598627787307032 0.8507936507936508 0.12307032590051457 0.8507936507936508 0.12307032590051457 1 0.22598627787307032 1
0 0.8554888507718696 0.5492063492063493 0.9223842195540308 0.5492063492063493 0.9223842195540308 0.4 0.8554888507718696 0.4 0.8554888507718696 0.5492063492063493
0 0.869639794168096 0.9619047619047619 0.9399656946826758 0.9619047619047619 0.9399656946826758 0.7587301587301587 0.869639794168096 0.7587301587301587 0.869639794168096 0.9619047619047619
0 0.9352487135506004 0.9055555555555556 0.9961406518010292 0.9055555555555556 0.9961406518010292 0.7404761904761905 0.9352487135506004 0.7404761904761905 0.9352487135506004 0.9055555555555556
0 0.7521440823327615 0.6206349206349207 0.8276157804459692 0.6206349206349207 0.8276157804459692 0.46984126984126984 0.7521440823327615 0.46984126984126984 0.7521440823327615 0.6206349206349207
0 0.8237564322469982 0.676984126984127 0.8932246998284734 0.676984126984127 0.8932246998284734 0.5246031746031746 0.8237564322469982 0.5246031746031746 0.8237564322469982 0.676984126984127
0 0.9382504288164666 0.40714285714285714 0.9982847341337907 0.40714285714285714 0.9982847341337907 0.2706349206349206 0.9382504288164666 0.2706349206349206 0.9382504288164666 0.40714285714285714
0 0.7178387650085764 0 0.7178387650085764 0.07777777777777778 0.7753001715265866 0.07777777777777778 0.7753001715265866 0 0.7178387650085764 0
0 0.5870497427101201 0 0.5870497427101201 0.06349206349206349 0.6539451114922813 0.06349206349206349 0.6539451114922813 0 0.5870497427101201 0
0 0.29030874785591765 0 0.29030874785591765 0.026984126984126985 0.34777015437392794 0.026984126984126985 0.34777015437392794 0 0.29030874785591765 0