0 0.6084770114942529 0.865625 0.7320402298850575 0.865625 0.7320402298850575 0.7052083333333333 0.6084770114942529 0.7052083333333333 0.6084770114942529 0.865625
0 0.7902298850574713 0.225 0.8864942528735632 0.225 0.8864942528735632 0.10416666666666667 0.7902298850574713 0.10416666666666667 0.7902298850574713 0.225
0 0.8721264367816092 0.16979166666666667 0.9755747126436781 0.16979166666666667 0.9755747126436781 0.040625 0.8721264367816092 0.040625 0.8721264367816092 0.16979166666666667
0 0.05531609195402299 0.7875 0.14727011494252873 0.7875 0.14727011494252873 0.675 0.05531609195402299 0.675 0.05531609195402299 0.7875
0 0.08692528735632184 0.40625 0.16163793103448276 0.40625 0.16163793103448276 0.3020833333333333 0.08692528735632184 0.3020833333333333 0.08692528735632184 0.40625
0 0.21120689655172414 0.3802083333333333 0.2974137931034483 0.3802083333333333 0.2974137931034483 0.2677083333333333 0.21120689655172414 0.2677083333333333 0.21120689655172414 0.3802083333333333
0 0.005028735632183908 0.5145833333333333 0.08836206896551724 0.5145833333333333 0.08836206896551724 0.41458333333333336 0.005028735632183908 0.41458333333333336 0.005028735632183908 0.5145833333333333
0 0.005747126436781609 0.41770833333333335 0.08189655172413793 0.41770833333333335 0.08189655172413793 0.33645833333333336 0.005747126436781609 0.33645833333333336 0.005747126436781609 0.41770833333333335
0 0.15301724137931033 0.36041666666666666 0.21910919540229884 0.36041666666666666 0.21910919540229884 0.25416666666666665 0.15301724137931033 0.25416666666666665 0.15301724137931033 0.36041666666666666
0 0.05818965517241379 0.678125 0.14295977011494254 0.678125 0.14295977011494254 0.5822916666666667 0.05818965517241379 0.5822916666666667 0.05818965517241379 0.678125
0 0.5977011494252874 0.2625 0.6954022988505747 0.2625 0.6954022988505747 0.14791666666666667 0.5977011494252874 0.14791666666666667 0.5977011494252874 0.2625
0 0.0035919540229885057 0.6677083333333333 0.07399425287356322 0.6677083333333333 0.07399425287356322 0.5572916666666666 0.0035919540229885057 0.5572916666666666 0.0035919540229885057 0.6677083333333333
0 0.33764367816091956 0 0.33764367816091956 0.05 0.4109195402298851 0.05 0.4109195402298851 0 0.33764367816091956 0
0 0.9202586206896551 0 0.9202586206896551 0.04791666666666667 0.9992816091954023 0.04791666666666667 0.9992816091954023 0 0.9202586206896551 0
0 0.6278735632183908 0.346875 0.7155172413793104 0.346875 0.7155172413793104 0.21770833333333334 0.6278735632183908 0.21770833333333334 0.6278735632183908 0.346875
0 0.7988505747126436 0.36770833333333336 0.8994252873563219 0.36770833333333336 0.8994252873563219 0.228125 0.7988505747126436 0.228125 0.7988505747126436 0.36770833333333336
0 0.8283045977011494 0 0.8283045977011494 0.041666666666666664 0.915948275862069 0.041666666666666664 0.915948275862069 0 0.8283045977011494 0
0 0.709051724137931 0.35104166666666664 0.8024425287356322 0.35104166666666664 0.8024425287356322 0.22604166666666667 0.709051724137931 0.22604166666666667 0.709051724137931 0.35104166666666664
0 0 0.6947916666666667 0.014367816091954023 0.6947916666666667 0.014367816091954023 0.621875 0 0.621875 0 0.6947916666666667
0 0.2859195402298851 0 0.2859195402298851 0.04375 0.33764367816091956 0.04375 0.33764367816091956 0 0.2859195402298851 0
0 0 0.6052083333333333 0.011494252873563218 0.6052083333333333 0.011494252873563218 0.534375 0 0.534375 0 0.6052083333333333
0 0.9820402298850575 0.13541666666666666 0.9992816091954023 0.13541666666666666 0.9992816091954023 0.03958333333333333 0.9820402298850575 0.03958333333333333 0.9820402298850575 0.13541666666666666