0 0.35956521739130437 1 0.35956521739130437 0.8606741573033708 0.1865217391304348 0.8606741573033708 0.1865217391304348 1 0.35956521739130437 1
0 0.0891304347826087 0.6185393258426967 0.21956521739130436 0.6185393258426967 0.21956521739130436 0.4387640449438202 0.0891304347826087 0.4387640449438202 0.0891304347826087 0.6185393258426967
0 0.12565217391304348 0.8275280898876405 0.2673913043478261 0.8275280898876405 0.2673913043478261 0.6095505617977528 0.12565217391304348 0.6095505617977528 0.12565217391304348 0.8275280898876405
0 0.1426086956521739 0 0.1426086956521739 0.08764044943820225 0.25478260869565217 0.08764044943820225 0.25478260869565217 0 0.1426086956521739 0
0 0.04826086956521739 0.29719101123595504 0.15608695652173912 0.29719101123595504 0.15608695652173912 0.1455056179775281 0.04826086956521739 0.1455056179775281 0.04826086956521739 0.29719101123595504
0 0.03434782608695652 0.15224719101123596 0.13521739130434782 0.15224719101123596 0.13521739130434782 0.016292134831460674 0.03434782608695652 0.016292134831460674 0.03434782608695652 0.15224719101123596
0 0.8534782608695652 0.3758426966292135 0.9552173913043478 0.3758426966292135 0.9552173913043478 0.26910112359550564 0.8534782608695652 0.26910112359550564 0.8534782608695652 0.3758426966292135
0 0.8908695652173914 0.34101123595505617 0.9769565217391304 0.34101123595505617 0.9769565217391304 0.22865168539325842 0.8908695652173914 0.22865168539325842 0.8908695652173914 0.34101123595505617
0 0.9691304347826087 0.3938202247191011 0.9995652173913043 0.3938202247191011 0.9995652173913043 0.2735955056179775 0.9691304347826087 0.2735955056179775 0.9691304347826087 0.3938202247191011
0 0.34782608695652173 0.998876404494382 0.4782608695652174 0.998876404494382 0.4782608695652174 0.9595505617977528 0.34782608695652173 0.9595505617977528 0.34782608695652173 0.998876404494382
0 0.029130434782608697 0 0.029130434782608697 0.028089887640449437 0.14391304347826087 0.028089887640449437 0.14391304347826087 0 0.029130434782608697 0