0 0.6573333333333333 0.9129353233830846 0.714 0.9129353233830846 0.714 0.7922885572139303 0.6573333333333333 0.7922885572139303 0.6573333333333333 0.9129353233830846
0 0.612 0.7002487562189055 0.6673333333333333 0.7002487562189055 0.6673333333333333 0.5870646766169154 0.612 0.5870646766169154 0.612 0.7002487562189055
0 0.402 0.125 0.446 0.125 0.446 0.03917910447761194 0.402 0.03917910447761194 0.402 0.125
0 0.083 0.529228855721393 0.14433333333333334 0.529228855721393 0.14433333333333334 0.39987562189054726 0.083 0.39987562189054726 0.083 0.529228855721393
0 0.089 0.35323383084577115 0.14633333333333334 0.35323383084577115 0.14633333333333334 0.2325870646766169 0.089 0.2325870646766169 0.089 0.35323383084577115
0 0.13633333333333333 0.3986318407960199 0.19433333333333333 0.3986318407960199 0.19433333333333333 0.27300995024875624 0.13633333333333333 0.27300995024875624 0.13633333333333333 0.3986318407960199
0 0.49133333333333334 0.2325870646766169 0.5393333333333333 0.2325870646766169 0.5393333333333333 0.13805970149253732 0.49133333333333334 0.13805970149253732 0.49133333333333334 0.2325870646766169
0 0.3333333333333333 0.7151741293532339 0.3993333333333333 0.7151741293532339 0.3993333333333333 0.5783582089552238 0.3333333333333333 0.5783582089552238 0.3333333333333333 0.7151741293532339
0 0.5613333333333334 0.5236318407960199 0.6166666666666667 0.5236318407960199 0.6166666666666667 0.42039800995024873 0.5613333333333334 0.42039800995024873 0.5613333333333334 0.5236318407960199
0 0.18666666666666668 0.1181592039800995 0.23533333333333334 0.1181592039800995 0.23533333333333334 0.007462686567164179 0.18666666666666668 0.007462686567164179 0.18666666666666668 0.1181592039800995
0 0.03 0.36069651741293535 0.09 0.36069651741293535 0.09 0.24875621890547264 0.03 0.24875621890547264 0.03 0.36069651741293535
0 0.5593333333333333 0.7369402985074627 0.618 0.7369402985074627 0.618 0.6162935323383084 0.5593333333333333 0.6162935323383084 0.5593333333333333 0.7369402985074627
0 0.435 0.8824626865671642 0.5036666666666667 0.8824626865671642 0.5036666666666667 0.7655472636815921 0.435 0.7655472636815921 0.435 0.8824626865671642
0 0.552 0.3712686567164179 0.602 0.3712686567164179 0.602 0.2568407960199005 0.552 0.2568407960199005 0.552 0.3712686567164179
0 0.25533333333333336 0.6007462686567164 0.318 0.6007462686567164 0.318 0.472636815920398 0.25533333333333336 0.472636815920398 0.25533333333333336 0.6007462686567164
0 0.32766666666666666 0.44092039800995025 0.38166666666666665 0.44092039800995025 0.38166666666666665 0.3376865671641791 0.32766666666666666 0.3376865671641791 0.32766666666666666 0.44092039800995025
0 0.6766666666666666 0.7953980099502488 0.734 0.7953980099502488 0.734 0.6809701492537313 0.6766666666666666 0.6809701492537313 0.6766666666666666 0.7953980099502488
0 0.36033333333333334 0.6318407960199005 0.41433333333333333 0.6318407960199005 0.41433333333333333 0.5087064676616916 0.36033333333333334 0.5087064676616916 0.36033333333333334 0.6318407960199005
0 0.44266666666666665 0.14303482587064675 0.486 0.14303482587064675 0.486 0.0708955223880597 0.44266666666666665 0.0708955223880597 0.44266666666666665 0.14303482587064675
0 0.7346666666666667 0.8302238805970149 0.7793333333333333 0.8302238805970149 0.7793333333333333 0.7145522388059702 0.7346666666666667 0.7145522388059702 0.7346666666666667 0.8302238805970149
0 0.45866666666666667 0.11318407960199005 0.496 0.11318407960199005 0.496 0.022388059701492536 0.45866666666666667 0.022388059701492536 0.45866666666666667 0.11318407960199005
0 0.24966666666666668 0 0.24966666666666668 0.08333333333333333 0.2936666666666667 0.08333333333333333 0.2936666666666667 0 0.24966666666666668 0
0 0.39966666666666667 0.7419154228855721 0.4523333333333333 0.7419154228855721 0.4523333333333333 0.6187810945273632 0.39966666666666667 0.6187810945273632 0.39966666666666667 0.7419154228855721
0 0.034666666666666665 0.2294776119402985 0.08866666666666667 0.2294776119402985 0.08866666666666667 0.1150497512437811 0.034666666666666665 0.1150497512437811 0.034666666666666665 0.2294776119402985
0 0.2793333333333333 0.2468905472636816 0.312 0.2468905472636816 0.312 0.138681592039801 0.2793333333333333 0.138681592039801 0.2793333333333333 0.2468905472636816
0 0.8856666666666667 0.845771144278607 0.9243333333333333 0.845771144278607 0.9243333333333333 0.7300995024875622 0.8856666666666667 0.7300995024875622 0.8856666666666667 0.845771144278607
0 0.218 0 0.218 0.03731343283582089 0.25866666666666666 0.03731343283582089 0.25866666666666666 0 0.218 0