0 0.6048850574712644 0.6802083333333333 0.7126436781609196 0.6802083333333333 0.7126436781609196 0.5447916666666667 0.6048850574712644 0.5447916666666667 0.6048850574712644 0.6802083333333333
0 0.6961206896551724 0.6166666666666667 0.8139367816091954 0.6166666666666667 0.8139367816091954 0.4708333333333333 0.6961206896551724 0.4708333333333333 0.6961206896551724 0.6166666666666667
0 0.16882183908045978 0.25104166666666666 0.23635057471264367 0.25104166666666666 0.23635057471264367 0.14895833333333333 0.16882183908045978 0.14895833333333333 0.16882183908045978 0.25104166666666666
0 0.3793103448275862 0.175 0.45689655172413796 0.175 0.45689655172413796 0.07083333333333333 0.3793103448275862 0.07083333333333333 0.3793103448275862 0.175
0 0.3958333333333333 0.6947916666666667 0.5064655172413793 0.6947916666666667 0.5064655172413793 0.5697916666666667 0.3958333333333333 0.5697916666666667 0.3958333333333333 0.6947916666666667
0 0.15660919540229884 0.371875 0.23419540229885058 0.371875 0.23419540229885058 0.26145833333333335 0.15660919540229884 0.26145833333333335 0.15660919540229884 0.371875
0 0.007902298850574713 0.7677083333333333 0.09841954022988506 0.7677083333333333 0.09841954022988506 0.6447916666666667 0.007902298850574713 0.6447916666666667 0.007902298850574713 0.7677083333333333
0 0.22341954022988506 0.20833333333333334 0.3125 0.20833333333333334 0.3125 0.10625 0.22341954022988506 0.10625 0.22341954022988506 0.20833333333333334
0 0.6041666666666666 0.875 0.7176724137931034 0.875 0.7176724137931034 0.7104166666666667 0.6041666666666666 0.7104166666666667 0.6041666666666666 0.875
0 0.3103448275862069 0.16458333333333333 0.3793103448275862 0.16458333333333333 0.3793103448275862 0.06875 0.3103448275862069 0.06875 0.3103448275862069 0.16458333333333333
0 0.5114942528735632 0.84375 0.6077586206896551 0.84375 0.6077586206896551 0.6875 0.5114942528735632 0.6875 0.5114942528735632 0.84375
0 0.41954022988505746 0.815625 0.514367816091954 0.815625 0.514367816091954 0.665625 0.41954022988505746 0.665625 0.41954022988505746 0.815625
0 0.6573275862068966 0.434375 0.7579022988505747 0.434375 0.7579022988505747 0.3072916666666667 0.6573275862068966 0.3072916666666667 0.6573275862068966 0.434375
0 0.10560344827586207 0.35625 0.17600574712643677 0.35625 0.17600574712643677 0.24166666666666667 0.10560344827586207 0.24166666666666667 0.10560344827586207 0.35625
0 0.3642241379310345 0 0.3642241379310345 0.06666666666666667 0.4375 0.06666666666666667 0.4375 0 0.3642241379310345 0
0 0.29022988505747127 0.09791666666666667 0.367816091954023 0.09791666666666667 0.367816091954023 0.010416666666666666 0.29022988505747127 0.010416666666666666 0.29022988505747127 0.09791666666666667
0 0.7586206896551724 0.459375 0.8706896551724138 0.459375 0.8706896551724138 0.32395833333333335 0.7586206896551724 0.32395833333333335 0.7586206896551724 0.459375
0 0.22844827586206898 0.109375 0.29310344827586204 0.109375 0.29310344827586204 0.051041666666666666 0.22844827586206898 0.051041666666666666 0.22844827586206898 0.109375
0 0 0.7302083333333333 0.02442528735632184 0.7302083333333333 0.02442528735632184 0.6197916666666666 0 0.6197916666666666 0 0.7302083333333333
0 0.2349137931034483 0.042708333333333334 0.28520114942528735 0.042708333333333334 0.28520114942528735 0.0010416666666666667 0.2349137931034483 0.0010416666666666667 0.2349137931034483 0.042708333333333334
0 0.2823275862068966 0 0.2823275862068966 0.035416666666666666 0.3599137931034483 0.035416666666666666 0.3599137931034483 0 0.2823275862068966 0
0 0.4360632183908046 0 0.4360632183908046 0.020833333333333332 0.4949712643678161 0.020833333333333332 0.4949712643678161 0 0.4360632183908046 0