0 0.1617391304347826 0.999438202247191 0.3443478260869565 0.999438202247191 0.3443478260869565 0.8207865168539326 0.1617391304347826 0.8207865168539326 0.1617391304347826 0.999438202247191
0 0.10521739130434783 0.7168539325842697 0.26260869565217393 0.7168539325842697 0.26260869565217393 0.5325842696629214 0.10521739130434783 0.5325842696629214 0.10521739130434783 0.7168539325842697
0 0.26217391304347826 0.7410112359550561 0.3908695652173913 0.7410112359550561 0.3908695652173913 0.5443820224719101 0.26217391304347826 0.5443820224719101 0.26217391304347826 0.7410112359550561
0 0.2026086956521739 0.553932584269663 0.331304347826087 0.553932584269663 0.331304347826087 0.3651685393258427 0.2026086956521739 0.3651685393258427 0.2026086956521739 0.553932584269663
0 0.03217391304347826 0.14606741573033707 0.15478260869565216 0.14606741573033707 0.15478260869565216 0.016853932584269662 0.03217391304347826 0.016853932584269662 0.03217391304347826 0.14606741573033707
0 0.07782608695652174 0.5264044943820225 0.20130434782608694 0.5264044943820225 0.20130434782608694 0.3578651685393258 0.07782608695652174 0.3578651685393258 0.07782608695652174 0.5264044943820225
0 0.8360869565217391 0.24213483146067416 0.9265217391304348 0.24213483146067416 0.9265217391304348 0.12415730337078652 0.8360869565217391 0.12415730337078652 0.8360869565217391 0.24213483146067416
0 0.04869565217391304 0.29269662921348316 0.1608695652173913 0.29269662921348316 0.1608695652173913 0.13539325842696628 0.04869565217391304 0.13539325842696628 0.04869565217391304 0.29269662921348316
0 0.3239130434782609 0.6539325842696629 0.4482608695652174 0.6539325842696629 0.4482608695652174 0.4842696629213483 0.3239130434782609 0.4842696629213483 0.3239130434782609 0.6539325842696629
0 0.6278260869565218 0 0.6278260869565218 0.06853932584269663 0.7182608695652174 0.06853932584269663 0.7182608695652174 0 0.6278260869565218 0
0 0.7139130434782609 0.20674157303370785 0.8017391304347826 0.20674157303370785 0.8017391304347826 0.10561797752808989 0.7139130434782609 0.10561797752808989 0.7139130434782609 0.20674157303370785
0 0.7473913043478261 0 0.7473913043478261 0.07078651685393259 0.8178260869565217 0.07078651685393259 0.8178260869565217 0 0.7473913043478261 0
0 0.7482608695652174 0.18089887640449437 0.8421739130434782 0.18089887640449437 0.8421739130434782 0.07865168539325842 0.7482608695652174 0.07865168539325842 0.7482608695652174 0.18089887640449437
0 0.3391304347826087 0.999438202247191 0.47739130434782606 0.999438202247191 0.47739130434782606 0.9601123595505618 0.3391304347826087 0.9601123595505618 0.3391304347826087 0.999438202247191
0 0.7108695652173913 0 0.7108695652173913 0.046067415730337076 0.7465217391304347 0.046067415730337076 0.7465217391304347 0 0.7108695652173913 0