0 0.603448275862069 0.7822916666666667 0.7298850574712644 0.7822916666666667 0.7298850574712644 0.6239583333333333 0.603448275862069 0.6239583333333333 0.603448275862069 0.7822916666666667
0 0.23204022988505746 0.15 0.3067528735632184 0.15 0.3067528735632184 0.05 0.23204022988505746 0.05 0.23204022988505746 0.15
0 0.3599137931034483 0.11458333333333333 0.4418103448275862 0.11458333333333333 0.4418103448275862 0.008333333333333333 0.3599137931034483 0.008333333333333333 0.3599137931034483 0.11458333333333333
0 0.21982758620689655 0.46770833333333334 0.3103448275862069 0.46770833333333334 0.3103448275862069 0.365625 0.21982758620689655 0.365625 0.21982758620689655 0.46770833333333334
0 0.5732758620689655 0.9822916666666667 0.6882183908045977 0.9822916666666667 0.6882183908045977 0.803125 0.5732758620689655 0.803125 0.5732758620689655 0.9822916666666667
0 0.29813218390804597 0.103125 0.3599137931034483 0.103125 0.3599137931034483 0.005208333333333333 0.29813218390804597 0.005208333333333333 0.29813218390804597 0.103125
0 0.041666666666666664 0.61875 0.1206896551724138 0.61875 0.1206896551724138 0.5041666666666667 0.041666666666666664 0.5041666666666667 0.041666666666666664 0.61875
0 0.07902298850574713 0.42083333333333334 0.16522988505747127 0.42083333333333334 0.16522988505747127 0.3145833333333333 0.07902298850574713 0.3145833333333333 0.07902298850574713 0.42083333333333334
0 0.7693965517241379 0.4583333333333333 0.8800287356321839 0.4583333333333333 0.8800287356321839 0.3145833333333333 0.7693965517241379 0.3145833333333333 0.7693965517241379 0.4583333333333333
0 0.15229885057471265 0.25 0.23275862068965517 0.25 0.23275862068965517 0.15625 0.15229885057471265 0.15625 0.15229885057471265 0.25
0 0.14942528735632185 0.16145833333333334 0.22413793103448276 0.16145833333333334 0.22413793103448276 0.08854166666666667 0.14942528735632185 0.08854166666666667 0.14942528735632185 0.16145833333333334
0 0.15732758620689655 0.3770833333333333 0.22485632183908047 0.3770833333333333 0.22485632183908047 0.27291666666666664 0.15732758620689655 0.27291666666666664 0.15732758620689655 0.3770833333333333
0 0.04597701149425287 0.33645833333333336 0.10919540229885058 0.33645833333333336 0.10919540229885058 0.221875 0.04597701149425287 0.221875 0.04597701149425287 0.33645833333333336
0 0.9274425287356322 0 0.9274425287356322 0.05625 0.9992816091954023 0.05625 0.9992816091954023 0 0.9274425287356322 0
0 0 0.5875 0.06465517241379311 0.5875 0.06465517241379311 0.4708333333333333 0 0.4708333333333333 0 0.5875
0 0.22198275862068967 0.36875 0.29813218390804597 0.36875 0.29813218390804597 0.28541666666666665 0.22198275862068967 0.28541666666666665 0.22198275862068967 0.36875
0 0.8426724137931034 0 0.8426724137931034 0.05 0.9274425287356322 0.05 0.9274425287356322 0 0.8426724137931034 0
0 0.7614942528735632 0 0.7614942528735632 0.04791666666666667 0.8390804597701149 0.04791666666666667 0.8390804597701149 0 0.7614942528735632 0
0 0.09051724137931035 0.328125 0.15948275862068967 0.328125 0.15948275862068967 0.253125 0.09051724137931035 0.253125 0.09051724137931035 0.328125