0 0.10420240137221269 0.5547619047619048 0.19339622641509435 0.5547619047619048 0.19339622641509435 0.37063492063492065 0.10420240137221269 0.37063492063492065 0.10420240137221269 0.5547619047619048
0 0.6174957118353345 0.626984126984127 0.6963979416809606 0.626984126984127 0.6963979416809606 0.4603174603174603 0.6174957118353345 0.4603174603174603 0.6174957118353345 0.626984126984127
0 0.7547169811320755 0.4626984126984127 0.8190394511149228 0.4626984126984127 0.8190394511149228 0.30238095238095236 0.7547169811320755 0.30238095238095236 0.7547169811320755 0.4626984126984127
0 0.05360205831903945 0.30952380952380953 0.13336192109777015 0.30952380952380953 0.13336192109777015 0.13968253968253969 0.05360205831903945 0.13968253968253969 0.05360205831903945 0.30952380952380953
0 0.6307890222984562 0.942063492063492 0.7191252144082333 0.942063492063492 0.7191252144082333 0.7515873015873016 0.6307890222984562 0.7515873015873016 0.6307890222984562 0.942063492063492
0 0.5077186963979416 0.6849206349206349 0.5960548885077187 0.6849206349206349 0.5960548885077187 0.5007936507936508 0.5077186963979416 0.5007936507936508 0.5077186963979416 0.6849206349206349
0 0.6046312178387651 0.36507936507936506 0.676672384219554 0.36507936507936506 0.676672384219554 0.20952380952380953 0.6046312178387651 0.20952380952380953 0.6046312178387651 0.36507936507936506
0 0.5128644939965694 0.9 0.6046312178387651 0.9 0.6046312178387651 0.7095238095238096 0.5128644939965694 0.7095238095238096 0.5128644939965694 0.9
0 0.8512006861063465 0.5706349206349206 0.9249571183533448 0.5706349206349206 0.9249571183533448 0.4007936507936508 0.8512006861063465 0.4007936507936508 0.8512006861063465 0.5706349206349206
0 0.10034305317324185 0.22301587301587303 0.1792452830188679 0.22301587301587303 0.1792452830188679 0.05634920634920635 0.10034305317324185 0.05634920634920635 0.10034305317324185 0.22301587301587303
0 0.6758147512864494 0.4095238095238095 0.7564322469982847 0.4095238095238095 0.7564322469982847 0.24444444444444444 0.6758147512864494 0.24444444444444444 0.6758147512864494 0.4095238095238095
0 0.4283876500857633 0.6261904761904762 0.5124356775300172 0.6261904761904762 0.5124356775300172 0.44841269841269843 0.4283876500857633 0.44841269841269843 0.4283876500857633 0.6261904761904762
0 0.7933104631217839 0.9357142857142857 0.8704974271012007 0.9357142857142857 0.8704974271012007 0.7611111111111111 0.7933104631217839 0.7611111111111111 0.7933104631217839 0.9357142857142857
0 0.4322469982847341 0.8317460317460318 0.5248713550600344 0.8317460317460318 0.5248713550600344 0.6365079365079365 0.4322469982847341 0.6365079365079365 0.4322469982847341 0.8317460317460318
0 0.7821612349914236 0.3515873015873016 0.8413379073756432 0.3515873015873016 0.8413379073756432 0.20555555555555555 0.7821612349914236 0.20555555555555555 0.7821612349914236 0.3515873015873016
0 0.6226415094339622 0.2015873015873016 0.6878216123499142 0.2015873015873016 0.6878216123499142 0.06666666666666667 0.6226415094339622 0.06666666666666667 0.6226415094339622 0.2015873015873016
0 0.7199828473413379 0.8841269841269841 0.8014579759862779 0.8841269841269841 0.8014579759862779 0.6873015873015873 0.7199828473413379 0.6873015873015873 0.7199828473413379 0.8841269841269841
0 0.1457975986277873 0.4452380952380952 0.22126929674099485 0.4452380952380952 0.22126929674099485 0.2833333333333333 0.1457975986277873 0.2833333333333333 0.1457975986277873 0.4452380952380952
0 0.5377358490566038 0.557936507936508 0.6192109777015438 0.557936507936508 0.6192109777015438 0.403968253968254 0.5377358490566038 0.403968253968254 0.5377358490566038 0.557936507936508
0 0.8666380789022299 0.8793650793650793 0.9403945111492281 0.8793650793650793 0.9403945111492281 0.6857142857142857 0.8666380789022299 0.6857142857142857 0.8666380789022299 0.8793650793650793
0 0.7002572898799314 0.29603174603174603 0.7697255574614065 0.29603174603174603 0.7697255574614065 0.1738095238095238 0.7002572898799314 0.1738095238095238 0.7002572898799314 0.29603174603174603
0 0.8254716981132075 0.6936507936507936 0.8992281303602059 0.6936507936507936 0.8992281303602059 0.5253968253968254 0.8254716981132075 0.5253968253968254 0.8254716981132075 0.6936507936507936
0 0.9867066895368782 1 0.9867066895368782 0.873015873015873 0.9060891938250428 0.873015873015873 0.9060891938250428 1 0.9867066895368782 1
0 0.9386792452830188 0.8428571428571429 0.9995711835334476 0.8428571428571429 0.9995711835334476 0.6555555555555556 0.9386792452830188 0.6555555555555556 0.9386792452830188 0.8428571428571429
0 0.9125214408233276 0.6896825396825397 0.9777015437392796 0.6896825396825397 0.9777015437392796 0.584920634920635 0.9125214408233276 0.584920634920635 0.9125214408233276 0.6896825396825397
0 0.6346483704974271 0 0.6346483704974271 0.10158730158730159 0.6989708404802745 0.10158730158730159 0.6989708404802745 0 0.6346483704974271 0
0 0.8104631217838765 0 0.8104631217838765 0.05714285714285714 0.8679245283018868 0.05714285714285714 0.8679245283018868 0 0.8104631217838765 0
0 0.9789879931389366 0.9896825396825397 0.9995711835334476 0.9896825396825397 0.9995711835334476 0.8277777777777777 0.9789879931389366 0.8277777777777777 0.9789879931389366 0.9896825396825397
0 0.0137221269296741 0 0.0137221269296741 0.03650793650793651 0.07718696397941681 0.03650793650793651 0.07718696397941681 0 0.0137221269296741 0
0 0.3439108061749571 0 0.3439108061749571 0.026984126984126985 0.4013722126929674 0.026984126984126985 0.4013722126929674 0 0.3439108061749571 0
0 0.6813893653516295 0 0.6813893653516295 0.03968253968253968 0.7156946826758147 0.03968253968253968 0.7156946826758147 0 0.6813893653516295 0