0 0.28593272171253825 0.8671875 0.3853211009174312 0.8671875 0.3853211009174312 0.708984375 0.28593272171253825 0.708984375 0.28593272171253825 0.8671875
0 0.7003058103975535 0.34765625 0.7920489296636085 0.34765625 0.7920489296636085 0.19921875 0.7003058103975535 0.19921875 0.7003058103975535 0.34765625
0 0.7492354740061162 0.1865234375 0.8409785932721713 0.1865234375 0.8409785932721713 0.0439453125 0.7492354740061162 0.0439453125 0.7492354740061162 0.1865234375
0 0.17737003058103976 0.9990234375 0.29204892966360857 0.9990234375 0.29204892966360857 0.8525390625 0.17737003058103976 0.8525390625 0.17737003058103976 0.9990234375
0 0.20336391437308868 0.2177734375 0.27675840978593275 0.2177734375 0.27675840978593275 0.0986328125 0.20336391437308868 0.0986328125 0.20336391437308868 0.2177734375
0 0.37003058103975534 0.3017578125 0.4541284403669725 0.3017578125 0.4541284403669725 0.1669921875 0.37003058103975534 0.1669921875 0.37003058103975534 0.3017578125
0 0.7798165137614679 0.376953125 0.8608562691131498 0.376953125 0.8608562691131498 0.220703125 0.7798165137614679 0.220703125 0.7798165137614679 0.376953125
0 0.13761467889908258 0.875 0.2324159021406728 0.875 0.2324159021406728 0.716796875 0.13761467889908258 0.716796875 0.13761467889908258 0.875
0 0.6529051987767585 0.625 0.7568807339449541 0.625 0.7568807339449541 0.474609375 0.6529051987767585 0.474609375 0.6529051987767585 0.625
0 0.49770642201834864 0.7763671875 0.6032110091743119 0.7763671875 0.6032110091743119 0.5927734375 0.49770642201834864 0.5927734375 0.49770642201834864 0.7763671875
0 0.03669724770642202 0.6904296875 0.12538226299694188 0.6904296875 0.12538226299694188 0.5302734375 0.03669724770642202 0.5302734375 0.03669724770642202 0.6904296875
0 0.8715596330275229 0.2216796875 0.9571865443425076 0.2216796875 0.9571865443425076 0.0615234375 0.8715596330275229 0.0615234375 0.8715596330275229 0.2216796875
0 0.07568807339449542 0.8134765625 0.1536697247706422 0.8134765625 0.1536697247706422 0.6689453125 0.07568807339449542 0.6689453125 0.07568807339449542 0.8134765625
0 0.6207951070336392 0.9365234375 0.7140672782874617 0.9365234375 0.7140672782874617 0.7548828125 0.6207951070336392 0.7548828125 0.6207951070336392 0.9365234375
0 0.5749235474006116 0.82421875 0.6850152905198776 0.82421875 0.6850152905198776 0.642578125 0.5749235474006116 0.642578125 0.5749235474006116 0.82421875
0 0.8983180428134556 0 0.8983180428134556 0.06640625 0.9793577981651376 0.06640625 0.9793577981651376 0 0.8983180428134556 0