0 0.6013333333333334 0.7046019900497512 0.6573333333333333 0.7046019900497512 0.6573333333333333 0.5851990049751243 0.6013333333333334 0.5851990049751243 0.6013333333333334 0.7046019900497512
0 0.539 0.5298507462686567 0.587 0.5298507462686567 0.587 0.43159203980099503 0.539 0.43159203980099503 0.539 0.5298507462686567
0 0.45266666666666666 0.39054726368159204 0.5073333333333333 0.39054726368159204 0.5073333333333333 0.2885572139303483 0.45266666666666666 0.2885572139303483 0.45266666666666666 0.39054726368159204
0 0.559 0.4502487562189055 0.6103333333333333 0.4502487562189055 0.6103333333333333 0.34950248756218905 0.559 0.34950248756218905 0.559 0.4502487562189055
0 0.5016666666666667 0.3650497512437811 0.551 0.3650497512437811 0.551 0.27425373134328357 0.5016666666666667 0.27425373134328357 0.5016666666666667 0.3650497512437811
0 0.09466666666666666 0.7848258706467661 0.16133333333333333 0.7848258706467661 0.16133333333333333 0.6480099502487562 0.09466666666666666 0.6480099502487562 0.09466666666666666 0.7848258706467661
0 0.694 0.6983830845771144 0.738 0.6983830845771144 0.738 0.6001243781094527 0.694 0.6001243781094527 0.694 0.6983830845771144
0 0.463 0.23134328358208955 0.5083333333333333 0.23134328358208955 0.5083333333333333 0.14303482587064675 0.463 0.14303482587064675 0.463 0.23134328358208955
0 0.61 0.4763681592039801 0.6453333333333333 0.4763681592039801 0.6453333333333333 0.3781094527363184 0.61 0.3781094527363184 0.61 0.4763681592039801
0 0.33466666666666667 0.4944029850746269 0.3913333333333333 0.4944029850746269 0.3913333333333333 0.3787313432835821 0.33466666666666667 0.3787313432835821 0.33466666666666667 0.4944029850746269
0 0.09 0.12251243781094527 0.142 0.12251243781094527 0.142 0.010572139303482588 0.09 0.010572139303482588 0.09 0.12251243781094527
0 0.25066666666666665 0.3619402985074627 0.31 0.3619402985074627 0.31 0.24004975124378108 0.25066666666666665 0.24004975124378108 0.25066666666666665 0.3619402985074627
0 0.2803333333333333 0.292910447761194 0.331 0.292910447761194 0.331 0.1884328358208955 0.2803333333333333 0.1884328358208955 0.2803333333333333 0.292910447761194
0 0.19166666666666668 0.27176616915422885 0.241 0.27176616915422885 0.241 0.16480099502487564 0.19166666666666668 0.16480099502487564 0.19166666666666668 0.27176616915422885
0 0.7566666666666667 0.5186567164179104 0.8066666666666666 0.5186567164179104 0.8066666666666666 0.42661691542288555 0.7566666666666667 0.42661691542288555 0.7566666666666667 0.5186567164179104
0 0.30866666666666664 0.38308457711442784 0.35933333333333334 0.38308457711442784 0.35933333333333334 0.27611940298507465 0.30866666666666664 0.27611940298507465 0.30866666666666664 0.38308457711442784
0 0.255 0.17786069651741293 0.299 0.17786069651741293 0.299 0.07462686567164178 0.255 0.07462686567164178 0.255 0.17786069651741293
0 0.461 0.10820895522388059 0.49766666666666665 0.10820895522388059 0.49766666666666665 0.021144278606965175 0.461 0.021144278606965175 0.461 0.10820895522388059
0 0.03766666666666667 0.21393034825870647 0.09833333333333333 0.21393034825870647 0.09833333333333333 0.10945273631840796 0.03766666666666667 0.10945273631840796 0.03766666666666667 0.21393034825870647