0 0.5323333333333333 0.4987562189054726 0.585 0.4987562189054726 0.585 0.38930348258706465 0.5323333333333333 0.38930348258706465 0.5323333333333333 0.4987562189054726
0 0.08933333333333333 0.904228855721393 0.162 0.904228855721393 0.162 0.7661691542288557 0.08933333333333333 0.7661691542288557 0.08933333333333333 0.904228855721393
0 0.7616666666666667 0.9993781094527363 0.8096666666666666 0.9993781094527363 0.8096666666666666 0.9060945273631841 0.7616666666666667 0.9060945273631841 0.7616666666666667 0.9993781094527363
0 0.47633333333333333 0.35572139303482586 0.5243333333333333 0.35572139303482586 0.5243333333333333 0.2562189054726368 0.47633333333333333 0.2562189054726368 0.47633333333333333 0.35572139303482586
0 0.6793333333333333 0.9011194029850746 0.74 0.9011194029850746 0.74 0.7904228855721394 0.6793333333333333 0.7904228855721394 0.6793333333333333 0.9011194029850746
0 0.158 0.13121890547263682 0.21266666666666667 0.13121890547263682 0.21266666666666667 0.016791044776119403 0.158 0.016791044776119403 0.158 0.13121890547263682
0 0.06433333333333334 0.5516169154228856 0.129 0.5516169154228856 0.129 0.416044776119403 0.06433333333333334 0.416044776119403 0.06433333333333334 0.5516169154228856
0 0.6203333333333333 0.5012437810945274 0.6616666666666666 0.5012437810945274 0.6616666666666666 0.4129353233830846 0.6203333333333333 0.4129353233830846 0.6203333333333333 0.5012437810945274
0 0.214 0.19402985074626866 0.2693333333333333 0.19402985074626866 0.2693333333333333 0.08582089552238806 0.214 0.08582089552238806 0.214 0.19402985074626866
0 0.4 0.21828358208955223 0.44733333333333336 0.21828358208955223 0.44733333333333336 0.13121890547263682 0.4 0.13121890547263682 0.4 0.21828358208955223
0 0.547 0.31094527363184077 0.5856666666666667 0.31094527363184077 0.5856666666666667 0.21766169154228857 0.547 0.21766169154228857 0.547 0.31094527363184077
0 0.23933333333333334 0.12437810945273632 0.2833333333333333 0.12437810945273632 0.2833333333333333 0.046019900497512436 0.23933333333333334 0.046019900497512436 0.23933333333333334 0.12437810945273632
0 0.266 0.23072139303482586 0.314 0.23072139303482586 0.314 0.11380597014925373 0.266 0.11380597014925373 0.266 0.23072139303482586
0 0.44466666666666665 0.19962686567164178 0.48933333333333334 0.19962686567164178 0.48933333333333334 0.12002487562189054 0.44466666666666665 0.12002487562189054 0.44466666666666665 0.19962686567164178
0 0.7233333333333334 0.8432835820895522 0.7633333333333333 0.8432835820895522 0.7633333333333333 0.7375621890547264 0.7233333333333334 0.7375621890547264 0.7233333333333334 0.8432835820895522
0 0.4116666666666667 0.09017412935323384 0.451 0.09017412935323384 0.451 0.00808457711442786 0.4116666666666667 0.00808457711442786 0.4116666666666667 0.09017412935323384
0 0.49766666666666665 0.26927860696517414 0.547 0.26927860696517414 0.547 0.1822139303482587 0.49766666666666665 0.1822139303482587 0.49766666666666665 0.26927860696517414
0 0.6396666666666667 0.38992537313432835 0.6816666666666666 0.38992537313432835 0.6816666666666666 0.28544776119402987 0.6396666666666667 0.28544776119402987 0.6396666666666667 0.38992537313432835
0 0.222 0.05161691542288557 0.264 0.05161691542288557 0.264 0.0006218905472636816 0.222 0.0006218905472636816 0.222 0.05161691542288557
0 0.2886666666666667 0.31840796019900497 0.3393333333333333 0.31840796019900497 0.3393333333333333 0.21019900497512436 0.2886666666666667 0.21019900497512436 0.2886666666666667 0.31840796019900497