0 0.5789022298456261 0.9992063492063492 0.6706689536878216 0.9992063492063492 0.6706689536878216 0.823015873015873 0.5789022298456261 0.823015873015873 0.5789022298456261 0.9992063492063492
0 0.12264150943396226 0 0.12264150943396226 0.16031746031746033 0.19897084048027444 0.16031746031746033 0.19897084048027444 0 0.12264150943396226 0
0 0.36963979416809606 0.23809523809523808 0.444253859348199 0.23809523809523808 0.444253859348199 0.08888888888888889 0.36963979416809606 0.08888888888888889 0.36963979416809606 0.23809523809523808
0 0.692967409948542 0.4261904761904762 0.7684391080617495 0.4261904761904762 0.7684391080617495 0.2611111111111111 0.692967409948542 0.2611111111111111 0.692967409948542 0.4261904761904762
0 0.5248713550600344 0.6023809523809524 0.6097770154373928 0.6023809523809524 0.6097770154373928 0.42142857142857143 0.5248713550600344 0.42142857142857143 0.5248713550600344 0.6023809523809524
0 0.44639794168096053 0.5428571428571428 0.5330188679245284 0.5428571428571428 0.5330188679245284 0.3619047619047619 0.44639794168096053 0.3619047619047619 0.44639794168096053 0.5428571428571428
0 0.06689536878216124 0.5880952380952381 0.15180102915951973 0.5880952380952381 0.15180102915951973 0.4103174603174603 0.06689536878216124 0.4103174603174603 0.06689536878216124 0.5880952380952381
0 0.6539451114922813 0.1373015873015873 0.7191252144082333 0.1373015873015873 0.7191252144082333 0.0007936507936507937 0.6539451114922813 0.0007936507936507937 0.6539451114922813 0.1373015873015873
0 0.7392795883361921 0.5777777777777777 0.8164665523156089 0.5777777777777777 0.8164665523156089 0.4095238095238095 0.7392795883361921 0.4095238095238095 0.7392795883361921 0.5777777777777777
0 0.8837907375643225 0.8849206349206349 0.9584048027444254 0.8849206349206349 0.9584048027444254 0.7087301587301588 0.8837907375643225 0.7087301587301588 0.8837907375643225 0.8849206349206349
0 0.02444253859348199 0.18412698412698414 0.10334476843910806 0.18412698412698414 0.10334476843910806 0.025396825396825397 0.02444253859348199 0.025396825396825397 0.02444253859348199 0.18412698412698414
0 0.6788164665523156 0.26587301587301587 0.7448542024013722 0.26587301587301587 0.7448542024013722 0.12142857142857143 0.6788164665523156 0.12142857142857143 0.6788164665523156 0.26587301587301587
0 0.7427101200686106 0.24523809523809523 0.8010291595197255 0.24523809523809523 0.8010291595197255 0.10555555555555556 0.7427101200686106 0.10555555555555556 0.7427101200686106 0.24523809523809523
0 0.7860205831903945 0.8579365079365079 0.8623499142367067 0.8579365079365079 0.8623499142367067 0.6801587301587302 0.7860205831903945 0.6801587301587302 0.7860205831903945 0.8579365079365079
0 0.8331903945111492 0.4373015873015873 0.8837907375643225 0.4373015873015873 0.8837907375643225 0.2912698412698413 0.8331903945111492 0.2912698412698413 0.8331903945111492 0.4373015873015873
0 0.8456260720411664 0.5976190476190476 0.9082332761578045 0.5976190476190476 0.9082332761578045 0.44841269841269843 0.8456260720411664 0.44841269841269843 0.8456260720411664 0.5976190476190476
0 0.7697255574614065 0.4531746031746032 0.8331903945111492 0.4531746031746032 0.8331903945111492 0.3103174603174603 0.7697255574614065 0.3103174603174603 0.7697255574614065 0.4531746031746032
0 0.33361921097770153 1 0.33361921097770153 0.8666666666666667 0.23756432246998285 0.8666666666666667 0.23756432246998285 1 0.33361921097770153 1
0 0.3983704974271012 0 0.3983704974271012 0.0873015873015873 0.4695540308747856 0.0873015873015873 0.4695540308747856 0 0.3983704974271012 0
0 0.9159519725557461 0.7412698412698413 0.9819897084048027 0.7412698412698413 0.9819897084048027 0.5952380952380952 0.9159519725557461 0.5952380952380952 0.9159519725557461 0.7412698412698413
0 0.9438250428816467 0.9992063492063492 0.9995711835334476 0.9992063492063492 0.9995711835334476 0.8865079365079365 0.9438250428816467 0.8865079365079365 0.9438250428816467 0.9992063492063492
0 0.9562607204116638 0.888095238095238 0.9991423670668954 0.888095238095238 0.9991423670668954 0.7595238095238095 0.9562607204116638 0.7595238095238095 0.9562607204116638 0.888095238095238
0 0.9584048027444254 0.5158730158730159 0.9995711835334476 0.5158730158730159 0.9995711835334476 0.37777777777777777 0.9584048027444254 0.37777777777777777 0.9584048027444254 0.5158730158730159
0 0.2362778730703259 1 0.2362778730703259 0.9047619047619048 0.13250428816466553 0.9047619047619048 0.13250428816466553 1 0.2362778730703259 1
0 0.95926243567753 0.38095238095238093 0.9995711835334476 0.38095238095238093 0.9995711835334476 0.2841269841269841 0.95926243567753 0.2841269841269841 0.95926243567753 0.38095238095238093
0 0.9069468267581475 0.15714285714285714 0.9524013722126929 0.15714285714285714 0.9524013722126929 0.03650793650793651 0.9069468267581475 0.03650793650793651 0.9069468267581475 0.15714285714285714
0 0.8597770154373928 0 0.8597770154373928 0.05238095238095238 0.9069468267581475 0.05238095238095238 0.9069468267581475 0 0.8597770154373928 0