0 0.44183168316831684 0.9081920903954802 0.5655940594059405 0.9081920903954802 0.5655940594059405 0.7612994350282486 0.44183168316831684 0.7612994350282486 0.44183168316831684 0.9081920903954802
0 0.7202970297029703 0.5819209039548022 0.8217821782178217 0.5819209039548022 0.8217821782178217 0.480225988700565 0.7202970297029703 0.480225988700565 0.7202970297029703 0.5819209039548022
0 0.35396039603960394 0.8248587570621468 0.45544554455445546 0.8248587570621468 0.45544554455445546 0.7175141242937854 0.35396039603960394 0.7175141242937854 0.35396039603960394 0.8248587570621468
0 0.4158415841584158 0.6242937853107344 0.504950495049505 0.6242937853107344 0.504950495049505 0.5112994350282486 0.4158415841584158 0.5112994350282486 0.4158415841584158 0.6242937853107344
0 0.14603960396039603 0.6680790960451978 0.24752475247524752 0.6680790960451978 0.24752475247524752 0.577683615819209 0.14603960396039603 0.577683615819209 0.14603960396039603 0.6680790960451978
0 0.1448019801980198 0.7584745762711864 0.2537128712871287 0.7584745762711864 0.2537128712871287 0.6680790960451978 0.1448019801980198 0.6680790960451978 0.1448019801980198 0.7584745762711864
0 0.5507425742574258 0.7838983050847458 0.6448019801980198 0.7838983050847458 0.6448019801980198 0.6793785310734464 0.5507425742574258 0.6793785310734464 0.5507425742574258 0.7838983050847458
0 0.5618811881188119 0.6398305084745762 0.6633663366336634 0.6398305084745762 0.6633663366336634 0.5437853107344632 0.5618811881188119 0.5437853107344632 0.5618811881188119 0.6398305084745762
0 0.4863861386138614 0.5211864406779662 0.5878712871287128 0.5211864406779662 0.5878712871287128 0.422316384180791 0.4863861386138614 0.422316384180791 0.4863861386138614 0.5211864406779662
0 0.022277227722772276 0.6610169491525424 0.10148514851485149 0.6610169491525424 0.10148514851485149 0.559322033898305 0.022277227722772276 0.559322033898305 0.022277227722772276 0.6610169491525424
0 0.27722772277227725 0.9957627118644068 0.38613861386138615 0.9957627118644068 0.38613861386138615 0.9251412429378532 0.27722772277227725 0.9251412429378532 0.27722772277227725 0.9957627118644068
0 0.46410891089108913 0.14548022598870056 0.530940594059406 0.14548022598870056 0.530940594059406 0.0635593220338983 0.46410891089108913 0.0635593220338983 0.46410891089108913 0.14548022598870056
0 0.3415841584158416 0.19915254237288135 0.4207920792079208 0.19915254237288135 0.4207920792079208 0.1115819209039548 0.3415841584158416 0.1115819209039548 0.3415841584158416 0.19915254237288135
0 0.5086633663366337 0.596045197740113 0.5952970297029703 0.596045197740113 0.5952970297029703 0.4887005649717514 0.5086633663366337 0.4887005649717514 0.5086633663366337 0.596045197740113
0 0.6410891089108911 0.6822033898305084 0.7400990099009901 0.6822033898305084 0.7400990099009901 0.577683615819209 0.6410891089108911 0.577683615819209 0.6410891089108911 0.6822033898305084
0 0.5470297029702971 0 0.5470297029702971 0.08192090395480225 0.6113861386138614 0.08192090395480225 0.6113861386138614 0 0.5470297029702971 0
0 0.48267326732673266 0 0.48267326732673266 0.059322033898305086 0.556930693069307 0.059322033898305086 0.556930693069307 0 0.48267326732673266 0