0 0.8951149425287356 0 0.8951149425287356 0.12916666666666668 0.9942528735632183 0.12916666666666668 0.9942528735632183 0 0.8951149425287356 0
0 0.7385057471264368 0.5645833333333333 0.8448275862068966 0.5645833333333333 0.8448275862068966 0.40208333333333335 0.7385057471264368 0.40208333333333335 0.7385057471264368 0.5645833333333333
0 0.22413793103448276 0.1625 0.30603448275862066 0.1625 0.30603448275862066 0.06458333333333334 0.22413793103448276 0.06458333333333334 0.22413793103448276 0.1625
0 0.3010057471264368 0.121875 0.3670977011494253 0.121875 0.3670977011494253 0.021875 0.3010057471264368 0.021875 0.3010057471264368 0.121875
0 0.36853448275862066 0.18333333333333332 0.4547413793103448 0.18333333333333332 0.4547413793103448 0.0875 0.36853448275862066 0.0875 0.36853448275862066 0.18333333333333332
0 0.08620689655172414 0.3 0.14942528735632185 0.3 0.14942528735632185 0.20208333333333334 0.08620689655172414 0.20208333333333334 0.08620689655172414 0.3
0 0 0.26875 0.05890804597701149 0.26875 0.05890804597701149 0.18333333333333332 0 0.18333333333333332 0 0.26875
0 0.1961206896551724 0.33125 0.2708333333333333 0.33125 0.2708333333333333 0.22708333333333333 0.1961206896551724 0.22708333333333333 0.1961206896551724 0.33125
0 0.7579022988505747 0.39375 0.8742816091954023 0.39375 0.8742816091954023 0.25416666666666665 0.7579022988505747 0.25416666666666665 0.7579022988505747 0.39375
0 0.1824712643678161 0 0.1824712643678161 0.09791666666666667 0.24281609195402298 0.09791666666666667 0.24281609195402298 0 0.1824712643678161 0
0 0.3670977011494253 0.10416666666666667 0.4418103448275862 0.10416666666666667 0.4418103448275862 0.025 0.3670977011494253 0.025 0.3670977011494253 0.10416666666666667
0 0.14798850574712644 0.315625 0.21264367816091953 0.315625 0.21264367816091953 0.20520833333333333 0.14798850574712644 0.20520833333333333 0.14798850574712644 0.315625
0 0.23204022988505746 0.07291666666666667 0.29813218390804597 0.07291666666666667 0.29813218390804597 0.0125 0.23204022988505746 0.0125 0.23204022988505746 0.07291666666666667