0 0.04 0.2443820224719101 0.17304347826086958 0.2443820224719101 0.17304347826086958 0.09831460674157304 0.04 0.09831460674157304 0.04 0.2443820224719101
0 0.9221739130434783 0.5455056179775281 0.9995652173913043 0.5455056179775281 0.9995652173913043 0.42303370786516853 0.9221739130434783 0.42303370786516853 0.9221739130434783 0.5455056179775281
0 0.6552173913043479 0.12022471910112359 0.7508695652173913 0.12022471910112359 0.7508695652173913 0.015730337078651686 0.6552173913043479 0.015730337078651686 0.6552173913043479 0.12022471910112359
0 0.8052173913043478 0.20337078651685395 0.8895652173913043 0.20337078651685395 0.8895652173913043 0.10561797752808989 0.8052173913043478 0.10561797752808989 0.8052173913043478 0.20337078651685395
0 0.7260869565217392 0.18202247191011237 0.8052173913043478 0.18202247191011237 0.8052173913043478 0.08089887640449438 0.7260869565217392 0.08089887640449438 0.7260869565217392 0.18202247191011237
0 0.8265217391304348 0.3292134831460674 0.9247826086956522 0.3292134831460674 0.9247826086956522 0.22808988764044943 0.8265217391304348 0.22808988764044943 0.8265217391304348 0.3292134831460674
0 0.7452173913043478 0 0.7452173913043478 0.07752808988764046 0.828695652173913 0.07752808988764046 0.828695652173913 0 0.7452173913043478 0
0 0.9295652173913044 0.3095505617977528 0.9973913043478261 0.3095505617977528 0.9973913043478261 0.19269662921348316 0.9295652173913044 0.19269662921348316 0.9295652173913044 0.3095505617977528
0 0.8030434782608695 0.11910112359550562 0.8795652173913043 0.11910112359550562 0.8795652173913043 0.046067415730337076 0.8030434782608695 0.046067415730337076 0.8030434782608695 0.11910112359550562
0 0.8526086956521739 0.27640449438202247 0.9404347826086956 0.27640449438202247 0.9404347826086956 0.18876404494382024 0.8526086956521739 0.18876404494382024 0.8526086956521739 0.27640449438202247
0 0.9743478260869565 0.652247191011236 0.9995652173913043 0.652247191011236 0.9995652173913043 0.5634831460674158 0.9743478260869565 0.5634831460674158 0.9743478260869565 0.652247191011236
0 0.6795652173913044 0 0.6795652173913044 0.020224719101123594 0.7473913043478261 0.020224719101123594 0.7473913043478261 0 0.6795652173913044 0