0 0.47 1 0.47 0.8056179775280898 0.3126086956521739 0.8056179775280898 0.3126086956521739 1 0.47 1
0 0.1673913043478261 0.999438202247191 0.31521739130434784 0.999438202247191 0.31521739130434784 0.8117977528089888 0.1673913043478261 0.8117977528089888 0.1673913043478261 0.999438202247191
0 0.07565217391304348 0.5084269662921348 0.22086956521739132 0.5084269662921348 0.22086956521739132 0.3432584269662921 0.07565217391304348 0.3432584269662921 0.07565217391304348 0.5084269662921348
0 0.8565217391304348 0.27808988764044945 0.9356521739130435 0.27808988764044945 0.9356521739130435 0.1556179775280899 0.8565217391304348 0.1556179775280899 0.8565217391304348 0.27808988764044945
0 0.10478260869565217 0.697752808988764 0.24130434782608695 0.697752808988764 0.24130434782608695 0.5078651685393258 0.10478260869565217 0.5078651685393258 0.10478260869565217 0.697752808988764
0 0.7330434782608696 0.2932584269662921 0.8321739130434782 0.2932584269662921 0.8321739130434782 0.1797752808988764 0.7330434782608696 0.1797752808988764 0.7330434782608696 0.2932584269662921
0 0.7791304347826087 0.14382022471910114 0.8608695652173913 0.14382022471910114 0.8608695652173913 0.04269662921348315 0.7791304347826087 0.04269662921348315 0.7791304347826087 0.14382022471910114
0 0.8365217391304348 0.45730337078651684 0.94 0.45730337078651684 0.94 0.34606741573033706 0.8365217391304348 0.34606741573033706 0.8365217391304348 0.45730337078651684
0 0.4647826086956522 0.998876404494382 0.6082608695652174 0.998876404494382 0.6082608695652174 0.9370786516853933 0.4647826086956522 0.9370786516853933 0.4647826086956522 0.998876404494382
0 0.7 0.11910112359550562 0.7817391304347826 0.11910112359550562 0.7817391304347826 0.02247191011235955 0.7 0.02247191011235955 0.7 0.11910112359550562
0 0.6291304347826087 0 0.6291304347826087 0.05955056179775281 0.7239130434782609 0.05955056179775281 0.7239130434782609 0 0.6291304347826087 0
0 0.8673913043478261 0.4134831460674157 0.9717391304347827 0.4134831460674157 0.9717391304347827 0.30337078651685395 0.8673913043478261 0.30337078651685395 0.8673913043478261 0.4134831460674157
0 0.7817391304347826 0.25280898876404495 0.8565217391304348 0.25280898876404495 0.8565217391304348 0.15168539325842698 0.7817391304347826 0.15168539325842698 0.7817391304347826 0.25280898876404495
0 0.9665217391304348 0.4691011235955056 0.9995652173913043 0.4691011235955056 0.9995652173913043 0.351123595505618 0.9665217391304348 0.351123595505618 0.9665217391304348 0.4691011235955056
0 0.7486956521739131 0 0.7486956521739131 0.04943820224719101 0.82 0.04943820224719101 0.82 0 0.7486956521739131 0