0 0.08576329331046312 0.7301587301587301 0.18267581475128644 0.7301587301587301 0.18267581475128644 0.5412698412698412 0.08576329331046312 0.5412698412698412 0.08576329331046312 0.7301587301587301
0 0.45368782161234994 0.49523809523809526 0.5360205831903945 0.49523809523809526 0.5360205831903945 0.3238095238095238 0.45368782161234994 0.3238095238095238 0.45368782161234994 0.49523809523809526
0 0.3670668953687822 0.2785714285714286 0.444253859348199 0.2785714285714286 0.444253859348199 0.1261904761904762 0.3670668953687822 0.1261904761904762 0.3670668953687822 0.2785714285714286
0 0.8426243567753001 0.7587301587301587 0.9223842195540308 0.7587301587301587 0.9223842195540308 0.5841269841269842 0.8426243567753001 0.5841269841269842 0.8426243567753001 0.7587301587301587
0 0.46612349914236706 0.31507936507936507 0.5441680960548885 0.31507936507936507 0.5441680960548885 0.16111111111111112 0.46612349914236706 0.16111111111111112 0.46612349914236706 0.31507936507936507
0 0.5471698113207547 0.2920634920634921 0.6174957118353345 0.2920634920634921 0.6174957118353345 0.1253968253968254 0.5471698113207547 0.1253968253968254 0.5471698113207547 0.2920634920634921
0 0.6110634648370498 0.34365079365079365 0.6813893653516295 0.34365079365079365 0.6813893653516295 0.19126984126984126 0.6110634648370498 0.19126984126984126 0.6110634648370498 0.34365079365079365
0 0.6475128644939966 0.17063492063492064 0.7178387650085764 0.17063492063492064 0.7178387650085764 0.024603174603174603 0.6475128644939966 0.024603174603174603 0.6475128644939966 0.17063492063492064
0 0.7101200686106347 0.4595238095238095 0.7838765008576329 0.4595238095238095 0.7838765008576329 0.28809523809523807 0.7101200686106347 0.28809523809523807 0.7101200686106347 0.4595238095238095
0 0.9052315608919382 0.9984126984126984 0.9875643224699828 0.9984126984126984 0.9875643224699828 0.8380952380952381 0.9052315608919382 0.8380952380952381 0.9052315608919382 0.9984126984126984
0 0.6805317324185248 0.3126984126984127 0.7491423670668954 0.3126984126984127 0.7491423670668954 0.14285714285714285 0.6805317324185248 0.14285714285714285 0.6805317324185248 0.3126984126984127
0 0.7821612349914236 0.6015873015873016 0.8567753001715266 0.6015873015873016 0.8567753001715266 0.43174603174603177 0.7821612349914236 0.43174603174603177 0.7821612349914236 0.6015873015873016
0 0.782590051457976 0.423015873015873 0.8460548885077187 0.423015873015873 0.8460548885077187 0.26746031746031745 0.782590051457976 0.26746031746031745 0.782590051457976 0.423015873015873
0 0.4571183533447684 0.7912698412698412 0.548885077186964 0.7912698412698412 0.548885077186964 0.6007936507936508 0.4571183533447684 0.6007936507936508 0.4571183533447684 0.7912698412698412
0 0.2997427101200686 0.22380952380952382 0.3786449399656947 0.22380952380952382 0.3786449399656947 0.06825396825396825 0.2997427101200686 0.06825396825396825 0.2997427101200686 0.22380952380952382
0 0.058747855917667235 0.5476190476190477 0.13250428816466553 0.5476190476190477 0.13250428816466553 0.35079365079365077 0.058747855917667235 0.35079365079365077 0.058747855917667235 0.5476190476190477
0 0.9335334476843911 0.7904761904761904 0.9987135506003431 0.7904761904761904 0.9987135506003431 0.6142857142857143 0.9335334476843911 0.6142857142857143 0.9335334476843911 0.7904761904761904
0 0.5433104631217839 0.7531746031746032 0.6256432246998285 0.7531746031746032 0.6256432246998285 0.5547619047619048 0.5433104631217839 0.5547619047619048 0.5433104631217839 0.7531746031746032
0 0.6518010291595198 1 0.6518010291595198 0.8793650793650793 0.5600343053173242 0.8793650793650793 0.5600343053173242 1 0.6518010291595198 1
0 0.46612349914236706 0 0.46612349914236706 0.1 0.5347341337907375 0.1 0.5347341337907375 0 0.46612349914236706 0
0 0.36921097770154376 0 0.36921097770154376 0.12063492063492064 0.44382504288164665 0.12063492063492064 0.44382504288164665 0 0.36921097770154376 0
0 0.7487135506003431 0.2896825396825397 0.8130360205831904 0.2896825396825397 0.8130360205831904 0.13412698412698412 0.7487135506003431 0.13412698412698412 0.7487135506003431 0.2896825396825397
0 0.7332761578044596 0.16428571428571428 0.7890222984562607 0.16428571428571428 0.7890222984562607 0.0865079365079365 0.7332761578044596 0.0865079365079365 0.7332761578044596 0.16428571428571428
0 0.35591766723842194 1 0.35591766723842194 0.9301587301587302 0.2607204116638079 0.9301587301587302 0.2607204116638079 1 0.35591766723842194 1
0 0.6805317324185248 0 0.6805317324185248 0.09047619047619047 0.7439965694682675 0.09047619047619047 0.7439965694682675 0 0.6805317324185248 0
0 0.30403087478559176 0 0.30403087478559176 0.06984126984126984 0.3734991423670669 0.06984126984126984 0.3734991423670669 0 0.30403087478559176 0
0 0.25728987993138935 1 0.25728987993138935 0.9333333333333333 0.17495711835334476 0.9333333333333333 0.17495711835334476 1 0.25728987993138935 1
0 0.9841337907375644 0.9571428571428572 0.9995711835334476 0.9571428571428572 0.9995711835334476 0.8 0.9841337907375644 0.8 0.9841337907375644 0.9571428571428572
0 0.9875643224699828 0.4365079365079365 0.9995711835334476 0.4365079365079365 0.9995711835334476 0.3142857142857143 0.9875643224699828 0.3142857142857143 0.9875643224699828 0.4365079365079365
0 0.4343910806174957 0.04523809523809524 0.4644082332761578 0.04523809523809524 0.4644082332761578 0.0007936507936507937 0.4343910806174957 0.0007936507936507937 0.4343910806174957 0.04523809523809524