0 0.6188118811881188 0.6497175141242938 0.7202970297029703 0.6497175141242938 0.7202970297029703 0.536723163841808 0.6188118811881188 0.536723163841808 0.6188118811881188 0.6497175141242938
0 0.3787128712871287 0.885593220338983 0.4876237623762376 0.885593220338983 0.4876237623762376 0.7923728813559322 0.3787128712871287 0.7923728813559322 0.3787128712871287 0.885593220338983
0 0.8551980198019802 0.3036723163841808 0.9467821782178217 0.3036723163841808 0.9467821782178217 0.2189265536723164 0.8551980198019802 0.2189265536723164 0.8551980198019802 0.3036723163841808
0 0.5383663366336634 0.7528248587570622 0.629950495049505 0.7528248587570622 0.629950495049505 0.6313559322033898 0.5383663366336634 0.6313559322033898 0.5383663366336634 0.7528248587570622
0 0.3316831683168317 0.3446327683615819 0.4084158415841584 0.3446327683615819 0.4084158415841584 0.2542372881355932 0.3316831683168317 0.2542372881355932 0.3316831683168317 0.3446327683615819
0 0.6720297029702971 0.4632768361581921 0.7685643564356436 0.4632768361581921 0.7685643564356436 0.3644067796610169 0.6720297029702971 0.3644067796610169 0.6720297029702971 0.4632768361581921
0 0.37623762376237624 0.9887005649717514 0.4900990099009901 0.9887005649717514 0.4900990099009901 0.884180790960452 0.37623762376237624 0.884180790960452 0.37623762376237624 0.9887005649717514
0 0.7128712871287128 0.2966101694915254 0.7970297029702971 0.2966101694915254 0.7970297029702971 0.19491525423728814 0.7128712871287128 0.19491525423728814 0.7128712871287128 0.2966101694915254
0 0.849009900990099 0.422316384180791 0.9455445544554455 0.422316384180791 0.9455445544554455 0.326271186440678 0.849009900990099 0.326271186440678 0.849009900990099 0.422316384180791
0 0.4566831683168317 0.3361581920903955 0.5532178217821783 0.3361581920903955 0.5532178217821783 0.2598870056497175 0.4566831683168317 0.2598870056497175 0.4566831683168317 0.3361581920903955
0 0.7660891089108911 0.5211864406779662 0.8774752475247525 0.5211864406779662 0.8774752475247525 0.3940677966101695 0.7660891089108911 0.3940677966101695 0.7660891089108911 0.5211864406779662
0 0.4628712871287129 0.4194915254237288 0.5668316831683168 0.4194915254237288 0.5668316831683168 0.3347457627118644 0.4628712871287129 0.3347457627118644 0.4628712871287129 0.4194915254237288
0 0 0.847457627118644 0.07425742574257425 0.847457627118644 0.07425742574257425 0.7429378531073446 0 0.7429378531073446 0 0.847457627118644
0 0.46905940594059403 0.7048022598870056 0.5631188118811881 0.7048022598870056 0.5631188118811881 0.6002824858757062 0.46905940594059403 0.6002824858757062 0.46905940594059403 0.7048022598870056
0 0.931930693069307 0.3361581920903955 0.9987623762376238 0.3361581920903955 0.9987623762376238 0.2401129943502825 0.931930693069307 0.2401129943502825 0.931930693069307 0.3361581920903955
0 0.8007425742574258 0.2711864406779661 0.879950495049505 0.2711864406779661 0.879950495049505 0.17231638418079095 0.8007425742574258 0.17231638418079095 0.8007425742574258 0.2711864406779661
0 0.7747524752475248 0.2062146892655367 0.8663366336633663 0.2062146892655367 0.8663366336633663 0.11864406779661017 0.7747524752475248 0.11864406779661017 0.7747524752475248 0.2062146892655367