0 0.29 0.7544943820224719 0.4317391304347826 0.7544943820224719 0.4317391304347826 0.5926966292134831 0.29 0.5926966292134831 0.29 0.7544943820224719
0 0.1091304347826087 0.7308988764044944 0.24217391304347827 0.7308988764044944 0.24217391304347827 0.5432584269662921 0.1091304347826087 0.5432584269662921 0.1091304347826087 0.7308988764044944
0 0.07565217391304348 0.5387640449438202 0.22608695652173913 0.5387640449438202 0.22608695652173913 0.3668539325842697 0.07565217391304348 0.3668539325842697 0.07565217391304348 0.5387640449438202
0 0.07260869565217391 0.1252808988764045 0.1891304347826087 0.1252808988764045 0.1891304347826087 0.0005617977528089888 0.07260869565217391 0.0005617977528089888 0.07260869565217391 0.1252808988764045
0 0.17652173913043478 0.4803370786516854 0.3130434782608696 0.4803370786516854 0.3130434782608696 0.3162921348314607 0.17652173913043478 0.3162921348314607 0.17652173913043478 0.4803370786516854
0 0.7991304347826087 0.47359550561797753 0.9121739130434783 0.47359550561797753 0.9121739130434783 0.35224719101123597 0.7991304347826087 0.35224719101123597 0.7991304347826087 0.47359550561797753
0 0.7813043478260869 0.27415730337078653 0.8795652173913043 0.27415730337078653 0.8795652173913043 0.1651685393258427 0.7813043478260869 0.1651685393258427 0.7813043478260869 0.27415730337078653
0 0.9404347826086956 0.3544943820224719 0.9995652173913043 0.3544943820224719 0.9995652173913043 0.25224719101123594 0.9404347826086956 0.25224719101123594 0.9404347826086956 0.3544943820224719
0 0.938695652173913 0.5449438202247191 0.9995652173913043 0.5449438202247191 0.9995652173913043 0.43258426966292135 0.938695652173913 0.43258426966292135 0.938695652173913 0.5449438202247191
0 0.8730434782608696 0.29213483146067415 0.9443478260869566 0.29213483146067415 0.9443478260869566 0.17191011235955056 0.8730434782608696 0.17191011235955056 0.8730434782608696 0.29213483146067415
0 0.9508695652173913 0.7235955056179775 0.9995652173913043 0.7235955056179775 0.9995652173913043 0.5955056179775281 0.9508695652173913 0.5955056179775281 0.9508695652173913 0.7235955056179775
0 0.9821739130434782 0.44157303370786516 0.9995652173913043 0.44157303370786516 0.9995652173913043 0.3898876404494382 0.9821739130434782 0.3898876404494382 0.9821739130434782 0.44157303370786516
0 0.9182608695652174 0.16348314606741574 0.9791304347826087 0.16348314606741574 0.9791304347826087 0.0848314606741573 0.9182608695652174 0.0848314606741573 0.9182608695652174 0.16348314606741574