0 0.16033333333333333 0.9987562189054726 0.23766666666666666 0.9987562189054726 0.23766666666666666 0.9079601990049752 0.16033333333333333 0.9079601990049752 0.16033333333333333 0.9987562189054726
0 0.126 0.6710199004975125 0.18866666666666668 0.6710199004975125 0.18866666666666668 0.5317164179104478 0.126 0.5317164179104478 0.126 0.6710199004975125
0 0.093 0.5472636815920398 0.16233333333333333 0.5472636815920398 0.16233333333333333 0.4166666666666667 0.093 0.4166666666666667 0.093 0.5472636815920398
0 0.6726666666666666 0.8451492537313433 0.7306666666666667 0.8451492537313433 0.7306666666666667 0.7170398009950248 0.6726666666666666 0.7170398009950248 0.6726666666666666 0.8451492537313433
0 0.257 0.11131840796019901 0.307 0.11131840796019901 0.307 0.004353233830845771 0.257 0.004353233830845771 0.257 0.11131840796019901
0 0.6983333333333334 0.9900497512437811 0.7603333333333333 0.9900497512437811 0.7603333333333333 0.8544776119402985 0.6983333333333334 0.8544776119402985 0.6983333333333334 0.9900497512437811
0 0.08866666666666667 0.8414179104477612 0.16 0.8414179104477612 0.16 0.6946517412935324 0.08866666666666667 0.6946517412935324 0.08866666666666667 0.8414179104477612
0 0.08233333333333333 0.31902985074626866 0.13433333333333333 0.31902985074626866 0.13433333333333333 0.19713930348258707 0.08233333333333333 0.19713930348258707 0.08233333333333333 0.31902985074626866
0 0.589 0.457089552238806 0.6363333333333333 0.457089552238806 0.6363333333333333 0.36380597014925375 0.589 0.36380597014925375 0.589 0.457089552238806
0 0.024333333333333332 0.3246268656716418 0.08166666666666667 0.3246268656716418 0.08166666666666667 0.21517412935323382 0.024333333333333332 0.21517412935323382 0.024333333333333332 0.3246268656716418
0 0.05333333333333334 0.6374378109452736 0.128 0.6374378109452736 0.128 0.48196517412935325 0.05333333333333334 0.48196517412935325 0.05333333333333334 0.6374378109452736
0 0.4633333333333333 0.595771144278607 0.5126666666666667 0.595771144278607 0.5126666666666667 0.4925373134328358 0.4633333333333333 0.4925373134328358 0.4633333333333333 0.595771144278607
0 0.201 0.9577114427860697 0.2763333333333333 0.9577114427860697 0.2763333333333333 0.7985074626865671 0.201 0.7985074626865671 0.201 0.9577114427860697
0 0.6476666666666666 0.7195273631840796 0.7056666666666667 0.7195273631840796 0.7056666666666667 0.5827114427860697 0.6476666666666666 0.5827114427860697 0.6476666666666666 0.7195273631840796
0 0.2926666666666667 0.125 0.34 0.125 0.34 0.03544776119402985 0.2926666666666667 0.03544776119402985 0.2926666666666667 0.125
0 0.493 0.27922885572139305 0.537 0.27922885572139305 0.537 0.1958955223880597 0.493 0.1958955223880597 0.493 0.27922885572139305
0 0.018 0.2294776119402985 0.068 0.2294776119402985 0.068 0.13619402985074627 0.018 0.13619402985074627 0.018 0.2294776119402985
0 0.5603333333333333 0.3283582089552239 0.6023333333333334 0.3283582089552239 0.6023333333333334 0.22885572139303484 0.5603333333333333 0.22885572139303484 0.5603333333333333 0.3283582089552239
0 0.5003333333333333 0.1921641791044776 0.5336666666666666 0.1921641791044776 0.5336666666666666 0.11007462686567164 0.5003333333333333 0.11007462686567164 0.5003333333333333 0.1921641791044776
0 0.569 0.7487562189054726 0.623 0.7487562189054726 0.623 0.6343283582089553 0.569 0.6343283582089553 0.569 0.7487562189054726
0 0.7473333333333333 0.9203980099502488 0.7926666666666666 0.9203980099502488 0.7926666666666666 0.777363184079602 0.7473333333333333 0.777363184079602 0.7473333333333333 0.9203980099502488
0 0.308 0.35509950248756217 0.356 0.35509950248756217 0.356 0.24813432835820895 0.308 0.24813432835820895 0.308 0.35509950248756217