0 0.6435643564356436 0.3912429378531073 0.7425742574257426 0.3912429378531073 0.7425742574257426 0.2980225988700565 0.6435643564356436 0.2980225988700565 0.6435643564356436 0.3912429378531073
0 0.7710396039603961 0.5169491525423728 0.875 0.5169491525423728 0.875 0.4180790960451977 0.7710396039603961 0.4180790960451977 0.7710396039603961 0.5169491525423728
0 0.4566831683168317 0.5494350282485876 0.5433168316831684 0.5494350282485876 0.5433168316831684 0.4505649717514124 0.4566831683168317 0.4505649717514124 0.4566831683168317 0.5494350282485876
0 0.8329207920792079 0.08757062146892655 0.9220297029702971 0.08757062146892655 0.9220297029702971 0.00847457627118644 0.8329207920792079 0.00847457627118644 0.8329207920792079 0.08757062146892655
0 0.7153465346534653 0.3093220338983051 0.8143564356435643 0.3093220338983051 0.8143564356435643 0.21610169491525424 0.7153465346534653 0.21610169491525424 0.7153465346534653 0.3093220338983051
0 0.8353960396039604 0.23587570621468926 0.9195544554455446 0.23587570621468926 0.9195544554455446 0.15677966101694915 0.8353960396039604 0.15677966101694915 0.8353960396039604 0.23587570621468926
0 0.5705445544554455 0.768361581920904 0.6695544554455446 0.768361581920904 0.6695544554455446 0.6638418079096046 0.5705445544554455 0.6638418079096046 0.5705445544554455 0.768361581920904
0 0.49257425742574257 0.7231638418079096 0.5915841584158416 0.7231638418079096 0.5915841584158416 0.6186440677966102 0.49257425742574257 0.6186440677966102 0.49257425742574257 0.7231638418079096
0 0.4158415841584158 0.21610169491525424 0.5074257425742574 0.21610169491525424 0.5074257425742574 0.1285310734463277 0.4158415841584158 0.1285310734463277 0.4158415841584158 0.21610169491525424
0 0.6905940594059405 0.6101694915254238 0.7772277227722773 0.6101694915254238 0.7772277227722773 0.4971751412429379 0.6905940594059405 0.4971751412429379 0.6905940594059405 0.6101694915254238
0 0.5433168316831684 0.5338983050847458 0.629950495049505 0.5338983050847458 0.629950495049505 0.4350282485875706 0.5433168316831684 0.4350282485875706 0.5433168316831684 0.5338983050847458
0 0.8737623762376238 0.3785310734463277 0.9727722772277227 0.3785310734463277 0.9727722772277227 0.2796610169491525 0.8737623762376238 0.2796610169491525 0.8737623762376238 0.3785310734463277
0 0.08292079207920793 0.5254237288135594 0.17202970297029702 0.5254237288135594 0.17202970297029702 0.4378531073446328 0.08292079207920793 0.4378531073446328 0.08292079207920793 0.5254237288135594
0 0.620049504950495 0.5734463276836158 0.7017326732673267 0.5734463276836158 0.7017326732673267 0.4689265536723164 0.620049504950495 0.4689265536723164 0.620049504950495 0.5734463276836158
0 0.8514851485148515 0.3050847457627119 0.9455445544554455 0.3050847457627119 0.9455445544554455 0.22598870056497175 0.8514851485148515 0.22598870056497175 0.8514851485148515 0.3050847457627119
0 0.0012376237623762376 0.6596045197740112 0.038366336633663366 0.6596045197740112 0.038366336633663366 0.5522598870056498 0.0012376237623762376 0.5522598870056498 0.0012376237623762376 0.6596045197740112
0 1 0.17937853107344634 0.9925742574257426 0.17937853107344634 0.9925742574257426 0.2245762711864407 1 0.2245762711864407 1 0.17937853107344634