0 0.7044830741079597 0.35320723684210525 0.8083257090576396 0.35320723684210525 0.8083257090576396 0.19860197368421054 0.7044830741079597 0.19860197368421054 0.7044830741079597 0.35320723684210525
0 0.8799176578225069 0.9798519736842105 0.9837602927721867 0.9798519736842105 0.9837602927721867 0.8178453947368421 0.8799176578225069 0.8178453947368421 0.8799176578225069 0.9798519736842105
0 0.5290484903934126 0.647203947368421 0.6209972552607502 0.647203947368421 0.6209972552607502 0.5008223684210527 0.5290484903934126 0.5008223684210527 0.5290484903934126 0.647203947368421
0 0.4062214089661482 0.7327302631578947 0.494967978042086 0.7327302631578947 0.494967978042086 0.5822368421052632 0.4062214089661482 0.5822368421052632 0.4062214089661482 0.7327302631578947
0 0.6312900274473925 0.24917763157894737 0.7301006404391582 0.24917763157894737 0.7301006404391582 0.10197368421052631 0.6312900274473925 0.10197368421052631 0.6312900274473925 0.24917763157894737
0 0.16651418115279049 0.14638157894736842 0.2644098810612992 0.14638157894736842 0.2644098810612992 0.015625 0.16651418115279049 0.015625 0.16651418115279049 0.14638157894736842
0 0.8970722781335773 0.24835526315789475 0.9995425434583715 0.24835526315789475 0.9995425434583715 0.09786184210526316 0.8970722781335773 0.09786184210526316 0.8970722781335773 0.24835526315789475
0 0.7925434583714547 0.25 0.8936413540713632 0.25 0.8936413540713632 0.10115131578947369 0.7925434583714547 0.10115131578947369 0.7925434583714547 0.25
0 0.22026532479414457 0.3347039473684211 0.31312900274473926 0.3347039473684211 0.31312900274473926 0.20723684210526316 0.22026532479414457 0.20723684210526316 0.22026532479414457 0.3347039473684211
0 0.3334858188472095 0.1455592105263158 0.4309240622140897 0.1455592105263158 0.4309240622140897 0.007401315789473684 0.3334858188472095 0.007401315789473684 0.3334858188472095 0.1455592105263158
0 0.03705397987191217 0.42269736842105265 0.1303751143641354 0.42269736842105265 0.1303751143641354 0.296875 0.03705397987191217 0.296875 0.03705397987191217 0.42269736842105265
0 0.5839432753888381 0.9416118421052632 0.6758920402561757 0.9416118421052632 0.6758920402561757 0.7927631578947368 0.5839432753888381 0.7927631578947368 0.5839432753888381 0.9416118421052632
0 0.41582799634034767 1 0.41582799634034767 0.8585526315789473 0.3174748398902104 0.8585526315789473 0.3174748398902104 1 0.41582799634034767 1
0 0.3895242451967063 0.9161184210526315 0.4846752058554437 0.9161184210526315 0.4846752058554437 0.7771381578947368 0.3895242451967063 0.7771381578947368 0.3895242451967063 0.9161184210526315
0 0.5562671546203111 1 0.5562671546203111 0.8807565789473685 0.4656907593778591 0.8807565789473685 0.4656907593778591 1 0.5562671546203111 1
0 0.19670631290027446 0.9921875 0.28408051235132664 0.9921875 0.28408051235132664 0.8433388157894737 0.19670631290027446 0.8433388157894737 0.19670631290027446 0.9921875
0 0.11047575480329369 0.8877467105263158 0.19510521500457456 0.8877467105263158 0.19510521500457456 0.7454769736842105 0.11047575480329369 0.7454769736842105 0.11047575480329369 0.8877467105263158
0 0.8526989935956084 1 0.8526989935956084 0.9054276315789473 0.752516010978957 0.9054276315789473 0.752516010978957 1 0.8526989935956084 1
0 0.9775846294602013 0.33511513157894735 0.9995425434583715 0.33511513157894735 0.9995425434583715 0.2265625 0.9775846294602013 0.2265625 0.9775846294602013 0.33511513157894735
0 0.00022872827081427266 0.41817434210526316 0.039112534309240624 0.41817434210526316 0.039112534309240624 0.2972861842105263 0.00022872827081427266 0.2972861842105263 0.00022872827081427266 0.41817434210526316
0 0.00022872827081427266 0.06044407894736842 0.08257090576395243 0.06044407894736842 0.08257090576395243 0.00041118421052631577 0.00022872827081427266 0.00041118421052631577 0.00022872827081427266 0.06044407894736842
0 0.26784080512351327 0 0.26784080512351327 0.05263157894736842 0.3533851784080512 0.05263157894736842 0.3533851784080512 0 0.26784080512351327 0
0 0.9867337602927722 0.1015625 0.9995425434583715 0.1015625 0.9995425434583715 0.020148026315789474 0.9867337602927722 0.020148026315789474 0.9867337602927722 0.1015625
0 0.42680695333943275 0 0.42680695333943275 0.04358552631578947 0.5082342177493138 0.04358552631578947 0.5082342177493138 0 0.42680695333943275 0
0 0 0.6768092105263158 0.02607502287282708 0.6768092105263158 0.02607502287282708 0.5649671052631579 0 0.5649671052631579 0 0.6768092105263158
0 0.7010521500457456 0 0.7010521500457456 0.04358552631578947 0.7907136322049405 0.04358552631578947 0.7907136322049405 0 0.7010521500457456 0
0 0.26212259835315643 0.9962993421052632 0.3252516010978957 0.9962993421052632 0.3252516010978957 0.9494243421052632 0.26212259835315643 0.9494243421052632 0.26212259835315643 0.9962993421052632
0 0.47872827081427266 1 0.47872827081427266 0.9506578947368421 0.3973010064043916 0.9506578947368421 0.3973010064043916 1 0.47872827081427266 1