0 0.9054 0.18333333333333332 0.9762 0.18333333333333332 0.9762 0.0076576576576576575 0.9054 0.0076576576576576575 0.9054 0.18333333333333332
0 0.4312 0.20135135135135135 0.4936 0.20135135135135135 0.4936 0.08243243243243244 0.4312 0.08243243243243244 0.4312 0.20135135135135135
0 0.5008 0.7941441441441441 0.5556 0.7941441441441441 0.5556 0.6554054054054054 0.5008 0.6554054054054054 0.5008 0.7941441441441441
0 0.6532 0.5427927927927928 0.7072 0.5427927927927928 0.7072 0.40225225225225225 0.6532 0.40225225225225225 0.6532 0.5427927927927928
0 0.8138 0.340990990990991 0.8834 0.340990990990991 0.8834 0.20585585585585586 0.8138 0.20585585585585586 0.8138 0.340990990990991
0 0.8844 0.5391891891891892 0.946 0.5391891891891892 0.946 0.41486486486486485 0.8844 0.41486486486486485 0.8844 0.5391891891891892
0 0.6444 0.14504504504504503 0.7084 0.14504504504504503 0.7084 0.01891891891891892 0.6444 0.01891891891891892 0.6444 0.14504504504504503
0 0.802 0.854954954954955 0.858 0.854954954954955 0.858 0.7162162162162162 0.802 0.7162162162162162 0.802 0.854954954954955
0 0.6988 0.7783783783783784 0.76 0.7783783783783784 0.76 0.6459459459459459 0.6988 0.6459459459459459 0.6988 0.7783783783783784
0 0.8192 0.4914414414414414 0.878 0.4914414414414414 0.878 0.36261261261261263 0.8192 0.36261261261261263 0.8192 0.4914414414414414
0 0.905 0.840990990990991 0.9746 0.840990990990991 0.9746 0.7013513513513514 0.905 0.7013513513513514 0.905 0.840990990990991
0 0.7482 0.6725225225225225 0.805 0.6725225225225225 0.805 0.5184684684684685 0.7482 0.5184684684684685 0.7482 0.6725225225225225
0 0.8662 0.41486486486486485 0.9278 0.41486486486486485 0.9278 0.28603603603603606 0.8662 0.28603603603603606 0.8662 0.41486486486486485
0 0.8538 0.9171171171171171 0.923 0.9171171171171171 0.923 0.7873873873873873 0.8538 0.7873873873873873 0.8538 0.9171171171171171
0 0.578 0.24954954954954955 0.6412 0.24954954954954955 0.6412 0.12792792792792793 0.578 0.12792792792792793 0.578 0.24954954954954955
0 0.8502 0.22252252252252253 0.9134 0.22252252252252253 0.9134 0.0891891891891892 0.8502 0.0891891891891892 0.8502 0.22252252252252253
0 0.8418 0.6306306306306306 0.901 0.6306306306306306 0.901 0.4918918918918919 0.8418 0.4918918918918919 0.8418 0.6306306306306306
0 0.9186 0.32837837837837835 0.987 0.32837837837837835 0.987 0.18423423423423424 0.9186 0.18423423423423424 0.9186 0.32837837837837835
0 0.8042 0.7117117117117117 0.8582 0.7117117117117117 0.8582 0.5738738738738739 0.8042 0.5738738738738739 0.8042 0.7117117117117117
0 0.7852 1 0.7852 0.8693693693693694 0.7312 0.8693693693693694 0.7312 1 0.7852 1
0 0.9318 0.4743243243243243 0.9994 0.4743243243243243 0.9994 0.3301801801801802 0.9318 0.3301801801801802 0.9318 0.4743243243243243
0 0.6938 0.6306306306306306 0.749 0.6306306306306306 0.749 0.4918918918918919 0.6938 0.4918918918918919 0.6938 0.6306306306306306
0 0.7578 0.42567567567567566 0.8122 0.42567567567567566 0.8122 0.2779279279279279 0.7578 0.2779279279279279 0.7578 0.42567567567567566
0 0.602 0.5378378378378378 0.6528 0.5378378378378378 0.6528 0.4027027027027027 0.602 0.4027027027027027 0.602 0.5378378378378378
0 0.9006 0.6918918918918919 0.9614 0.6918918918918919 0.9614 0.5405405405405406 0.9006 0.5405405405405406 0.9006 0.6918918918918919
0 0.7582 0.27387387387387385 0.8238 0.27387387387387385 0.8238 0.14144144144144144 0.7582 0.14144144144144144 0.7582 0.27387387387387385
0 0.6456 0.8193693693693693 0.7008 0.8193693693693693 0.7008 0.668018018018018 0.6456 0.668018018018018 0.6456 0.8193693693693693
0 0.641 0.9495495495495495 0.7054 0.9495495495495495 0.7054 0.8225225225225226 0.641 0.8225225225225226 0.641 0.9495495495495495
0 0.2694 0.1900900900900901 0.3222 0.1900900900900901 0.3222 0.05765765765765766 0.2694 0.05765765765765766 0.2694 0.1900900900900901
0 0.5794 0.12297297297297298 0.6306 0.12297297297297298 0.6306 0.003153153153153153 0.5794 0.003153153153153153 0.5794 0.12297297297297298
0 0.59 0.7684684684684685 0.6444 0.7684684684684685 0.6444 0.6324324324324324 0.59 0.6324324324324324 0.59 0.7684684684684685
0 0.8086 0 0.8086 0.109009009009009 0.877 0.109009009009009 0.877 0 0.8086 0
0 0.8522 0.772972972972973 0.9098 0.772972972972973 0.9098 0.6360360360360361 0.8522 0.6360360360360361 0.8522 0.772972972972973
0 0.8804 1 0.8804 0.8729729729729729 0.8188 0.8729729729729729 0.8188 1 0.8804 1
0 0.9528 0.6198198198198198 0.9996 0.6198198198198198 0.9996 0.4756756756756757 0.9528 0.4756756756756757 0.9528 0.6198198198198198
0 0.6146 0.390990990990991 0.6678 0.390990990990991 0.6678 0.25225225225225223 0.6146 0.25225225225225223 0.6146 0.390990990990991
0 0.9236 0.9774774774774775 0.9888 0.9774774774774775 0.9888 0.8504504504504504 0.9236 0.8504504504504504 0.9236 0.9774774774774775
0 0.2162 0.1900900900900901 0.2718 0.1900900900900901 0.2718 0.08828828828828829 0.2162 0.08828828828828829 0.2162 0.1900900900900901
0 0.9558 0.7450450450450451 0.9994 0.7450450450450451 0.9994 0.6198198198198198 0.9558 0.6198198198198198 0.9558 0.7450450450450451
0 0.1678 0.15135135135135136 0.2194 0.15135135135135136 0.2194 0.047747747747747746 0.1678 0.047747747747747746 0.1678 0.15135135135135136
0 0.1066 0.2851351351351351 0.1498 0.2851351351351351 0.1498 0.19144144144144143 0.1066 0.19144144144144143 0.1066 0.2851351351351351
0 0.1196 0.16891891891891891 0.1656 0.16891891891891891 0.1656 0.06981981981981981 0.1196 0.06981981981981981 0.1196 0.16891891891891891
0 0.2092 0.07972972972972973 0.2576 0.07972972972972973 0.2576 0.00045045045045045046 0.2092 0.00045045045045045046 0.2092 0.07972972972972973
0 0.1378 0.3635135135135135 0.2002 0.3635135135135135 0.2002 0.2608108108108108 0.1378 0.2608108108108108 0.1378 0.3635135135135135
0 0.1338 0.25045045045045045 0.2014 0.25045045045045045 0.2014 0.14414414414414414 0.1338 0.14414414414414414 0.1338 0.25045045045045045
0 0.751 0 0.751 0.06036036036036036 0.8198 0.06036036036036036 0.8198 0 0.751 0
0 0.4648 0 0.4648 0.062162162162162166 0.5232 0.062162162162162166 0.5232 0 0.4648 0
0 0.1408 0 0.1408 0.07387387387387387 0.1876 0.07387387387387387 0.1876 0 0.1408 0
0 0.9434 1 0.9434 0.9234234234234234 0.885 0.9234234234234234 0.885 1 0.9434 1
0 0.7182 1 0.7182 0.9423423423423424 0.6594 0.9423423423423424 0.6594 1 0.7182 1
0 0.978 0.8968468468468469 0.9996 0.8968468468468469 0.9996 0.7490990990990991 0.978 0.7490990990990991 0.978 0.8968468468468469
0 0.5374 0 0.5374 0.05045045045045045 0.5934 0.05045045045045045 0.5934 0 0.5374 0
0 0.1028 0.41936936936936936 0.15 0.41936936936936936 0.15 0.32207207207207206 0.1028 0.32207207207207206 0.1028 0.41936936936936936
0 0.687 0 0.687 0.03513513513513514 0.7406 0.03513513513513514 0.7406 0 0.687 0
0 0.2504 0 0.2504 0.04684684684684685 0.298 0.04684684684684685 0.298 0 0.2504 0
0 0.0708 0.3572072072072072 0.1176 0.3572072072072072 0.1176 0.27612612612612614 0.0708 0.27612612612612614 0.0708 0.3572072072072072
0 0.6162 0 0.6162 0.03513513513513514 0.6738 0.03513513513513514 0.6738 0 0.6162 0
0 0.0792 0.2099099099099099 0.124 0.2099099099099099 0.124 0.10270270270270271 0.0792 0.10270270270270271 0.0792 0.2099099099099099
0 0.3006 0 0.3006 0.03153153153153153 0.345 0.03153153153153153 0.345 0 0.3006 0
0 0.0834 0.09774774774774775 0.135 0.09774774774774775 0.135 0.006756756756756757 0.0834 0.006756756756756757 0.0834 0.09774774774774775