0 0.6450137236962489 0.7837171052631579 0.7447392497712717 0.7837171052631579 0.7447392497712717 0.6217105263157895 0.6450137236962489 0.6217105263157895 0.6450137236962489 0.7837171052631579
0 0.37923147301006405 0.5563322368421053 0.47346752058554437 0.5563322368421053 0.47346752058554437 0.4066611842105263 0.37923147301006405 0.4066611842105263 0.37923147301006405 0.5563322368421053
0 0.8195333943275389 0.5921052631578947 0.9306953339432754 0.5921052631578947 0.9306953339432754 0.43338815789473684 0.8195333943275389 0.43338815789473684 0.8195333943275389 0.5921052631578947
0 1 0.3379934210526316 0.894327538883806 0.3379934210526316 0.894327538883806 0.4901315789473684 1 0.4901315789473684 1 0.3379934210526316
0 0.8593321134492223 0.16447368421052633 0.9736962488563586 0.16447368421052633 0.9736962488563586 0.013157894736842105 0.8593321134492223 0.013157894736842105 0.8593321134492223 0.16447368421052633
0 0.7490850869167429 0.6891447368421053 0.8478956999085087 0.6891447368421053 0.8478956999085087 0.537828947368421 0.7490850869167429 0.537828947368421 0.7490850869167429 0.6891447368421053
0 0.15736505032021958 0.26151315789473684 0.26029277218664226 0.26151315789473684 0.26029277218664226 0.12335526315789473 0.15736505032021958 0.12335526315789473 0.15736505032021958 0.26151315789473684
0 0.3044373284537969 0.46011513157894735 0.39684354986276305 0.46011513157894735 0.39684354986276305 0.3137335526315789 0.3044373284537969 0.3137335526315789 0.3044373284537969 0.46011513157894735
0 0.09240622140896615 0.3392269736842105 0.1806953339432754 0.3392269736842105 0.1806953339432754 0.21833881578947367 0.09240622140896615 0.21833881578947367 0.09240622140896615 0.3392269736842105
0 0.22872827081427263 0.5374177631578947 0.3119853613906679 0.5374177631578947 0.3119853613906679 0.4074835526315789 0.22872827081427263 0.4074835526315789 0.22872827081427263 0.5374177631578947
0 0.11207685269899359 0.6282894736842105 0.20448307410795974 0.6282894736842105 0.20448307410795974 0.4967105263157895 0.11207685269899359 0.4967105263157895 0.11207685269899359 0.6282894736842105
0 0.22689844464775846 0.15953947368421054 0.32570905763952424 0.15953947368421054 0.32570905763952424 0.02549342105263158 0.22689844464775846 0.02549342105263158 0.22689844464775846 0.15953947368421054
0 0.09926806953339433 0.15830592105263158 0.19304666056724612 0.15830592105263158 0.19304666056724612 0.02837171052631579 0.09926806953339433 0.02837171052631579 0.09926806953339433 0.15830592105263158
0 0.0036596523330283625 0.34662828947368424 0.0919487648673376 0.34662828947368424 0.0919487648673376 0.21916118421052633 0.0036596523330283625 0.21916118421052633 0.0036596523330283625 0.34662828947368424
0 0.15850869167429094 0.4453125 0.24908508691674291 0.4453125 0.24908508691674291 0.3137335526315789 0.15850869167429094 0.3137335526315789 0.15850869167429094 0.4453125
0 0.10887465690759378 0.8174342105263158 0.19945105215004574 0.8174342105263158 0.19945105215004574 0.6751644736842105 0.10887465690759378 0.6751644736842105 0.10887465690759378 0.8174342105263158
0 0.3735132662397072 0.9995888157894737 0.46271729185727356 0.9995888157894737 0.46271729185727356 0.889391447368421 0.3735132662397072 0.889391447368421 0.3735132662397072 0.9995888157894737
0 0.24565416285452882 0.3433388157894737 0.3394327538883806 0.3433388157894737 0.3394327538883806 0.21916118421052633 0.24565416285452882 0.21916118421052633 0.24565416285452882 0.3433388157894737
0 0.0004574565416285453 0.15830592105263158 0.059926806953339434 0.15830592105263158 0.059926806953339434 0.031661184210526314 0.0004574565416285453 0.031661184210526314 0.0004574565416285453 0.15830592105263158
0 0.035910338517840805 0.7203947368421053 0.1388380603842635 0.7203947368421053 0.1388380603842635 0.5764802631578947 0.035910338517840805 0.5764802631578947 0.035910338517840805 0.7203947368421053
0 0.3000914913083257 0 0.3000914913083257 0.06743421052631579 0.39249771271729184 0.06743421052631579 0.39249771271729184 0 0.3000914913083257 0
0 0.03545288197621226 0 0.03545288197621226 0.06825657894736842 0.12282708142726441 0.06825657894736842 0.12282708142726441 0 0.03545288197621226 0
0 0 0.7972861842105263 0.07044830741079597 0.7972861842105263 0.07044830741079597 0.6755756578947368 0 0.6755756578947368 0 0.7972861842105263
0 0.00022872827081427266 0.6167763157894737 0.06198536139066789 0.6167763157894737 0.06198536139066789 0.48601973684210525 0.00022872827081427266 0.48601973684210525 0.00022872827081427266 0.6167763157894737
0 0.18664226898444647 1 0.18664226898444647 0.9342105263157895 0.09926806953339433 0.9342105263157895 0.09926806953339433 1 0.18664226898444647 1
0 0 0.9654605263157895 0.043000914913083256 0.9654605263157895 0.043000914913083256 0.8421052631578947 0 0.8421052631578947 0 0.9654605263157895
0 0.0006861848124428179 0.4296875 0.05192131747483989 0.4296875 0.05192131747483989 0.30633223684210525 0.0006861848124428179 0.30633223684210525 0.0006861848124428179 0.4296875
0 0.28247941445562674 0.9995888157894737 0.3396614821591949 0.9995888157894737 0.3396614821591949 0.9634046052631579 0.28247941445562674 0.9634046052631579 0.28247941445562674 0.9995888157894737