0 0.8079584775086506 0.6038011695906432 0.8961937716262975 0.6038011695906432 0.8961937716262975 0.5241228070175439 0.8079584775086506 0.5241228070175439 0.8079584775086506 0.6038011695906432
0 0.8457324106113033 0.11732456140350878 0.9403114186851211 0.11732456140350878 0.9403114186851211 0.01864035087719298 0.8457324106113033 0.01864035087719298 0.8457324106113033 0.11732456140350878
0 0.8486159169550173 0.30043859649122806 0.9403114186851211 0.30043859649122806 0.9403114186851211 0.20760233918128654 0.8486159169550173 0.20760233918128654 0.8486159169550173 0.30043859649122806
0 0.019319492502883506 0.6425438596491229 0.09775086505190311 0.6425438596491229 0.09775086505190311 0.5716374269005848 0.019319492502883506 0.5716374269005848 0.019319492502883506 0.6425438596491229
0 0.35611303344867357 0.45614035087719296 0.4362745098039216 0.45614035087719296 0.4362745098039216 0.3815789473684211 0.35611303344867357 0.3815789473684211 0.35611303344867357 0.45614035087719296
0 0.6271626297577855 0.2605994152046784 0.7096309111880046 0.2605994152046784 0.7096309111880046 0.17653508771929824 0.6271626297577855 0.17653508771929824 0.6271626297577855 0.2605994152046784
0 0.6026528258362168 0.9817251461988304 0.6833910034602076 0.9817251461988304 0.6833910034602076 0.8969298245614035 0.6026528258362168 0.8969298245614035 0.6026528258362168 0.9817251461988304
0 0.06603229527104959 0.9751461988304093 0.14850057670126873 0.9751461988304093 0.14850057670126873 0.8932748538011696 0.06603229527104959 0.8932748538011696 0.06603229527104959 0.9751461988304093
0 0.16897347174163782 0.7492690058479532 0.24740484429065743 0.7492690058479532 0.24740484429065743 0.6710526315789473 0.16897347174163782 0.6710526315789473 0.16897347174163782 0.7492690058479532
0 0.6882929642445214 0.19407894736842105 0.7673010380622838 0.19407894736842105 0.7673010380622838 0.11074561403508772 0.6882929642445214 0.11074561403508772 0.6882929642445214 0.19407894736842105
0 0.10784313725490197 0.4733187134502924 0.18281430219146483 0.4733187134502924 0.18281430219146483 0.4024122807017544 0.10784313725490197 0.4024122807017544 0.10784313725490197 0.4733187134502924
0 0.5049019607843137 0.7419590643274854 0.5891003460207612 0.7419590643274854 0.5891003460207612 0.6630116959064327 0.5049019607843137 0.6630116959064327 0.5049019607843137 0.7419590643274854
0 0.18656286043829295 0.2507309941520468 0.2673010380622837 0.2507309941520468 0.2673010380622837 0.17543859649122806 0.18656286043829295 0.17543859649122806 0.18656286043829295 0.2507309941520468
0 0.6055363321799307 0.7448830409356725 0.6920415224913494 0.7448830409356725 0.6920415224913494 0.6527777777777778 0.6055363321799307 0.6527777777777778 0.6055363321799307 0.7448830409356725
0 0.25317185697808536 0.2986111111111111 0.328719723183391 0.2986111111111111 0.328719723183391 0.21966374269005848 0.25317185697808536 0.21966374269005848 0.25317185697808536 0.2986111111111111
0 0.4117647058823529 0.5116959064327485 0.4913494809688581 0.5116959064327485 0.4913494809688581 0.4305555555555556 0.4117647058823529 0.4305555555555556 0.4117647058823529 0.5116959064327485
0 0.2946943483275663 0.40899122807017546 0.3788927335640138 0.40899122807017546 0.3788927335640138 0.32492690058479534 0.2946943483275663 0.32492690058479534 0.2946943483275663 0.40899122807017546
0 0.3004613610149942 0.5135233918128655 0.3731257208765859 0.5135233918128655 0.3731257208765859 0.43896198830409355 0.3004613610149942 0.43896198830409355 0.3004613610149942 0.5135233918128655
0 0.4478085351787774 0.6849415204678363 0.5250865051903114 0.6849415204678363 0.5250865051903114 0.6016081871345029 0.4478085351787774 0.6016081871345029 0.4478085351787774 0.6849415204678363
0 0.29786620530565167 0.9780701754385965 0.3762975778546713 0.9780701754385965 0.3762975778546713 0.8947368421052632 0.29786620530565167 0.8947368421052632 0.29786620530565167 0.9780701754385965
0 0.31920415224913495 0.23757309941520469 0.3947520184544406 0.23757309941520469 0.3947520184544406 0.1564327485380117 0.31920415224913495 0.1564327485380117 0.31920415224913495 0.23757309941520469
0 0.08160322952710496 0.26608187134502925 0.15715109573241062 0.26608187134502925 0.15715109573241062 0.1871345029239766 0.08160322952710496 0.1871345029239766 0.08160322952710496 0.26608187134502925
0 0.46943483275663206 0.45358187134502925 0.5542099192618224 0.45358187134502925 0.5542099192618224 0.3680555555555556 0.46943483275663206 0.3680555555555556 0.46943483275663206 0.45358187134502925
0 0.05680507497116494 0.15679824561403508 0.1386966551326413 0.15679824561403508 0.1386966551326413 0.08442982456140351 0.05680507497116494 0.08442982456140351 0.05680507497116494 0.15679824561403508
0 0.49106113033448673 0.2733918128654971 0.5729527104959631 0.2733918128654971 0.5729527104959631 0.19078947368421054 0.49106113033448673 0.19078947368421054 0.49106113033448673 0.2733918128654971
0 0.5559400230680508 0.21089181286549707 0.6407151095732411 0.21089181286549707 0.6407151095732411 0.12609649122807018 0.5559400230680508 0.12609649122807018 0.5559400230680508 0.21089181286549707
0 0.20213379469434833 0.4155701754385965 0.288638985005767 0.4155701754385965 0.288638985005767 0.3358918128654971 0.20213379469434833 0.3358918128654971 0.20213379469434833 0.4155701754385965
0 0 0.2708333333333333 0.06401384083044982 0.2708333333333333 0.06401384083044982 0.19773391812865498 0 0.19773391812865498 0 0.2708333333333333
0 0.6381199538638985 0.5025584795321637 0.7257785467128027 0.5025584795321637 0.7257785467128027 0.41264619883040937 0.6381199538638985 0.41264619883040937 0.6381199538638985 0.5025584795321637
0 0.5256632064590542 0.9221491228070176 0.600634371395617 0.9221491228070176 0.600634371395617 0.8424707602339181 0.5256632064590542 0.8424707602339181 0.5256632064590542 0.9221491228070176
0 0.0392156862745098 0.3165204678362573 0.12053056516724336 0.3165204678362573 0.12053056516724336 0.24780701754385964 0.0392156862745098 0.24780701754385964 0.0392156862745098 0.3165204678362573
0 0 0.16593567251461988 0.05594002306805075 0.16593567251461988 0.05594002306805075 0.09429824561403509 0 0.09429824561403509 0 0.16593567251461988
0 0.13321799307958476 0.3117690058479532 0.21972318339100347 0.3117690058479532 0.21972318339100347 0.23501461988304093 0.13321799307958476 0.23501461988304093 0.13321799307958476 0.3117690058479532
0 0.45299884659746253 0 0.45299884659746253 0.06140350877192982 0.5343137254901961 0.06140350877192982 0.5343137254901961 0 0.45299884659746253 0
0 0.4149365628604383 0.27960526315789475 0.49279123414071513 0.27960526315789475 0.49279123414071513 0.20065789473684212 0.4149365628604383 0.20065789473684212 0.4149365628604383 0.27960526315789475
0 0.6078431372549019 0.8676900584795322 0.6874279123414071 0.8676900584795322 0.6874279123414071 0.7741228070175439 0.6078431372549019 0.7741228070175439 0.6078431372549019 0.8676900584795322
0 0.47693194925028837 0.5635964912280702 0.5570934256055363 0.5635964912280702 0.5570934256055363 0.4861111111111111 0.47693194925028837 0.4861111111111111 0.47693194925028837 0.5635964912280702
0 0.36303344867358706 0.8614766081871345 0.4380046136101499 0.8614766081871345 0.4380046136101499 0.7781432748538012 0.36303344867358706 0.7781432748538012 0.36303344867358706 0.8614766081871345
0 0.5074971164936563 0.10307017543859649 0.5928489042675894 0.10307017543859649 0.5928489042675894 0.01608187134502924 0.5074971164936563 0.01608187134502924 0.5074971164936563 0.10307017543859649
0 0.6709919261822376 0 0.6709919261822376 0.07309941520467836 0.7523068050749712 0.07309941520467836 0.7523068050749712 0 0.6709919261822376 0
0 0.6038062283737025 0.3797514619883041 0.6856978085351788 0.3797514619883041 0.6856978085351788 0.2883771929824561 0.6038062283737025 0.2883771929824561 0.6038062283737025 0.3797514619883041
0 0.6222606689734718 0.13779239766081872 0.6949250288350635 0.13779239766081872 0.6949250288350635 0.0625 0.6222606689734718 0.0625 0.6222606689734718 0.13779239766081872
0 0.5227797001153403 0.38706140350877194 0.5989042675893888 0.38706140350877194 0.5989042675893888 0.302266081871345 0.5227797001153403 0.302266081871345 0.5227797001153403 0.38706140350877194
0 0.12918108419838523 0.2050438596491228 0.2035755478662053 0.2050438596491228 0.2035755478662053 0.11805555555555555 0.12918108419838523 0.11805555555555555 0.12918108419838523 0.2050438596491228
0 0.6277393310265282 1 0.6277393310265282 0.9568713450292398 0.5452710495963091 0.9568713450292398 0.5452710495963091 1 0.6277393310265282 1
0 0.13465974625144175 0 0.13465974625144175 0.04751461988304093 0.2177047289504037 0.04751461988304093 0.2177047289504037 0 0.13465974625144175 0
0 0.24106113033448673 0 0.24106113033448673 0.027046783625730993 0.3166089965397924 0.027046783625730993 0.3166089965397924 0 0.24106113033448673 0
0 0 0.9382309941520468 0.016724336793540944 0.9382309941520468 0.016724336793540944 0.8380847953216374 0 0.8380847953216374 0 0.9382309941520468