0 0.8276092774308653 0.28988486842105265 0.9087867975022301 0.28988486842105265 0.9087867975022301 0.1147203947368421 0.8276092774308653 0.1147203947368421 0.8276092774308653 0.28988486842105265
0 0.4322033898305085 0.6587171052631579 0.5196253345227475 0.6587171052631579 0.5196253345227475 0.5263157894736842 0.4322033898305085 0.5263157894736842 0.4322033898305085 0.6587171052631579
0 0.8371989295272079 0.5176809210526315 0.9304192685102587 0.5176809210526315 0.9304192685102587 0.3754111842105263 0.8371989295272079 0.3754111842105263 0.8371989295272079 0.5176809210526315
0 0.431757359500446 0.20065789473684212 0.5249776984834968 0.20065789473684212 0.5249776984834968 0.05098684210526316 0.431757359500446 0.05098684210526316 0.431757359500446 0.20065789473684212
0 0.8171275646743978 0.6595394736842105 0.9107939339875112 0.6595394736842105 0.9107939339875112 0.5189144736842105 0.8171275646743978 0.5189144736842105 0.8171275646743978 0.6595394736842105
0 0.6628010704727921 0.2894736842105263 0.7426404995539697 0.2894736842105263 0.7426404995539697 0.125 0.6628010704727921 0.125 0.6628010704727921 0.2894736842105263
0 0.743978590544157 0.21175986842105263 0.8305084745762712 0.21175986842105263 0.8305084745762712 0.04893092105263158 0.743978590544157 0.04893092105263158 0.743978590544157 0.21175986842105263
0 0.45896520963425513 0.837171052631579 0.5303300624442462 0.837171052631579 0.5303300624442462 0.678453947368421 0.45896520963425513 0.678453947368421 0.45896520963425513 0.837171052631579
0 0.6984834968777877 0.5497532894736842 0.7934879571810883 0.5497532894736842 0.7934879571810883 0.40995065789473684 0.6984834968777877 0.40995065789473684 0.6984834968777877 0.5497532894736842
0 0.03144513826940232 0.515625 0.11173059768064228 0.515625 0.11173059768064228 0.36101973684210525 0.03144513826940232 0.36101973684210525 0.03144513826940232 0.515625
0 0.3797948260481713 0.7898848684210527 0.4533898305084746 0.7898848684210527 0.4533898305084746 0.6344572368421053 0.3797948260481713 0.6344572368421053 0.3797948260481713 0.7898848684210527
0 0.3496877787689563 0.959703947368421 0.427743086529884 0.959703947368421 0.427743086529884 0.8199013157894737 0.3496877787689563 0.8199013157894737 0.3496877787689563 0.959703947368421
0 0.5695807314897413 0.3815789473684211 0.6547725245316681 0.3815789473684211 0.6547725245316681 0.23273026315789475 0.5695807314897413 0.23273026315789475 0.5695807314897413 0.3815789473684211
0 0.31311329170383584 0.6324013157894737 0.3880463871543265 0.6324013157894737 0.3880463871543265 0.4761513157894737 0.31311329170383584 0.4761513157894737 0.31311329170383584 0.6324013157894737
0 0.5425958965209634 0.5197368421052632 0.6188670829616414 0.5197368421052632 0.6188670829616414 0.38980263157894735 0.5425958965209634 0.38980263157894735 0.5425958965209634 0.5197368421052632
0 0.8786797502230151 0.9000822368421053 0.9634255129348795 0.9000822368421053 0.9634255129348795 0.7257401315789473 0.8786797502230151 0.7257401315789473 0.8786797502230151 0.9000822368421053
0 0.8151204281891169 0 0.8151204281891169 0.11759868421052631 0.8931757359500446 0.11759868421052631 0.8931757359500446 0 0.8151204281891169 0
0 0.7850133809099019 0.9473684210526315 0.8688670829616414 0.9473684210526315 0.8688670829616414 0.7935855263157895 0.7850133809099019 0.7935855263157895 0.7850133809099019 0.9473684210526315
0 0.10883140053523639 0.936266447368421 0.1864406779661017 0.936266447368421 0.1864406779661017 0.7775493421052632 0.10883140053523639 0.7775493421052632 0.10883140053523639 0.936266447368421
0 0.7544603033006244 0.3704769736842105 0.8347457627118644 0.3704769736842105 0.8347457627118644 0.21340460526315788 0.7544603033006244 0.21340460526315788 0.7544603033006244 0.3704769736842105
0 0.36351471900089205 0.43462171052631576 0.44023193577163244 0.43462171052631576 0.44023193577163244 0.2824835526315789 0.36351471900089205 0.2824835526315789 0.36351471900089205 0.43462171052631576
0 0.784121320249777 0.7907072368421053 0.8786797502230151 0.7907072368421053 0.8786797502230151 0.6459703947368421 0.784121320249777 0.6459703947368421 0.784121320249777 0.7907072368421053
0 0.360392506690455 0.18297697368421054 0.4335414808206958 0.18297697368421054 0.4335414808206958 0.014391447368421052 0.360392506690455 0.014391447368421052 0.360392506690455 0.18297697368421054
0 0.46520963425512935 0.5275493421052632 0.5356824264049955 0.5275493421052632 0.5356824264049955 0.3729440789473684 0.46520963425512935 0.3729440789473684 0.46520963425512935 0.5275493421052632
0 0.8842551293487957 0.9995888157894737 0.9814897413024085 0.9995888157894737 0.9814897413024085 0.9017269736842105 0.8842551293487957 0.9017269736842105 0.8842551293487957 0.9995888157894737
0 0 0.46587171052631576 0.03389830508474576 0.46587171052631576 0.03389830508474576 0.34004934210526316 0 0.34004934210526316 0 0.46587171052631576
0 0.00022301516503122213 0.998766447368421 0.053300624442462086 0.998766447368421 0.053300624442462086 0.9288651315789473 0.00022301516503122213 0.9288651315789473 0.00022301516503122213 0.998766447368421
0 0.4536128456735058 0 0.4536128456735058 0.06414473684210527 0.5312221231043711 0.06414473684210527 0.5312221231043711 0 0.4536128456735058 0
0 0.6913470115967886 0 0.6913470115967886 0.08470394736842106 0.7725245316681534 0.08470394736842106 0.7725245316681534 0 0.6913470115967886 0
0 0.10548617305976807 0.9995888157894737 0.19603033006244425 0.9995888157894737 0.19603033006244425 0.9321546052631579 0.10548617305976807 0.9321546052631579 0.10548617305976807 0.9995888157894737
0 0.00022301516503122213 0.2886513157894737 0.023416592328278325 0.2886513157894737 0.023416592328278325 0.15789473684210525 0.00022301516503122213 0.15789473684210525 0.00022301516503122213 0.2886513157894737
0 0.00022301516503122213 0.5970394736842105 0.027430865298840323 0.5970394736842105 0.027430865298840323 0.4917763157894737 0.00022301516503122213 0.4917763157894737 0.00022301516503122213 0.5970394736842105
0 0.8708742194469223 1 0.8708742194469223 0.9506578947368421 0.7999553969669938 0.9506578947368421 0.7999553969669938 1 0.8708742194469223 1