0 0.7434679334916865 0.3033154121863799 0.8307600950118765 0.3033154121863799 0.8307600950118765 0.19130824372759855 0.7434679334916865 0.19130824372759855 0.7434679334916865 0.3033154121863799
0 0.6597387173396675 0.8337813620071685 0.748812351543943 0.8337813620071685 0.748812351543943 0.7110215053763441 0.6597387173396675 0.7110215053763441 0.6597387173396675 0.8337813620071685
0 0.39429928741092635 0.20295698924731181 0.45605700712589076 0.20295698924731181 0.45605700712589076 0.08288530465949821 0.39429928741092635 0.08288530465949821 0.39429928741092635 0.20295698924731181
0 0.5172209026128266 0.382168458781362 0.5920427553444181 0.382168458781362 0.5920427553444181 0.26657706093189965 0.5172209026128266 0.26657706093189965 0.5172209026128266 0.382168458781362
0 0.7437648456057007 0.4699820788530466 0.8126484560570071 0.4699820788530466 0.8126484560570071 0.35528673835125446 0.7437648456057007 0.35528673835125446 0.7437648456057007 0.4699820788530466
0 0.7333729216152018 0.6599462365591398 0.8153206650831354 0.6599462365591398 0.8153206650831354 0.5264336917562724 0.7333729216152018 0.5264336917562724 0.7333729216152018 0.6599462365591398
0 0.9230997624703088 0.5515232974910395 0.9991092636579573 0.5515232974910395 0.9991092636579573 0.4242831541218638 0.9230997624703088 0.4242831541218638 0.9230997624703088 0.5515232974910395
0 0 0.9690860215053764 0.0665083135391924 0.9690860215053764 0.0665083135391924 0.8382616487455197 0 0.8382616487455197 0 0.9690860215053764
0 0.12470308788598575 0.47401433691756273 0.19358669833729217 0.47401433691756273 0.19358669833729217 0.3611111111111111 0.12470308788598575 0.3611111111111111 0.12470308788598575 0.47401433691756273
0 0.8776722090261283 0.12813620071684587 0.9524940617577197 0.12813620071684587 0.9524940617577197 0.022401433691756272 0.8776722090261283 0.022401433691756272 0.8776722090261283 0.12813620071684587
0 0.5656175771971497 0.2674731182795699 0.6321258907363421 0.2674731182795699 0.6321258907363421 0.15905017921146952 0.5656175771971497 0.15905017921146952 0.5656175771971497 0.2674731182795699
0 0.31324228028503565 0.5089605734767025 0.38153206650831356 0.5089605734767025 0.38153206650831356 0.3906810035842294 0.31324228028503565 0.3906810035842294 0.31324228028503565 0.5089605734767025
0 0.0002969121140142518 0.4359318996415771 0.06383610451306414 0.4359318996415771 0.06383610451306414 0.32213261648745517 0.0002969121140142518 0.32213261648745517 0.0002969121140142518 0.4359318996415771
0 0.6564726840855107 0.7132616487455197 0.7491092636579573 0.7132616487455197 0.7491092636579573 0.5931899641577061 0.6564726840855107 0.5931899641577061 0.6564726840855107 0.7132616487455197
0 0.40320665083135393 0.9995519713261649 0.48990498812351546 0.9995519713261649 0.48990498812351546 0.8866487455197133 0.40320665083135393 0.8866487455197133 0.40320665083135393 0.9995519713261649
0 0.5160332541567696 0.2060931899641577 0.5878859857482185 0.2060931899641577 0.5878859857482185 0.1003584229390681 0.5160332541567696 0.1003584229390681 0.5160332541567696 0.2060931899641577
0 0.8634204275534442 0.29525089605734767 0.9435866983372921 0.29525089605734767 0.9435866983372921 0.18772401433691757 0.8634204275534442 0.18772401433691757 0.8634204275534442 0.29525089605734767
0 0.10391923990498812 0.2849462365591398 0.16923990498812352 0.2849462365591398 0.16923990498812352 0.18100358422939067 0.10391923990498812 0.18100358422939067 0.10391923990498812 0.2849462365591398
0 0.21852731591448932 0.17562724014336917 0.27612826603325413 0.17562724014336917 0.27612826603325413 0.08602150537634409 0.21852731591448932 0.08602150537634409 0.21852731591448932 0.17562724014336917
0 0.34530878859857483 0.14560931899641577 0.40528503562945367 0.14560931899641577 0.40528503562945367 0.036290322580645164 0.34530878859857483 0.036290322580645164 0.34530878859857483 0.14560931899641577
0 0.7764251781472684 0.10618279569892473 0.8506532066508313 0.10618279569892473 0.8506532066508313 0.00044802867383512545 0.7764251781472684 0.00044802867383512545 0.7764251781472684 0.10618279569892473
0 0.45724465558194777 0.1532258064516129 0.5201900237529691 0.1532258064516129 0.5201900237529691 0.04390681003584229 0.45724465558194777 0.04390681003584229 0.45724465558194777 0.1532258064516129
0 0.815914489311164 0.21370967741935484 0.8853919239904988 0.21370967741935484 0.8853919239904988 0.09274193548387097 0.815914489311164 0.09274193548387097 0.815914489311164 0.21370967741935484
0 0.21169833729216153 0.37768817204301075 0.2906769596199525 0.37768817204301075 0.2906769596199525 0.2818100358422939 0.21169833729216153 0.2818100358422939 0.21169833729216153 0.37768817204301075
0 0.19299287410926366 0.5376344086021505 0.26306413301662707 0.5376344086021505 0.26306413301662707 0.4211469534050179 0.19299287410926366 0.4211469534050179 0.19299287410926366 0.5376344086021505
0 0.13836104513064132 0.6586021505376344 0.20961995249406176 0.6586021505376344 0.20961995249406176 0.5367383512544803 0.13836104513064132 0.5367383512544803 0.13836104513064132 0.6586021505376344
0 0 0.3275089605734767 0.04334916864608076 0.3275089605734767 0.04334916864608076 0.22267025089605735 0 0.22267025089605735 0 0.3275089605734767
0 0.03533254156769596 0.6420250896057348 0.11787410926365796 0.6420250896057348 0.11787410926365796 0.5336021505376344 0.03533254156769596 0.5336021505376344 0.03533254156769596 0.6420250896057348
0 0.19061757719714964 0.30510752688172044 0.25771971496437057 0.30510752688172044 0.25771971496437057 0.20026881720430106 0.19061757719714964 0.20026881720430106 0.19061757719714964 0.30510752688172044
0 0.1834916864608076 0.9914874551971327 0.26306413301662707 0.9914874551971327 0.26306413301662707 0.8579749103942652 0.1834916864608076 0.8579749103942652 0.1834916864608076 0.9914874551971327
0 0.36163895486935865 0.396505376344086 0.4305225653206651 0.396505376344086 0.4305225653206651 0.28449820788530467 0.36163895486935865 0.28449820788530467 0.36163895486935865 0.396505376344086
0 0.5973871733966746 0.15949820788530467 0.672209026128266 0.15949820788530467 0.672209026128266 0.05824372759856631 0.5973871733966746 0.05824372759856631 0.5973871733966746 0.15949820788530467
0 0 0.6550179211469535 0.019002375296912115 0.6550179211469535 0.019002375296912115 0.5663082437275986 0 0.5663082437275986 0 0.6550179211469535
0 0.13064133016627077 0.37007168458781364 0.20190023752969122 0.37007168458781364 0.20190023752969122 0.26344086021505375 0.13064133016627077 0.26344086021505375 0.13064133016627077 0.37007168458781364
0 0.04839667458432304 0.34543010752688175 0.11490498812351543 0.34543010752688175 0.11490498812351543 0.23342293906810035 0.04839667458432304 0.23342293906810035 0.04839667458432304 0.34543010752688175
0 0.5222684085510689 0.10887096774193548 0.5905581947743468 0.10887096774193548 0.5905581947743468 0.01568100358422939 0.5222684085510689 0.01568100358422939 0.5222684085510689 0.10887096774193548
0 0.32066508313539194 0.357078853046595 0.3842042755344418 0.357078853046595 0.3842042755344418 0.2513440860215054 0.32066508313539194 0.2513440860215054 0.32066508313539194 0.357078853046595
0 0.7277315914489311 0.9995519713261649 0.8043349168646081 0.9995519713261649 0.8043349168646081 0.9395161290322581 0.7277315914489311 0.9395161290322581 0.7277315914489311 0.9995519713261649
0 0.24792161520190023 0.46236559139784944 0.3233372921615202 0.46236559139784944 0.3233372921615202 0.3539426523297491 0.24792161520190023 0.3539426523297491 0.24792161520190023 0.46236559139784944
0 0.20338479809976248 0.8588709677419355 0.2758313539192399 0.8588709677419355 0.2758313539192399 0.7405913978494624 0.20338479809976248 0.7405913978494624 0.20338479809976248 0.8588709677419355
0 0.7137767220902613 0.15591397849462366 0.7802850356294537 0.15591397849462366 0.7802850356294537 0.027777777777777776 0.7137767220902613 0.027777777777777776 0.7137767220902613 0.15591397849462366
0 0.36163895486935865 1 0.36163895486935865 0.9112903225806451 0.2749406175771972 0.9112903225806451 0.2749406175771972 1 0.36163895486935865 1
0 0.27820665083135393 0.32123655913978494 0.3417458432304038 0.32123655913978494 0.3417458432304038 0.20922939068100357 0.27820665083135393 0.20922939068100357 0.27820665083135393 0.32123655913978494
0 0.1540973871733967 0.7862903225806451 0.23070071258907363 0.7862903225806451 0.23070071258907363 0.6689068100358423 0.1540973871733967 0.6689068100358423 0.1540973871733967 0.7862903225806451
0 0.083729216152019 0.20161290322580644 0.13954869358669833 0.20161290322580644 0.13954869358669833 0.11379928315412187 0.083729216152019 0.11379928315412187 0.083729216152019 0.20161290322580644
0 0.05908551068883611 0.5344982078853047 0.13450118764845606 0.5344982078853047 0.13450118764845606 0.42876344086021506 0.05908551068883611 0.42876344086021506 0.05908551068883611 0.5344982078853047
0 0.41092636579572445 0 0.41092636579572445 0.09408602150537634 0.47030878859857483 0.09408602150537634 0.47030878859857483 0 0.41092636579572445 0
0 0.282957244655582 0.21236559139784947 0.34887173396674587 0.21236559139784947 0.34887173396674587 0.11827956989247312 0.282957244655582 0.11827956989247312 0.282957244655582 0.21236559139784947
0 0.45427553444180524 0.9068100358422939 0.5475059382422803 0.9068100358422939 0.5475059382422803 0.7795698924731183 0.45427553444180524 0.7795698924731183 0.45427553444180524 0.9068100358422939
0 0.22001187648456058 0.7047491039426523 0.29602137767220904 0.7047491039426523 0.29602137767220904 0.5828853046594982 0.22001187648456058 0.5828853046594982 0.22001187648456058 0.7047491039426523
0 0.14340855106888362 0.10663082437275985 0.20516627078384797 0.10663082437275985 0.20516627078384797 0.002688172043010753 0.14340855106888362 0.002688172043010753 0.14340855106888362 0.10663082437275985
0 0.08046318289786224 0.4166666666666667 0.13509501187648457 0.4166666666666667 0.13509501187648457 0.3288530465949821 0.08046318289786224 0.3288530465949821 0.08046318289786224 0.4166666666666667
0 0.05344418052256532 0.139336917562724 0.12054631828978622 0.139336917562724 0.12054631828978622 0.03539426523297491 0.05344418052256532 0.03539426523297491 0.05344418052256532 0.139336917562724
0 0.6953681710213777 0 0.6953681710213777 0.05465949820788531 0.7737529691211401 0.05465949820788531 0.7737529691211401 0 0.6953681710213777 0
0 0.15795724465558195 0.224910394265233 0.2173396674584323 0.224910394265233 0.2173396674584323 0.12007168458781362 0.15795724465558195 0.12007168458781362 0.15795724465558195 0.224910394265233
0 0.2695961995249406 0.7441756272401434 0.35510688836104515 0.7441756272401434 0.35510688836104515 0.632168458781362 0.2695961995249406 0.632168458781362 0.2695961995249406 0.7441756272401434
0 0.22209026128266032 0.09094982078853046 0.28681710213776723 0.09094982078853046 0.28681710213776723 0.002240143369175627 0.22209026128266032 0.002240143369175627 0.22209026128266032 0.09094982078853046
0 0.5846199524940617 0 0.5846199524940617 0.06630824372759857 0.6416270783847982 0.06630824372759857 0.6416270783847982 0 0.5846199524940617 0
0 0.9824821852731591 0.44802867383512546 0.9997030878859857 0.44802867383512546 0.9997030878859857 0.3602150537634409 0.9824821852731591 0.3602150537634409 0.9824821852731591 0.44802867383512546
0 0.6624109263657957 1 0.6624109263657957 0.9605734767025089 0.5798693586698337 0.9605734767025089 0.5798693586698337 1 0.6624109263657957 1
0 0.4729809976247031 0 0.4729809976247031 0.04659498207885305 0.5323634204275535 0.04659498207885305 0.5323634204275535 0 0.4729809976247031 0
0 0 0.48476702508960573 0.010095011876484561 0.48476702508960573 0.010095011876484561 0.4229390681003584 0 0.4229390681003584 0 0.48476702508960573
0 0.03859857482185273 0 0.03859857482185273 0.05824372759856631 0.09798099762470308 0.05824372759856631 0.09798099762470308 0 0.03859857482185273 0
0 0.8482779097387173 0 0.8482779097387173 0.044802867383512544 0.9272565320665083 0.044802867383512544 0.9272565320665083 0 0.8482779097387173 0
0 0 0.08736559139784947 0.015439429928741092 0.08736559139784947 0.015439429928741092 0.023745519713261647 0 0.023745519713261647 0 0.08736559139784947
0 0 0.2060931899641577 0.020783847980997625 0.2060931899641577 0.020783847980997625 0.10125448028673835 0 0.10125448028673835 0 0.2060931899641577
0 0.9902019002375297 0.9986559139784946 0.9997030878859857 0.9986559139784946 0.9997030878859857 0.9529569892473119 0.9902019002375297 0.9529569892473119 0.9902019002375297 0.9986559139784946
0 0.0002969121140142518 0 0.0002969121140142518 0.051075268817204304 0.043052256532066506 0.051075268817204304 0.043052256532066506 0 0.0002969121140142518 0
0 0.0029691211401425177 0 0.0029691211401425177 0.05734767025089606 0.09798099762470308 0.05734767025089606 0.09798099762470308 0 0.0029691211401425177 0
0 0.35421615201900236 0.041666666666666664 0.41894299287410924 0.041666666666666664 0.41894299287410924 0.00044802867383512545 0.35421615201900236 0.00044802867383512545 0.35421615201900236 0.041666666666666664