0 0.04897959183673469 0.9681372549019608 0.15306122448979592 0.9681372549019608 0.15306122448979592 0.8684640522875817 0.04897959183673469 0.8684640522875817 0.04897959183673469 0.9681372549019608
0 0.7729591836734694 0.5257352941176471 0.8739795918367347 0.5257352941176471 0.8739795918367347 0.4464869281045752 0.7729591836734694 0.4464869281045752 0.7729591836734694 0.5257352941176471
0 0.45102040816326533 0.21160130718954248 0.5520408163265306 0.21160130718954248 0.5520408163265306 0.1380718954248366 0.45102040816326533 0.1380718954248366 0.45102040816326533 0.21160130718954248
0 0.6602040816326531 0.48937908496732024 0.7693877551020408 0.48937908496732024 0.7693877551020408 0.4076797385620915 0.6602040816326531 0.4076797385620915 0.6602040816326531 0.48937908496732024
0 0.5831632653061225 0.5449346405228758 0.6933673469387756 0.5449346405228758 0.6933673469387756 0.4632352941176471 0.5831632653061225 0.4632352941176471 0.5831632653061225 0.5449346405228758
0 0.48775510204081635 0.6633986928104575 0.5867346938775511 0.6633986928104575 0.5867346938775511 0.5816993464052288 0.48775510204081635 0.5816993464052288 0.48775510204081635 0.6633986928104575
0 0.37704081632653064 0.9685457516339869 0.4943877551020408 0.9685457516339869 0.4943877551020408 0.8803104575163399 0.37704081632653064 0.8803104575163399 0.37704081632653064 0.9685457516339869
0 0.7520408163265306 0.33700980392156865 0.8489795918367347 0.33700980392156865 0.8489795918367347 0.25040849673202614 0.7520408163265306 0.25040849673202614 0.7520408163265306 0.33700980392156865
0 0.851530612244898 0.7320261437908496 0.9464285714285714 0.7320261437908496 0.9464285714285714 0.6348039215686274 0.851530612244898 0.6348039215686274 0.851530612244898 0.7320261437908496
0 0.5714285714285714 0.6200980392156863 0.6755102040816326 0.6200980392156863 0.6755102040816326 0.5424836601307189 0.5714285714285714 0.5424836601307189 0.5714285714285714 0.6200980392156863
0 0.0163265306122449 0.24183006535947713 0.1306122448979592 0.24183006535947713 0.1306122448979592 0.1642156862745098 0.0163265306122449 0.1642156862745098 0.0163265306122449 0.24183006535947713
0 0.5913265306122449 0.6993464052287581 0.701530612244898 0.6993464052287581 0.701530612244898 0.6168300653594772 0.5913265306122449 0.6168300653594772 0.5913265306122449 0.6993464052287581
0 0.5596938775510204 0.20955882352941177 0.6811224489795918 0.20955882352941177 0.6811224489795918 0.13602941176470587 0.5596938775510204 0.13602941176470587 0.5596938775510204 0.20955882352941177
0 0.4943877551020408 0.7479575163398693 0.5964285714285714 0.7479575163398693 0.5964285714285714 0.6678921568627451 0.4943877551020408 0.6678921568627451 0.4943877551020408 0.7479575163398693
0 0.5311224489795918 0.9897875816993464 0.621938775510204 0.9897875816993464 0.621938775510204 0.8843954248366013 0.5311224489795918 0.8843954248366013 0.5311224489795918 0.9897875816993464
0 0.6112244897959184 0.9375 0.7153061224489796 0.9375 0.7153061224489796 0.8517156862745098 0.6112244897959184 0.8517156862745098 0.6112244897959184 0.9375
0 0.5061224489795918 0.8786764705882353 0.5979591836734693 0.8786764705882353 0.5979591836734693 0.7855392156862745 0.5061224489795918 0.7855392156862745 0.5061224489795918 0.8786764705882353
0 0.23622448979591837 0.6437908496732027 0.36275510204081635 0.6437908496732027 0.36275510204081635 0.559640522875817 0.23622448979591837 0.559640522875817 0.23622448979591837 0.6437908496732027
0 0.8994897959183673 0.5016339869281046 0.9923469387755102 0.5016339869281046 0.9923469387755102 0.4027777777777778 0.8994897959183673 0.4027777777777778 0.8994897959183673 0.5016339869281046
0 0.4806122448979592 0.5747549019607843 0.5857142857142857 0.5747549019607843 0.5857142857142857 0.4987745098039216 0.4806122448979592 0.4987745098039216 0.4806122448979592 0.5747549019607843
0 0.8163265306122449 0.21037581699346405 0.9081632653061225 0.21037581699346405 0.9081632653061225 0.13602941176470587 0.8163265306122449 0.13602941176470587 0.8163265306122449 0.21037581699346405
0 0.5301020408163265 0.2716503267973856 0.6341836734693878 0.2716503267973856 0.6341836734693878 0.19730392156862744 0.5301020408163265 0.19730392156862744 0.5301020408163265 0.2716503267973856
0 0.6285714285714286 0.8496732026143791 0.7306122448979592 0.8496732026143791 0.7306122448979592 0.7565359477124183 0.6285714285714286 0.7565359477124183 0.6285714285714286 0.8496732026143791
0 0.8219387755102041 0.29330065359477125 0.9107142857142857 0.29330065359477125 0.9107142857142857 0.2099673202614379 0.8219387755102041 0.2099673202614379 0.8219387755102041 0.29330065359477125
0 0.5954081632653061 0.4444444444444444 0.6933673469387756 0.4444444444444444 0.6933673469387756 0.3488562091503268 0.5954081632653061 0.3488562091503268 0.5954081632653061 0.4444444444444444
0 0.21683673469387754 0.9444444444444444 0.32602040816326533 0.9444444444444444 0.32602040816326533 0.8488562091503268 0.21683673469387754 0.8488562091503268 0.21683673469387754 0.9444444444444444
0 0.735204081632653 0.9591503267973857 0.8301020408163265 0.9591503267973857 0.8301020408163265 0.8774509803921569 0.735204081632653 0.8774509803921569 0.735204081632653 0.9591503267973857
0 0.7035714285714286 0.8839869281045751 0.8066326530612244 0.8839869281045751 0.8066326530612244 0.7973856209150327 0.7035714285714286 0.7973856209150327 0.7035714285714286 0.8839869281045751
0 0.4683673469387755 0.5024509803921569 0.5714285714285714 0.5024509803921569 0.5714285714285714 0.4215686274509804 0.4683673469387755 0.4215686274509804 0.4683673469387755 0.5024509803921569
0 0.9474489795918367 0.2769607843137255 0.9994897959183674 0.2769607843137255 0.9994897959183674 0.19117647058823528 0.9474489795918367 0.19117647058823528 0.9474489795918367 0.2769607843137255
0 0.49744897959183676 0.3402777777777778 0.601530612244898 0.3402777777777778 0.601530612244898 0.2618464052287582 0.49744897959183676 0.2618464052287582 0.49744897959183676 0.3402777777777778
0 0.7525510204081632 1 0.7525510204081632 0.940359477124183 0.6454081632653061 0.940359477124183 0.6454081632653061 1 0.7525510204081632 1
0 0.5933673469387755 0.7798202614379085 0.7005102040816327 0.7798202614379085 0.7005102040816327 0.6981209150326797 0.5933673469387755 0.6981209150326797 0.5933673469387755 0.7798202614379085
0 0.8923469387755102 1 0.8923469387755102 0.9387254901960784 0.7831632653061225 0.9387254901960784 0.7831632653061225 1 0.8923469387755102 1
0 0.8321428571428572 0.37540849673202614 0.9158163265306123 0.37540849673202614 0.9158163265306123 0.3002450980392157 0.8321428571428572 0.3002450980392157 0.8321428571428572 0.37540849673202614
0 0 0.7638888888888888 0.11224489795918367 0.7638888888888888 0.11224489795918367 0.6838235294117647 0 0.6838235294117647 0 0.7638888888888888
0 0.37857142857142856 0.8231209150326797 0.5051020408163265 0.8231209150326797 0.5051020408163265 0.735702614379085 0.37857142857142856 0.735702614379085 0.37857142857142856 0.8231209150326797
0 0.34183673469387754 0.8860294117647058 0.45714285714285713 0.8860294117647058 0.45714285714285713 0.8141339869281046 0.34183673469387754 0.8141339869281046 0.34183673469387754 0.8860294117647058
0 0.5413265306122449 1 0.5413265306122449 0.9428104575163399 0.45153061224489793 0.9428104575163399 0.45153061224489793 1 0.5413265306122449 1
0 0.9188775510204081 0.7790032679738562 0.9994897959183674 0.7790032679738562 0.9994897959183674 0.6915849673202614 0.9188775510204081 0.6915849673202614 0.9188775510204081 0.7790032679738562
0 0.9566326530612245 0.42892156862745096 0.9994897959183674 0.42892156862745096 0.9994897959183674 0.34477124183006536 0.9566326530612245 0.34477124183006536 0.9566326530612245 0.42892156862745096
0 0 0.9354575163398693 0.02959183673469388 0.9354575163398693 0.02959183673469388 0.8423202614379085 0 0.8423202614379085 0 0.9354575163398693
0 0.9392857142857143 0.19076797385620914 0.9994897959183674 0.19076797385620914 0.9994897959183674 0.1294934640522876 0.9392857142857143 0.1294934640522876 0.9392857142857143 0.19076797385620914
0 0.4392857142857143 1 0.4392857142857143 0.9738562091503268 0.33010204081632655 0.9738562091503268 0.33010204081632655 1 0.4392857142857143 1
0 0.08214285714285714 1 0.08214285714285714 0.9428104575163399 0.0005102040816326531 0.9428104575163399 0.0005102040816326531 1 0.08214285714285714 1
0 0 0.8304738562091504 0.08979591836734693 0.8304738562091504 0.08979591836734693 0.7626633986928104 0 0.7626633986928104 0 0.8304738562091504