0 0.903 0.6175675675675676 0.971 0.6175675675675676 0.971 0.47792792792792793 0.903 0.47792792792792793 0.903 0.6175675675675676
0 0.5816 0.1036036036036036 0.6456 0.1036036036036036 0.6456 0.0009009009009009009 0.5816 0.0009009009009009009 0.5816 0.1036036036036036
0 0.8222 0.6184684684684685 0.879 0.6184684684684685 0.879 0.47162162162162163 0.8222 0.47162162162162163 0.8222 0.6184684684684685
0 0.9134 0.831981981981982 0.9894 0.831981981981982 0.9894 0.6977477477477477 0.9134 0.6977477477477477 0.9134 0.831981981981982
0 0.8806 0.22522522522522523 0.937 0.22522522522522523 0.937 0.1063063063063063 0.8806 0.1063063063063063 0.8806 0.22522522522522523
0 0.8812 0.36711711711711714 0.9476 0.36711711711711714 0.9476 0.23378378378378378 0.8812 0.23378378378378378 0.8812 0.36711711711711714
0 0.7376 0.28468468468468466 0.8024 0.28468468468468466 0.8024 0.13513513513513514 0.7376 0.13513513513513514 0.7376 0.28468468468468466
0 0.6868 0.19954954954954954 0.748 0.19954954954954954 0.748 0.07342342342342342 0.6868 0.07342342342342342 0.6868 0.19954954954954954
0 0.8086 0.17747747747747747 0.8766 0.17747747747747747 0.8766 0.04864864864864865 0.8086 0.04864864864864865 0.8086 0.17747747747747747
0 0.8644 0.731081081081081 0.9376 0.731081081081081 0.9376 0.5887387387387387 0.8644 0.5887387387387387 0.8644 0.731081081081081
0 0.8206 0.3054054054054054 0.8902 0.3054054054054054 0.8902 0.17927927927927928 0.8206 0.17927927927927928 0.8206 0.3054054054054054
0 0.8576 0.5004504504504504 0.9288 0.5004504504504504 0.9288 0.3698198198198198 0.8576 0.3698198198198198 0.8576 0.5004504504504504
0 0.5986 0.6004504504504504 0.6662 0.6004504504504504 0.6662 0.47792792792792793 0.5986 0.47792792792792793 0.5986 0.6004504504504504
0 0.926 0.9608108108108108 0.9992 0.9608108108108108 0.9992 0.8301801801801801 0.926 0.8301801801801801 0.926 0.9608108108108108
0 0.8026 0.4581081081081081 0.8626 0.4581081081081081 0.8626 0.30495495495495495 0.8026 0.30495495495495495 0.8026 0.4581081081081081
0 0.8348 0.9261261261261261 0.9104 0.9261261261261261 0.9104 0.7936936936936937 0.8348 0.7936936936936937 0.8348 0.9261261261261261
0 0.7604 0.6117117117117117 0.8188 0.6117117117117117 0.8188 0.4657657657657658 0.7604 0.4657657657657658 0.7604 0.6117117117117117
0 0.8618 0 0.8618 0.08738738738738738 0.9246 0.08738738738738738 0.9246 0 0.8618 0
0 0.4688 0.12567567567567567 0.5264 0.12567567567567567 0.5264 0.0013513513513513514 0.4688 0.0013513513513513514 0.4688 0.12567567567567567
0 0.8144 0.7990990990990992 0.874 0.7990990990990992 0.874 0.6396396396396397 0.8144 0.6396396396396397 0.8144 0.7990990990990992
0 0.7032 0.9990990990990991 0.7596 0.9990990990990991 0.7596 0.8576576576576577 0.7032 0.8576576576576577 0.7032 0.9990990990990991
0 0.7222 0 0.7222 0.07927927927927927 0.783 0.07927927927927927 0.783 0 0.7222 0
0 0.0828 0.15 0.1404 0.15 0.1404 0.0545045045045045 0.0828 0.0545045045045045 0.0828 0.15
0 0.2968 0 0.2968 0.07387387387387387 0.3612 0.07387387387387387 0.3612 0 0.2968 0
0 0.156 0.25495495495495496 0.2136 0.25495495495495496 0.2136 0.15855855855855855 0.156 0.15855855855855855 0.156 0.25495495495495496
0 0.2526 0.16846846846846847 0.307 0.16846846846846847 0.307 0.04864864864864865 0.2526 0.04864864864864865 0.2526 0.16846846846846847
0 0.2122 0.2126126126126126 0.2698 0.2126126126126126 0.2698 0.1045045045045045 0.2122 0.1045045045045045 0.2122 0.2126126126126126
0 0.9448 1 0.9448 0.9216216216216216 0.8696 0.9216216216216216 0.8696 1 0.9448 1
0 0.7984 0 0.7984 0.05045045045045045 0.862 0.05045045045045045 0.862 0 0.7984 0
0 0.2194 0.0545045045045045 0.2674 0.0545045045045045 0.2674 0.00045045045045045046 0.2194 0.00045045045045045046 0.2194 0.0545045045045045
0 0.1338 0 0.1338 0.04864864864864865 0.1782 0.04864864864864865 0.1782 0 0.1338 0
0 0.9994 1 0.9994 0.9603603603603603 0.949 0.9603603603603603 0.949 1 0.9994 1
0 0.178 0 0.178 0.047747747747747746 0.2224 0.047747747747747746 0.2224 0 0.178 0
0 0.0638 0.5855855855855856 0.1162 0.5855855855855856 0.1162 0.481981981981982 0.0638 0.481981981981982 0.0638 0.5855855855855856
0 0.107 0.37882882882882885 0.161 0.37882882882882885 0.161 0.2896396396396396 0.107 0.2896396396396396 0.107 0.37882882882882885
0 0.0546 0 0.0546 0.06036036036036036 0.103 0.06036036036036036 0.103 0 0.0546 0
0 0.6656 1 0.6656 0.9495495495495495 0.6192 0.9495495495495495 0.6192 1 0.6656 1
0 0.0622 0.2355855855855856 0.1086 0.2355855855855856 0.1086 0.15090090090090091 0.0622 0.15090090090090091 0.0622 0.2355855855855856
0 0.2648 0 0.2648 0.03963963963963964 0.2988 0.03963963963963964 0.2988 0 0.2648 0
0 0.0332 0.13018018018018018 0.074 0.13018018018018018 0.074 0.06441441441441441 0.0332 0.06441441441441441 0.0332 0.13018018018018018
0 0.0554 0.35630630630630633 0.1042 0.35630630630630633 0.1042 0.2743243243243243 0.0554 0.2743243243243243 0.0554 0.35630630630630633