0 0.5798261665141812 0.26274671052631576 0.6717749313815188 0.26274671052631576 0.6717749313815188 0.12129934210526316 0.5798261665141812 0.12129934210526316 0.5798261665141812 0.26274671052631576
0 0.881747483989021 0.26932565789473684 0.9865050320219579 0.26932565789473684 0.9865050320219579 0.12129934210526316 0.881747483989021 0.12129934210526316 0.881747483989021 0.26932565789473684
0 0.3806038426349497 0.25945723684210525 0.4775846294602013 0.25945723684210525 0.4775846294602013 0.12376644736842106 0.3806038426349497 0.12376644736842106 0.3806038426349497 0.25945723684210525
0 0.3067246111619396 0.36883223684210525 0.4055352241537054 0.36883223684210525 0.4055352241537054 0.22080592105263158 0.3067246111619396 0.22080592105263158 0.3067246111619396 0.36883223684210525
0 0.18275388838060383 0.35567434210526316 0.27287282708142724 0.35567434210526316 0.27287282708142724 0.22574013157894737 0.18275388838060383 0.22574013157894737 0.18275388838060383 0.35567434210526316
0 0.7554894784995425 0.5736019736842105 0.8543000914913084 0.5736019736842105 0.8543000914913084 0.4370888157894737 0.7554894784995425 0.4370888157894737 0.7554894784995425 0.5736019736842105
0 0.5306495882891126 0.6591282894736842 0.6216834400731931 0.6591282894736842 0.6216834400731931 0.5176809210526315 0.5306495882891126 0.5176809210526315 0.5306495882891126 0.6591282894736842
0 0.7497712717291857 0.3770559210526316 0.8526989935956084 0.3770559210526316 0.8526989935956084 0.22820723684210525 0.7497712717291857 0.22820723684210525 0.7497712717291857 0.3770559210526316
0 0.3954711802378774 0.4584703947368421 0.48421774931381517 0.4584703947368421 0.48421774931381517 0.3203125 0.3954711802378774 0.3203125 0.3954711802378774 0.4584703947368421
0 0.34903934126258007 0.936266447368421 0.4354986276303751 0.936266447368421 0.4354986276303751 0.7931743421052632 0.34903934126258007 0.7931743421052632 0.34903934126258007 0.936266447368421
0 0.6701738334858188 0.4745065789473684 0.7676120768526989 0.4745065789473684 0.7676120768526989 0.3248355263157895 0.6701738334858188 0.3248355263157895 0.6701738334858188 0.4745065789473684
0 0.5347666971637695 0.46381578947368424 0.6225983531564502 0.46381578947368424 0.6225983531564502 0.32401315789473684 0.5347666971637695 0.32401315789473684 0.5347666971637695 0.46381578947368424
0 0.6088746569075938 0.5723684210526315 0.7044830741079597 0.5723684210526315 0.7044830741079597 0.42269736842105265 0.6088746569075938 0.42269736842105265 0.6088746569075938 0.5723684210526315
0 0.45882891125343095 0.36554276315789475 0.55032021957914 0.36554276315789475 0.55032021957914 0.2265625 0.45882891125343095 0.2265625 0.45882891125343095 0.36554276315789475
0 0.3145013723696249 0.7528782894736842 0.40827996340347666 0.7528782894736842 0.40827996340347666 0.5990953947368421 0.3145013723696249 0.5990953947368421 0.3145013723696249 0.7528782894736842
0 0.38334858188472093 0.6517269736842105 0.47529734675205854 0.6517269736842105 0.47529734675205854 0.5119243421052632 0.38334858188472093 0.5119243421052632 0.38334858188472093 0.6517269736842105
0 0.0011436413540713633 0.6274671052631579 0.10315645013723697 0.6274671052631579 0.10315645013723697 0.484375 0.0011436413540713633 0.484375 0.0011436413540713633 0.6274671052631579
0 0.09377859103385179 0.25616776315789475 0.18161024702653247 0.25616776315789475 0.18161024702653247 0.12952302631578946 0.09377859103385179 0.12952302631578946 0.09377859103385179 0.25616776315789475
0 0.4590576395242452 0.5616776315789473 0.5487191216834401 0.5616776315789473 0.5487191216834401 0.4243421052631579 0.4590576395242452 0.4243421052631579 0.4590576395242452 0.5616776315789473
0 0.7980329368709973 0.9946546052631579 0.9005032021957914 0.9946546052631579 0.9005032021957914 0.8342927631578947 0.7980329368709973 0.8342927631578947 0.7980329368709973 0.9946546052631579
0 0.07753888380603842 0.9013157894736842 0.1598810612991766 0.9013157894736842 0.1598810612991766 0.774671052631579 0.07753888380603842 0.774671052631579 0.07753888380603842 0.9013157894736842
0 0.2493138151875572 0.8334703947368421 0.3376029277218664 0.8334703947368421 0.3376029277218664 0.6870888157894737 0.2493138151875572 0.6870888157894737 0.2493138151875572 0.8334703947368421
0 0.3982159194876487 0 0.3982159194876487 0.07236842105263158 0.48787740164684357 0.07236842105263158 0.48787740164684357 0 0.3982159194876487 0
0 0.00022872827081427266 0.8009868421052632 0.05512351326623971 0.8009868421052632 0.05512351326623971 0.6685855263157895 0.00022872827081427266 0.6685855263157895 0.00022872827081427266 0.8009868421052632