0 0.29642857142857143 0.7581699346405228 0.41785714285714287 0.7581699346405228 0.41785714285714287 0.6813725490196079 0.29642857142857143 0.6813725490196079 0.29642857142857143 0.7581699346405228
0 0.4357142857142857 0.09967320261437909 0.539795918367347 0.09967320261437909 0.539795918367347 0.021241830065359478 0.4357142857142857 0.021241830065359478 0.4357142857142857 0.09967320261437909
0 0.5954081632653061 0.10743464052287582 0.6862244897959183 0.10743464052287582 0.6862244897959183 0.02165032679738562 0.5954081632653061 0.02165032679738562 0.5954081632653061 0.10743464052287582
0 0.7061224489795919 0.4105392156862745 0.8204081632653061 0.4105392156862745 0.8204081632653061 0.33619281045751637 0.7061224489795919 0.33619281045751637 0.7061224489795919 0.4105392156862745
0 0.26887755102040817 0.08823529411764706 0.3943877551020408 0.08823529411764706 0.3943877551020408 0.017973856209150325 0.26887755102040817 0.017973856209150325 0.26887755102040817 0.08823529411764706
0 0.7887755102040817 0.7687908496732027 0.8938775510204081 0.7687908496732027 0.8938775510204081 0.6911764705882353 0.7887755102040817 0.6911764705882353 0.7887755102040817 0.7687908496732027
0 0.6561224489795918 0.15849673202614378 0.7591836734693878 0.15849673202614378 0.7591836734693878 0.08496732026143791 0.6561224489795918 0.08496732026143791 0.6561224489795918 0.15849673202614378
0 0.636734693877551 0.7871732026143791 0.7489795918367347 0.7871732026143791 0.7489795918367347 0.7054738562091504 0.636734693877551 0.7054738562091504 0.636734693877551 0.7871732026143791
0 0.686734693877551 0.08292483660130719 0.8020408163265306 0.08292483660130719 0.8020408163265306 0.013480392156862746 0.686734693877551 0.013480392156862746 0.686734693877551 0.08292483660130719
0 0 0.8100490196078431 0.08775510204081632 0.8100490196078431 0.08775510204081632 0.7308006535947712 0 0.7308006535947712 0 0.8100490196078431
0 0 0.11151960784313726 0.06020408163265306 0.11151960784313726 0.06020408163265306 0.03227124183006536 0 0.03227124183006536 0 0.11151960784313726
0 0.661734693877551 0.8631535947712419 0.7729591836734694 0.8631535947712419 0.7729591836734694 0.7798202614379085 0.661734693877551 0.7798202614379085 0.661734693877551 0.8631535947712419
0 0.23010204081632654 0.46486928104575165 0.3607142857142857 0.46486928104575165 0.3607142857142857 0.3897058823529412 0.23010204081632654 0.3897058823529412 0.23010204081632654 0.46486928104575165
0 0.7107142857142857 0.2622549019607843 0.8311224489795919 0.2622549019607843 0.8311224489795919 0.19117647058823528 0.7107142857142857 0.19117647058823528 0.7107142857142857 0.2622549019607843
0 0.7076530612244898 0.5277777777777778 0.801530612244898 0.5277777777777778 0.801530612244898 0.4387254901960784 0.7076530612244898 0.4387254901960784 0.7076530612244898 0.5277777777777778
0 0.47244897959183674 0.7892156862745098 0.5714285714285714 0.7892156862745098 0.5714285714285714 0.6919934640522876 0.47244897959183674 0.6919934640522876 0.47244897959183674 0.7892156862745098
0 0.060714285714285714 0.6531862745098039 0.16173469387755102 0.6531862745098039 0.16173469387755102 0.5633169934640523 0.060714285714285714 0.5633169934640523 0.060714285714285714 0.6531862745098039
0 0.9096938775510204 0.8578431372549019 0.9994897959183674 0.8578431372549019 0.9994897959183674 0.7777777777777778 0.9096938775510204 0.7777777777777778 0.9096938775510204 0.8578431372549019
0 0.2683673469387755 0.6294934640522876 0.376530612244898 0.6294934640522876 0.376530612244898 0.5551470588235294 0.2683673469387755 0.5551470588235294 0.2683673469387755 0.6294934640522876
0 0.3943877551020408 1 0.3943877551020408 0.9093137254901961 0.2954081632653061 0.9093137254901961 0.2954081632653061 1 0.3943877551020408 1
0 0.7239795918367347 0.6086601307189542 0.8188775510204082 0.6086601307189542 0.8188775510204082 0.5179738562091504 0.7239795918367347 0.5179738562091504 0.7239795918367347 0.6086601307189542
0 0.4066326530612245 0.5947712418300654 0.5280612244897959 0.5947712418300654 0.5280612244897959 0.5147058823529411 0.4066326530612245 0.5147058823529411 0.4066326530612245 0.5947712418300654
0 0.3719387755102041 0.8251633986928104 0.5025510204081632 0.8251633986928104 0.5025510204081632 0.7467320261437909 0.3719387755102041 0.7467320261437909 0.3719387755102041 0.8251633986928104
0 0.5795918367346938 0.4305555555555556 0.6714285714285714 0.4305555555555556 0.6714285714285714 0.34558823529411764 0.5795918367346938 0.34558823529411764 0.5795918367346938 0.4305555555555556
0 0.726530612244898 0.33700980392156865 0.8408163265306122 0.33700980392156865 0.8408163265306122 0.26348039215686275 0.726530612244898 0.26348039215686275 0.726530612244898 0.33700980392156865
0 0.3704081632653061 0.9620098039215687 0.47244897959183674 0.9620098039215687 0.47244897959183674 0.8827614379084967 0.3704081632653061 0.8827614379084967 0.3704081632653061 0.9620098039215687
0 0.8433673469387755 0.7058823529411765 0.9474489795918367 0.7058823529411765 0.9474489795918367 0.6299019607843137 0.8433673469387755 0.6299019607843137 0.8433673469387755 0.7058823529411765
0 0.42959183673469387 0.8974673202614379 0.5336734693877551 0.8974673202614379 0.5336734693877551 0.8174019607843137 0.42959183673469387 0.8174019607843137 0.42959183673469387 0.8974673202614379
0 0.738265306122449 0.6928104575163399 0.8290816326530612 0.6928104575163399 0.8290816326530612 0.6127450980392157 0.738265306122449 0.6127450980392157 0.738265306122449 0.6928104575163399
0 0.6188775510204082 0.3500816993464052 0.7158163265306122 0.3500816993464052 0.7158163265306122 0.2618464052287582 0.6188775510204082 0.2618464052287582 0.6188775510204082 0.3500816993464052
0 0.6306122448979592 0.641748366013072 0.7387755102040816 0.641748366013072 0.7387755102040816 0.5633169934640523 0.6306122448979592 0.5633169934640523 0.6306122448979592 0.641748366013072
0 0.8040816326530612 0.8521241830065359 0.8979591836734694 0.8521241830065359 0.8979591836734694 0.7712418300653595 0.8040816326530612 0.7712418300653595 0.8040816326530612 0.8521241830065359
0 0.5969387755102041 0.21772875816993464 0.713265306122449 0.21772875816993464 0.713265306122449 0.15073529411764705 0.5969387755102041 0.15073529411764705 0.5969387755102041 0.21772875816993464
0 0.6045918367346939 0.5547385620915033 0.6964285714285714 0.5547385620915033 0.6964285714285714 0.45588235294117646 0.6045918367346939 0.45588235294117646 0.6045918367346939 0.5547385620915033
0 0.30714285714285716 0.8913398692810458 0.42142857142857143 0.8913398692810458 0.42142857142857143 0.8129084967320261 0.30714285714285716 0.8129084967320261 0.30714285714285716 0.8913398692810458
0 0.13724489795918368 0.9174836601307189 0.23826530612244898 0.9174836601307189 0.23826530612244898 0.8398692810457516 0.13724489795918368 0.8398692810457516 0.13724489795918368 0.9174836601307189
0 0.9010204081632653 0.6384803921568627 0.9989795918367347 0.6384803921568627 0.9989795918367347 0.556781045751634 0.9010204081632653 0.556781045751634 0.9010204081632653 0.6384803921568627
0 0.8923469387755102 0.47344771241830064 0.9984693877551021 0.47344771241830064 0.9984693877551021 0.38766339869281047 0.8923469387755102 0.38766339869281047 0.8923469387755102 0.47344771241830064
0 0 0.5625 0.06938775510204082 0.5625 0.06938775510204082 0.48570261437908496 0 0.48570261437908496 0 0.5625
0 0.611734693877551 0.7116013071895425 0.7178571428571429 0.7116013071895425 0.7178571428571429 0.6429738562091504 0.611734693877551 0.6429738562091504 0.611734693877551 0.7116013071895425
0 0.8561224489795919 0.9272875816993464 0.9489795918367347 0.9272875816993464 0.9489795918367347 0.8455882352941176 0.8561224489795919 0.8455882352941176 0.8561224489795919 0.9272875816993464
0 0.5826530612244898 0.9632352941176471 0.6744897959183673 0.9632352941176471 0.6744897959183673 0.8676470588235294 0.5826530612244898 0.8676470588235294 0.5826530612244898 0.9632352941176471
0 0.6806122448979591 0.9665032679738562 0.7704081632653061 0.9665032679738562 0.7704081632653061 0.8627450980392157 0.6806122448979591 0.8627450980392157 0.6806122448979591 0.9665032679738562
0 0.4775510204081633 0.9771241830065359 0.5775510204081633 0.9771241830065359 0.5775510204081633 0.8831699346405228 0.4775510204081633 0.8831699346405228 0.4775510204081633 0.9771241830065359
0 0.08928571428571429 0.5616830065359477 0.19846938775510203 0.5616830065359477 0.19846938775510203 0.49060457516339867 0.08928571428571429 0.49060457516339867 0.08928571428571429 0.5616830065359477
0 0.37244897959183676 0.6699346405228758 0.4704081632653061 0.6699346405228758 0.4704081632653061 0.5906862745098039 0.37244897959183676 0.5906862745098039 0.37244897959183676 0.6699346405228758
0 0.8081632653061225 0.6372549019607843 0.8989795918367347 0.6372549019607843 0.8989795918367347 0.5465686274509803 0.8081632653061225 0.5465686274509803 0.8081632653061225 0.6372549019607843
0 0.29183673469387755 1 0.29183673469387755 0.9183006535947712 0.20510204081632652 0.9183006535947712 0.20510204081632652 1 0.29183673469387755 1
0 0.47806122448979593 0.673202614379085 0.5760204081632653 0.673202614379085 0.5760204081632653 0.5808823529411765 0.47806122448979593 0.5808823529411765 0.47806122448979593 0.673202614379085
0 0.20153061224489796 1 0.20153061224489796 0.940359477124183 0.10357142857142858 0.940359477124183 0.10357142857142858 1 0.20153061224489796 1
0 0 0.6397058823529411 0.058163265306122446 0.6397058823529411 0.058163265306122446 0.5718954248366013 0 0.5718954248366013 0 0.6397058823529411
0 0.7698979591836734 0.9738562091503268 0.8668367346938776 0.9738562091503268 0.8668367346938776 0.8888888888888888 0.7698979591836734 0.8888888888888888 0.7698979591836734 0.9738562091503268
0 0.9086734693877551 0.7769607843137255 0.9994897959183674 0.7769607843137255 0.9994897959183674 0.6919934640522876 0.9086734693877551 0.6919934640522876 0.9086734693877551 0.7769607843137255
0 0.7081632653061225 1 0.7081632653061225 0.9575163398692811 0.6051020408163266 0.9575163398692811 0.6051020408163266 1 0.7081632653061225 1
0 0.9556122448979592 0.3349673202614379 0.9994897959183674 0.3349673202614379 0.9994897959183674 0.24591503267973855 0.9556122448979592 0.24591503267973855 0.9556122448979592 0.3349673202614379
0 0.861734693877551 1 0.861734693877551 0.9730392156862745 0.7535714285714286 0.9730392156862745 0.7535714285714286 1 0.861734693877551 1
0 0.9729591836734693 0.7124183006535948 0.9994897959183674 0.7124183006535948 0.9994897959183674 0.6274509803921569 0.9729591836734693 0.6274509803921569 0.9729591836734693 0.7124183006535948
0 0.9729591836734693 1 0.9729591836734693 0.9803921568627451 0.8943877551020408 0.9803921568627451 0.8943877551020408 1 0.9729591836734693 1
0 0.4275510204081633 1 0.4275510204081633 0.9910130718954249 0.37244897959183676 0.9910130718954249 0.37244897959183676 1 0.4275510204081633 1
0 0.061224489795918366 1 0.061224489795918366 0.946078431372549 0 0.946078431372549 0 1 0.061224489795918366 1
0 0 0.8786764705882353 0.027551020408163266 0.8786764705882353 0.027551020408163266 0.8157679738562091 0 0.8157679738562091 0 0.8786764705882353