0 0.7477127172918573 0.21669407894736842 0.8497255260750228 0.21669407894736842 0.8497255260750228 0.06866776315789473 0.7477127172918573 0.06866776315789473 0.7477127172918573 0.21669407894736842
0 0.4540256175663312 0.21217105263157895 0.5459743824336688 0.21217105263157895 0.5459743824336688 0.07483552631578948 0.4540256175663312 0.07483552631578948 0.4540256175663312 0.21217105263157895
0 0.00022872827081427266 0.4864309210526316 0.09720951509606587 0.4864309210526316 0.09720951509606587 0.3482730263157895 0.00022872827081427266 0.3482730263157895 0.00022872827081427266 0.4864309210526316
0 0.3904391582799634 0.3059210526315789 0.4801006404391583 0.3059210526315789 0.4801006404391583 0.16940789473684212 0.3904391582799634 0.16940789473684212 0.3904391582799634 0.3059210526315789
0 0.17589204025617566 0.21134868421052633 0.26738334858188473 0.21134868421052633 0.26738334858188473 0.07976973684210527 0.17589204025617566 0.07976973684210527 0.17589204025617566 0.21134868421052633
0 0.7950594693504117 0.8375822368421053 0.898444647758463 0.8375822368421053 0.898444647758463 0.686266447368421 0.7950594693504117 0.686266447368421 0.7950594693504117 0.8375822368421053
0 0.5304208600182982 0.31085526315789475 0.619167429094236 0.31085526315789475 0.619167429094236 0.16858552631578946 0.5304208600182982 0.16858552631578946 0.5304208600182982 0.31085526315789475
0 0.8790027447392498 0 0.8790027447392498 0.10361842105263158 0.9851326623970723 0.10361842105263158 0.9851326623970723 0 0.8790027447392498 0
0 0.6665141811527905 0.3157894736842105 0.7648673376029277 0.3157894736842105 0.7648673376029277 0.16858552631578946 0.6665141811527905 0.16858552631578946 0.6665141811527905 0.3157894736842105
0 0.7534309240622141 0.4152960526315789 0.8517840805123513 0.4152960526315789 0.8517840805123513 0.2787828947368421 0.7534309240622141 0.2787828947368421 0.7534309240622141 0.4152960526315789
0 0.3010064043915828 0.21916118421052633 0.4011893870082342 0.21916118421052633 0.4011893870082342 0.07195723684210527 0.3010064043915828 0.07195723684210527 0.3010064043915828 0.21916118421052633
0 0.5263037511436414 0.5078125 0.6187099725526075 0.5078125 0.6187099725526075 0.36554276315789475 0.5263037511436414 0.36554276315789475 0.5263037511436414 0.5078125
0 0.6045288197621226 0.41694078947368424 0.7015096065873742 0.41694078947368424 0.7015096065873742 0.2730263157894737 0.6045288197621226 0.2730263157894737 0.6045288197621226 0.41694078947368424
0 0.3755718206770357 0 0.3755718206770357 0.10773026315789473 0.47346752058554437 0.10773026315789473 0.47346752058554437 0 0.3755718206770357 0
0 0.45356816102470265 0.4095394736842105 0.5450594693504117 0.4095394736842105 0.5450594693504117 0.2738486842105263 0.45356816102470265 0.2738486842105263 0.45356816102470265 0.4095394736842105
0 0.30878316559926805 0.6044407894736842 0.40347666971637697 0.6044407894736842 0.40347666971637697 0.45723684210526316 0.30878316559926805 0.45723684210526316 0.30878316559926805 0.6044407894736842
0 0.242451967063129 0.686266447368421 0.33394327538883806 0.686266447368421 0.33394327538883806 0.5464638157894737 0.242451967063129 0.5464638157894737 0.242451967063129 0.686266447368421
0 0.34400731930466605 0.7907072368421053 0.4304666056724611 0.7907072368421053 0.4304666056724611 0.6484375 0.34400731930466605 0.6484375 0.34400731930466605 0.7907072368421053
0 0.57548032936871 0 0.57548032936871 0.1069078947368421 0.6678865507776761 0.1069078947368421 0.6678865507776761 0 0.57548032936871 0
0 0.37831655992680696 0.5032894736842105 0.47118023787740165 0.5032894736842105 0.47118023787740165 0.3626644736842105 0.37831655992680696 0.3626644736842105 0.37831655992680696 0.5032894736842105
0 0.0702195791399817 0.7635690789473685 0.15347666971637694 0.7635690789473685 0.15347666971637694 0.6344572368421053 0.0702195791399817 0.6344572368421053 0.0702195791399817 0.7635690789473685
0 0.2483989021043001 0.9773848684210527 0.34080512351326625 0.9773848684210527 0.34080512351326625 0.8227796052631579 0.2483989021043001 0.8227796052631579 0.2483989021043001 0.9773848684210527
0 0.08668801463860933 0 0.08668801463860933 0.11266447368421052 0.17451967063129004 0.11266447368421052 0.17451967063129004 0 0.08668801463860933 0
0 0.4425892040256176 1 0.4425892040256176 0.9243421052631579 0.3478956999085087 0.9243421052631579 0.3478956999085087 1 0.4425892040256176 1
0 0.16742909423604757 0.9995888157894737 0.2607502287282708 0.9995888157894737 0.2607502287282708 0.905016447368421 0.16742909423604757 0.905016447368421 0.16742909423604757 0.9995888157894737
0 0.00022872827081427266 0.6591282894736842 0.04826166514181153 0.6591282894736842 0.04826166514181153 0.532483552631579 0.00022872827081427266 0.532483552631579 0.00022872827081427266 0.6591282894736842