0 0.5930296377607025 0.8706647398843931 0.6929198682766191 0.8706647398843931 0.6929198682766191 0.7485549132947977 0.5930296377607025 0.7485549132947977 0.5930296377607025 0.8706647398843931
0 0.3814489571899012 0.7438583815028902 0.45828759604829855 0.7438583815028902 0.45828759604829855 0.6166907514450867 0.3814489571899012 0.6166907514450867 0.3814489571899012 0.7438583815028902
0 0.6962129527991219 0.5314306358381503 0.7845773874862788 0.5314306358381503 0.7845773874862788 0.40209537572254334 0.6962129527991219 0.40209537572254334 0.6962129527991219 0.5314306358381503
0 0.7757958287596048 0.7348265895953757 0.887211855104281 0.7348265895953757 0.887211855104281 0.6011560693641619 0.7757958287596048 0.6011560693641619 0.7757958287596048 0.7348265895953757
0 0.4593852908891328 0.9989161849710982 0.5488474204171241 0.9989161849710982 0.5488474204171241 0.8796965317919075 0.4593852908891328 0.8796965317919075 0.4593852908891328 0.9989161849710982
0 0.5548847420417125 0.744942196531792 0.6498353457738749 0.744942196531792 0.6498353457738749 0.6293352601156069 0.5548847420417125 0.6293352601156069 0.5548847420417125 0.744942196531792
0 0.6734357848518112 0.3638005780346821 0.7618002195389681 0.3638005780346821 0.7618002195389681 0.23446531791907516 0.6734357848518112 0.23446531791907516 0.6734357848518112 0.3638005780346821
0 0.5603732162458837 0.5177023121387283 0.6531284302963776 0.5177023121387283 0.6531284302963776 0.40209537572254334 0.5603732162458837 0.40209537572254334 0.5603732162458837 0.5177023121387283
0 0.5666849615806806 0.6282514450867052 0.6599890230515917 0.6282514450867052 0.6599890230515917 0.5184248554913294 0.5666849615806806 0.5184248554913294 0.5666849615806806 0.6282514450867052
0 0.5653128430296378 0.25758670520231214 0.6514818880351262 0.25758670520231214 0.6514818880351262 0.13547687861271676 0.5653128430296378 0.13547687861271676 0.5653128430296378 0.25758670520231214
0 0.4810647639956092 0.6152456647398844 0.564489571899012 0.6152456647398844 0.564489571899012 0.5010838150289018 0.4810647639956092 0.5010838150289018 0.4810647639956092 0.6152456647398844
0 0.23079034028540066 0.8713872832369942 0.31531284302963775 0.8713872832369942 0.31531284302963775 0.7658959537572254 0.23079034028540066 0.7658959537572254 0.23079034028540066 0.8713872832369942
0 0.27771679473106475 0.5596098265895953 0.36169045005488476 0.5596098265895953 0.36169045005488476 0.4541184971098266 0.27771679473106475 0.4541184971098266 0.27771679473106475 0.5596098265895953
0 0 0.9649566473988439 0.066410537870472 0.9649566473988439 0.066410537870472 0.8392341040462428 0 0.8392341040462428 0 0.9649566473988439
0 0.718715697036224 0.8598265895953757 0.8290340285400659 0.8598265895953757 0.8290340285400659 0.721820809248555 0.718715697036224 0.721820809248555 0.718715697036224 0.8598265895953757
0 0.3707464324917673 0.9884393063583815 0.45362239297475304 0.9884393063583815 0.45362239297475304 0.8648843930635838 0.3707464324917673 0.8648843930635838 0.3707464324917673 0.9884393063583815
0 0.3792535675082327 0.5303468208092486 0.45499451152579584 0.5303468208092486 0.45499451152579584 0.42846820809248554 0.3792535675082327 0.42846820809248554 0.3792535675082327 0.5303468208092486
0 0.45279912184412735 0.5046965317919075 0.5296377607025247 0.5046965317919075 0.5296377607025247 0.3811416184971098 0.45279912184412735 0.3811416184971098 0.45279912184412735 0.5046965317919075
0 0.30680570801317236 0.7286849710982659 0.38035126234906697 0.7286849710982659 0.38035126234906697 0.6138005780346821 0.30680570801317236 0.6138005780346821 0.30680570801317236 0.7286849710982659
0 0.16273326015367728 0.6484826589595376 0.23737650933040616 0.6484826589595376 0.23737650933040616 0.5307080924855492 0.16273326015367728 0.5307080924855492 0.16273326015367728 0.6484826589595376
0 0.29445664105378705 0.9700144508670521 0.3734906695938529 0.9700144508670521 0.3734906695938529 0.8536849710982659 0.29445664105378705 0.8536849710982659 0.29445664105378705 0.9700144508670521
0 0.23216245883644346 0.46604046242774566 0.3177826564215148 0.46604046242774566 0.3177826564215148 0.37210982658959535 0.23216245883644346 0.37210982658959535 0.23216245883644346 0.46604046242774566
0 0.2752469813391877 0.12355491329479769 0.3438529088913282 0.12355491329479769 0.3438529088913282 0.02384393063583815 0.2752469813391877 0.02384393063583815 0.2752469813391877 0.12355491329479769
0 0.2318880351262349 0.7565028901734104 0.3092755214050494 0.7565028901734104 0.3092755214050494 0.6502890173410405 0.2318880351262349 0.6502890173410405 0.2318880351262349 0.7565028901734104
0 0.1350164654226125 0.7817919075144508 0.2233809001097695 0.7817919075144508 0.2233809001097695 0.6799132947976878 0.1350164654226125 0.6799132947976878 0.1350164654226125 0.7817919075144508
0 0.15340285400658618 0.881864161849711 0.23463227222832053 0.881864161849711 0.23463227222832053 0.7821531791907514 0.15340285400658618 0.7821531791907514 0.15340285400658618 0.881864161849711
0 0.2060922063666301 0.3663294797687861 0.29171240395170145 0.3663294797687861 0.29171240395170145 0.273121387283237 0.2060922063666301 0.273121387283237 0.2060922063666301 0.3663294797687861
0 0.10236004390779363 0.673771676300578 0.17261251372118552 0.673771676300578 0.17261251372118552 0.5625 0.10236004390779363 0.5625 0.10236004390779363 0.673771676300578
0 0.2074643249176729 0.154985549132948 0.28210757409440174 0.154985549132948 0.28210757409440174 0.04299132947976879 0.2074643249176729 0.04299132947976879 0.2074643249176729 0.154985549132948
0 0.07107574094401756 0.8674132947976878 0.1539517014270033 0.8674132947976878 0.1539517014270033 0.747471098265896 0.07107574094401756 0.747471098265896 0.07107574094401756 0.8674132947976878
0 0.09577387486278814 0.9689306358381503 0.1698682766190999 0.9689306358381503 0.1698682766190999 0.8547687861271677 0.09577387486278814 0.8547687861271677 0.09577387486278814 0.9689306358381503
0 0.1986827661909989 0 0.1986827661909989 0.03251445086705202 0.26399560922063664 0.03251445086705202 0.26399560922063664 0 0.1986827661909989 0