0 0.43131132917038356 0.5760690789473685 0.5187332738626227 0.5760690789473685 0.5187332738626227 0.4453125 0.43131132917038356 0.4453125 0.43131132917038356 0.5760690789473685
0 0.3004014272970562 0.6912006578947368 0.38024085637823374 0.6912006578947368 0.38024085637823374 0.5629111842105263 0.3004014272970562 0.5629111842105263 0.3004014272970562 0.6912006578947368
0 0.4727921498661909 0.8548519736842105 0.5459411239964318 0.8548519736842105 0.5459411239964318 0.6994243421052632 0.4727921498661909 0.6994243421052632 0.4727921498661909 0.8548519736842105
0 0.6880017841213203 0.19860197368421054 0.7718554861730598 0.19860197368421054 0.7718554861730598 0.04070723684210526 0.6880017841213203 0.04070723684210526 0.6880017841213203 0.19860197368421054
0 0.44201605709188224 0.7072368421052632 0.5312221231043711 0.7072368421052632 0.5312221231043711 0.5707236842105263 0.44201605709188224 0.5707236842105263 0.44201605709188224 0.7072368421052632
0 0.10347903657448707 0 0.10347903657448707 0.13075657894736842 0.19223907225691347 0.13075657894736842 0.19223907225691347 0 0.10347903657448707 0
0 0.8813559322033898 0.8819901315789473 0.9629794826048171 0.8819901315789473 0.9629794826048171 0.7462993421052632 0.8813559322033898 0.7462993421052632 0.8813559322033898 0.8819901315789473
0 0.09834968777876896 0.5653782894736842 0.1844335414808207 0.5653782894736842 0.1844335414808207 0.4173519736842105 0.09834968777876896 0.4173519736842105 0.09834968777876896 0.5653782894736842
0 0.6922390722569135 0.5509868421052632 0.7823371989295272 0.5509868421052632 0.7823371989295272 0.39226973684210525 0.6922390722569135 0.39226973684210525 0.6922390722569135 0.5509868421052632
0 0.35303300624442463 0.31743421052631576 0.4413470115967886 0.31743421052631576 0.4413470115967886 0.18667763157894737 0.35303300624442463 0.18667763157894737 0.35303300624442463 0.31743421052631576
0 0.3267172167707404 0.9263980263157895 0.41458519179304193 0.9263980263157895 0.41458519179304193 0.7907072368421053 0.3267172167707404 0.7907072368421053 0.3267172167707404 0.9263980263157895
0 0.8641837644959858 0.7401315789473685 0.9542818911685995 0.7401315789473685 0.9542818911685995 0.5921052631578947 0.8641837644959858 0.5921052631578947 0.8641837644959858 0.7401315789473685
0 0.8012934879571811 0.2611019736842105 0.898528099910794 0.2611019736842105 0.898528099910794 0.12541118421052633 0.8012934879571811 0.12541118421052633 0.8012934879571811 0.2611019736842105
0 0.489964317573595 0.43338815789473684 0.5604371097234612 0.43338815789473684 0.5604371097234612 0.2837171052631579 0.489964317573595 0.2837171052631579 0.489964317573595 0.43338815789473684
0 0.5171721677074042 0.23273026315789475 0.605486173059768 0.23273026315789475 0.605486173059768 0.08634868421052631 0.5171721677074042 0.08634868421052631 0.5171721677074042 0.23273026315789475
0 0.77007136485281 0.7462993421052632 0.8628456735057984 0.7462993421052632 0.8628456735057984 0.6163651315789473 0.77007136485281 0.6163651315789473 0.77007136485281 0.7462993421052632
0 0.6935771632471008 0.7972861842105263 0.775200713648528 0.7972861842105263 0.775200713648528 0.6451480263157895 0.6935771632471008 0.6451480263157895 0.6935771632471008 0.7972861842105263
0 0.2528991971454059 0.36883223684210525 0.3296164139161463 0.36883223684210525 0.3296164139161463 0.22574013157894737 0.2528991971454059 0.22574013157894737 0.2528991971454059 0.36883223684210525
0 0.847457627118644 0.576891447368421 0.9313113291703836 0.576891447368421 0.9313113291703836 0.41817434210526316 0.847457627118644 0.41817434210526316 0.847457627118644 0.576891447368421
0 0.00022301516503122213 0.33182565789473684 0.06132917038358608 0.33182565789473684 0.06132917038358608 0.20518092105263158 0.00022301516503122213 0.20518092105263158 0.00022301516503122213 0.33182565789473684
0 0.6081623550401427 0.6768092105263158 0.7031668153434434 0.6768092105263158 0.7031668153434434 0.5427631578947368 0.6081623550401427 0.5427631578947368 0.6081623550401427 0.6768092105263158
0 0.7482158786797503 0.39679276315789475 0.8320695807314897 0.39679276315789475 0.8320695807314897 0.23231907894736842 0.7482158786797503 0.23231907894736842 0.7482158786797503 0.39679276315789475
0 0.8026315789473685 0.12705592105263158 0.886485280999108 0.12705592105263158 0.886485280999108 0.00041118421052631577 0.8026315789473685 0.00041118421052631577 0.8026315789473685 0.12705592105263158
0 0.2207850133809099 0.6632401315789473 0.2970561998215879 0.6632401315789473 0.2970561998215879 0.5349506578947368 0.2207850133809099 0.5349506578947368 0.2207850133809099 0.6632401315789473
0 0.40343443354148084 0.4362664473684211 0.4872881355932203 0.4362664473684211 0.4872881355932203 0.2989309210526316 0.40343443354148084 0.2989309210526316 0.40343443354148084 0.4362664473684211
0 0.3389830508474576 0.5045230263157895 0.4134701159678858 0.5045230263157895 0.4134701159678858 0.3515625 0.3389830508474576 0.3515625 0.3389830508474576 0.5045230263157895
0 0.39161462979482603 0.8277138157894737 0.4616413916146298 0.8277138157894737 0.4616413916146298 0.6747532894736842 0.39161462979482603 0.6747532894736842 0.39161462979482603 0.8277138157894737
0 0.15744870651204282 0.41817434210526316 0.24219446922390722 0.41817434210526316 0.24219446922390722 0.26932565789473684 0.15744870651204282 0.26932565789473684 0.15744870651204282 0.41817434210526316
0 0.2729705619982159 0.5592105263157895 0.35057983942908116 0.5592105263157895 0.35057983942908116 0.4194078947368421 0.2729705619982159 0.4194078947368421 0.2729705619982159 0.5592105263157895
0 0.247992863514719 0.897203947368421 0.33407671721677074 0.897203947368421 0.33407671721677074 0.7606907894736842 0.247992863514719 0.7606907894736842 0.247992863514719 0.897203947368421
0 0.7825602140945584 0.6114309210526315 0.8632917038358608 0.6114309210526315 0.8632917038358608 0.4740953947368421 0.7825602140945584 0.4740953947368421 0.7825602140945584 0.6114309210526315
0 0.8278322925958965 0.9761513157894737 0.9090098126672613 0.9761513157894737 0.9090098126672613 0.8289473684210527 0.8278322925958965 0.8289473684210527 0.8278322925958965 0.9761513157894737
0 0.7486619090098127 0.9185855263157895 0.8320695807314897 0.9185855263157895 0.8320695807314897 0.7713815789473685 0.7486619090098127 0.7713815789473685 0.7486619090098127 0.9185855263157895
0 0.8340767172167708 0.41488486842105265 0.9125780553077609 0.41488486842105265 0.9125780553077609 0.26192434210526316 0.8340767172167708 0.26192434210526316 0.8340767172167708 0.41488486842105265
0 0.4877341659232828 0.9991776315789473 0.5751561106155219 0.9991776315789473 0.5751561106155219 0.899671052631579 0.4877341659232828 0.899671052631579 0.4877341659232828 0.9991776315789473
0 0.37867975022301514 0.9991776315789473 0.45405887600356826 0.9991776315789473 0.45405887600356826 0.9078947368421053 0.37867975022301514 0.9078947368421053 0.37867975022301514 0.9991776315789473
0 0.5234165923282783 0.09416118421052631 0.6130686886708296 0.09416118421052631 0.6130686886708296 0.00041118421052631577 0.5234165923282783 0.00041118421052631577 0.5234165923282783 0.09416118421052631
0 0.25312221231043713 0.9995888157894737 0.3374219446922391 0.9995888157894737 0.3374219446922391 0.9041940789473685 0.25312221231043713 0.9041940789473685 0.25312221231043713 0.9995888157894737
0 0.021632471008028547 0 0.021632471008028547 0.1299342105263158 0.10459411239964318 0.1299342105263158 0.10459411239964318 0 0.021632471008028547 0
0 0.9897413024085637 1 0.9897413024085637 0.9120065789473685 0.8938447814451382 0.9120065789473685 0.8938447814451382 1 0.9897413024085637 1
0 0.8458965209634255 1 0.8458965209634255 0.9366776315789473 0.7727475468331847 0.9366776315789473 0.7727475468331847 1 0.8458965209634255 1
0 0 0 0 0.10773026315789473 0.025869759143621766 0.10773026315789473 0.025869759143621766 0 0 0
0 0.715878679750223 0 0.715878679750223 0.04358552631578947 0.812221231043711 0.04358552631578947 0.812221231043711 0 0.715878679750223 0
0 0 0.7532894736842105 0.00936663693131133 0.7532894736842105 0.00936663693131133 0.662828947368421 0 0.662828947368421 0 0.7532894736842105
0 0 0.9819078947368421 0.014272970561998216 0.9819078947368421 0.014272970561998216 0.9054276315789473 0 0.9054276315789473 0 0.9819078947368421