0 0.5913265306122449 0.17687908496732027 0.7443877551020408 0.17687908496732027 0.7443877551020408 0.10743464052287582 0.5913265306122449 0.10743464052287582 0.5913265306122449 0.17687908496732027
0 0.498469387755102 0.5996732026143791 0.611734693877551 0.5996732026143791 0.611734693877551 0.5294117647058824 0.498469387755102 0.5294117647058824 0.498469387755102 0.5996732026143791
0 0.48520408163265305 0.8080065359477124 0.588265306122449 0.8080065359477124 0.588265306122449 0.7303921568627451 0.48520408163265305 0.7303921568627451 0.48520408163265305 0.8080065359477124
0 0.49183673469387756 0.4272875816993464 0.6153061224489796 0.4272875816993464 0.6153061224489796 0.35375816993464054 0.49183673469387756 0.35375816993464054 0.49183673469387756 0.4272875816993464
0 0.838265306122449 0.7728758169934641 0.9168367346938775 0.7728758169934641 0.9168367346938775 0.7009803921568627 0.838265306122449 0.7009803921568627 0.838265306122449 0.7728758169934641
0 0.44081632653061226 0.32598039215686275 0.560204081632653 0.32598039215686275 0.560204081632653 0.24918300653594772 0.44081632653061226 0.24918300653594772 0.44081632653061226 0.32598039215686275
0 0.735204081632653 0.6740196078431373 0.8392857142857143 0.6740196078431373 0.8392857142857143 0.6086601307189542 0.735204081632653 0.6086601307189542 0.735204081632653 0.6740196078431373
0 0.5979591836734693 0.7724673202614379 0.6887755102040817 0.7724673202614379 0.6887755102040817 0.7087418300653595 0.5979591836734693 0.7087418300653595 0.5979591836734693 0.7724673202614379
0 0.9392857142857143 0.24959150326797386 0.9994897959183674 0.24959150326797386 0.9994897959183674 0.18668300653594772 0.9392857142857143 0.18668300653594772 0.9392857142857143 0.24959150326797386
0 0.3413265306122449 0.46282679738562094 0.4556122448979592 0.46282679738562094 0.4556122448979592 0.40236928104575165 0.3413265306122449 0.40236928104575165 0.3413265306122449 0.46282679738562094
0 0.4739795918367347 0.1801470588235294 0.5719387755102041 0.1801470588235294 0.5719387755102041 0.11151960784313726 0.4739795918367347 0.11151960784313726 0.4739795918367347 0.1801470588235294
0 0.7346938775510204 0.4693627450980392 0.8530612244897959 0.4693627450980392 0.8530612244897959 0.40155228758169936 0.7346938775510204 0.40155228758169936 0.7346938775510204 0.4693627450980392
0 0.7571428571428571 0.24305555555555555 0.886734693877551 0.24305555555555555 0.886734693877551 0.17116013071895425 0.7571428571428571 0.17116013071895425 0.7571428571428571 0.24305555555555555
0 0.3678571428571429 0.40441176470588236 0.488265306122449 0.40441176470588236 0.488265306122449 0.3374183006535948 0.3678571428571429 0.3374183006535948 0.3678571428571429 0.40441176470588236
0 0.5 0.6617647058823529 0.5948979591836735 0.6617647058823529 0.5948979591836735 0.6004901960784313 0.5 0.6004901960784313 0.5 0.6617647058823529
0 0.003061224489795918 0.4722222222222222 0.1489795918367347 0.4722222222222222 0.1489795918367347 0.39052287581699346 0.003061224489795918 0.39052287581699346 0.003061224489795918 0.4722222222222222
0 0.7811224489795918 0.8459967320261438 0.8709183673469387 0.8459967320261438 0.8709183673469387 0.7798202614379085 0.7811224489795918 0.7798202614379085 0.7811224489795918 0.8459967320261438
0 0.30051020408163265 0.7209967320261438 0.3821428571428571 0.7209967320261438 0.3821428571428571 0.6678921568627451 0.30051020408163265 0.6678921568627451 0.30051020408163265 0.7209967320261438
0 0.6025510204081632 0.44893790849673204 0.7117346938775511 0.44893790849673204 0.7117346938775511 0.38031045751633985 0.6025510204081632 0.38031045751633985 0.6025510204081632 0.44893790849673204
0 0.536734693877551 0.8631535947712419 0.636734693877551 0.8631535947712419 0.636734693877551 0.7912581699346405 0.536734693877551 0.7912581699346405 0.536734693877551 0.8631535947712419
0 0.3239795918367347 0.9995915032679739 0.46683673469387754 0.9995915032679739 0.46683673469387754 0.9129901960784313 0.3239795918367347 0.9129901960784313 0.3239795918367347 0.9995915032679739
0 0.5698979591836735 0.9203431372549019 0.6627551020408163 0.9203431372549019 0.6627551020408163 0.8468137254901961 0.5698979591836735 0.8468137254901961 0.5698979591836735 0.9203431372549019
0 0.17857142857142858 0.8700980392156863 0.25612244897959185 0.8700980392156863 0.25612244897959185 0.7933006535947712 0.17857142857142858 0.7933006535947712 0.17857142857142858 0.8700980392156863
0 0.12346938775510204 0.6119281045751634 0.2163265306122449 0.6119281045751634 0.2163265306122449 0.548202614379085 0.12346938775510204 0.548202614379085 0.12346938775510204 0.6119281045751634
0 0.38112244897959185 0.13194444444444445 0.4923469387755102 0.13194444444444445 0.4923469387755102 0.0625 0.38112244897959185 0.0625 0.38112244897959185 0.13194444444444445
0 0.10714285714285714 0.5388071895424836 0.18877551020408162 0.5388071895424836 0.18877551020408162 0.4709967320261438 0.10714285714285714 0.4709967320261438 0.10714285714285714 0.5388071895424836
0 0.1826530612244898 0.46282679738562094 0.2836734693877551 0.46282679738562094 0.2836734693877551 0.40236928104575165 0.1826530612244898 0.40236928104575165 0.1826530612244898 0.46282679738562094
0 0.25510204081632654 0.6752450980392157 0.3520408163265306 0.6752450980392157 0.3520408163265306 0.6180555555555556 0.25510204081632654 0.6180555555555556 0.25510204081632654 0.6752450980392157
0 0.7755102040816326 0.32393790849673204 0.8367346938775511 0.32393790849673204 0.8367346938775511 0.2724673202614379 0.7755102040816326 0.2724673202614379 0.7755102040816326 0.32393790849673204
0 0.675 0.29330065359477125 0.7719387755102041 0.29330065359477125 0.7719387755102041 0.22630718954248366 0.675 0.22630718954248366 0.675 0.29330065359477125
0 0.4290816326530612 0.7234477124183006 0.5382653061224489 0.7234477124183006 0.5382653061224489 0.6425653594771242 0.4290816326530612 0.6425653594771242 0.4290816326530612 0.7234477124183006
0 0.564795918367347 0.31413398692810457 0.6607142857142857 0.31413398692810457 0.6607142857142857 0.23733660130718953 0.564795918367347 0.23733660130718953 0.564795918367347 0.31413398692810457
0 0.3326530612244898 0.8378267973856209 0.4326530612244898 0.8378267973856209 0.4326530612244898 0.7716503267973857 0.3326530612244898 0.7716503267973857 0.3326530612244898 0.8378267973856209
0 0.7744897959183673 0.38848039215686275 0.8571428571428571 0.38848039215686275 0.8571428571428571 0.33455882352941174 0.7744897959183673 0.33455882352941174 0.7744897959183673 0.38848039215686275
0 0.2076530612244898 0.3909313725490196 0.325 0.3909313725490196 0.325 0.3304738562091503 0.2076530612244898 0.3304738562091503 0.2076530612244898 0.3909313725490196
0 0.3051020408163265 0.7790032679738562 0.3979591836734694 0.7790032679738562 0.3979591836734694 0.7193627450980392 0.3051020408163265 0.7193627450980392 0.3051020408163265 0.7790032679738562
0 0.39948979591836736 0.22058823529411764 0.4913265306122449 0.22058823529411764 0.4913265306122449 0.14705882352941177 0.39948979591836736 0.14705882352941177 0.39948979591836736 0.22058823529411764
0 0.23214285714285715 0.7373366013071896 0.29948979591836733 0.7373366013071896 0.29948979591836733 0.6875 0.23214285714285715 0.6875 0.23214285714285715 0.7373366013071896
0 0.06224489795918367 0.23897058823529413 0.1653061224489796 0.23897058823529413 0.1653061224489796 0.16625816993464052 0.06224489795918367 0.16625816993464052 0.06224489795918367 0.23897058823529413
0 0.2423469387755102 0.5469771241830066 0.36887755102040815 0.5469771241830066 0.36887755102040815 0.47671568627450983 0.2423469387755102 0.47671568627450983 0.2423469387755102 0.5469771241830066
0 0.23622448979591837 0.31985294117647056 0.31887755102040816 0.31985294117647056 0.31887755102040816 0.25531045751633985 0.23622448979591837 0.25531045751633985 0.23622448979591837 0.31985294117647056
0 0.14030612244897958 0.18586601307189543 0.23622448979591837 0.18586601307189543 0.23622448979591837 0.1213235294117647 0.14030612244897958 0.1213235294117647 0.14030612244897958 0.18586601307189543
0 0.8545918367346939 0.49754901960784315 0.925 0.49754901960784315 0.925 0.44281045751633985 0.8545918367346939 0.44281045751633985 0.8545918367346939 0.49754901960784315
0 0.6260204081632653 0.9656862745098039 0.7178571428571429 0.9656862745098039 0.7178571428571429 0.8782679738562091 0.6260204081632653 0.8782679738562091 0.6260204081632653 0.9656862745098039
0 0.49081632653061225 0.10008169934640523 0.5683673469387756 0.10008169934640523 0.5683673469387756 0.053513071895424834 0.49081632653061225 0.053513071895424834 0.49081632653061225 0.10008169934640523
0 0.6413265306122449 0.8063725490196079 0.7239795918367347 0.8063725490196079 0.7239795918367347 0.744281045751634 0.6413265306122449 0.744281045751634 0.6413265306122449 0.8063725490196079
0 0.7357142857142858 0.7949346405228758 0.8295918367346938 0.7949346405228758 0.8295918367346938 0.7181372549019608 0.7357142857142858 0.7181372549019608 0.7357142857142858 0.7949346405228758
0 0.9209183673469388 0.48366013071895425 0.9954081632653061 0.48366013071895425 0.9954081632653061 0.41094771241830064 0.9209183673469388 0.41094771241830064 0.9209183673469388 0.48366013071895425
0 0.12244897959183673 0.8909313725490197 0.19489795918367347 0.8909313725490197 0.19489795918367347 0.8394607843137255 0.12244897959183673 0.8394607843137255 0.12244897959183673 0.8909313725490197
0 0.8862244897959184 0.21200980392156862 0.9790816326530613 0.21200980392156862 0.9790816326530613 0.14991830065359477 0.8862244897959184 0.14991830065359477 0.8862244897959184 0.21200980392156862
0 0.8642857142857143 0.30187908496732024 0.9469387755102041 0.30187908496732024 0.9469387755102041 0.23243464052287582 0.8642857142857143 0.23243464052287582 0.8642857142857143 0.30187908496732024
0 0.12346938775510204 0.28921568627450983 0.2479591836734694 0.28921568627450983 0.2479591836734694 0.21486928104575165 0.12346938775510204 0.21486928104575165 0.12346938775510204 0.28921568627450983
0 0.9408163265306122 0.33782679738562094 0.9989795918367347 0.33782679738562094 0.9989795918367347 0.26266339869281047 0.9408163265306122 0.26266339869281047 0.9408163265306122 0.33782679738562094
0 0.11020408163265306 0.1119281045751634 0.2153061224489796 0.1119281045751634 0.2153061224489796 0.051470588235294115 0.11020408163265306 0.051470588235294115 0.11020408163265306 0.1119281045751634
0 0.3081632653061224 0.2973856209150327 0.41836734693877553 0.2973856209150327 0.41836734693877553 0.22875816993464052 0.3081632653061224 0.22875816993464052 0.3081632653061224 0.2973856209150327
0 0.6612244897959184 0.38643790849673204 0.7326530612244898 0.38643790849673204 0.7326530612244898 0.3243464052287582 0.6612244897959184 0.3243464052287582 0.6612244897959184 0.38643790849673204
0 0.9596938775510204 0.8684640522875817 0.9994897959183674 0.8684640522875817 0.9994897959183674 0.8080065359477124 0.9596938775510204 0.8080065359477124 0.9596938775510204 0.8684640522875817
0 0.8775510204081632 0.4035947712418301 0.963265306122449 0.4035947712418301 0.963265306122449 0.34068627450980393 0.8775510204081632 0.34068627450980393 0.8775510204081632 0.4035947712418301
0 0.13724489795918368 0.7026143790849673 0.20255102040816325 0.7026143790849673 0.20255102040816325 0.6478758169934641 0.13724489795918368 0.6478758169934641 0.13724489795918368 0.7026143790849673
0 0.3020408163265306 0.19975490196078433 0.4 0.19975490196078433 0.4 0.13194444444444445 0.3020408163265306 0.13194444444444445 0.3020408163265306 0.19975490196078433
0 0.6066326530612245 0.10620915032679738 0.7454081632653061 0.10620915032679738 0.7454081632653061 0.05555555555555555 0.6066326530612245 0.05555555555555555 0.6066326530612245 0.10620915032679738
0 1 0.6053921568627451 0.9755102040816327 0.6053921568627451 0.9755102040816327 0.6609477124183006 1 0.6609477124183006 1 0.6053921568627451
0 0.07193877551020408 0.806781045751634 0.15357142857142858 0.806781045751634 0.15357142857142858 0.7381535947712419 0.07193877551020408 0.7381535947712419 0.07193877551020408 0.806781045751634
0 0.9545918367346938 0.7655228758169934 0.9994897959183674 0.7655228758169934 0.9994897959183674 0.6968954248366013 0.9545918367346938 0.6968954248366013 0.9545918367346938 0.7655228758169934
0 0.29948979591836733 0.6017156862745098 0.3964285714285714 0.6017156862745098 0.3964285714285714 0.5363562091503268 0.29948979591836733 0.5363562091503268 0.29948979591836733 0.6017156862745098
0 0.24540816326530612 0.10743464052287582 0.3596938775510204 0.10743464052287582 0.3596938775510204 0.05106209150326797 0.24540816326530612 0.05106209150326797 0.24540816326530612 0.10743464052287582
0 0.914795918367347 0.735702614379085 0.9984693877551021 0.735702614379085 0.9984693877551021 0.6564542483660131 0.914795918367347 0.6564542483660131 0.914795918367347 0.735702614379085
0 0.6693877551020408 0.38357843137254904 0.7663265306122449 0.38357843137254904 0.7663265306122449 0.3206699346405229 0.6693877551020408 0.3206699346405229 0.6693877551020408 0.38357843137254904
0 0.6316326530612245 0.940359477124183 0.7163265306122449 0.940359477124183 0.7163265306122449 0.8782679738562091 0.6316326530612245 0.8782679738562091 0.6316326530612245 0.940359477124183
0 0.3821428571428571 0.6282679738562091 0.48928571428571427 0.6282679738562091 0.48928571428571427 0.559640522875817 0.3821428571428571 0.559640522875817 0.3821428571428571 0.6282679738562091
0 0.575 0.31086601307189543 0.6821428571428572 0.31086601307189543 0.6821428571428572 0.23651960784313725 0.575 0.23651960784313725 0.575 0.31086601307189543
0 0.2596938775510204 0.8570261437908496 0.3392857142857143 0.8570261437908496 0.3392857142857143 0.8014705882352942 0.2596938775510204 0.8014705882352942 0.2596938775510204 0.8570261437908496
0 0.8071428571428572 0.5727124183006536 0.8704081632653061 0.5727124183006536 0.8704081632653061 0.5245098039215687 0.8071428571428572 0.5245098039215687 0.8071428571428572 0.5727124183006536
0 0.2260204081632653 0.6156045751633987 0.32908163265306123 0.6156045751633987 0.32908163265306123 0.5559640522875817 0.2260204081632653 0.5559640522875817 0.2260204081632653 0.6156045751633987
0 0.15306122448979592 0.7749183006535948 0.22959183673469388 0.7749183006535948 0.22959183673469388 0.7152777777777778 0.15306122448979592 0.7152777777777778 0.15306122448979592 0.7749183006535948
0 0.35918367346938773 0.9052287581699346 0.46122448979591835 0.9052287581699346 0.46122448979591835 0.8439542483660131 0.35918367346938773 0.8439542483660131 0.35918367346938773 0.9052287581699346
0 0.225 0.6160130718954249 0.30153061224489797 0.6160130718954249 0.30153061224489797 0.5612745098039216 0.225 0.5612745098039216 0.225 0.6160130718954249
0 0.38112244897959185 0.6274509803921569 0.44540816326530613 0.6274509803921569 0.44540816326530613 0.5637254901960784 0.38112244897959185 0.5637254901960784 0.38112244897959185 0.6274509803921569
0 0.29285714285714287 0.2005718954248366 0.37857142857142856 0.2005718954248366 0.37857142857142856 0.1343954248366013 0.29285714285714287 0.1343954248366013 0.29285714285714287 0.2005718954248366
0 0.20612244897959184 0.5559640522875817 0.3683673469387755 0.5559640522875817 0.3683673469387755 0.4758986928104575 0.20612244897959184 0.4758986928104575 0.20612244897959184 0.5559640522875817
0 0.939795918367347 0.5894607843137255 0.9989795918367347 0.5894607843137255 0.9989795918367347 0.5445261437908496 0.939795918367347 0.5445261437908496 0.939795918367347 0.5894607843137255
0 0.22857142857142856 0.6131535947712419 0.35 0.6131535947712419 0.35 0.5486111111111112 0.22857142857142856 0.5486111111111112 0.22857142857142856 0.6131535947712419
0 0.8438775510204082 0.3276143790849673 0.9030612244897959 0.3276143790849673 0.9030612244897959 0.27532679738562094 0.8438775510204082 0.27532679738562094 0.8438775510204082 0.3276143790849673
0 1 0.4758986928104575 0.9448979591836735 0.4758986928104575 0.9448979591836735 0.5290032679738562 1 0.5290032679738562 1 0.4758986928104575