0 0.8739795918367347 0.5265522875816994 0.9862244897959184 0.5265522875816994 0.9862244897959184 0.43995098039215685 0.8739795918367347 0.43995098039215685 0.8739795918367347 0.5265522875816994
0 0.8923469387755102 0.7295751633986928 0.9994897959183674 0.7295751633986928 0.9994897959183674 0.6568627450980392 0.8923469387755102 0.6568627450980392 0.8923469387755102 0.7295751633986928
0 0.6239795918367347 0.5306372549019608 0.7433673469387755 0.5306372549019608 0.7433673469387755 0.4497549019607843 0.6239795918367347 0.4497549019607843 0.6239795918367347 0.5306372549019608
0 0.3816326530612245 0.6446078431372549 0.4857142857142857 0.6446078431372549 0.4857142857142857 0.5637254901960784 0.3816326530612245 0.5637254901960784 0.3816326530612245 0.6446078431372549
0 1 0.30269607843137253 0.9285714285714286 0.30269607843137253 0.9285714285714286 0.3966503267973856 1 0.3966503267973856 1 0.30269607843137253
0 0.7403061224489796 0.47875816993464054 0.8576530612244898 0.47875816993464054 0.8576530612244898 0.3946078431372549 0.7403061224489796 0.3946078431372549 0.7403061224489796 0.47875816993464054
0 0.3413265306122449 0.198937908496732 0.4586734693877551 0.198937908496732 0.4586734693877551 0.12540849673202614 0.3413265306122449 0.12540849673202614 0.3413265306122449 0.198937908496732
0 0.5913265306122449 0.3112745098039216 0.7005102040816327 0.3112745098039216 0.7005102040816327 0.22712418300653595 0.5913265306122449 0.22712418300653595 0.5913265306122449 0.3112745098039216
0 0.6571428571428571 0.19648692810457516 0.773469387755102 0.19648692810457516 0.773469387755102 0.12377450980392157 0.6571428571428571 0.12377450980392157 0.6571428571428571 0.19648692810457516
0 0.7908163265306123 0.2602124183006536 0.9010204081632653 0.2602124183006536 0.9010204081632653 0.17524509803921567 0.7908163265306123 0.17524509803921567 0.7908163265306123 0.2602124183006536
0 0.801530612244898 0.4084967320261438 0.9127551020408163 0.4084967320261438 0.9127551020408163 0.32679738562091504 0.801530612244898 0.32679738562091504 0.801530612244898 0.4084967320261438
0 0.39948979591836736 0.7373366013071896 0.4954081632653061 0.7373366013071896 0.4954081632653061 0.6556372549019608 0.39948979591836736 0.6556372549019608 0.39948979591836736 0.7373366013071896
0 0.4076530612244898 0.8725490196078431 0.5056122448979592 0.8725490196078431 0.5056122448979592 0.7802287581699346 0.4076530612244898 0.7802287581699346 0.4076530612244898 0.8725490196078431
0 0.37551020408163266 0.559640522875817 0.4826530612244898 0.559640522875817 0.4826530612244898 0.48366013071895425 0.37551020408163266 0.48366013071895425 0.37551020408163266 0.559640522875817
0 0.47346938775510206 0.6029411764705882 0.5857142857142857 0.6029411764705882 0.5857142857142857 0.5318627450980392 0.47346938775510206 0.5318627450980392 0.47346938775510206 0.6029411764705882
0 0.6260204081632653 0.9338235294117647 0.7229591836734693 0.9338235294117647 0.7229591836734693 0.8553921568627451 0.6260204081632653 0.8553921568627451 0.6260204081632653 0.9338235294117647
0 0.4801020408163265 0.6781045751633987 0.6107142857142858 0.6781045751633987 0.6107142857142858 0.5996732026143791 0.4801020408163265 0.5996732026143791 0.4801020408163265 0.6781045751633987
0 0.44948979591836735 0.4227941176470588 0.5709183673469388 0.4227941176470588 0.5709183673469388 0.33619281045751637 0.44948979591836735 0.33619281045751637 0.44948979591836735 0.4227941176470588
0 0.6775510204081633 0.7201797385620915 0.8010204081632653 0.7201797385620915 0.8010204081632653 0.6303104575163399 0.6775510204081633 0.6303104575163399 0.6775510204081633 0.7201797385620915
0 0.6056122448979592 0.863562091503268 0.701530612244898 0.863562091503268 0.701530612244898 0.7818627450980392 0.6056122448979592 0.7818627450980392 0.6056122448979592 0.863562091503268
0 0.4887755102040816 0.7577614379084967 0.6010204081632653 0.7577614379084967 0.6010204081632653 0.676062091503268 0.4887755102040816 0.676062091503268 0.4887755102040816 0.7577614379084967
0 0.5204081632653061 0.8284313725490197 0.6204081632653061 0.8284313725490197 0.6204081632653061 0.7450980392156863 0.5204081632653061 0.7450980392156863 0.5204081632653061 0.8284313725490197
0 0.6642857142857143 0.9995915032679739 0.7704081632653061 0.9995915032679739 0.7704081632653061 0.9244281045751634 0.6642857142857143 0.9244281045751634 0.6642857142857143 0.9995915032679739
0 0.7755102040816326 0.7455065359477124 0.8755102040816326 0.7455065359477124 0.8755102040816326 0.6597222222222222 0.7755102040816326 0.6597222222222222 0.7755102040816326 0.7455065359477124
0 0.5326530612244897 0.45465686274509803 0.6530612244897959 0.45465686274509803 0.6530612244897959 0.3770424836601307 0.5326530612244897 0.3770424836601307 0.5326530612244897 0.45465686274509803
0 0.2897959183673469 0.5273692810457516 0.42142857142857143 0.5273692810457516 0.42142857142857143 0.4464869281045752 0.2897959183673469 0.4464869281045752 0.2897959183673469 0.5273692810457516
0 0.686734693877551 0.3590686274509804 0.7785714285714286 0.3590686274509804 0.7785714285714286 0.2863562091503268 0.686734693877551 0.2863562091503268 0.686734693877551 0.3590686274509804
0 0.5040816326530613 0.9183006535947712 0.5959183673469388 0.9183006535947712 0.5959183673469388 0.8398692810457516 0.5040816326530613 0.8398692810457516 0.5040816326530613 0.9183006535947712
0 0.05969387755102041 0.6446078431372549 0.21275510204081632 0.6446078431372549 0.21275510204081632 0.5580065359477124 0.05969387755102041 0.5580065359477124 0.05969387755102041 0.6446078431372549
0 1 0.8974673202614379 0.9204081632653062 0.8974673202614379 0.9204081632653062 0.9897875816993464 1 0.9897875816993464 1 0.8974673202614379
0 0.9637755102040816 0.22263071895424835 0.9994897959183674 0.22263071895424835 0.9994897959183674 0.14256535947712418 0.9637755102040816 0.14256535947712418 0.9637755102040816 0.22263071895424835
0 0.9142857142857143 0.809640522875817 0.9989795918367347 0.809640522875817 0.9989795918367347 0.7352941176470589 0.9142857142857143 0.7352941176470589 0.9142857142857143 0.809640522875817
0 0.48418367346938773 0.5249183006535948 0.6005102040816327 0.5249183006535948 0.6005102040816327 0.4571078431372549 0.48418367346938773 0.4571078431372549 0.48418367346938773 0.5249183006535948
0 0.4153061224489796 0.2565359477124183 0.539795918367347 0.2565359477124183 0.539795918367347 0.184640522875817 0.4153061224489796 0.184640522875817 0.4153061224489796 0.2565359477124183
0 0.7831632653061225 0.17565359477124182 0.8964285714285715 0.17565359477124182 0.8964285714285715 0.11519607843137254 0.7831632653061225 0.11519607843137254 0.7831632653061225 0.17565359477124182
0 0.4204081632653061 0.9742647058823529 0.5224489795918368 0.9742647058823529 0.5224489795918368 0.8868464052287581 0.4204081632653061 0.8868464052287581 0.4204081632653061 0.9742647058823529
0 0.6658163265306123 0.2749183006535948 0.7780612244897959 0.2749183006535948 0.7780612244897959 0.19812091503267973 0.6658163265306123 0.19812091503267973 0.6658163265306123 0.2749183006535948
0 0.8464285714285714 0.8803104575163399 0.9494897959183674 0.8803104575163399 0.9494897959183674 0.7896241830065359 0.8464285714285714 0.7896241830065359 0.8464285714285714 0.8803104575163399
0 0.37295918367346936 0.3304738562091503 0.5015306122448979 0.3304738562091503 0.5015306122448979 0.252859477124183 0.37295918367346936 0.252859477124183 0.37295918367346936 0.3304738562091503
0 0.45816326530612245 0.1875 0.5836734693877551 0.1875 0.5836734693877551 0.12295751633986927 0.45816326530612245 0.12295751633986927 0.45816326530612245 0.1875
0 0.5438775510204081 0.9783496732026143 0.6377551020408163 0.9783496732026143 0.6377551020408163 0.9219771241830066 0.5438775510204081 0.9219771241830066 0.5438775510204081 0.9783496732026143
0 0.2423469387755102 0.9673202614379085 0.3780612244897959 0.9673202614379085 0.3780612244897959 0.8848039215686274 0.2423469387755102 0.8848039215686274 0.2423469387755102 0.9673202614379085
0 0.42653061224489797 1 0.42653061224489797 0.9362745098039216 0.3448979591836735 0.9362745098039216 0.3448979591836735 1 0.42653061224489797 1
0 0.10102040816326531 0.9775326797385621 0.2163265306122449 0.9775326797385621 0.2163265306122449 0.877859477124183 0.10102040816326531 0.877859477124183 0.10102040816326531 0.9775326797385621
0 1 0.07107843137254902 0.9612244897959183 0.07107843137254902 0.9612244897959183 0.13970588235294118 1 0.13970588235294118 1 0.07107843137254902
0 0.22346938775510203 0.8161764705882353 0.35918367346938773 0.8161764705882353 0.35918367346938773 0.7426470588235294 0.22346938775510203 0.7426470588235294 0.22346938775510203 0.8161764705882353
0 0.19795918367346937 0.8888888888888888 0.3224489795918367 0.8888888888888888 0.3224489795918367 0.8161764705882353 0.19795918367346937 0.8161764705882353 0.19795918367346937 0.8888888888888888
0 0.30612244897959184 1 0.30612244897959184 0.9820261437908496 0.21326530612244898 0.9820261437908496 0.21326530612244898 1 0.30612244897959184 1
0 0.5867346938775511 1 0.5867346938775511 0.9771241830065359 0.4959183673469388 0.9771241830065359 0.4959183673469388 1 0.5867346938775511 1
0 0 0.9448529411764706 0.026530612244897958 0.9448529411764706 0.026530612244897958 0.8680555555555556 0 0.8680555555555556 0 0.9448529411764706
0 0.6846938775510204 1 0.6846938775510204 0.9861111111111112 0.5989795918367347 0.9861111111111112 0.5989795918367347 1 0.6846938775510204 1
0 0.9209183673469388 0 0.9209183673469388 0.024509803921568627 0.9994897959183674 0.024509803921568627 0.9994897959183674 0 0.9209183673469388 0