0 0.06858669833729217 0.46953405017921146 0.13806413301662707 0.46953405017921146 0.13806413301662707 0.35842293906810035 0.06858669833729217 0.35842293906810035 0.06858669833729217 0.46953405017921146
0 0.9035035629453682 0.4578853046594982 0.9937648456057007 0.4578853046594982 0.9937648456057007 0.3431899641577061 0.9035035629453682 0.3431899641577061 0.9035035629453682 0.4578853046594982
0 0.669833729216152 0.29121863799283154 0.7589073634204275 0.29121863799283154 0.7589073634204275 0.18010752688172044 0.669833729216152 0.18010752688172044 0.669833729216152 0.29121863799283154
0 0.8464964370546318 0.5416666666666666 0.9207244655581948 0.5416666666666666 0.9207244655581948 0.4153225806451613 0.8464964370546318 0.4153225806451613 0.8464964370546318 0.5416666666666666
0 0.5507719714964371 0.818100358422939 0.6339073634204275 0.818100358422939 0.6339073634204275 0.6899641577060932 0.5507719714964371 0.6899641577060932 0.5507719714964371 0.818100358422939
0 0.5187054631828979 0.224910394265233 0.5846199524940617 0.224910394265233 0.5846199524940617 0.1111111111111111 0.5187054631828979 0.1111111111111111 0.5187054631828979 0.224910394265233
0 0.793646080760095 0.29659498207885304 0.871437054631829 0.29659498207885304 0.871437054631829 0.1917562724014337 0.793646080760095 0.1917562724014337 0.793646080760095 0.29659498207885304
0 0.46526128266033256 0.16621863799283154 0.5359263657957245 0.16621863799283154 0.5359263657957245 0.06317204301075269 0.46526128266033256 0.06317204301075269 0.46526128266033256 0.16621863799283154
0 0.6469714964370546 0.6491935483870968 0.7259501187648456 0.6491935483870968 0.7259501187648456 0.5174731182795699 0.6469714964370546 0.5174731182795699 0.6469714964370546 0.6491935483870968
0 0.10065320665083136 0.7665770609318996 0.17725653206650832 0.7665770609318996 0.17725653206650832 0.650089605734767 0.10065320665083136 0.650089605734767 0.10065320665083136 0.7665770609318996
0 0.19388361045130642 0.7553763440860215 0.27998812351543945 0.7553763440860215 0.27998812351543945 0.6451612903225806 0.19388361045130642 0.6451612903225806 0.19388361045130642 0.7553763440860215
0 0 0.632168458781362 0.06175771971496437 0.632168458781362 0.06175771971496437 0.5300179211469535 0 0.5300179211469535 0 0.632168458781362
0 0.14133016627078385 0.5452508960573477 0.20961995249406176 0.5452508960573477 0.20961995249406176 0.42338709677419356 0.14133016627078385 0.42338709677419356 0.14133016627078385 0.5452508960573477
0 0.12262470308788599 0.9874551971326165 0.20160332541567696 0.9874551971326165 0.20160332541567696 0.8485663082437276 0.12262470308788599 0.8485663082437276 0.12262470308788599 0.9874551971326165
0 0.19121140142517815 0.46415770609318996 0.27078384798099764 0.46415770609318996 0.27078384798099764 0.34767025089605735 0.19121140142517815 0.34767025089605735 0.19121140142517815 0.46415770609318996
0 0.4827790973871734 0.3803763440860215 0.5564133016627079 0.3803763440860215 0.5564133016627079 0.2647849462365591 0.4827790973871734 0.2647849462365591 0.4827790973871734 0.3803763440860215
0 0.8165083135391924 0.15725806451612903 0.8931116389548693 0.15725806451612903 0.8931116389548693 0.05241935483870968 0.8165083135391924 0.05241935483870968 0.8165083135391924 0.15725806451612903
0 0.8990498812351544 0.9991039426523297 0.9893111638954869 0.9991039426523297 0.9893111638954869 0.9148745519713262 0.8990498812351544 0.9148745519713262 0.8990498812351544 0.9991039426523297
0 0.6668646080760094 0.46012544802867383 0.7357482185273159 0.46012544802867383 0.7357482185273159 0.346326164874552 0.6668646080760094 0.346326164874552 0.6668646080760094 0.46012544802867383
0 0.3233372921615202 0.20698924731182797 0.3904394299287411 0.20698924731182797 0.3904394299287411 0.09587813620071685 0.3233372921615202 0.09587813620071685 0.3233372921615202 0.20698924731182797
0 0.16716152019002375 0.6635304659498208 0.24376484560570072 0.6635304659498208 0.24376484560570072 0.546146953405018 0.16716152019002375 0.546146953405018 0.16716152019002375 0.6635304659498208
0 0.23812351543942992 0.5439068100358423 0.30522565320665085 0.5439068100358423 0.30522565320665085 0.43189964157706096 0.23812351543942992 0.43189964157706096 0.23812351543942992 0.5439068100358423
0 0.13390736342042756 0.30062724014336917 0.203978622327791 0.30062724014336917 0.203978622327791 0.1975806451612903 0.13390736342042756 0.1975806451612903 0.13390736342042756 0.30062724014336917
0 0.9254750593824228 0.34363799283154123 0.9991092636579573 0.34363799283154123 0.9991092636579573 0.21191756272401432 0.9254750593824228 0.21191756272401432 0.9254750593824228 0.34363799283154123
0 0.05166270783847981 0.28225806451612906 0.11520190023752969 0.28225806451612906 0.11520190023752969 0.17921146953405018 0.05166270783847981 0.17921146953405018 0.05166270783847981 0.28225806451612906
0 0.2749406175771972 0.775089605734767 0.35391923990498814 0.775089605734767 0.35391923990498814 0.6621863799283154 0.2749406175771972 0.6621863799283154 0.2749406175771972 0.775089605734767
0 0.5869952494061758 0.1724910394265233 0.6546912114014252 0.1724910394265233 0.6546912114014252 0.06496415770609319 0.5869952494061758 0.06496415770609319 0.5869952494061758 0.1724910394265233
0 0.6460807600950119 0.9995519713261649 0.7250593824228029 0.9995519713261649 0.7250593824228029 0.9296594982078853 0.6460807600950119 0.9296594982078853 0.6460807600950119 0.9995519713261649
0 0 0.34363799283154123 0.060570071258907364 0.34363799283154123 0.060570071258907364 0.2325268817204301 0 0.2325268817204301 0 0.34363799283154123
0 0.07986935866983373 0.6460573476702509 0.14815914489311163 0.6460573476702509 0.14815914489311163 0.5295698924731183 0.07986935866983373 0.5295698924731183 0.07986935866983373 0.6460573476702509
0 0.7318883610451307 0.14068100358422939 0.8043349168646081 0.14068100358422939 0.8043349168646081 0.034050179211469536 0.7318883610451307 0.034050179211469536 0.7318883610451307 0.14068100358422939
0 0.7609857482185273 0.21953405017921146 0.8352137767220903 0.21953405017921146 0.8352137767220903 0.11200716845878136 0.7609857482185273 0.11200716845878136 0.7609857482185273 0.21953405017921146
0 0.26276722090261284 0.3732078853046595 0.31858669833729214 0.3732078853046595 0.31858669833729214 0.2674731182795699 0.26276722090261284 0.2674731182795699 0.26276722090261284 0.3732078853046595
0 0.31561757719714967 0.357078853046595 0.38271971496437057 0.357078853046595 0.38271971496437057 0.24327956989247312 0.31561757719714967 0.24327956989247312 0.31561757719714967 0.357078853046595
0 0.16152019002375298 0.1689068100358423 0.22505938242280285 0.1689068100358423 0.22505938242280285 0.08019713261648745 0.16152019002375298 0.08019713261648745 0.16152019002375298 0.1689068100358423
0 0.1594418052256532 0.37051971326164873 0.23842042755344417 0.37051971326164873 0.23842042755344417 0.2764336917562724 0.1594418052256532 0.2764336917562724 0.1594418052256532 0.37051971326164873
0 0.4112232779097387 0.11827956989247312 0.47179334916864607 0.11827956989247312 0.47179334916864607 0.0008960573476702509 0.4112232779097387 0.0008960573476702509 0.4112232779097387 0.11827956989247312
0 0.22773159144893113 0.2056451612903226 0.29720902612826605 0.2056451612903226 0.29720902612826605 0.11335125448028674 0.22773159144893113 0.11335125448028674 0.22773159144893113 0.2056451612903226
0 0.5549287410926366 0.6980286738351255 0.6368764845605701 0.6980286738351255 0.6368764845605701 0.5761648745519713 0.5549287410926366 0.5761648745519713 0.5549287410926366 0.6980286738351255
0 0.07541567695961995 0.3633512544802867 0.14786223277909738 0.3633512544802867 0.14786223277909738 0.2594086021505376 0.07541567695961995 0.2594086021505376 0.07541567695961995 0.3633512544802867
0 0.14548693586698339 0.8449820788530465 0.21199524940617578 0.8449820788530465 0.21199524940617578 0.7311827956989247 0.14548693586698339 0.7311827956989247 0.14548693586698339 0.8449820788530465
0 0.30255344418052255 1 0.30255344418052255 0.942652329749104 0.21526128266033254 0.942652329749104 0.21526128266033254 1 0.30255344418052255 1
0 0.0032660332541567696 0.5291218637992832 0.07986935866983373 0.5291218637992832 0.07986935866983373 0.4242831541218638 0.0032660332541567696 0.4242831541218638 0.0032660332541567696 0.5291218637992832
0 0.6600356294536817 0.18189964157706093 0.7330760095011877 0.18189964157706093 0.7330760095011877 0.06362007168458782 0.6600356294536817 0.06362007168458782 0.6600356294536817 0.18189964157706093
0 0.2241686460807601 0.3100358422939068 0.288895486935867 0.3100358422939068 0.288895486935867 0.20161290322580644 0.2241686460807601 0.20161290322580644 0.2241686460807601 0.3100358422939068
0 0.5204869358669834 0.10842293906810035 0.5864014251781473 0.10842293906810035 0.5864014251781473 0.0017921146953405018 0.5204869358669834 0.0017921146953405018 0.5204869358669834 0.10842293906810035
0 0.41033254156769594 0.9668458781362007 0.49643705463182897 0.9668458781362007 0.49643705463182897 0.8270609318996416 0.41033254156769594 0.8270609318996416 0.41033254156769594 0.9668458781362007
0 0.3515439429928741 0 0.3515439429928741 0.06720430107526881 0.41330166270783847 0.06720430107526881 0.41330166270783847 0 0.3515439429928741 0
0 0.6386579572446556 0 0.6386579572446556 0.08422939068100359 0.7182304038004751 0.08422939068100359 0.7182304038004751 0 0.6386579572446556 0
0 0.10629453681710213 0.2217741935483871 0.1680522565320665 0.2217741935483871 0.1680522565320665 0.117831541218638 0.10629453681710213 0.117831541218638 0.10629453681710213 0.2217741935483871
0 0.02672209026128266 0.4175627240143369 0.07897862232779097 0.4175627240143369 0.07897862232779097 0.32526881720430106 0.02672209026128266 0.32526881720430106 0.02672209026128266 0.4175627240143369
0 0.030581947743467935 0.19668458781362008 0.08699524940617577 0.19668458781362008 0.08699524940617577 0.1124551971326165 0.030581947743467935 0.1124551971326165 0.030581947743467935 0.19668458781362008
0 0.7903800475059383 0 0.7903800475059383 0.07168458781362007 0.8669833729216152 0.07168458781362007 0.8669833729216152 0 0.7903800475059383 0
0 0.41597387173396677 0.4422043010752688 0.48188836104513066 0.4422043010752688 0.48188836104513066 0.3301971326164875 0.41597387173396677 0.3301971326164875 0.41597387173396677 0.4422043010752688
0 0.0023752969121140144 0.13664874551971326 0.0665083135391924 0.13664874551971326 0.0665083135391924 0.03539426523297491 0.0023752969121140144 0.03539426523297491 0.0023752969121140144 0.13664874551971326
0 0.28741092636579574 0.15098566308243727 0.34679334916864607 0.15098566308243727 0.34679334916864607 0.050627240143369175 0.28741092636579574 0.050627240143369175 0.28741092636579574 0.15098566308243727
0 0.9619952494061758 0.8660394265232975 0.9994061757719715 0.8660394265232975 0.9994061757719715 0.7235663082437276 0.9619952494061758 0.7235663082437276 0.9619952494061758 0.8660394265232975
0 0.09382422802850356 0.09811827956989247 0.15201900237529692 0.09811827956989247 0.15201900237529692 0.0013440860215053765 0.09382422802850356 0.0013440860215053765 0.09382422802850356 0.09811827956989247
0 0.5855106888361045 0 0.5855106888361045 0.06272401433691756 0.6514251781472684 0.06272401433691756 0.6514251781472684 0 0.5855106888361045 0
0 0.30077197149643703 0 0.30077197149643703 0.0528673835125448 0.35124703087885983 0.0528673835125448 0.35124703087885983 0 0.30077197149643703 0
0 0 0.056899641577060935 0.04809976247030879 0.056899641577060935 0.04809976247030879 0.00044802867383512545 0 0.00044802867383512545 0 0.056899641577060935
0 0.171021377672209 0.08691756272401434 0.23634204275534443 0.08691756272401434 0.23634204275534443 0.0008960573476702509 0.171021377672209 0.0008960573476702509 0.171021377672209 0.08691756272401434
0 0 0.41308243727598565 0.011876484560570071 0.41308243727598565 0.011876484560570071 0.3324372759856631 0 0.3324372759856631 0 0.41308243727598565
0 0.5115795724465558 1 0.5115795724465558 0.967741935483871 0.43081947743467935 0.967741935483871 0.43081947743467935 1 0.5115795724465558 1
0 0.47060570071258906 0 0.47060570071258906 0.05734767025089606 0.5293942992874109 0.05734767025089606 0.5293942992874109 0 0.47060570071258906 0
0 0.7188242280285035 0 0.7188242280285035 0.04121863799283154 0.792458432304038 0.04121863799283154 0.792458432304038 0 0.7188242280285035 0
0 0.9043942992874109 0 0.9043942992874109 0.02867383512544803 0.9643705463182898 0.02867383512544803 0.9643705463182898 0 0.9043942992874109 0