0 0.8769441903019213 0.7286184210526315 0.9935956084172004 0.7286184210526315 0.9935956084172004 0.5674342105263158 0.8769441903019213 0.5674342105263158 0.8769441903019213 0.7286184210526315
0 0.42520585544373285 0.3828125 0.5198993595608418 0.3828125 0.5198993595608418 0.23807565789473684 0.42520585544373285 0.23807565789473684 0.42520585544373285 0.3828125
0 0.31244281793229645 0.9798519736842105 0.4071363220494053 0.9798519736842105 0.4071363220494053 0.8186677631578947 0.31244281793229645 0.8186677631578947 0.31244281793229645 0.9798519736842105
0 0.09629460201280879 0.45723684210526316 0.19419030192131748 0.45723684210526316 0.19419030192131748 0.3215460526315789 0.09629460201280879 0.3215460526315789 0.09629460201280879 0.45723684210526316
0 0.30878316559926805 0.5736019736842105 0.4030192131747484 0.5736019736842105 0.4030192131747484 0.4272203947368421 0.30878316559926805 0.4272203947368421 0.30878316559926805 0.5736019736842105
0 0.23376029277218663 0.6607730263157895 0.3344007319304666 0.6607730263157895 0.3344007319304666 0.514391447368421 0.23376029277218663 0.514391447368421 0.23376029277218663 0.6607730263157895
0 0.25343092406221407 0.8515625 0.348124428179323 0.8515625 0.348124428179323 0.7125822368421053 0.25343092406221407 0.7125822368421053 0.25343092406221407 0.8515625
0 0.1621683440073193 0.7598684210526315 0.26784080512351327 0.7598684210526315 0.26784080512351327 0.6118421052631579 0.1621683440073193 0.6118421052631579 0.1621683440073193 0.7598684210526315
0 0.9995425434583715 1 0.9995425434583715 0.8889802631578947 0.9103385178408051 0.8889802631578947 0.9103385178408051 1 0.9995425434583715 1
0 0.09515096065873742 0.8310032894736842 0.18618481244281793 0.8310032894736842 0.18618481244281793 0.6961348684210527 0.09515096065873742 0.6961348684210527 0.09515096065873742 0.8310032894736842
0 0.16354071363220493 0.9453125 0.25640439158279965 0.9453125 0.25640439158279965 0.8013980263157895 0.16354071363220493 0.8013980263157895 0.16354071363220493 0.9453125
0 0.027218664226898445 0 0.027218664226898445 0.08881578947368421 0.12282708142726441 0.08881578947368421 0.12282708142726441 0 0.027218664226898445 0
0 0.10269899359560841 0.6467927631578947 0.19922232387923147 0.6467927631578947 0.19922232387923147 0.5069901315789473 0.10269899359560841 0.5069901315789473 0.10269899359560841 0.6467927631578947
0 0.03705397987191217 0.5452302631578947 0.12671546203110703 0.5452302631578947 0.12671546203110703 0.4095394736842105 0.03705397987191217 0.4095394736842105 0.03705397987191217 0.5452302631578947
0 0.19304666056724612 0 0.19304666056724612 0.07648026315789473 0.28316559926806956 0.07648026315789473 0.28316559926806956 0 0.19304666056724612 0
0 0.48444647758462944 1 0.48444647758462944 0.9103618421052632 0.38929551692589204 0.9103618421052632 0.38929551692589204 1 0.48444647758462944 1
0 0.3202195791399817 1 0.3202195791399817 0.9054276315789473 0.23604757548032937 0.9054276315789473 0.23604757548032937 1 0.3202195791399817 1
0 0.712259835315645 0 0.712259835315645 0.07648026315789473 0.8165599268069533 0.07648026315789473 0.8165599268069533 0 0.712259835315645 0
0 0.0004574565416285453 0.6344572368421053 0.060841720036596526 0.6344572368421053 0.060841720036596526 0.4995888157894737 0.0004574565416285453 0.4995888157894737 0.0004574565416285453 0.6344572368421053
0 0.004803293687099725 0.8330592105263158 0.0935498627630375 0.8330592105263158 0.0935498627630375 0.703125 0.004803293687099725 0.703125 0.004803293687099725 0.8330592105263158