0 0.599615806805708 0.7333815028901735 0.6890779363336992 0.7333815028901735 0.6890779363336992 0.5852601156069365 0.599615806805708 0.5852601156069365 0.599615806805708 0.7333815028901735
0 0.39791437980241495 0.7586705202312138 0.4884742041712404 0.7586705202312138 0.4884742041712404 0.653179190751445 0.39791437980241495 0.653179190751445 0.39791437980241495 0.7586705202312138
0 0.45993413830954993 0.9508670520231214 0.5477497255762898 0.9508670520231214 0.5477497255762898 0.8403179190751445 0.45993413830954993 0.8403179190751445 0.45993413830954993 0.9508670520231214
0 0.18880351262349068 0.505057803468208 0.2645444566410538 0.505057803468208 0.2645444566410538 0.39667630057803466 0.18880351262349068 0.39667630057803466 0.18880351262349068 0.505057803468208
0 0.037596048298573 0.40859826589595377 0.10949506037321624 0.40859826589595377 0.10949506037321624 0.2966040462427746 0.037596048298573 0.2966040462427746 0.037596048298573 0.40859826589595377
0 0.04363336992316136 0.25397398843930635 0.11827661909989023 0.25397398843930635 0.11827661909989023 0.14559248554913296 0.04363336992316136 0.14559248554913296 0.04363336992316136 0.25397398843930635
0 0.320801317233809 0.5563583815028902 0.4069703622392975 0.5563583815028902 0.4069703622392975 0.45664739884393063 0.320801317233809 0.45664739884393063 0.320801317233809 0.5563583815028902
0 0.03787047200878156 0.5 0.12129527991218442 0.5 0.12129527991218442 0.41040462427745666 0.03787047200878156 0.41040462427745666 0.03787047200878156 0.5
0 0.6918221734357849 0.9992774566473989 0.7977497255762898 0.9992774566473989 0.7977497255762898 0.8973988439306358 0.6918221734357849 0.8973988439306358 0.6918221734357849 0.9992774566473989
0 0.3227222832052689 0.34790462427745666 0.39791437980241495 0.34790462427745666 0.39791437980241495 0.23446531791907516 0.3227222832052689 0.23446531791907516 0.3227222832052689 0.34790462427745666
0 0.11745334796926454 0.4736271676300578 0.18990120746432493 0.4736271676300578 0.18990120746432493 0.3861994219653179 0.11745334796926454 0.3861994219653179 0.11745334796926454 0.4736271676300578
0 0.3907793633369923 0.24891618497109827 0.47585071350164654 0.24891618497109827 0.47585071350164654 0.1311416184971098 0.3907793633369923 0.1311416184971098 0.3907793633369923 0.24891618497109827
0 0.362788144895719 0.6640173410404624 0.44017563117453345 0.6640173410404624 0.44017563117453345 0.5426300578034682 0.362788144895719 0.5426300578034682 0.362788144895719 0.6640173410404624
0 0.29171240395170145 0.46784682080924855 0.3800768386388584 0.46784682080924855 0.3800768386388584 0.3652456647398844 0.29171240395170145 0.3652456647398844 0.29171240395170145 0.46784682080924855
0 0.2310647639956092 0.8323699421965318 0.3150384193194292 0.8323699421965318 0.3150384193194292 0.7247109826589595 0.2310647639956092 0.7247109826589595 0.2310647639956092 0.8323699421965318
0 0.1451701427003293 0.997471098265896 0.23243688254665204 0.997471098265896 0.23243688254665204 0.8883670520231214 0.1451701427003293 0.8883670520231214 0.1451701427003293 0.997471098265896
0 0.10949506037321624 0.8002167630057804 0.19127332601536773 0.8002167630057804 0.19127332601536773 0.6954479768786127 0.10949506037321624 0.6954479768786127 0.10949506037321624 0.8002167630057804
0 0.15834248079034027 0.3110549132947977 0.23902305159165751 0.3110549132947977 0.23902305159165751 0.21423410404624277 0.15834248079034027 0.21423410404624277 0.15834248079034027 0.3110549132947977
0 0.3287596048298573 0.15643063583815028 0.4121844127332602 0.15643063583815028 0.4121844127332602 0.055274566473988436 0.3287596048298573 0.055274566473988436 0.3287596048298573 0.15643063583815028
0 0.22420417124039518 0.951228323699422 0.307628979143798 0.951228323699422 0.307628979143798 0.8312861271676301 0.22420417124039518 0.8312861271676301 0.22420417124039518 0.951228323699422
0 0 0.35946531791907516 0.052689352360043906 0.35946531791907516 0.052689352360043906 0.25036127167630057 0 0.25036127167630057 0 0.35946531791907516
0 0.0570801317233809 0.713150289017341 0.13336992316136115 0.713150289017341 0.13336992316136115 0.611271676300578 0.0570801317233809 0.611271676300578 0.0570801317233809 0.713150289017341
0 0.24753018660812295 0.31972543352601157 0.31668496158068055 0.31972543352601157 0.31668496158068055 0.2041184971098266 0.24753018660812295 0.2041184971098266 0.24753018660812295 0.31972543352601157
0 0.22804610318331503 0.6441473988439307 0.3043358946212953 0.6441473988439307 0.3043358946212953 0.5270953757225434 0.22804610318331503 0.5270953757225434 0.22804610318331503 0.6441473988439307
0 0 0.12247109826589596 0.030186608122941824 0.12247109826589596 0.030186608122941824 0.04588150289017341 0 0.04588150289017341 0 0.12247109826589596
0 0.13474204171240395 0 0.13474204171240395 0.08236994219653179 0.22091108671789242 0.08236994219653179 0.22091108671789242 0 0.13474204171240395 0
0 0.27634467618002195 0.7427745664739884 0.35208562019758505 0.7427745664739884 0.35208562019758505 0.6307803468208093 0.27634467618002195 0.6307803468208093 0.27634467618002195 0.7427745664739884
0 0.00027442371020856203 0.5516618497109826 0.05461031833150384 0.5516618497109826 0.05461031833150384 0.4533959537572254 0.00027442371020856203 0.4533959537572254 0.00027442371020856203 0.5516618497109826
0 0.00027442371020856203 0.7348265895953757 0.04143798024149287 0.7348265895953757 0.04143798024149287 0.6473988439306358 0.00027442371020856203 0.6473988439306358 0.00027442371020856203 0.7348265895953757
0 0.00027442371020856203 0.6466763005780347 0.05625686059275521 0.6466763005780347 0.05625686059275521 0.5549132947976878 0.00027442371020856203 0.5549132947976878 0.00027442371020856203 0.6466763005780347
0 0 0.22940751445086704 0.04061470911086718 0.22940751445086704 0.04061470911086718 0.13836705202312138 0 0.13836705202312138 0 0.22940751445086704
0 0 0.4436416184971098 0.03293084522502744 0.4436416184971098 0.03293084522502744 0.3598265895953757 0 0.3598265895953757 0 0.4436416184971098