0 0.8787740164684354 0.5818256578947368 0.9977127172918573 0.5818256578947368 0.9977127172918573 0.41899671052631576 0.8787740164684354 0.41899671052631576 0.8787740164684354 0.5818256578947368
0 0.42291857273559014 0.24383223684210525 0.5176120768526989 0.24383223684210525 0.5176120768526989 0.09745065789473684 0.42291857273559014 0.09745065789473684 0.42291857273559014 0.24383223684210525
0 0.3044373284537969 0.44037828947368424 0.4005032021957914 0.44037828947368424 0.4005032021957914 0.2956414473684211 0.3044373284537969 0.2956414473684211 0.3044373284537969 0.44037828947368424
0 0.9121683440073193 0.9148848684210527 0.9995425434583715 0.9148848684210527 0.9995425434583715 0.7479440789473685 0.9121683440073193 0.7479440789473685 0.9121683440073193 0.9148848684210527
0 0.2289569990850869 0.5316611842105263 0.330512351326624 0.5316611842105263 0.330512351326624 0.38445723684210525 0.2289569990850869 0.38445723684210525 0.2289569990850869 0.5316611842105263
0 0.8362305580969808 0.9995888157894737 0.9451052150045746 0.9995888157894737 0.9451052150045746 0.8351151315789473 0.8362305580969808 0.8351151315789473 0.8362305580969808 0.9995888157894737
0 0.3085544373284538 0.8478618421052632 0.4041628545288198 0.8478618421052632 0.4041628545288198 0.6866776315789473 0.3085544373284538 0.6866776315789473 0.3085544373284538 0.8478618421052632
0 0.38609332113449224 0.9547697368421053 0.48215919487648673 0.9547697368421053 0.48215919487648673 0.7845394736842105 0.38609332113449224 0.7845394736842105 0.38609332113449224 0.9547697368421053
0 0.030420860018298263 0.421875 0.12099725526075022 0.421875 0.12099725526075022 0.28618421052631576 0.030420860018298263 0.28618421052631576 0.030420860018298263 0.421875
0 0.2477127172918573 0.7216282894736842 0.3437785910338518 0.7216282894736842 0.3437785910338518 0.5851151315789473 0.2477127172918573 0.5851151315789473 0.2477127172918573 0.7216282894736842
0 0.09583714547118023 0.5180921052631579 0.1932753888380604 0.5180921052631579 0.1932753888380604 0.37911184210526316 0.09583714547118023 0.37911184210526316 0.09583714547118023 0.5180921052631579
0 0.1564501372369625 0.6328125 0.26349496797804206 0.6328125 0.26349496797804206 0.48725328947368424 0.1564501372369625 0.48725328947368424 0.1564501372369625 0.6328125
0 0.09011893870082342 0.3248355263157895 0.1889295516925892 0.3248355263157895 0.1889295516925892 0.19078947368421054 0.09011893870082342 0.19078947368421054 0.09011893870082342 0.3248355263157895
0 0.11161939615736505 0.9991776315789473 0.20631290027447394 0.9991776315789473 0.20631290027447394 0.8651315789473685 0.11161939615736505 0.8651315789473685 0.11161939615736505 0.9991776315789473
0 0.15690759377859104 0.8203125 0.25114364135407136 0.8203125 0.25114364135407136 0.673108552631579 0.15690759377859104 0.673108552631579 0.15690759377859104 0.8203125
0 0.23032936870997256 0.9181743421052632 0.3167886550777676 0.9181743421052632 0.3167886550777676 0.7775493421052632 0.23032936870997256 0.7775493421052632 0.23032936870997256 0.9181743421052632
0 0.0878316559926807 0.704358552631579 0.1797804208600183 0.704358552631579 0.1797804208600183 0.563733552631579 0.0878316559926807 0.563733552631579 0.0878316559926807 0.704358552631579
0 0 0.7084703947368421 0.08645928636779505 0.7084703947368421 0.08645928636779505 0.5703125 0 0.5703125 0 0.7084703947368421
0 0.8634492223238792 1 0.8634492223238792 0.9317434210526315 0.7637236962488564 0.9317434210526315 0.7637236962488564 1 0.8634492223238792 1
0 0.00022872827081427266 0.5213815789473685 0.05375114364135407 0.5213815789473685 0.05375114364135407 0.3717105263157895 0.00022872827081427266 0.3717105263157895 0.00022872827081427266 0.5213815789473685
0 0.00022872827081427266 0.9794407894736842 0.05832570905763952 0.9794407894736842 0.05832570905763952 0.8577302631578947 0.00022872827081427266 0.8577302631578947 0.00022872827081427266 0.9794407894736842
0 0.12488563586459286 1 0.12488563586459286 0.9424342105263158 0.04483074107959744 0.9424342105263158 0.04483074107959744 1 0.12488563586459286 1