0 0.8663265306122448 0.6736111111111112 0.9989795918367347 0.6736111111111112 0.9989795918367347 0.5232843137254902 0.8663265306122448 0.5232843137254902 0.8663265306122448 0.6736111111111112
0 0 0.7818627450980392 0.12653061224489795 0.7818627450980392 0.12653061224489795 0.6601307189542484 0 0.6601307189542484 0 0.7818627450980392
0 0.04285714285714286 0.9660947712418301 0.14795918367346939 0.9660947712418301 0.14795918367346939 0.8803104575163399 0.04285714285714286 0.8803104575163399 0.04285714285714286 0.9660947712418301
0 0.10204081632653061 0.625 0.1836734693877551 0.625 0.1836734693877551 0.5359477124183006 0.10204081632653061 0.5359477124183006 0.10204081632653061 0.625
0 0.11581632653061225 0.8190359477124183 0.18520408163265306 0.8190359477124183 0.18520408163265306 0.7316176470588235 0.11581632653061225 0.7316176470588235 0.11581632653061225 0.8190359477124183
0 0.175 0.8823529411764706 0.26785714285714285 0.8823529411764706 0.26785714285714285 0.7990196078431373 0.175 0.7990196078431373 0.175 0.8823529411764706
0 0 0.29820261437908496 0.10408163265306122 0.29820261437908496 0.10408163265306122 0.17973856209150327 0 0.17973856209150327 0 0.29820261437908496
0 0.17346938775510204 0.7888071895424836 0.26326530612244897 0.7888071895424836 0.26326530612244897 0.693218954248366 0.17346938775510204 0.693218954248366 0.17346938775510204 0.7888071895424836
0 0.3280612244897959 1 0.3280612244897959 0.9166666666666666 0.21377551020408164 0.9166666666666666 0.21377551020408164 1 0.3280612244897959 1
0 0.25612244897959185 0.8839869281045751 0.3295918367346939 0.8839869281045751 0.3295918367346939 0.7924836601307189 0.25612244897959185 0.7924836601307189 0.25612244897959185 0.8839869281045751
0 0.22448979591836735 0.5808823529411765 0.3438775510204082 0.5808823529411765 0.3438775510204082 0.46977124183006536 0.22448979591836735 0.46977124183006536 0.22448979591836735 0.5808823529411765
0 0.32908163265306123 0.8521241830065359 0.39948979591836736 0.8521241830065359 0.39948979591836736 0.7401960784313726 0.32908163265306123 0.7401960784313726 0.32908163265306123 0.8521241830065359
0 0.225 0.761437908496732 0.3423469387755102 0.761437908496732 0.3423469387755102 0.6388888888888888 0.225 0.6388888888888888 0.225 0.761437908496732
0 0.17295918367346938 0.6801470588235294 0.2556122448979592 0.6801470588235294 0.2556122448979592 0.5723039215686274 0.17295918367346938 0.5723039215686274 0.17295918367346938 0.6801470588235294
0 0.1520408163265306 0.5633169934640523 0.23775510204081632 0.5633169934640523 0.23775510204081632 0.443218954248366 0.1520408163265306 0.443218954248366 0.1520408163265306 0.5633169934640523
0 0.32551020408163267 0.9309640522875817 0.413265306122449 0.9309640522875817 0.413265306122449 0.8647875816993464 0.32551020408163267 0.8647875816993464 0.32551020408163267 0.9309640522875817
0 0.16479591836734694 0.42401960784313725 0.30051020408163265 0.42401960784313725 0.30051020408163265 0.3145424836601307 0.16479591836734694 0.3145424836601307 0.16479591836734694 0.42401960784313725
0 0.14948979591836734 0.9407679738562091 0.2280612244897959 0.9407679738562091 0.2280612244897959 0.8639705882352942 0.14948979591836734 0.8639705882352942 0.14948979591836734 0.9407679738562091
0 0.22653061224489796 1 0.22653061224489796 0.9607843137254902 0.10918367346938776 0.9607843137254902 0.10918367346938776 1 0.22653061224489796 1
0 0.31020408163265306 0.9726307189542484 0.38979591836734695 0.9726307189542484 0.38979591836734695 0.8991013071895425 0.31020408163265306 0.8991013071895425 0.31020408163265306 0.9726307189542484
0 0 0.3946078431372549 0.07448979591836735 0.3946078431372549 0.07448979591836735 0.31699346405228757 0 0.31699346405228757 0 0.3946078431372549
0 0 0.17401960784313725 0.025510204081632654 0.17401960784313725 0.025510204081632654 0.04820261437908497 0 0.04820261437908497 0 0.17401960784313725
0 0.03979591836734694 0.863562091503268 0.15 0.863562091503268 0.15 0.7965686274509803 0.03979591836734694 0.7965686274509803 0.03979591836734694 0.863562091503268
0 0.0005102040816326531 0.13194444444444445 0.025 0.13194444444444445 0.025 0.04861111111111111 0.0005102040816326531 0.04861111111111111 0.0005102040816326531 0.13194444444444445
0 0 0.8398692810457516 0.04897959183673469 0.8398692810457516 0.04897959183673469 0.7491830065359477 0 0.7491830065359477 0 0.8398692810457516
0 0.0005102040816326531 0.8729575163398693 0.026020408163265306 0.8729575163398693 0.026020408163265306 0.8353758169934641 0.0005102040816326531 0.8353758169934641 0.0005102040816326531 0.8729575163398693
0 0 0.8394607843137255 0.03469387755102041 0.8394607843137255 0.03469387755102041 0.752859477124183 0 0.752859477124183 0 0.8394607843137255
0 0.6448979591836734 1 0.6448979591836734 0.988562091503268 0.5775510204081633 0.988562091503268 0.5775510204081633 1 0.6448979591836734 1
0 0 0.8410947712418301 0.07551020408163266 0.8410947712418301 0.07551020408163266 0.7512254901960784 0 0.7512254901960784 0 0.8410947712418301