0 0.8973471741637832 0.9031432748538012 0.9873125720876585 0.9031432748538012 0.9873125720876585 0.8095760233918129 0.8973471741637832 0.8095760233918129 0.8973471741637832 0.9031432748538012
0 0.8094002306805075 0.7755847953216374 0.8953287197231834 0.7755847953216374 0.8953287197231834 0.6885964912280702 0.8094002306805075 0.6885964912280702 0.8094002306805075 0.7755847953216374
0 0.8096885813148789 0.4027777777777778 0.895040369088812 0.4027777777777778 0.895040369088812 0.31432748538011696 0.8096885813148789 0.31432748538011696 0.8096885813148789 0.4027777777777778
0 0.722318339100346 0.9042397660818714 0.8094002306805075 0.9042397660818714 0.8094002306805075 0.8135964912280702 0.722318339100346 0.8135964912280702 0.722318339100346 0.9042397660818714
0 0.6761822376009228 0.2986111111111111 0.7505767012687428 0.2986111111111111 0.7505767012687428 0.21454678362573099 0.6761822376009228 0.21454678362573099 0.6761822376009228 0.2986111111111111
0 0.5144175317185697 0.902046783625731 0.596885813148789 0.902046783625731 0.596885813148789 0.8187134502923976 0.5144175317185697 0.8187134502923976 0.5144175317185697 0.902046783625731
0 0.3739907727797001 0.6169590643274854 0.4524221453287197 0.6169590643274854 0.4524221453287197 0.5365497076023392 0.3739907727797001 0.5365497076023392 0.3739907727797001 0.6169590643274854
0 0.8079584775086506 0.9707602339181286 0.8938869665513264 0.9707602339181286 0.8938869665513264 0.8866959064327485 0.8079584775086506 0.8866959064327485 0.8079584775086506 0.9707602339181286
0 0.33765859284890426 0.8497807017543859 0.4207035755478662 0.8497807017543859 0.4207035755478662 0.7664473684210527 0.33765859284890426 0.7664473684210527 0.33765859284890426 0.8497807017543859
0 0.16810841983852365 0.7383040935672515 0.24826989619377163 0.7383040935672515 0.24826989619377163 0.6593567251461988 0.16810841983852365 0.6593567251461988 0.16810841983852365 0.7383040935672515
0 0.42964244521337946 0.6699561403508771 0.5155709342560554 0.6699561403508771 0.5155709342560554 0.5851608187134503 0.42964244521337946 0.5851608187134503 0.42964244521337946 0.6699561403508771
0 0 0.5303362573099415 0.08016147635524798 0.5303362573099415 0.08016147635524798 0.45358187134502925 0 0.45358187134502925 0 0.5303362573099415
0 0.8587081891580162 0.27595029239766083 0.947520184544406 0.27595029239766083 0.947520184544406 0.18896198830409358 0.8587081891580162 0.18896198830409358 0.8587081891580162 0.27595029239766083
0 0.092560553633218 0.46600877192982454 0.17329873125720877 0.46600877192982454 0.17329873125720877 0.3929093567251462 0.092560553633218 0.3929093567251462 0.092560553633218 0.46600877192982454
0 0.39186851211072665 0.7883771929824561 0.47029988465974626 0.7883771929824561 0.47029988465974626 0.7043128654970761 0.39186851211072665 0.7043128654970761 0.39186851211072665 0.7883771929824561
0 0.17272202998846597 0.5683479532163743 0.25 0.5683479532163743 0.25 0.4930555555555556 0.17272202998846597 0.4930555555555556 0.17272202998846597 0.5683479532163743
0 0.22837370242214533 0.7916666666666666 0.30565167243367936 0.7916666666666666 0.30565167243367936 0.7105263157894737 0.22837370242214533 0.7105263157894737 0.22837370242214533 0.7916666666666666
0 0.39878892733564014 0.10818713450292397 0.4801038062283737 0.10818713450292397 0.4801038062283737 0.023391812865497075 0.39878892733564014 0.023391812865497075 0.39878892733564014 0.10818713450292397
0 0.43252595155709345 0.43530701754385964 0.5115340253748558 0.43530701754385964 0.5115340253748558 0.35562865497076024 0.43252595155709345 0.35562865497076024 0.43252595155709345 0.43530701754385964
0 0.12081891580161476 0.6264619883040936 0.19694348327566322 0.6264619883040936 0.19694348327566322 0.5562865497076024 0.12081891580161476 0.5562865497076024 0.12081891580161476 0.6264619883040936
0 0.004036908881199538 0.7423245614035088 0.07035755478662054 0.7423245614035088 0.07035755478662054 0.6692251461988304 0.004036908881199538 0.6692251461988304 0.004036908881199538 0.7423245614035088
0 0.305363321799308 0.23172514619883042 0.3895617070357555 0.23172514619883042 0.3895617070357555 0.14546783625730994 0.305363321799308 0.14546783625730994 0.305363321799308 0.23172514619883042
0 0.0008650519031141869 0.9111842105263158 0.0723760092272203 0.9111842105263158 0.0723760092272203 0.8336988304093568 0.0008650519031141869 0.8336988304093568 0.0008650519031141869 0.9111842105263158
0 0.0657439446366782 0.5756578947368421 0.14129181084198386 0.5756578947368421 0.14129181084198386 0.5025584795321637 0.0657439446366782 0.5025584795321637 0.0657439446366782 0.5756578947368421
0 0.5118223760092272 0.19956140350877194 0.5908304498269896 0.19956140350877194 0.5908304498269896 0.11915204678362573 0.5118223760092272 0.11915204678362573 0.5118223760092272 0.19956140350877194
0 0.21914648212226068 0.13596491228070176 0.2958477508650519 0.13596491228070176 0.2958477508650519 0.0533625730994152 0.21914648212226068 0.0533625730994152 0.21914648212226068 0.13596491228070176
0 0.276239907727797 0.9667397660818714 0.3575547866205306 0.9667397660818714 0.3575547866205306 0.8841374269005848 0.276239907727797 0.8841374269005848 0.276239907727797 0.9667397660818714
0 0.3304498269896194 0.33516081871345027 0.41118800461361016 0.33516081871345027 0.41118800461361016 0.2547514619883041 0.3304498269896194 0.2547514619883041 0.3304498269896194 0.33516081871345027
0 0.754325259515571 0.28728070175438597 0.8321799307958477 0.28728070175438597 0.8321799307958477 0.20321637426900585 0.754325259515571 0.20321637426900585 0.754325259515571 0.28728070175438597
0 0.07324106113033449 0.9075292397660819 0.14763552479815456 0.9075292397660819 0.14763552479815456 0.8300438596491229 0.07324106113033449 0.8300438596491229 0.07324106113033449 0.9075292397660819
0 0.4129181084198385 1 0.4129181084198385 0.939327485380117 0.3275663206459054 0.939327485380117 0.3275663206459054 1 0.4129181084198385 1
0 0.4244521337946944 0.5504385964912281 0.5034602076124568 0.5504385964912281 0.5034602076124568 0.472953216374269 0.4244521337946944 0.472953216374269 0.4244521337946944 0.5504385964912281
0 0.16637831603229528 0.8534356725146199 0.24538638985005767 0.8534356725146199 0.24538638985005767 0.7752192982456141 0.16637831603229528 0.7752192982456141 0.16637831603229528 0.8534356725146199
0 0.09457900807381776 0.1513157894736842 0.1782006920415225 0.1513157894736842 0.1782006920415225 0.07675438596491228 0.09457900807381776 0.07675438596491228 0.09457900807381776 0.1513157894736842
0 0.2502883506343714 0.5617690058479532 0.3246828143021915 0.5617690058479532 0.3246828143021915 0.48135964912280704 0.2502883506343714 0.48135964912280704 0.2502883506343714 0.5617690058479532
0 0.3829296424452134 0.277046783625731 0.46424452133794697 0.277046783625731 0.46424452133794697 0.1922514619883041 0.3829296424452134 0.1922514619883041 0.3829296424452134 0.277046783625731
0 0.29700115340253747 0.6191520467836257 0.37773933102652824 0.6191520467836257 0.37773933102652824 0.5431286549707602 0.29700115340253747 0.5431286549707602 0.29700115340253747 0.6191520467836257
0 0.011534025374855825 0.6330409356725146 0.09111880046136102 0.6330409356725146 0.09111880046136102 0.560672514619883 0.011534025374855825 0.560672514619883 0.011534025374855825 0.6330409356725146
0 0.11447520184544406 0.7978801169590644 0.1894463667820069 0.7978801169590644 0.1894463667820069 0.714546783625731 0.11447520184544406 0.714546783625731 0.11447520184544406 0.7978801169590644
0 0.5784313725490197 0.6597222222222222 0.6643598615916955 0.6597222222222222 0.6643598615916955 0.5778508771929824 0.5784313725490197 0.5778508771929824 0.5784313725490197 0.6597222222222222
0 0.4388696655132641 0.322733918128655 0.5288350634371396 0.322733918128655 0.5288350634371396 0.23940058479532164 0.4388696655132641 0.23940058479532164 0.4388696655132641 0.322733918128655
0 0.21626297577854672 0.9042397660818714 0.3027681660899654 0.9042397660818714 0.3027681660899654 0.8318713450292398 0.21626297577854672 0.8318713450292398 0.21626297577854672 0.9042397660818714
0 0 0 0 0.062134502923976605 0.07670126874279123 0.062134502923976605 0.07670126874279123 0 0 0
0 0.7298154555940023 1 0.7298154555940023 0.9422514619883041 0.6461937716262975 0.9422514619883041 0.6461937716262975 1 0.7298154555940023 1
0 0.04786620530565167 0.10891812865497076 0.12283737024221453 0.10891812865497076 0.12283737024221453 0.03070175438596491 0.04786620530565167 0.03070175438596491 0.04786620530565167 0.10891812865497076
0 0.2107843137254902 1 0.2107843137254902 0.945906432748538 0.1375432525951557 0.945906432748538 0.1375432525951557 1 0.2107843137254902 1
0 0.04728950403690888 0.7942251461988304 0.11418685121107267 0.7942251461988304 0.11418685121107267 0.7247807017543859 0.04728950403690888 0.7247807017543859 0.04728950403690888 0.7942251461988304
0 0.0002883506343713956 0.8534356725146199 0.014129181084198385 0.8534356725146199 0.014129181084198385 0.7949561403508771 0.0002883506343713956 0.7949561403508771 0.0002883506343713956 0.8534356725146199
0 0 0.472953216374269 0.010380622837370242 0.472953216374269 0.010380622837370242 0.40350877192982454 0 0.40350877192982454 0 0.472953216374269
0 0 0.6173245614035088 0.01384083044982699 0.6173245614035088 0.01384083044982699 0.5171783625730995 0 0.5171783625730995 0 0.6173245614035088
0 0.989042675893887 0.8402777777777778 0.9994232987312572 0.8402777777777778 0.9994232987312572 0.7627923976608187 0.989042675893887 0.7627923976608187 0.989042675893887 0.8402777777777778