0 0.8583729216152018 0.8611111111111112 0.9450712589073634 0.8611111111111112 0.9450712589073634 0.7186379928315412 0.8583729216152018 0.7186379928315412 0.8583729216152018 0.8611111111111112
0 0.06116389548693587 0.41397849462365593 0.13539192399049882 0.41397849462365593 0.13539192399049882 0.3109318996415771 0.06116389548693587 0.3109318996415771 0.06116389548693587 0.41397849462365593
0 0.3847980997624703 0.19310035842293907 0.45724465558194777 0.19310035842293907 0.45724465558194777 0.08378136200716846 0.3847980997624703 0.08378136200716846 0.3847980997624703 0.19310035842293907
0 0.8230403800475059 0.6971326164874552 0.9061757719714965 0.6971326164874552 0.9061757719714965 0.5698924731182796 0.8230403800475059 0.5698924731182796 0.8230403800475059 0.6971326164874552
0 0.22149643705463182 0.6299283154121864 0.2980997624703088 0.6299283154121864 0.2980997624703088 0.507168458781362 0.22149643705463182 0.507168458781362 0.22149643705463182 0.6299283154121864
0 0.5184085510688836 0.3629032258064516 0.5914489311163895 0.3629032258064516 0.5914489311163895 0.239247311827957 0.5184085510688836 0.239247311827957 0.5184085510688836 0.3629032258064516
0 0.6867577197149644 0.27374551971326166 0.7651425178147269 0.27374551971326166 0.7651425178147269 0.16621863799283154 0.6867577197149644 0.16621863799283154 0.6867577197149644 0.27374551971326166
0 0.5540380047505938 0.1953405017921147 0.6169833729216152 0.1953405017921147 0.6169833729216152 0.07706093189964158 0.5540380047505938 0.07706093189964158 0.5540380047505938 0.1953405017921147
0 0.7657363420427553 0.2979390681003584 0.8280878859857482 0.2979390681003584 0.8280878859857482 0.18593189964157705 0.7657363420427553 0.18593189964157705 0.7657363420427553 0.2979390681003584
0 0 0.6975806451612904 0.04275534441805225 0.6975806451612904 0.04275534441805225 0.5972222222222222 0 0.5972222222222222 0 0.6975806451612904
0 0.09619952494061758 0.32302867383512546 0.15973871733966746 0.32302867383512546 0.15973871733966746 0.21281362007168458 0.09619952494061758 0.21281362007168458 0.09619952494061758 0.32302867383512546
0 0.6888361045130641 0.6043906810035843 0.7612826603325415 0.6043906810035843 0.7612826603325415 0.47625448028673834 0.6888361045130641 0.47625448028673834 0.6888361045130641 0.6043906810035843
0 0.4839667458432304 0.2638888888888889 0.5635391923990499 0.2638888888888889 0.5635391923990499 0.15636200716845877 0.4839667458432304 0.15636200716845877 0.4839667458432304 0.2638888888888889
0 0.7758313539192399 0.18593189964157705 0.8464964370546318 0.18593189964157705 0.8464964370546318 0.06586021505376344 0.7758313539192399 0.06586021505376344 0.7758313539192399 0.18593189964157705
0 0.49851543942992876 0.14650537634408603 0.5656175771971497 0.14650537634408603 0.5656175771971497 0.03539426523297491 0.49851543942992876 0.03539426523297491 0.49851543942992876 0.14650537634408603
0 0.16864608076009502 0.12903225806451613 0.22921615201900236 0.12903225806451613 0.22921615201900236 0.025985663082437275 0.16864608076009502 0.025985663082437275 0.16864608076009502 0.12903225806451613
0 0.35184085510688834 0.34543010752688175 0.42131828978622327 0.34543010752688175 0.42131828978622327 0.22087813620071683 0.35184085510688834 0.22087813620071683 0.35184085510688834 0.34543010752688175
0 0.5828384798099763 0.27508960573476704 0.6612232779097387 0.27508960573476704 0.6612232779097387 0.15949820788530467 0.5828384798099763 0.15949820788530467 0.5828384798099763 0.27508960573476704
0 0.47565320665083133 0.5672043010752689 0.5498812351543944 0.5672043010752689 0.5498812351543944 0.4381720430107527 0.47565320665083133 0.4381720430107527 0.47565320665083133 0.5672043010752689
0 0.25504750593824227 0.2862903225806452 0.3251187648456057 0.2862903225806452 0.3251187648456057 0.18593189964157705 0.25504750593824227 0.18593189964157705 0.25504750593824227 0.2862903225806452
0 0.1707244655581948 0.29121863799283154 0.23366983372921615 0.29121863799283154 0.23366983372921615 0.17473118279569894 0.1707244655581948 0.17473118279569894 0.1707244655581948 0.29121863799283154
0 0.0002969121140142518 0.4090501792114695 0.04661520190023753 0.4090501792114695 0.04661520190023753 0.2916666666666667 0.0002969121140142518 0.2916666666666667 0.0002969121140142518 0.4090501792114695
0 0.6974465558194775 0.17204301075268819 0.7776128266033254 0.17204301075268819 0.7776128266033254 0.06720430107526881 0.6974465558194775 0.06720430107526881 0.6974465558194775 0.17204301075268819
0 0.47951306413301664 0.4399641577060932 0.5478028503562945 0.4399641577060932 0.5478028503562945 0.3324372759856631 0.47951306413301664 0.3324372759856631 0.47951306413301664 0.4399641577060932
0 0.3331353919239905 0.13709677419354838 0.4020190023752969 0.13709677419354838 0.4020190023752969 0.027777777777777776 0.3331353919239905 0.027777777777777776 0.3331353919239905 0.13709677419354838
0 0.010985748218527316 0.4861111111111111 0.07690023752969122 0.4861111111111111 0.07690023752969122 0.36872759856630827 0.010985748218527316 0.36872759856630827 0.010985748218527316 0.4861111111111111
0 0.9073634204275535 0.12186379928315412 0.9863420427553444 0.12186379928315412 0.9863420427553444 0.008960573476702509 0.9073634204275535 0.008960573476702509 0.9073634204275535 0.12186379928315412
0 0.6906175771971497 0 0.6906175771971497 0.07526881720430108 0.7707838479809976 0.07526881720430108 0.7707838479809976 0 0.6906175771971497 0
0 0.6193586698337292 0.15770609318996415 0.6864608076009501 0.15770609318996415 0.6864608076009501 0.02867383512544803 0.6193586698337292 0.02867383512544803 0.6193586698337292 0.15770609318996415
0 0.5427553444180523 0.5981182795698925 0.6223277909738717 0.5981182795698925 0.6223277909738717 0.4637096774193548 0.5427553444180523 0.4637096774193548 0.5427553444180523 0.5981182795698925
0 0.17161520190023752 0.5976702508960573 0.23693586698337293 0.5976702508960573 0.23693586698337293 0.4838709677419355 0.17161520190023752 0.4838709677419355 0.17161520190023752 0.5976702508960573
0 0.23099762470308788 0.47043010752688175 0.30344418052256533 0.47043010752688175 0.30344418052256533 0.3548387096774194 0.23099762470308788 0.3548387096774194 0.23099762470308788 0.47043010752688175
0 0.0086104513064133 0.24775985663082437 0.07808788598574821 0.24775985663082437 0.07808788598574821 0.14650537634408603 0.0086104513064133 0.14650537634408603 0.0086104513064133 0.24775985663082437
0 0.4168646080760095 0.28270609318996415 0.4839667458432304 0.28270609318996415 0.4839667458432304 0.1796594982078853 0.4168646080760095 0.1796594982078853 0.4168646080760095 0.28270609318996415
0 0.06799287410926366 0.17697132616487454 0.12796912114014253 0.17697132616487454 0.12796912114014253 0.08288530465949821 0.06799287410926366 0.08288530465949821 0.06799287410926366 0.17697132616487454
0 0.29483372921615203 0.36514336917562723 0.35302850356294535 0.36514336917562723 0.35302850356294535 0.24417562724014336 0.29483372921615203 0.24417562724014336 0.29483372921615203 0.36514336917562723
0 0.2241686460807601 0.2163978494623656 0.28236342042755347 0.2163978494623656 0.28236342042755347 0.12141577060931899 0.2241686460807601 0.12141577060931899 0.2241686460807601 0.2163978494623656
0 0.40290973871733965 0.43413978494623656 0.4759501187648456 0.43413978494623656 0.4759501187648456 0.3077956989247312 0.40290973871733965 0.3077956989247312 0.40290973871733965 0.43413978494623656
0 0.035629453681710214 0.3172043010752688 0.0997624703087886 0.3172043010752688 0.0997624703087886 0.21236559139784947 0.035629453681710214 0.21236559139784947 0.035629453681710214 0.3172043010752688
0 0.12054631828978622 0.10842293906810035 0.18052256532066507 0.10842293906810035 0.18052256532066507 0.008960573476702509 0.12054631828978622 0.008960573476702509 0.12054631828978622 0.10842293906810035
0 0.5688836104513064 0.08646953405017921 0.6342042755344418 0.08646953405017921 0.6342042755344418 0.00044802867383512545 0.5688836104513064 0.00044802867383512545 0.5688836104513064 0.08646953405017921
0 0.2752375296912114 0.14829749103942652 0.33224465558194777 0.14829749103942652 0.33224465558194777 0.04525089605734767 0.2752375296912114 0.04525089605734767 0.2752375296912114 0.14829749103942652
0 0.24673396674584322 0.09005376344086022 0.29899049881235157 0.09005376344086022 0.29899049881235157 0.005824372759856631 0.24673396674584322 0.005824372759856631 0.24673396674584322 0.09005376344086022
0 0.1021377672209026 0.21594982078853048 0.15736342042755344 0.21594982078853048 0.15736342042755344 0.13620071684587814 0.1021377672209026 0.13620071684587814 0.1021377672209026 0.21594982078853048
0 0 0.29659498207885304 0.01840855106888361 0.29659498207885304 0.01840855106888361 0.23207885304659498 0 0.23207885304659498 0 0.29659498207885304
0 0.44744655581947745 0.09184587813620072 0.5050475059382423 0.09184587813620072 0.5050475059382423 0.00044802867383512545 0.44744655581947745 0.00044802867383512545 0.44744655581947745 0.09184587813620072
0 0 0.19399641577060933 0.027909738717339667 0.19399641577060933 0.027909738717339667 0.10618279569892473 0 0.10618279569892473 0 0.19399641577060933
0 0.05285035629453682 0 0.05285035629453682 0.043010752688172046 0.10926365795724466 0.043010752688172046 0.10926365795724466 0 0.05285035629453682 0
0 0.5195961995249406 0 0.5195961995249406 0.04032258064516129 0.578978622327791 0.04032258064516129 0.578978622327791 0 0.5195961995249406 0
0 0 0.19444444444444445 0.045724465558194774 0.19444444444444445 0.045724465558194774 0.10125448028673835 0 0.10125448028673835 0 0.19444444444444445
0 0.6353919239904988 0 0.6353919239904988 0.034050179211469536 0.6989311163895487 0.034050179211469536 0.6989311163895487 0 0.6353919239904988 0