0 0.5798572996706916 0.9046242774566474 0.6742590559824369 0.9046242774566474 0.6742590559824369 0.7796242774566474 0.5798572996706916 0.7796242774566474 0.5798572996706916 0.9046242774566474
0 0.7184412733260154 0.940028901734104 0.8084522502744237 0.940028901734104 0.8084522502744237 0.7976878612716763 0.7184412733260154 0.7976878612716763 0.7184412733260154 0.940028901734104
0 0.6956641053787047 0.7604768786127167 0.785675082327113 0.7604768786127167 0.785675082327113 0.6246387283236994 0.6956641053787047 0.6246387283236994 0.6956641053787047 0.7604768786127167
0 0.5847969264544457 0.6398121387283237 0.6726125137211855 0.6398121387283237 0.6726125137211855 0.5075867052023122 0.5847969264544457 0.5075867052023122 0.5847969264544457 0.6398121387283237
0 0.21761800219538968 0.710621387283237 0.303238199780461 0.710621387283237 0.303238199780461 0.6109104046242775 0.21761800219538968 0.6109104046242775 0.21761800219538968 0.710621387283237
0 0.3940724478594951 0.8999277456647399 0.4703622392974753 0.8999277456647399 0.4703622392974753 0.7879335260115607 0.3940724478594951 0.7879335260115607 0.3940724478594951 0.8999277456647399
0 0.17261251372118552 0.9971098265895953 0.24451152579582877 0.9971098265895953 0.24451152579582877 0.8663294797687862 0.17261251372118552 0.8663294797687862 0.17261251372118552 0.9971098265895953
0 0.4689901207464325 0.8796965317919075 0.546377607025247 0.8796965317919075 0.546377607025247 0.7481936416184971 0.4689901207464325 0.7481936416184971 0.4689901207464325 0.8796965317919075
0 0.018660812294182216 0.1791907514450867 0.09440175631174534 0.1791907514450867 0.09440175631174534 0.078757225433526 0.018660812294182216 0.078757225433526 0.018660812294182216 0.1791907514450867
0 0.5864434687156971 0.9996387283236994 0.679198682766191 0.9996387283236994 0.679198682766191 0.9057080924855492 0.5864434687156971 0.9057080924855492 0.5864434687156971 0.9996387283236994
0 0.4975301866081229 0.997471098265896 0.5787596048298573 0.997471098265896 0.5787596048298573 0.8811416184971098 0.4975301866081229 0.8811416184971098 0.4975301866081229 0.997471098265896
0 0.287596048298573 0.46423410404624277 0.3572996706915478 0.46423410404624277 0.3572996706915478 0.35946531791907516 0.287596048298573 0.35946531791907516 0.287596048298573 0.46423410404624277
0 0.24368825466520308 0.8161127167630058 0.32985729967069155 0.8161127167630058 0.32985729967069155 0.7164017341040463 0.24368825466520308 0.7164017341040463 0.24368825466520308 0.8161127167630058
0 0.20828759604829858 0.12138728323699421 0.29171240395170145 0.12138728323699421 0.29171240395170145 0.02167630057803468 0.20828759604829858 0.02167630057803468 0.20828759604829858 0.12138728323699421
0 0.2903402854006586 0.9201589595375722 0.3770581778265642 0.9201589595375722 0.3770581778265642 0.8081647398843931 0.2903402854006586 0.8081647398843931 0.2903402854006586 0.9201589595375722
0 0.20801317233809002 0.3627167630057804 0.2810098792535675 0.3627167630057804 0.2810098792535675 0.25216763005780346 0.20801317233809002 0.25216763005780346 0.20801317233809002 0.3627167630057804
0 0.10592755214050494 0.3265895953757225 0.18331503841931943 0.3265895953757225 0.18331503841931943 0.24277456647398843 0.10592755214050494 0.24277456647398843 0.10592755214050494 0.3265895953757225
0 0.21871569703622393 0.49096820809248554 0.29445664105378705 0.49096820809248554 0.29445664105378705 0.37536127167630057 0.21871569703622393 0.37536127167630057 0.21871569703622393 0.49096820809248554
0 0.11031833150384193 0.9992774566473989 0.17947310647639955 0.9992774566473989 0.17947310647639955 0.8973988439306358 0.11031833150384193 0.8973988439306358 0.11031833150384193 0.9992774566473989
0 0.19538968166849616 0.24638728323699421 0.27277716794731066 0.24638728323699421 0.27277716794731066 0.16040462427745664 0.19538968166849616 0.16040462427745664 0.19538968166849616 0.24638728323699421
0 0.32766190998902306 0.9996387283236994 0.40504939626783754 0.9996387283236994 0.40504939626783754 0.9685693641618497 0.32766190998902306 0.9685693641618497 0.32766190998902306 0.9996387283236994
0 0.40477497255762895 0.9989161849710982 0.45911086717892424 0.9989161849710982 0.45911086717892424 0.9808526011560693 0.40477497255762895 0.9808526011560693 0.40477497255762895 0.9989161849710982