0 0.6572447859495061 0.3717485549132948 0.7461580680570802 0.3717485549132948 0.7461580680570802 0.2416907514450867 0.6572447859495061 0.2416907514450867 0.6572447859495061 0.3717485549132948
0 0.34632272228320526 0.12789017341040462 0.41986827661909987 0.12789017341040462 0.41986827661909987 0.015895953757225433 0.34632272228320526 0.015895953757225433 0.34632272228320526 0.12789017341040462
0 0.5537870472008781 0 0.5537870472008781 0.08742774566473989 0.6525795828759605 0.08742774566473989 0.6525795828759605 0 0.5537870472008781 0
0 0.025246981339187707 0.6315028901734104 0.1026344676180022 0.6315028901734104 0.1026344676180022 0.541907514450867 0.025246981339187707 0.541907514450867 0.025246981339187707 0.6315028901734104
0 0.00027442371020856203 0.5581647398843931 0.05845225027442371 0.5581647398843931 0.05845225027442371 0.4786849710982659 0.00027442371020856203 0.4786849710982659 0.00027442371020856203 0.5581647398843931
0 0.0650384193194292 1 0.0650384193194292 0.9299132947976878 0.00027442371020856203 0.9299132947976878 0.00027442371020856203 1 0.0650384193194292 1
0 0.3199780461031833 0.6239161849710982 0.3946212952799122 0.6239161849710982 0.3946212952799122 0.5119219653179191 0.3199780461031833 0.5119219653179191 0.3199780461031833 0.6239161849710982
0 0.19456641053787047 0.3110549132947977 0.2681119648737651 0.3110549132947977 0.2681119648737651 0.2055635838150289 0.19456641053787047 0.2055635838150289 0.19456641053787047 0.3110549132947977
0 0.3600439077936334 0.5437138728323699 0.43304061470911087 0.5437138728323699 0.43304061470911087 0.43171965317919075 0.3600439077936334 0.43171965317919075 0.3600439077936334 0.5437138728323699
0 0.16300768386388584 0.9566473988439307 0.2420417124039517 0.9566473988439307 0.2420417124039517 0.8591040462427746 0.16300768386388584 0.8591040462427746 0.16300768386388584 0.9566473988439307
0 0.1278814489571899 0.8710260115606936 0.21075740944017562 0.8710260115606936 0.21075740944017562 0.7691473988439307 0.1278814489571899 0.7691473988439307 0.1278814489571899 0.8710260115606936
0 0.07409440175631174 0.724349710982659 0.14654226125137212 0.724349710982659 0.14654226125137212 0.6268063583815029 0.07409440175631174 0.6268063583815029 0.07409440175631174 0.724349710982659
0 0.2434138309549945 0.1611271676300578 0.3246432491767289 0.1611271676300578 0.3246432491767289 0.0708092485549133 0.2434138309549945 0.0708092485549133 0.2434138309549945 0.1611271676300578
0 0.2650933040614709 0 0.2650933040614709 0.06647398843930635 0.35290889132821074 0.06647398843930635 0.35290889132821074 0 0.2650933040614709 0
0 0.35373216245883643 0.9996387283236994 0.43990120746432493 0.9996387283236994 0.43990120746432493 0.9497832369942196 0.35373216245883643 0.9497832369942196 0.35373216245883643 0.9996387283236994
0 0.16931942919868276 0.9996387283236994 0.254390779363337 0.9996387283236994 0.254390779363337 0.9562861271676301 0.16931942919868276 0.9562861271676301 0.16931942919868276 0.9996387283236994