0 0.8554 0.30945945945945946 0.917 0.30945945945945946 0.917 0.1635135135135135 0.8554 0.1635135135135135 0.8554 0.30945945945945946
0 0.9026 0.740990990990991 0.965 0.740990990990991 0.965 0.5968468468468469 0.9026 0.5968468468468469 0.9026 0.740990990990991
0 0.6888 0.5481981981981981 0.7548 0.5481981981981981 0.7548 0.4220720720720721 0.6888 0.4220720720720721 0.6888 0.5481981981981981
0 0.8062 0.39414414414414417 0.8738 0.39414414414414417 0.8738 0.2671171171171171 0.8062 0.2671171171171171 0.8062 0.39414414414414417
0 0.9194 0.8810810810810811 0.979 0.8810810810810811 0.979 0.7495495495495496 0.9194 0.7495495495495496 0.9194 0.8810810810810811
0 0.8812 0.5950450450450451 0.9476 0.5950450450450451 0.9476 0.4671171171171171 0.8812 0.4671171171171171 0.8812 0.5950450450450451
0 0.739 0.22747747747747749 0.7978 0.22747747747747749 0.7978 0.08873873873873873 0.739 0.08873873873873873 0.739 0.22747747747747749
0 0.8608 0.9621621621621622 0.9352 0.9621621621621622 0.9352 0.8252252252252252 0.8608 0.8252252252252252 0.8608 0.9621621621621622
0 0.7816 0 0.7816 0.11351351351351352 0.8444 0.11351351351351352 0.8444 0 0.7816 0
0 0.8722 0.4648648648648649 0.9322 0.4648648648648649 0.9322 0.31801801801801804 0.8722 0.31801801801801804 0.8722 0.4648648648648649
0 0.7488 0.35495495495495494 0.8076 0.35495495495495494 0.8076 0.22882882882882882 0.7488 0.22882882882882882 0.7488 0.35495495495495494
0 0.7594 0.48423423423423423 0.825 0.48423423423423423 0.825 0.3545045045045045 0.7594 0.3545045045045045 0.7594 0.48423423423423423
0 0.642 0.4698198198198198 0.7056 0.4698198198198198 0.7056 0.3463963963963964 0.642 0.3463963963963964 0.642 0.4698198198198198
0 0.8422 0.16756756756756758 0.9002 0.16756756756756758 0.9002 0.018018018018018018 0.8422 0.018018018018018018 0.8422 0.16756756756756758
0 0.6916 0.40765765765765766 0.754 0.40765765765765766 0.754 0.2716216216216216 0.6916 0.2716216216216216 0.6916 0.40765765765765766
0 0.6604 0.12207207207207207 0.7192 0.12207207207207207 0.7192 0.0013513513513513514 0.6604 0.0013513513513513514 0.6604 0.12207207207207207
0 0.8234 0.5436936936936937 0.8826 0.5436936936936937 0.8826 0.40675675675675677 0.8234 0.40675675675675677 0.8234 0.5436936936936937
0 0.654 0.668018018018018 0.7152 0.668018018018018 0.7152 0.5391891891891892 0.654 0.5391891891891892 0.654 0.668018018018018
0 0.8466 0.8157657657657658 0.9154 0.8157657657657658 0.9154 0.677027027027027 0.8466 0.677027027027027 0.8466 0.8157657657657658
0 0.8026 0.26036036036036037 0.8562 0.26036036036036037 0.8562 0.11621621621621622 0.8026 0.11621621621621622 0.8026 0.26036036036036037
0 0.7866 0.872072072072072 0.8574 0.872072072072072 0.8574 0.7351351351351352 0.7866 0.7351351351351352 0.7866 0.872072072072072
0 0.687 0.26306306306306304 0.7442 0.26306306306306304 0.7442 0.12432432432432433 0.687 0.12432432432432433 0.687 0.26306306306306304
0 0.7754 0.6981981981981982 0.831 0.6981981981981982 0.831 0.5441441441441441 0.7754 0.5441441441441441 0.7754 0.6981981981981982
0 0.6218 0.20765765765765765 0.681 0.20765765765765765 0.681 0.07702702702702703 0.6218 0.07702702702702703 0.6218 0.20765765765765765
0 0.7166 0.6932432432432433 0.7738 0.6932432432432433 0.7738 0.5418918918918919 0.7166 0.5418918918918919 0.7166 0.6932432432432433
0 0.3768 0.38333333333333336 0.4436 0.38333333333333336 0.4436 0.2671171171171171 0.3768 0.2671171171171171 0.3768 0.38333333333333336
0 0.5898 0.5788288288288288 0.6554 0.5788288288288288 0.6554 0.45990990990990993 0.5898 0.45990990990990993 0.5898 0.5788288288288288
0 0.5844 0.2891891891891892 0.6484 0.2891891891891892 0.6484 0.1783783783783784 0.5844 0.1783783783783784 0.5844 0.2891891891891892
0 0.718 0.09414414414414414 0.7772 0.09414414414414414 0.7772 0.00045045045045045046 0.718 0.00045045045045045046 0.718 0.09414414414414414
0 0.5842 0.7765765765765765 0.6422 0.7765765765765765 0.6422 0.654054054054054 0.5842 0.654054054054054 0.5842 0.7765765765765765
0 0.6794 0.8851351351351351 0.739 0.8851351351351351 0.739 0.740990990990991 0.6794 0.740990990990991 0.6794 0.8851351351351351
0 0.8354 0.6725225225225225 0.9054 0.6725225225225225 0.9054 0.5481981981981981 0.8354 0.5481981981981981 0.8354 0.6725225225225225
0 0.5564 0.47702702702702704 0.6184 0.47702702702702704 0.6184 0.359009009009009 0.5564 0.359009009009009 0.5564 0.47702702702702704
0 0.5378 0.24144144144144145 0.597 0.24144144144144145 0.597 0.12432432432432433 0.5378 0.12432432432432433 0.5378 0.24144144144144145
0 0.6272 0.8684684684684685 0.6804 0.8684684684684685 0.6804 0.727027027027027 0.6272 0.727027027027027 0.6272 0.8684684684684685
0 0.6418 0.3463963963963964 0.699 0.3463963963963964 0.699 0.20675675675675675 0.6418 0.20675675675675675 0.6418 0.3463963963963964
0 0.8638 1 0.8638 0.8666666666666667 0.7854 0.8666666666666667 0.7854 1 0.8638 1
0 0.578 0 0.578 0.08288288288288288 0.6268 0.08288288288288288 0.6268 0 0.578 0
0 0.5558 0.668018018018018 0.6202 0.668018018018018 0.6202 0.5518018018018018 0.5558 0.5518018018018018 0.5558 0.668018018018018
0 0.5208 0 0.5208 0.07477477477477477 0.5764 0.07477477477477477 0.5764 0 0.5208 0
0 0.1396 0.23198198198198197 0.192 0.23198198198198197 0.192 0.1265765765765766 0.1396 0.1265765765765766 0.1396 0.23198198198198197
0 0.1698 0.14144144144144144 0.215 0.14144144144144144 0.215 0.044144144144144144 0.1698 0.044144144144144144 0.1698 0.14144144144144144
0 0.2164 0.309009009009009 0.278 0.309009009009009 0.278 0.1990990990990991 0.2164 0.1990990990990991 0.2164 0.309009009009009
0 0.2118 0.18243243243243243 0.2654 0.18243243243243243 0.2654 0.060810810810810814 0.2118 0.060810810810810814 0.2118 0.18243243243243243
0 0.9852 1 0.9852 0.8918918918918919 0.9288 0.8918918918918919 0.9288 1 0.9852 1
0 0.3666 0 0.3666 0.07297297297297298 0.423 0.07297297297297298 0.423 0 0.3666 0
0 0.1064 0.13108108108108107 0.1648 0.13108108108108107 0.1648 0.03288288288288288 0.1064 0.03288288288288288 0.1064 0.13108108108108107
0 0.087 0.22792792792792793 0.129 0.22792792792792793 0.129 0.15675675675675677 0.087 0.15675675675675677 0.087 0.22792792792792793
0 0.9316 1 0.9316 0.9657657657657658 0.8712 0.9657657657657658 0.8712 1 0.9316 1
0 0.0828 0.3238738738738739 0.1252 0.3238738738738739 0.1252 0.2490990990990991 0.0828 0.2490990990990991 0.0828 0.3238738738738739
0 0.1782 0 0.1782 0.03873873873873874 0.2202 0.03873873873873874 0.2202 0 0.1782 0
0 0.1354 0 0.1354 0.04054054054054054 0.181 0.04054054054054054 0.181 0 0.1354 0
0 0.042 0.14414414414414414 0.0864 0.14414414414414414 0.0864 0.05855855855855856 0.042 0.05855855855855856 0.042 0.14414414414414414
0 0.0924 0 0.0924 0.043243243243243246 0.1344 0.043243243243243246 0.1344 0 0.0924 0
0 0.074 0.5036036036036036 0.1148 0.5036036036036036 0.1148 0.4243243243243243 0.074 0.4243243243243243 0.074 0.5036036036036036
0 0.0512 0.24414414414414415 0.088 0.24414414414414415 0.088 0.16126126126126125 0.0512 0.16126126126126125 0.0512 0.24414414414414415
0 0.2746 0 0.2746 0.02252252252252252 0.3198 0.02252252252252252 0.3198 0 0.2746 0
0 0.2242 0 0.2242 0.026126126126126126 0.2754 0.026126126126126126 0.2754 0 0.2242 0