0 0.5244897959183673 0.2042483660130719 0.6326530612244898 0.2042483660130719 0.6326530612244898 0.12908496732026145 0.5244897959183673 0.12908496732026145 0.5244897959183673 0.2042483660130719
0 0.7336734693877551 0.755718954248366 0.8489795918367347 0.755718954248366 0.8489795918367347 0.6805555555555556 0.7336734693877551 0.6805555555555556 0.7336734693877551 0.755718954248366
0 0.6321428571428571 0.15645424836601307 0.7331632653061224 0.15645424836601307 0.7331632653061224 0.08374183006535947 0.6321428571428571 0.08374183006535947 0.6321428571428571 0.15645424836601307
0 0.3168367346938776 0.3235294117647059 0.4403061224489796 0.3235294117647059 0.4403061224489796 0.2508169934640523 0.3168367346938776 0.2508169934640523 0.3168367346938776 0.3235294117647059
0 0.7474489795918368 0.14338235294117646 0.851530612244898 0.14338235294117646 0.851530612244898 0.06576797385620915 0.7474489795918368 0.06576797385620915 0.7474489795918368 0.14338235294117646
0 0.610204081632653 0.23284313725490197 0.7142857142857143 0.23284313725490197 0.7142857142857143 0.15849673202614378 0.610204081632653 0.15849673202614378 0.610204081632653 0.23284313725490197
0 0.8571428571428571 0.5731209150326797 0.9540816326530612 0.5731209150326797 0.9540816326530612 0.48080065359477125 0.8571428571428571 0.48080065359477125 0.8571428571428571 0.5731209150326797
0 0.5816326530612245 0.32679738562091504 0.6806122448979591 0.32679738562091504 0.6806122448979591 0.23202614379084968 0.5816326530612245 0.23202614379084968 0.5816326530612245 0.32679738562091504
0 0.9010204081632653 0.16258169934640523 0.9928571428571429 0.16258169934640523 0.9928571428571429 0.08169934640522876 0.9010204081632653 0.08169934640522876 0.9010204081632653 0.16258169934640523
0 0.48673469387755103 0.3459967320261438 0.5887755102040816 0.3459967320261438 0.5887755102040816 0.25939542483660133 0.48673469387755103 0.25939542483660133 0.48673469387755103 0.3459967320261438
0 0.7147959183673469 0.44812091503267976 0.8219387755102041 0.44812091503267976 0.8219387755102041 0.377859477124183 0.7147959183673469 0.377859477124183 0.7147959183673469 0.44812091503267976
0 0.6168367346938776 0.9816176470588235 0.725 0.9816176470588235 0.725 0.8925653594771242 0.6168367346938776 0.8925653594771242 0.6168367346938776 0.9816176470588235
0 0.6806122448979591 0.3047385620915033 0.773469387755102 0.3047385620915033 0.773469387755102 0.21486928104575165 0.6806122448979591 0.21486928104575165 0.6806122448979591 0.3047385620915033
0 0.6658163265306123 0.07720588235294118 0.7739795918367347 0.07720588235294118 0.7739795918367347 0.012663398692810458 0.6658163265306123 0.012663398692810458 0.6658163265306123 0.07720588235294118
0 0.23112244897959183 0.12009803921568628 0.34438775510204084 0.12009803921568628 0.34438775510204084 0.04820261437908497 0.23112244897959183 0.04820261437908497 0.23112244897959183 0.12009803921568628
0 0.36428571428571427 0.1772875816993464 0.47551020408163264 0.1772875816993464 0.47551020408163264 0.09803921568627451 0.36428571428571427 0.09803921568627451 0.36428571428571427 0.1772875816993464
0 0.21326530612244898 0.27328431372549017 0.33877551020408164 0.27328431372549017 0.33877551020408164 0.19566993464052287 0.21326530612244898 0.19566993464052287 0.21326530612244898 0.27328431372549017
0 0.5785714285714286 0.09436274509803921 0.6693877551020408 0.09436274509803921 0.6693877551020408 0.01838235294117647 0.5785714285714286 0.01838235294117647 0.5785714285714286 0.09436274509803921
0 0.49642857142857144 0.13316993464052287 0.5974489795918367 0.13316993464052287 0.5974489795918367 0.05392156862745098 0.49642857142857144 0.05392156862745098 0.49642857142857144 0.13316993464052287
0 0.5306122448979592 0.934640522875817 0.6244897959183674 0.934640522875817 0.6244897959183674 0.8349673202614379 0.5306122448979592 0.8349673202614379 0.5306122448979592 0.934640522875817
0 0.6770408163265306 0.7062908496732027 0.7872448979591836 0.7062908496732027 0.7872448979591836 0.6147875816993464 0.6770408163265306 0.6147875816993464 0.6770408163265306 0.7062908496732027
0 0.6602040816326531 0.5102124183006536 0.7622448979591837 0.5102124183006536 0.7622448979591837 0.42769607843137253 0.6602040816326531 0.42769607843137253 0.6602040816326531 0.5102124183006536
0 0.7795918367346939 0.31413398692810457 0.886734693877551 0.31413398692810457 0.886734693877551 0.23080065359477125 0.7795918367346939 0.23080065359477125 0.7795918367346939 0.31413398692810457
0 0.21581632653061225 0.3831699346405229 0.33418367346938777 0.3831699346405229 0.33418367346938777 0.31209150326797386 0.21581632653061225 0.31209150326797386 0.21581632653061225 0.3831699346405229
0 0.6739795918367347 0.3790849673202614 0.7964285714285714 0.3790849673202614 0.7964285714285714 0.30718954248366015 0.6739795918367347 0.30718954248366015 0.6739795918367347 0.3790849673202614
0 0.21479591836734693 0.46405228758169936 0.33622448979591835 0.46405228758169936 0.33622448979591835 0.38643790849673204 0.21479591836734693 0.38643790849673204 0.21479591836734693 0.46405228758169936
0 0.3647959183673469 0.25163398692810457 0.48418367346938773 0.25163398692810457 0.48418367346938773 0.17892156862745098 0.3647959183673469 0.17892156862745098 0.3647959183673469 0.25163398692810457
0 0.7178571428571429 0.21854575163398693 0.8076530612244898 0.21854575163398693 0.8076530612244898 0.13602941176470587 0.7178571428571429 0.13602941176470587 0.7178571428571429 0.21854575163398693
0 0.47551020408163264 0.42606209150326796 0.5928571428571429 0.42606209150326796 0.5928571428571429 0.3500816993464052 0.47551020408163264 0.3500816993464052 0.47551020408163264 0.42606209150326796
0 0.6035714285714285 0.6572712418300654 0.7025510204081633 0.6572712418300654 0.7025510204081633 0.5706699346405228 0.6035714285714285 0.5706699346405228 0.6035714285714285 0.6572712418300654
0 0.9260204081632653 0.7822712418300654 0.9994897959183674 0.7822712418300654 0.9994897959183674 0.7087418300653595 0.9260204081632653 0.7087418300653595 0.9260204081632653 0.7822712418300654
0 0.5622448979591836 0.8202614379084967 0.6663265306122449 0.8202614379084967 0.6663265306122449 0.7303921568627451 0.5622448979591836 0.7303921568627451 0.5622448979591836 0.8202614379084967
0 0.9010204081632653 0.26633986928104575 0.9989795918367347 0.26633986928104575 0.9989795918367347 0.1781045751633987 0.9010204081632653 0.1781045751633987 0.9010204081632653 0.26633986928104575
0 0.17755102040816326 0.5322712418300654 0.29285714285714287 0.5322712418300654 0.29285714285714287 0.46282679738562094 0.17755102040816326 0.46282679738562094 0.17755102040816326 0.5322712418300654
0 0.761734693877551 0.8333333333333334 0.8698979591836735 0.8333333333333334 0.8698979591836735 0.7508169934640523 0.761734693877551 0.7508169934640523 0.761734693877551 0.8333333333333334
0 0.39081632653061227 0.10498366013071896 0.4989795918367347 0.10498366013071896 0.4989795918367347 0.01919934640522876 0.39081632653061227 0.01919934640522876 0.39081632653061227 0.10498366013071896
0 0.7857142857142857 0.07475490196078431 0.9040816326530612 0.07475490196078431 0.9040816326530612 0.011029411764705883 0.7857142857142857 0.011029411764705883 0.7857142857142857 0.07475490196078431
0 0.5979591836734693 0.5678104575163399 0.6938775510204082 0.5678104575163399 0.6938775510204082 0.4795751633986928 0.5979591836734693 0.4795751633986928 0.5979591836734693 0.5678104575163399
0 0.09642857142857143 0.4583333333333333 0.20357142857142857 0.4583333333333333 0.20357142857142857 0.3799019607843137 0.09642857142857143 0.3799019607843137 0.09642857142857143 0.4583333333333333
0 0.7520408163265306 0.613562091503268 0.8448979591836735 0.613562091503268 0.8448979591836735 0.5220588235294118 0.7520408163265306 0.5220588235294118 0.7520408163265306 0.613562091503268
0 0.8086734693877551 0.23202614379084968 0.9015306122448979 0.23202614379084968 0.9015306122448979 0.14787581699346405 0.8086734693877551 0.14787581699346405 0.8086734693877551 0.23202614379084968
0 0.6688775510204081 0.8276143790849673 0.7607142857142857 0.8276143790849673 0.7607142857142857 0.7328431372549019 0.6688775510204081 0.7328431372549019 0.6688775510204081 0.8276143790849673
0 0.8663265306122448 0.8974673202614379 0.9612244897959183 0.8974673202614379 0.9612244897959183 0.801062091503268 0.8663265306122448 0.801062091503268 0.8663265306122448 0.8974673202614379
0 0.5892857142857143 0.4227941176470588 0.6903061224489796 0.4227941176470588 0.6903061224489796 0.32883986928104575 0.5892857142857143 0.32883986928104575 0.5892857142857143 0.4227941176470588
0 0.5571428571428572 1 0.5571428571428572 0.9248366013071896 0.46224489795918366 0.9248366013071896 0.46224489795918366 1 0.5571428571428572 1
0 0.4698979591836735 0.5698529411764706 0.5790816326530612 0.5698529411764706 0.5790816326530612 0.4848856209150327 0.4698979591836735 0.4848856209150327 0.4698979591836735 0.5698529411764706
0 0.9418367346938775 0.07352941176470588 0.9989795918367347 0.07352941176470588 0.9989795918367347 0.010620915032679739 0.9418367346938775 0.010620915032679739 0.9418367346938775 0.07352941176470588
0 0.5413265306122449 0.4848856209150327 0.6556122448979592 0.4848856209150327 0.6556122448979592 0.41544117647058826 0.5413265306122449 0.41544117647058826 0.5413265306122449 0.4848856209150327
0 0.6142857142857143 0.8921568627450981 0.7112244897959183 0.8921568627450981 0.7112244897959183 0.8145424836601307 0.6142857142857143 0.8145424836601307 0.6142857142857143 0.8921568627450981
0 0.9188775510204081 0.7071078431372549 0.9994897959183674 0.7071078431372549 0.9994897959183674 0.616421568627451 0.9188775510204081 0.616421568627451 0.9188775510204081 0.7071078431372549
0 0.7954081632653062 0.6813725490196079 0.8943877551020408 0.6813725490196079 0.8943877551020408 0.5833333333333334 0.7954081632653062 0.5833333333333334 0.7954081632653062 0.6813725490196079
0 0.9321428571428572 0.6205065359477124 0.9994897959183674 0.6205065359477124 0.9994897959183674 0.5412581699346405 0.9321428571428572 0.5412581699346405 0.9321428571428572 0.6205065359477124
0 0.8443877551020408 1 0.8443877551020408 0.9444444444444444 0.7372448979591837 0.9444444444444444 0.7372448979591837 1 0.8443877551020408 1
0 0 0.7234477124183006 0.06938775510204082 0.7234477124183006 0.06938775510204082 0.6384803921568627 0 0.6384803921568627 0 0.7234477124183006
0 0.8428571428571429 0.9787581699346405 0.9510204081632653 0.9787581699346405 0.9510204081632653 0.8970588235294118 0.8428571428571429 0.8970588235294118 0.8428571428571429 0.9787581699346405
0 0.3224489795918367 0.9187091503267973 0.44081632653061226 0.9187091503267973 0.44081632653061226 0.8288398692810458 0.3224489795918367 0.8288398692810458 0.3224489795918367 0.9187091503267973
0 0.4913265306122449 0.7647058823529411 0.5974489795918367 0.7647058823529411 0.5974489795918367 0.6821895424836601 0.4913265306122449 0.6821895424836601 0.4913265306122449 0.7647058823529411
0 0.08469387755102041 0.5604575163398693 0.1836734693877551 0.5604575163398693 0.1836734693877551 0.47794117647058826 0.08469387755102041 0.47794117647058826 0.08469387755102041 0.5604575163398693
0 0.6785714285714286 1 0.6785714285714286 0.9705882352941176 0.5755102040816327 0.9705882352941176 0.5755102040816327 1 0.6785714285714286 1
0 0 0.3125 0.04081632653061224 0.3125 0.04081632653061224 0.252859477124183 0 0.252859477124183 0 0.3125
0 0.9698979591836735 0.3214869281045752 0.9994897959183674 0.3214869281045752 0.9994897959183674 0.24468954248366012 0.9698979591836735 0.24468954248366012 0.9698979591836735 0.3214869281045752
0 0 0.4591503267973856 0.04591836734693878 0.4591503267973856 0.04591836734693878 0.3937908496732026 0 0.3937908496732026 0 0.4591503267973856
0 0 0.5816993464052288 0.08163265306122448 0.5816993464052288 0.08163265306122448 0.4950980392156863 0 0.4950980392156863 0 0.5816993464052288
0 0 0.37949346405228757 0.025510204081632654 0.37949346405228757 0.025510204081632654 0.3263888888888889 0 0.3263888888888889 0 0.37949346405228757
0 0 0.8852124183006536 0.0673469387755102 0.8852124183006536 0.0673469387755102 0.8092320261437909 0 0.8092320261437909 0 0.8852124183006536
0 0 0.8014705882352942 0.04693877551020408 0.8014705882352942 0.04693877551020408 0.7320261437908496 0 0.7320261437908496 0 0.8014705882352942