0 0.7111161939615737 0.4642269736842105 0.8126715462031107 0.4642269736842105 0.8126715462031107 0.3112664473684211 0.7111161939615737 0.3112664473684211 0.7111161939615737 0.4642269736842105
0 0.5009149130832571 0.35238486842105265 0.6001829826166514 0.35238486842105265 0.6001829826166514 0.20929276315789475 0.5009149130832571 0.20929276315789475 0.5009149130832571 0.35238486842105265
0 0.41697163769441903 0.25493421052631576 0.5166971637694419 0.25493421052631576 0.5166971637694419 0.09786184210526316 0.41697163769441903 0.09786184210526316 0.41697163769441903 0.25493421052631576
0 0.04071363220494053 0.43338815789473684 0.13403476669716377 0.43338815789473684 0.13403476669716377 0.29769736842105265 0.04071363220494053 0.29769736842105265 0.04071363220494053 0.43338815789473684
0 0.4306953339432754 0.7483552631578947 0.5231015553522416 0.7483552631578947 0.5231015553522416 0.5978618421052632 0.4306953339432754 0.5978618421052632 0.4306953339432754 0.7483552631578947
0 0.20356816102470265 0.4354440789473684 0.2913998170173833 0.4354440789473684 0.2913998170173833 0.29317434210526316 0.20356816102470265 0.29317434210526316 0.20356816102470265 0.4354440789473684
0 0.310384263494968 0.3462171052631579 0.4087374199451052 0.3462171052631579 0.4087374199451052 0.20559210526315788 0.310384263494968 0.20559210526315788 0.310384263494968 0.3462171052631579
0 0.31655992680695333 0.928453947368421 0.409423604757548 0.928453947368421 0.409423604757548 0.7804276315789473 0.31655992680695333 0.7804276315789473 0.31655992680695333 0.928453947368421
0 0.33714547118023785 1 0.33714547118023785 0.8569078947368421 0.24107959743824336 0.8569078947368421 0.24107959743824336 1 0.33714547118023785 1
0 0.10910338517840805 0.8042763157894737 0.20516925892040255 0.8042763157894737 0.20516925892040255 0.6537828947368421 0.10910338517840805 0.6537828947368421 0.10910338517840805 0.8042763157894737
0 0.013266239707227814 0.23519736842105263 0.11344922232387923 0.23519736842105263 0.11344922232387923 0.10773026315789473 0.013266239707227814 0.10773026315789473 0.013266239707227814 0.23519736842105263
0 0.10795974382433669 0.9930098684210527 0.20860018298261665 0.9930098684210527 0.20860018298261665 0.8416940789473685 0.10795974382433669 0.8416940789473685 0.10795974382433669 0.9930098684210527
0 0.0510064043915828 0.8889802631578947 0.1379231473010064 0.8889802631578947 0.1379231473010064 0.7393092105263158 0.0510064043915828 0.7393092105263158 0.0510064043915828 0.8889802631578947
0 0.9789569990850869 1 0.9789569990850869 0.9366776315789473 0.8709972552607502 0.9366776315789473 0.8709972552607502 1 0.9789569990850869 1
0 0.14181152790484905 0 0.14181152790484905 0.046875 0.23055809698078683 0.046875 0.23055809698078683 0 0.14181152790484905 0
0 0.00022872827081427266 0.32442434210526316 0.06427264409881062 0.32442434210526316 0.06427264409881062 0.19777960526315788 0.00022872827081427266 0.19777960526315788 0.00022872827081427266 0.32442434210526316
0 0.00022872827081427266 0.9728618421052632 0.07342177493138152 0.9728618421052632 0.07342177493138152 0.8338815789473685 0.00022872827081427266 0.8338815789473685 0.00022872827081427266 0.9728618421052632
0 0.4087374199451052 0 0.4087374199451052 0.047697368421052634 0.4970265324794145 0.047697368421052634 0.4970265324794145 0 0.4087374199451052 0
0 0.008234217749313814 0 0.008234217749313814 0.047697368421052634 0.10933211344922232 0.047697368421052634 0.10933211344922232 0 0.008234217749313814 0