0 0.5386490250696379 0.9863636363636363 0.6236072423398329 0.9863636363636363 0.6236072423398329 0.9087412587412588 0.5386490250696379 0.9087412587412588 0.5386490250696379 0.9863636363636363
0 0.7172701949860725 0.6632867132867133 0.8098885793871866 0.6632867132867133 0.8098885793871866 0.5863636363636363 0.7172701949860725 0.5863636363636363 0.7172701949860725 0.6632867132867133
0 0.7200557103064067 0.8793706293706294 0.8112813370473537 0.8793706293706294 0.8112813370473537 0.798951048951049 0.7200557103064067 0.798951048951049 0.7200557103064067 0.8793706293706294
0 0.5759052924791086 0.24265734265734265 0.6573816155988857 0.24265734265734265 0.6573816155988857 0.16923076923076924 0.5759052924791086 0.16923076923076924 0.5759052924791086 0.24265734265734265
0 0.06824512534818941 0.5940559440559441 0.14554317548746518 0.5940559440559441 0.14554317548746518 0.5339160839160839 0.06824512534818941 0.5339160839160839 0.06824512534818941 0.5940559440559441
0 0.3422701949860724 0.21013986013986014 0.4195682451253482 0.21013986013986014 0.4195682451253482 0.1388111888111888 0.3422701949860724 0.1388111888111888 0.3422701949860724 0.21013986013986014
0 0.07973537604456825 0.2972027972027972 0.15842618384401114 0.2972027972027972 0.15842618384401114 0.23146853146853147 0.07973537604456825 0.23146853146853147 0.07973537604456825 0.2972027972027972
0 0.1048050139275766 0.21748251748251748 0.17235376044568246 0.21748251748251748 0.17235376044568246 0.15594405594405594 0.1048050139275766 0.15594405594405594 0.1048050139275766 0.21748251748251748
0 0.7792479108635098 0.2716783216783217 0.8683844011142061 0.2716783216783217 0.8683844011142061 0.19475524475524475 0.7792479108635098 0.19475524475524475 0.7792479108635098 0.2716783216783217
0 0.5424791086350975 0.46853146853146854 0.6225626740947076 0.46853146853146854 0.6225626740947076 0.4020979020979021 0.5424791086350975 0.4020979020979021 0.5424791086350975 0.46853146853146854
0 0.8690807799442897 0.3797202797202797 0.9610027855153204 0.3797202797202797 0.9610027855153204 0.3083916083916084 0.8690807799442897 0.3083916083916084 0.8690807799442897 0.3797202797202797
0 0.2862116991643454 0.558041958041958 0.3628133704735376 0.558041958041958 0.3628133704735376 0.4951048951048951 0.2862116991643454 0.4951048951048951 0.2862116991643454 0.558041958041958
0 0.3137186629526462 0.46853146853146854 0.39380222841225626 0.46853146853146854 0.39380222841225626 0.4062937062937063 0.3137186629526462 0.4062937062937063 0.3137186629526462 0.46853146853146854
0 0.7374651810584958 0.40804195804195803 0.8224233983286908 0.40804195804195803 0.8224233983286908 0.3374125874125874 0.7374651810584958 0.3374125874125874 0.7374651810584958 0.40804195804195803
0 0.5807799442896936 0.8374125874125874 0.6706128133704735 0.8374125874125874 0.6706128133704735 0.763986013986014 0.5807799442896936 0.763986013986014 0.5807799442896936 0.8374125874125874
0 0.34366295264623953 0.384965034965035 0.4188718662952646 0.384965034965035 0.4188718662952646 0.32272727272727275 0.34366295264623953 0.32272727272727275 0.34366295264623953 0.384965034965035
0 0.6354456824512534 0.9048951048951049 0.7245821727019499 0.9048951048951049 0.7245821727019499 0.8321678321678322 0.6354456824512534 0.8321678321678322 0.6354456824512534 0.9048951048951049
0 0.6288300835654597 0.6381118881118881 0.7158774373259053 0.6381118881118881 0.7158774373259053 0.5695804195804196 0.6288300835654597 0.5695804195804196 0.6288300835654597 0.6381118881118881
0 0.21135097493036212 0.5405594405594406 0.2921309192200557 0.5405594405594406 0.2921309192200557 0.4762237762237762 0.21135097493036212 0.4762237762237762 0.21135097493036212 0.5405594405594406
0 0.685933147632312 0.07482517482517483 0.7667130919220055 0.07482517482517483 0.7667130919220055 0.004195804195804196 0.685933147632312 0.004195804195804196 0.685933147632312 0.07482517482517483
0 0.6438022284122563 0.5370629370629371 0.7280640668523677 0.5370629370629371 0.7280640668523677 0.4706293706293706 0.6438022284122563 0.4706293706293706 0.6438022284122563 0.5370629370629371
0 0.16887186629526463 0.22622377622377624 0.241991643454039 0.22622377622377624 0.241991643454039 0.1646853146853147 0.16887186629526463 0.1646853146853147 0.16887186629526463 0.22622377622377624
0 0.11246518105849582 0.47202797202797203 0.1855849582172702 0.47202797202797203 0.1855849582172702 0.4125874125874126 0.11246518105849582 0.4125874125874126 0.11246518105849582 0.47202797202797203
0 0.15006963788300837 0.8573426573426574 0.2336350974930362 0.8573426573426574 0.2336350974930362 0.7874125874125875 0.15006963788300837 0.7874125874125875 0.15006963788300837 0.8573426573426574
0 0.4352367688022284 0.6381118881118881 0.5132311977715878 0.6381118881118881 0.5132311977715878 0.5758741258741259 0.4352367688022284 0.5758741258741259 0.4352367688022284 0.6381118881118881
0 0.26079387186629527 0.6433566433566433 0.3360027855153203 0.6433566433566433 0.3360027855153203 0.5804195804195804 0.26079387186629527 0.5804195804195804 0.26079387186629527 0.6433566433566433
0 0.3412256267409471 0.7685314685314686 0.42479108635097496 0.7685314685314686 0.42479108635097496 0.6979020979020979 0.3412256267409471 0.6979020979020979 0.3412256267409471 0.7685314685314686
0 0.4213091922005571 0.49755244755244754 0.5097493036211699 0.49755244755244754 0.5097493036211699 0.4199300699300699 0.4213091922005571 0.4199300699300699 0.4213091922005571 0.49755244755244754
0 0.4578690807799443 0.22447552447552446 0.5316852367688022 0.22447552447552446 0.5316852367688022 0.15734265734265734 0.4578690807799443 0.15734265734265734 0.4578690807799443 0.22447552447552446
0 0.6263927576601671 0.29125874125874124 0.7064763231197771 0.29125874125874124 0.7064763231197771 0.22412587412587412 0.6263927576601671 0.22412587412587412 0.6263927576601671 0.29125874125874124
0 0.03795264623955432 0.5416083916083916 0.11455431754874652 0.5416083916083916 0.11455431754874652 0.48286713286713284 0.03795264623955432 0.48286713286713284 0.03795264623955432 0.5416083916083916
0 0.13440111420612813 0.10314685314685315 0.20055710306406685 0.10314685314685315 0.20055710306406685 0.04230769230769231 0.13440111420612813 0.04230769230769231 0.13440111420612813 0.10314685314685315
0 0.22527855153203344 0.8311188811188811 0.30327298050139273 0.8311188811188811 0.30327298050139273 0.763986013986014 0.22527855153203344 0.763986013986014 0.22527855153203344 0.8311188811188811
0 0.4697075208913649 0.558041958041958 0.5574512534818942 0.558041958041958 0.5574512534818942 0.486013986013986 0.4697075208913649 0.486013986013986 0.4697075208913649 0.558041958041958
0 0.5316852367688022 0.7674825174825175 0.6159470752089137 0.7674825174825175 0.6159470752089137 0.6996503496503497 0.5316852367688022 0.6996503496503497 0.5316852367688022 0.7674825174825175
0 0.10724233983286909 0.794055944055944 0.18454038997214484 0.794055944055944 0.18454038997214484 0.7283216783216783 0.10724233983286909 0.7283216783216783 0.10724233983286909 0.794055944055944
0 0.37012534818941506 0.6723776223776223 0.45090529247910865 0.6723776223776223 0.45090529247910865 0.6066433566433567 0.37012534818941506 0.6066433566433567 0.37012534818941506 0.6723776223776223
0 0.907033426183844 0.2863636363636364 0.9989554317548747 0.2863636363636364 0.9989554317548747 0.21013986013986014 0.907033426183844 0.21013986013986014 0.907033426183844 0.2863636363636364
0 0.7782033426183844 0.5157342657342657 0.8673398328690808 0.5157342657342657 0.8673398328690808 0.44300699300699303 0.7782033426183844 0.44300699300699303 0.7782033426183844 0.5157342657342657
0 0.1772284122562674 0.4881118881118881 0.25591922005571033 0.4881118881118881 0.25591922005571033 0.4251748251748252 0.1772284122562674 0.4251748251748252 0.1772284122562674 0.4881118881118881
0 0.18245125348189414 0.06853146853146853 0.2527855153203343 0.06853146853146853 0.2527855153203343 0.006293706293706294 0.18245125348189414 0.006293706293706294 0.18245125348189414 0.06853146853146853
0 0.5132311977715878 0.6115384615384616 0.5919220055710307 0.6115384615384616 0.5919220055710307 0.5402097902097902 0.5132311977715878 0.5402097902097902 0.5132311977715878 0.6115384615384616
0 0.7294568245125348 0.21503496503496503 0.8151114206128134 0.21503496503496503 0.8151114206128134 0.1437062937062937 0.7294568245125348 0.1437062937062937 0.7294568245125348 0.21503496503496503
0 0.17618384401114207 0.3965034965034965 0.25348189415041783 0.3965034965034965 0.25348189415041783 0.33426573426573425 0.17618384401114207 0.33426573426573425 0.17618384401114207 0.3965034965034965
0 0.141016713091922 0.5681818181818182 0.21692200557103064 0.5681818181818182 0.21692200557103064 0.5059440559440559 0.141016713091922 0.5059440559440559 0.141016713091922 0.5681818181818182
0 0.003481894150417827 0.6227272727272727 0.07729805013927576 0.6227272727272727 0.07729805013927576 0.5618881118881119 0.003481894150417827 0.5618881118881119 0.003481894150417827 0.6227272727272727
0 0.572075208913649 0.573076923076923 0.6514623955431755 0.573076923076923 0.6514623955431755 0.5066433566433567 0.572075208913649 0.5066433566433567 0.572075208913649 0.573076923076923
0 0.15668523676880222 0.3048951048951049 0.2298050139275766 0.3048951048951049 0.2298050139275766 0.24825174825174826 0.15668523676880222 0.24825174825174826 0.15668523676880222 0.3048951048951049
0 0.36629526462395545 0.13216783216783218 0.4352367688022284 0.13216783216783218 0.4352367688022284 0.06713286713286713 0.36629526462395545 0.06713286713286713 0.36629526462395545 0.13216783216783218
0 0.6626044568245125 0.8031468531468532 0.7482590529247911 0.8031468531468532 0.7482590529247911 0.7325174825174825 0.6626044568245125 0.7325174825174825 0.6626044568245125 0.8031468531468532
0 0.14275766016713093 0.7101398601398602 0.22493036211699163 0.7101398601398602 0.22493036211699163 0.6451048951048951 0.14275766016713093 0.6451048951048951 0.14275766016713093 0.7101398601398602
0 0.387883008356546 0.990909090909091 0.4714484679665738 0.990909090909091 0.4714484679665738 0.9083916083916084 0.387883008356546 0.9083916083916084 0.387883008356546 0.990909090909091
0 0.40842618384401114 0.7307692307692307 0.49059888579387184 0.7307692307692307 0.49059888579387184 0.6657342657342658 0.40842618384401114 0.6657342657342658 0.40842618384401114 0.7307692307692307
0 0.22493036211699163 0.3202797202797203 0.30362116991643456 0.3202797202797203 0.30362116991643456 0.25384615384615383 0.22493036211699163 0.25384615384615383 0.22493036211699163 0.3202797202797203
0 0.20264623955431754 0.9241258741258741 0.2841225626740947 0.9241258741258741 0.2841225626740947 0.8493006993006993 0.20264623955431754 0.8493006993006993 0.20264623955431754 0.9241258741258741
0 0.29874651810584957 0.7020979020979021 0.3802228412256267 0.7020979020979021 0.3802228412256267 0.637062937062937 0.29874651810584957 0.637062937062937 0.29874651810584957 0.7020979020979021
0 0.6145543175487466 0.737062937062937 0.6995125348189415 0.737062937062937 0.6995125348189415 0.6650349650349651 0.6145543175487466 0.6650349650349651 0.6145543175487466 0.737062937062937
0 0.7889972144846796 0.6223776223776224 0.8753481894150418 0.6223776223776224 0.8753481894150418 0.551048951048951 0.7889972144846796 0.551048951048951 0.7889972144846796 0.6223776223776224
0 0.2983983286908078 0.33181818181818185 0.37151810584958217 0.33181818181818185 0.37151810584958217 0.26328671328671327 0.2983983286908078 0.26328671328671327 0.2983983286908078 0.33181818181818185
0 0.2016016713091922 0.6716783216783216 0.2733286908077994 0.6716783216783216 0.2733286908077994 0.6143356643356643 0.2016016713091922 0.6143356643356643 0.2016016713091922 0.6716783216783216
0 0.25557103064066855 0.23986013986013985 0.3307799442896936 0.23986013986013985 0.3307799442896936 0.17482517482517482 0.25557103064066855 0.17482517482517482 0.25557103064066855 0.23986013986013985
0 0.4216573816155989 0.3506993006993007 0.5003481894150418 0.3506993006993007 0.5003481894150418 0.2863636363636364 0.4216573816155989 0.2863636363636364 0.4216573816155989 0.3506993006993007
0 0.4895543175487465 0.31713286713286715 0.5710306406685237 0.31713286713286715 0.5710306406685237 0.2541958041958042 0.4895543175487465 0.2541958041958042 0.4895543175487465 0.31713286713286715
0 0.5574512534818942 0.6734265734265734 0.6438022284122563 0.6734265734265734 0.6438022284122563 0.6048951048951049 0.5574512534818942 0.6048951048951049 0.5574512534818942 0.6734265734265734
0 0.34784122562674097 0.922027972027972 0.42513927576601673 0.922027972027972 0.42513927576601673 0.8520979020979021 0.34784122562674097 0.8520979020979021 0.34784122562674097 0.922027972027972
0 0.9380222841225627 1 0.9380222841225627 0.9461538461538461 0.8440111420612814 0.9461538461538461 0.8440111420612814 1 0.9380222841225627 1
0 0.47736768802228413 0.13916083916083916 0.5511838440111421 0.13916083916083916 0.5511838440111421 0.07622377622377623 0.47736768802228413 0.07622377622377623 0.47736768802228413 0.13916083916083916
0 0.4881615598885794 0.7045454545454546 0.5703342618384402 0.7045454545454546 0.5703342618384402 0.6346153846153846 0.4881615598885794 0.6346153846153846 0.4881615598885794 0.7045454545454546
0 0.3753481894150418 0.2951048951048951 0.4477715877437326 0.2951048951048951 0.4477715877437326 0.23566433566433567 0.3753481894150418 0.23566433566433567 0.3753481894150418 0.2951048951048951
0 0.43175487465181056 0.09265734265734266 0.5069637883008357 0.09265734265734266 0.5069637883008357 0.025524475524475523 0.43175487465181056 0.025524475524475523 0.43175487465181056 0.09265734265734266
0 0.1333565459610028 0.9454545454545454 0.20508356545961004 0.9454545454545454 0.20508356545961004 0.879020979020979 0.1333565459610028 0.879020979020979 0.1333565459610028 0.9454545454545454
0 0.6048050139275766 0 0.6048050139275766 0.06503496503496503 0.6869777158774373 0.06503496503496503 0.6869777158774373 0 0.6048050139275766 0
0 0.5435236768802229 0.1027972027972028 0.6222144846796658 0.1027972027972028 0.6222144846796658 0.03636363636363636 0.5435236768802229 0.03636363636363636 0.5435236768802229 0.1027972027972028
0 0.3864902506963788 0.4370629370629371 0.4610027855153203 0.4370629370629371 0.4610027855153203 0.37622377622377623 0.3864902506963788 0.37622377622377623 0.3864902506963788 0.4370629370629371
0 0.32903899721448465 0.6174825174825175 0.40633704735376047 0.6174825174825175 0.40633704735376047 0.5517482517482517 0.32903899721448465 0.5517482517482517 0.32903899721448465 0.6174825174825175
0 0.6110724233983287 0.1597902097902098 0.6883704735376045 0.1597902097902098 0.6883704735376045 0.09335664335664336 0.6110724233983287 0.09335664335664336 0.6110724233983287 0.1597902097902098
0 0.32764623955431754 0.08671328671328671 0.3972841225626741 0.08671328671328671 0.3972841225626741 0.02097902097902098 0.32764623955431754 0.02097902097902098 0.32764623955431754 0.08671328671328671
0 0.2705431754874652 0.9024475524475525 0.3527158774373259 0.9024475524475525 0.3527158774373259 0.8248251748251748 0.2705431754874652 0.8248251748251748 0.2705431754874652 0.9024475524475525
0 0.6525069637883009 0.20734265734265733 0.7305013927576601 0.20734265734265733 0.7305013927576601 0.13531468531468532 0.6525069637883009 0.13531468531468532 0.6525069637883009 0.20734265734265733
0 0.11002785515320335 0.6493006993006993 0.1873259052924791 0.6493006993006993 0.1873259052924791 0.5884615384615385 0.11002785515320335 0.5884615384615385 0.11002785515320335 0.6493006993006993
0 0.6821030640668524 0.35174825174825175 0.7635793871866295 0.35174825174825175 0.7635793871866295 0.26853146853146853 0.6821030640668524 0.26853146853146853 0.6821030640668524 0.35174825174825175
0 0.5250696378830083 0.18951048951048952 0.6051532033426184 0.18951048951048952 0.6051532033426184 0.11608391608391608 0.5250696378830083 0.11608391608391608 0.5250696378830083 0.18951048951048952
0 0.8039693593314763 0.17132867132867133 0.8833565459610028 0.17132867132867133 0.8833565459610028 0.11258741258741259 0.8039693593314763 0.11258741258741259 0.8039693593314763 0.17132867132867133
0 0.22214484679665739 0.1888111888111888 0.29874651810584957 0.1888111888111888 0.29874651810584957 0.13076923076923078 0.22214484679665739 0.13076923076923078 0.22214484679665739 0.1888111888111888
0 0.2513927576601671 0.07517482517482517 0.3279944289693593 0.07517482517482517 0.3279944289693593 0.015734265734265736 0.2513927576601671 0.015734265734265736 0.2513927576601671 0.07517482517482517
0 0.8603760445682451 0.22552447552447552 0.9529944289693594 0.22552447552447552 0.9529944289693594 0.1604895104895105 0.8603760445682451 0.1604895104895105 0.8603760445682451 0.22552447552447552
0 0.391016713091922 0 0.391016713091922 0.043356643356643354 0.4620473537604457 0.043356643356643354 0.4620473537604457 0 0.391016713091922 0
0 0.802924791086351 1 0.802924791086351 0.9566433566433566 0.6942896935933147 0.9566433566433566 0.6942896935933147 1 0.802924791086351 1
0 0.4133008356545961 0.17237762237762239 0.48363509749303624 0.17237762237762239 0.48363509749303624 0.10804195804195804 0.4133008356545961 0.10804195804195804 0.4133008356545961 0.17237762237762239
0 0.9676183844011143 0.3416083916083916 0.9996518105849582 0.3416083916083916 0.9996518105849582 0.27517482517482517 0.9676183844011143 0.27517482517482517 0.9676183844011143 0.3416083916083916
0 0.9526462395543176 0.043356643356643354 0.9986072423398329 0.043356643356643354 0.9986072423398329 0.01048951048951049 0.9526462395543176 0.01048951048951049 0.9526462395543176 0.043356643356643354
0 0.8105849582172702 0.11398601398601399 0.8544568245125348 0.11398601398601399 0.8544568245125348 0.08951048951048951 0.8105849582172702 0.08951048951048951 0.8105849582172702 0.11398601398601399
0 0.33530640668523676 1 0.33530640668523676 0.9699300699300699 0.25731197771587744 0.9699300699300699 0.25731197771587744 1 0.33530640668523676 1
0 0.5860027855153204 0.27867132867132866 0.6277855153203342 0.27867132867132866 0.6277855153203342 0.2479020979020979 0.5860027855153204 0.2479020979020979 0.5860027855153204 0.27867132867132866
0 0.9000696378830083 0.04020979020979021 0.9397632311977716 0.04020979020979021 0.9397632311977716 0.005944055944055944 0.9000696378830083 0.005944055944055944 0.9000696378830083 0.04020979020979021
0 0.6239554317548747 0.3255244755244755 0.6664345403899722 0.3255244755244755 0.6664345403899722 0.29265734265734267 0.6239554317548747 0.29265734265734267 0.6239554317548747 0.3255244755244755
0 0.8241643454038997 0.031818181818181815 0.8659470752089137 0.031818181818181815 0.8659470752089137 0.001048951048951049 0.8241643454038997 0.001048951048951049 0.8241643454038997 0.031818181818181815
0 0.9912952646239555 0.12692307692307692 0.9996518105849582 0.12692307692307692 0.9996518105849582 0.10174825174825175 0.9912952646239555 0.10174825174825175 0.9912952646239555 0.12692307692307692