0 0.8230403800475059 0.4525089605734767 0.9097387173396675 0.4525089605734767 0.9097387173396675 0.3396057347670251 0.8230403800475059 0.3396057347670251 0.8230403800475059 0.4525089605734767
0 0.126187648456057 0.7486559139784946 0.21823040380047506 0.7486559139784946 0.21823040380047506 0.642921146953405 0.126187648456057 0.642921146953405 0.126187648456057 0.7486559139784946
0 0.007125890736342043 0.4699820788530466 0.07719714964370546 0.4699820788530466 0.07719714964370546 0.35976702508960573 0.007125890736342043 0.35976702508960573 0.007125890736342043 0.4699820788530466
0 0.8076009501187649 0.9991039426523297 0.8966745843230404 0.9991039426523297 0.8966745843230404 0.9050179211469535 0.8076009501187649 0.9050179211469535 0.8076009501187649 0.9991039426523297
0 0.17755344418052257 0.5264336917562724 0.24703087885985747 0.5264336917562724 0.24703087885985747 0.41801075268817206 0.17755344418052257 0.41801075268817206 0.17755344418052257 0.5264336917562724
0 0.22743467933491687 0.7083333333333334 0.31294536817102137 0.7083333333333334 0.31294536817102137 0.6043906810035843 0.22743467933491687 0.6043906810035843 0.22743467933491687 0.7083333333333334
0 0.9094418052256532 0.6267921146953405 0.9854513064133017 0.6267921146953405 0.9854513064133017 0.5049283154121864 0.9094418052256532 0.5049283154121864 0.9094418052256532 0.6267921146953405
0 0.7657363420427553 0.1814516129032258 0.8369952494061758 0.1814516129032258 0.8369952494061758 0.0775089605734767 0.7657363420427553 0.0775089605734767 0.7657363420427553 0.1814516129032258
0 0.5769002375296912 0.3216845878136201 0.6594418052256532 0.3216845878136201 0.6594418052256532 0.2132616487455197 0.5769002375296912 0.2132616487455197 0.5769002375296912 0.3216845878136201
0 0.7663301662707839 0.5344982078853047 0.8381828978622328 0.5344982078853047 0.8381828978622328 0.4117383512544803 0.7663301662707839 0.4117383512544803 0.7663301662707839 0.5344982078853047
0 0.7318883610451307 0.3301971326164875 0.8102731591448931 0.3301971326164875 0.8102731591448931 0.2253584229390681 0.7318883610451307 0.2253584229390681 0.7318883610451307 0.3301971326164875
0 0.8729216152019003 0.8602150537634409 0.9524940617577197 0.8602150537634409 0.9524940617577197 0.7150537634408602 0.8729216152019003 0.7150537634408602 0.8729216152019003 0.8602150537634409
0 0.2678147268408551 0.5210573476702509 0.33729216152019004 0.5210573476702509 0.33729216152019004 0.4090501792114695 0.2678147268408551 0.4090501792114695 0.2678147268408551 0.5210573476702509
0 0.13331353919239905 0.4614695340501792 0.2093230403800475 0.4614695340501792 0.2093230403800475 0.3467741935483871 0.13331353919239905 0.3467741935483871 0.13331353919239905 0.4614695340501792
0 0 0.2818100358422939 0.05760095011876484 0.2818100358422939 0.05760095011876484 0.1814516129032258 0 0.1814516129032258 0 0.2818100358422939
0 0.918646080760095 0.346326164874552 0.9994061757719715 0.346326164874552 0.9994061757719715 0.24327956989247312 0.918646080760095 0.24327956989247312 0.918646080760095 0.346326164874552
0 0.6974465558194775 0.235663082437276 0.7740498812351544 0.235663082437276 0.7740498812351544 0.13172043010752688 0.6974465558194775 0.13172043010752688 0.6974465558194775 0.235663082437276
0 0.4144893111638955 0.7159498207885304 0.4982185273159145 0.7159498207885304 0.4982185273159145 0.6030465949820788 0.4144893111638955 0.6030465949820788 0.4144893111638955 0.7159498207885304
0 0.6538004750593824 0.1796594982078853 0.7274346793349169 0.1796594982078853 0.7274346793349169 0.06406810035842293 0.6538004750593824 0.06406810035842293 0.6538004750593824 0.1796594982078853
0 0.5228622327790974 0.6662186379928315 0.607185273159145 0.6662186379928315 0.607185273159145 0.5380824372759857 0.5228622327790974 0.5380824372759857 0.5228622327790974 0.6662186379928315
0 0.5077197149643705 0.22401433691756273 0.5724465558194775 0.22401433691756273 0.5724465558194775 0.12096774193548387 0.5077197149643705 0.12096774193548387 0.5077197149643705 0.22401433691756273
0 0.5650237529691211 0.47939068100358423 0.629750593824228 0.47939068100358423 0.629750593824228 0.3593189964157706 0.5650237529691211 0.3593189964157706 0.5650237529691211 0.47939068100358423
0 0.03711401425178147 0.7625448028673835 0.11371733966745844 0.7625448028673835 0.11371733966745844 0.6460573476702509 0.03711401425178147 0.6460573476702509 0.03711401425178147 0.7625448028673835
0 0.055819477434679333 0.9807347670250897 0.13717339667458434 0.9807347670250897 0.13717339667458434 0.8445340501792115 0.055819477434679333 0.8445340501792115 0.055819477434679333 0.9807347670250897
0 0.10065320665083136 0.3696236559139785 0.17844418052256533 0.3696236559139785 0.17844418052256533 0.27732974910394265 0.10065320665083136 0.27732974910394265 0.10065320665083136 0.3696236559139785
0 0.8461995249406176 0.3418458781362007 0.921021377672209 0.3418458781362007 0.921021377672209 0.20922939068100357 0.8461995249406176 0.20922939068100357 0.8461995249406176 0.3418458781362007
0 0.23010688836104512 0.9390681003584229 0.3233372921615202 0.9390681003584229 0.3233372921615202 0.8091397849462365 0.23010688836104512 0.8091397849462365 0.23010688836104512 0.9390681003584229
0 0.07808788598574821 0.5425627240143369 0.14637767220902612 0.5425627240143369 0.14637767220902612 0.42159498207885304 0.07808788598574821 0.42159498207885304 0.07808788598574821 0.5425627240143369
0 0.08076009501187649 0.8418458781362007 0.1496437054631829 0.8418458781362007 0.1496437054631829 0.7271505376344086 0.08076009501187649 0.7271505376344086 0.08076009501187649 0.8418458781362007
0 0.07393111638954869 0.3024193548387097 0.14578384798099764 0.3024193548387097 0.14578384798099764 0.19937275985663083 0.07393111638954869 0.19937275985663083 0.07393111638954869 0.3024193548387097
0 0.31353919239904987 0.3906810035842294 0.3853919239904988 0.3906810035842294 0.3853919239904988 0.28046594982078854 0.31353919239904987 0.28046594982078854 0.31353919239904987 0.3906810035842294
0 0.44002375296912116 0.23790322580645162 0.505938242280285 0.23790322580645162 0.505938242280285 0.13754480286738352 0.44002375296912116 0.13754480286738352 0.44002375296912116 0.23790322580645162
0 0.5855106888361045 0.21594982078853048 0.6538004750593824 0.21594982078853048 0.6538004750593824 0.12275985663082438 0.5855106888361045 0.12275985663082438 0.5855106888361045 0.21594982078853048
0 0.1083729216152019 0.6559139784946236 0.18200712589073634 0.6559139784946236 0.18200712589073634 0.5421146953405018 0.1083729216152019 0.5421146953405018 0.1083729216152019 0.6559139784946236
0 0.26009501187648454 0.22043010752688172 0.32422802850356297 0.22043010752688172 0.32422802850356297 0.11469534050179211 0.26009501187648454 0.11469534050179211 0.26009501187648454 0.22043010752688172
0 0.16775534441805226 0.3109318996415771 0.23307600950118765 0.3109318996415771 0.23307600950118765 0.20430107526881722 0.16775534441805226 0.20430107526881722 0.16775534441805226 0.3109318996415771
0 0.25267220902612825 0.3033154121863799 0.31383610451306415 0.3033154121863799 0.31383610451306415 0.20922939068100357 0.25267220902612825 0.20922939068100357 0.25267220902612825 0.3033154121863799
0 0.5760095011876485 0.13485663082437277 0.6472684085510689 0.13485663082437277 0.6472684085510689 0.030913978494623656 0.5760095011876485 0.030913978494623656 0.5760095011876485 0.13485663082437277
0 0.2209026128266033 1 0.2209026128266033 0.921146953405018 0.14192399049881235 0.921146953405018 0.14192399049881235 1 0.2209026128266033 1
0 0.4421021377672209 0.14068100358422939 0.5080166270783848 0.14068100358422939 0.5080166270783848 0.04659498207885305 0.4421021377672209 0.04659498207885305 0.4421021377672209 0.14068100358422939
0 0.20308788598574823 0.3767921146953405 0.26068883610451304 0.3767921146953405 0.26068883610451304 0.2710573476702509 0.20308788598574823 0.2710573476702509 0.20308788598574823 0.3767921146953405
0 0.9498218527315915 0.9041218637992832 0.9997030878859857 0.9041218637992832 0.9997030878859857 0.7616487455197133 0.9498218527315915 0.7616487455197133 0.9498218527315915 0.9041218637992832
0 0.7167458432304038 0.11514336917562724 0.7963182897862233 0.11514336917562724 0.7963182897862233 0.012992831541218637 0.7167458432304038 0.012992831541218637 0.7167458432304038 0.11514336917562724
0 0.019596199524940617 0.3611111111111111 0.08788598574821853 0.3611111111111111 0.08788598574821853 0.2616487455197133 0.019596199524940617 0.2616487455197133 0.019596199524940617 0.3611111111111111
0 0.016330166270783847 0.639336917562724 0.08521377672209027 0.639336917562724 0.08521377672209027 0.5237455197132617 0.016330166270783847 0.5237455197132617 0.016330166270783847 0.639336917562724
0 0.17131828978622327 0.20698924731182797 0.23960807600950118 0.20698924731182797 0.23960807600950118 0.11559139784946236 0.17131828978622327 0.11559139784946236 0.17131828978622327 0.20698924731182797
0 0.10243467933491686 0.17069892473118278 0.16419239904988123 0.17069892473118278 0.16419239904988123 0.08288530465949821 0.10243467933491686 0.08288530465949821 0.10243467933491686 0.17069892473118278
0 0 0.1989247311827957 0.030285035629453682 0.1989247311827957 0.030285035629453682 0.11469534050179211 0 0.11469534050179211 0 0.1989247311827957
0 0.3646080760095012 0.2871863799283154 0.4358669833729216 0.2871863799283154 0.4358669833729216 0.1689068100358423 0.3646080760095012 0.1689068100358423 0.3646080760095012 0.2871863799283154
0 0.21763657957244656 0.8467741935483871 0.29899049881235157 0.8467741935483871 0.29899049881235157 0.7222222222222222 0.21763657957244656 0.7222222222222222 0.21763657957244656 0.8467741935483871
0 0.5210807600950119 0.10618279569892473 0.5869952494061758 0.10618279569892473 0.5869952494061758 0.0013440860215053765 0.5210807600950119 0.0013440860215053765 0.5210807600950119 0.10618279569892473
0 0.6478622327790974 0 0.6478622327790974 0.07885304659498207 0.7209026128266033 0.07885304659498207 0.7209026128266033 0 0.6478622327790974 0
0 0.9421021377672208 0.260752688172043 0.9991092636579573 0.260752688172043 0.9991092636579573 0.1603942652329749 0.9421021377672208 0.1603942652329749 0.9421021377672208 0.260752688172043
0 0.31205463182897863 0.128584229390681 0.3755938242280285 0.128584229390681 0.3755938242280285 0.03718637992831541 0.31205463182897863 0.03718637992831541 0.31205463182897863 0.128584229390681
0 0.23129453681710213 0.1532258064516129 0.29483372921615203 0.1532258064516129 0.29483372921615203 0.05197132616487455 0.23129453681710213 0.05197132616487455 0.23129453681710213 0.1532258064516129
0 0.5415676959619953 0.9995519713261649 0.6241092636579573 0.9995519713261649 0.6241092636579573 0.9224910394265233 0.5415676959619953 0.9224910394265233 0.5415676959619953 0.9995519713261649
0 0.42963182897862234 0.5734767025089605 0.5115795724465558 0.5734767025089605 0.5115795724465558 0.4444444444444444 0.42963182897862234 0.4444444444444444 0.42963182897862234 0.5734767025089605
0 0.0002969121140142518 0.4117383512544803 0.01811163895486936 0.4117383512544803 0.01811163895486936 0.32661290322580644 0.0002969121140142518 0.32661290322580644 0.0002969121140142518 0.4117383512544803
0 0.0498812351543943 0.22356630824372759 0.11104513064133016 0.22356630824372759 0.11104513064133016 0.11603942652329749 0.0498812351543943 0.11603942652329749 0.0498812351543943 0.22356630824372759
0 0.42131828978622327 0 0.42131828978622327 0.06899641577060932 0.48188836104513066 0.06899641577060932 0.48188836104513066 0 0.42131828978622327 0
0 0.3675771971496437 0 0.3675771971496437 0.051075268817204304 0.42161520190023755 0.051075268817204304 0.42161520190023755 0 0.3675771971496437 0
0 0.9459619952494062 0 0.9459619952494062 0.051075268817204304 0.9994061757719715 0.051075268817204304 0.9994061757719715 0 0.9459619952494062 0
0 0.11490498812351543 0.08915770609318996 0.18141330166270783 0.08915770609318996 0.18141330166270783 0.0031362007168458782 0.11490498812351543 0.0031362007168458782 0.11490498812351543 0.08915770609318996
0 0.03800475059382423 0.10215053763440861 0.09798099762470308 0.10215053763440861 0.09798099762470308 0.004480286738351254 0.03800475059382423 0.004480286738351254 0.03800475059382423 0.10215053763440861
0 0.8764845605700713 0.05152329749103943 0.9423990498812351 0.05152329749103943 0.9423990498812351 0.00044802867383512545 0.8764845605700713 0.00044802867383512545 0.8764845605700713 0.05152329749103943
0 0.4851543942992874 0.05152329749103943 0.5326603325415677 0.05152329749103943 0.5326603325415677 0.00044802867383512545 0.4851543942992874 0.00044802867383512545 0.4851543942992874 0.05152329749103943
0 0.0002969121140142518 0.5268817204301075 0.01811163895486936 0.5268817204301075 0.01811163895486936 0.4292114695340502 0.0002969121140142518 0.4292114695340502 0.0002969121140142518 0.5268817204301075
0 0.24584323040380046 0 0.24584323040380046 0.0528673835125448 0.3010688836104513 0.0528673835125448 0.3010688836104513 0 0.24584323040380046 0
0 0.5941211401425178 0 0.5941211401425178 0.036738351254480286 0.6564726840855107 0.036738351254480286 0.6564726840855107 0 0.5941211401425178 0
0 0 0.11200716845878136 0.013657957244655582 0.11200716845878136 0.013657957244655582 0.05017921146953405 0 0.05017921146953405 0 0.11200716845878136
0 0.7217933491686461 0.023745519713261647 0.796021377672209 0.023745519713261647 0.796021377672209 0.0031362007168458782 0.7217933491686461 0.0031362007168458782 0.7217933491686461 0.023745519713261647