0 0.7497712717291857 0.8453947368421053 0.8517840805123513 0.8453947368421053 0.8517840805123513 0.6875 0.7497712717291857 0.6875 0.7497712717291857 0.8453947368421053
0 0.6704025617566332 0.9337993421052632 0.7669258920402562 0.9337993421052632 0.7669258920402562 0.7791940789473685 0.6704025617566332 0.7791940789473685 0.6704025617566332 0.9337993421052632
0 0.8787740164684354 0.7479440789473685 0.9830741079597438 0.7479440789473685 0.9830741079597438 0.5900493421052632 0.8787740164684354 0.5900493421052632 0.8787740164684354 0.7479440789473685
0 0.5807410795974383 0.7195723684210527 0.6722323879231473 0.7195723684210527 0.6722323879231473 0.5740131578947368 0.5807410795974383 0.5740131578947368 0.5807410795974383 0.7195723684210527
0 0.5249313815187557 0.42269736842105265 0.6177950594693504 0.42269736842105265 0.6177950594693504 0.28125 0.5249313815187557 0.28125 0.5249313815187557 0.42269736842105265
0 0.40141811527904847 0.514391447368421 0.49107959743824336 0.514391447368421 0.49107959743824336 0.3729440789473684 0.40141811527904847 0.3729440789473684 0.40141811527904847 0.514391447368421
0 0.21431838975297346 0.1225328947368421 0.30718206770356815 0.1225328947368421 0.30718206770356815 0.0008223684210526315 0.21431838975297346 0.0008223684210526315 0.21431838975297346 0.1225328947368421
0 0.7019670631290027 0 0.7019670631290027 0.12088815789473684 0.8039798719121684 0.12088815789473684 0.8039798719121684 0 0.7019670631290027 0
0 0.31084172003659655 0.8071546052631579 0.4096523330283623 0.8071546052631579 0.4096523330283623 0.6533717105263158 0.31084172003659655 0.6533717105263158 0.31084172003659655 0.8071546052631579
0 0.4615736505032022 0.8157894736842105 0.5530649588289113 0.8157894736842105 0.5530649588289113 0.6677631578947368 0.4615736505032022 0.6677631578947368 0.4615736505032022 0.8157894736842105
0 0.028819762122598354 0.21710526315789475 0.12442817932296432 0.21710526315789475 0.12442817932296432 0.09292763157894737 0.028819762122598354 0.09292763157894737 0.028819762122598354 0.21710526315789475
0 0.5361390667886551 0.9185855263157895 0.6235132662397073 0.9185855263157895 0.6235132662397073 0.7672697368421053 0.5361390667886551 0.7672697368421053 0.5361390667886551 0.9185855263157895
0 0.7040256175663312 1 0.7040256175663312 0.8708881578947368 0.6088746569075938 0.8708881578947368 0.6088746569075938 1 0.7040256175663312 1
0 0.38449222323879234 0.6994243421052632 0.47964318389752975 0.6994243421052632 0.47964318389752975 0.5629111842105263 0.38449222323879234 0.5629111842105263 0.38449222323879234 0.6994243421052632
0 0.18915827996340348 0.7841282894736842 0.27881976212259835 0.7841282894736842 0.27881976212259835 0.6435032894736842 0.18915827996340348 0.6435032894736842 0.18915827996340348 0.7841282894736842
0 0.39913083257090576 0.9033717105263158 0.4869624885635865 0.9033717105263158 0.4869624885635865 0.7594572368421053 0.39913083257090576 0.7594572368421053 0.39913083257090576 0.9033717105263158
0 0.851555352241537 1 0.851555352241537 0.8856907894736842 0.755032021957914 0.8856907894736842 0.755032021957914 1 0.851555352241537 1
0 0.5512351326623971 1 0.5512351326623971 0.8618421052631579 0.46111619396157366 0.8618421052631579 0.46111619396157366 1 0.5512351326623971 1
0 0.10041171088746569 0.6796875 0.18778591033851785 0.6796875 0.18778591033851785 0.5489309210526315 0.10041171088746569 0.5489309210526315 0.10041171088746569 0.6796875
0 0.9768984446477584 0.0990953947368421 0.9997712717291857 0.0990953947368421 0.9997712717291857 0.00041118421052631577 0.9768984446477584 0.00041118421052631577 0.9768984446477584 0.0990953947368421
0 0 0.2138157894736842 0.03339432753888381 0.2138157894736842 0.03339432753888381 0.09046052631578948 0 0.09046052631578948 0 0.2138157894736842
0 0.11413540713632205 1 0.11413540713632205 0.8947368421052632 0.01212259835315645 0.8947368421052632 0.01212259835315645 1 0.11413540713632205 1
0 0.4778133577310156 1 0.4778133577310156 0.9432565789473685 0.3927264409881061 0.9432565789473685 0.3927264409881061 1 0.4778133577310156 1
0 0.616651418115279 1 0.616651418115279 0.9555921052631579 0.5361390667886551 0.9555921052631579 0.5361390667886551 1 0.616651418115279 1