0 0.029081632653061223 0.9407679738562091 0.1413265306122449 0.9407679738562091 0.1413265306122449 0.8410947712418301 0.029081632653061223 0.8410947712418301 0.029081632653061223 0.9407679738562091
0 0.5357142857142857 0.21977124183006536 0.6448979591836734 0.21977124183006536 0.6448979591836734 0.14950980392156862 0.5357142857142857 0.14950980392156862 0.5357142857142857 0.21977124183006536
0 0.8663265306122448 0.35049019607843135 0.9663265306122449 0.35049019607843135 0.9663265306122449 0.2638888888888889 0.8663265306122448 0.2638888888888889 0.8663265306122448 0.35049019607843135
0 0.5510204081632653 0.5796568627450981 0.6571428571428571 0.5796568627450981 0.6571428571428571 0.5020424836601307 0.5510204081632653 0.5020424836601307 0.5510204081632653 0.5796568627450981
0 0.34438775510204084 0.6495098039215687 0.4698979591836735 0.6495098039215687 0.4698979591836735 0.5694444444444444 0.34438775510204084 0.5694444444444444 0.34438775510204084 0.6495098039215687
0 0.8826530612244898 0.5163398692810458 0.996938775510204 0.5163398692810458 0.996938775510204 0.42892156862745096 0.8826530612244898 0.42892156862745096 0.8826530612244898 0.5163398692810458
0 0.5556122448979591 0.502859477124183 0.6627551020408163 0.502859477124183 0.6627551020408163 0.42034313725490197 0.5556122448979591 0.42034313725490197 0.5556122448979591 0.502859477124183
0 0.13520408163265307 0.24673202614379086 0.24948979591836734 0.24673202614379086 0.24948979591836734 0.16993464052287582 0.13520408163265307 0.16993464052287582 0.13520408163265307 0.24673202614379086
0 0.48673469387755103 0.9669117647058824 0.6081632653061224 0.9669117647058824 0.6081632653061224 0.8827614379084967 0.48673469387755103 0.8827614379084967 0.48673469387755103 0.9669117647058824
0 0.5535714285714286 0.6715686274509803 0.6596938775510204 0.6715686274509803 0.6596938775510204 0.5874183006535948 0.5535714285714286 0.5874183006535948 0.5535714285714286 0.6715686274509803
0 0.6576530612244897 0.7079248366013072 0.7862244897959184 0.7079248366013072 0.7862244897959184 0.627859477124183 0.6576530612244897 0.627859477124183 0.6576530612244897 0.7079248366013072
0 0 0.22998366013071894 0.10102040816326531 0.22998366013071894 0.10102040816326531 0.1597222222222222 0 0.1597222222222222 0 0.22998366013071894
0 0.6209183673469387 0.28431372549019607 0.7270408163265306 0.28431372549019607 0.7270408163265306 0.20669934640522875 0.6209183673469387 0.20669934640522875 0.6209183673469387 0.28431372549019607
0 0.14642857142857144 0.9640522875816994 0.2556122448979592 0.9640522875816994 0.2556122448979592 0.8594771241830066 0.14642857142857144 0.8594771241830066 0.14642857142857144 0.9640522875816994
0 0.6663265306122449 0.7900326797385621 0.7795918367346939 0.7900326797385621 0.7795918367346939 0.7075163398692811 0.6663265306122449 0.7075163398692811 0.6663265306122449 0.7900326797385621
0 0.6591836734693878 0.553921568627451 0.773469387755102 0.553921568627451 0.773469387755102 0.4738562091503268 0.6591836734693878 0.4738562091503268 0.6591836734693878 0.553921568627451
0 0.6392857142857142 0.6303104575163399 0.7505102040816326 0.6303104575163399 0.7505102040816326 0.5502450980392157 0.6392857142857142 0.5502450980392157 0.6392857142857142 0.6303104575163399
0 0.676530612244898 0.46895424836601307 0.7908163265306123 0.46895424836601307 0.7908163265306123 0.3799019607843137 0.676530612244898 0.3799019607843137 0.676530612244898 0.46895424836601307
0 0.45357142857142857 0.883578431372549 0.5668367346938775 0.883578431372549 0.5668367346938775 0.8125 0.45357142857142857 0.8125 0.45357142857142857 0.883578431372549
0 0.9280612244897959 0.2201797385620915 0.9994897959183674 0.2201797385620915 0.9994897959183674 0.1474673202614379 0.9280612244897959 0.1474673202614379 0.9280612244897959 0.2201797385620915
0 0.7464285714285714 0.5130718954248366 0.8647959183673469 0.5130718954248366 0.8647959183673469 0.43709150326797386 0.7464285714285714 0.43709150326797386 0.7464285714285714 0.5130718954248366
0 0.7045918367346938 0.8586601307189542 0.814795918367347 0.8586601307189542 0.814795918367347 0.7712418300653595 0.7045918367346938 0.7712418300653595 0.7045918367346938 0.8586601307189542
0 0.6443877551020408 0.21609477124183007 0.7709183673469387 0.21609477124183007 0.7709183673469387 0.1474673202614379 0.6443877551020408 0.1474673202614379 0.6443877551020408 0.21609477124183007
0 0.561734693877551 0.34681372549019607 0.6760204081632653 0.34681372549019607 0.6760204081632653 0.2724673202614379 0.561734693877551 0.2724673202614379 0.561734693877551 0.34681372549019607
0 0.27040816326530615 0.9183006535947712 0.37755102040816324 0.9183006535947712 0.37755102040816324 0.8251633986928104 0.27040816326530615 0.8251633986928104 0.27040816326530615 0.9183006535947712
0 0.4897959183673469 0.8161764705882353 0.610204081632653 0.8161764705882353 0.610204081632653 0.7295751633986928 0.4897959183673469 0.7295751633986928 0.4897959183673469 0.8161764705882353
0 0.6933673469387756 0.9370915032679739 0.8066326530612244 0.9370915032679739 0.8066326530612244 0.863562091503268 0.6933673469387756 0.863562091503268 0.6933673469387756 0.9370915032679739
0 0.5811224489795919 0.7618464052287581 0.6780612244897959 0.7618464052287581 0.6780612244897959 0.6768790849673203 0.5811224489795919 0.6768790849673203 0.5811224489795919 0.7618464052287581
0 0.5795918367346938 0.8937908496732027 0.673469387755102 0.8937908496732027 0.673469387755102 0.8031045751633987 0.5795918367346938 0.8031045751633987 0.5795918367346938 0.8937908496732027
0 0 0.798202614379085 0.06836734693877551 0.798202614379085 0.06836734693877551 0.7214052287581699 0 0.7214052287581699 0 0.798202614379085
0 0.814795918367347 0.9685457516339869 0.9096938775510204 0.9685457516339869 0.9096938775510204 0.8860294117647058 0.814795918367347 0.8860294117647058 0.814795918367347 0.9685457516339869
0 0.09948979591836735 0.7638888888888888 0.2239795918367347 0.7638888888888888 0.2239795918367347 0.6838235294117647 0.09948979591836735 0.6838235294117647 0.09948979591836735 0.7638888888888888
0 0.06224489795918367 0.8370098039215687 0.1989795918367347 0.8370098039215687 0.1989795918367347 0.7675653594771242 0.06224489795918367 0.7675653594771242 0.06224489795918367 0.8370098039215687
0 0.996938775510204 1 0.996938775510204 0.9485294117647058 0.8724489795918368 0.9485294117647058 0.8724489795918368 1 0.996938775510204 1
0 0.8367346938775511 1 0.8367346938775511 0.9452614379084967 0.7316326530612245 0.9452614379084967 0.7316326530612245 1 0.8367346938775511 1
0 0.7923469387755102 0.8872549019607843 0.9005102040816326 0.8872549019607843 0.9005102040816326 0.8006535947712419 0.7923469387755102 0.8006535947712419 0.7923469387755102 0.8872549019607843
0 0.6153061224489796 0.9987745098039216 0.7214285714285714 0.9987745098039216 0.7214285714285714 0.8974673202614379 0.6153061224489796 0.8974673202614379 0.6153061224489796 0.9987745098039216
0 0.19540816326530613 1 0.19540816326530613 0.9411764705882353 0.05765306122448979 0.9411764705882353 0.05765306122448979 1 0.19540816326530613 1
0 0.9331632653061225 0.30269607843137253 0.9994897959183674 0.30269607843137253 0.9994897959183674 0.22263071895424835 0.9331632653061225 0.22263071895424835 0.9331632653061225 0.30269607843137253
0 0.9607142857142857 0.7532679738562091 0.9994897959183674 0.7532679738562091 0.9994897959183674 0.6593137254901961 0.9607142857142857 0.6593137254901961 0.9607142857142857 0.7532679738562091
0 0.948469387755102 0.3888888888888889 0.9994897959183674 0.3888888888888889 0.9994897959183674 0.3112745098039216 0.948469387755102 0.3112745098039216 0.948469387755102 0.3888888888888889
0 0 0.6168300653594772 0.05918367346938776 0.6168300653594772 0.05918367346938776 0.5441176470588235 0 0.5441176470588235 0 0.6168300653594772
0 0.6270408163265306 1 0.6270408163265306 0.9599673202614379 0.5229591836734694 0.9599673202614379 0.5229591836734694 1 0.6270408163265306 1
0 0.5193877551020408 1 0.5193877551020408 0.9803921568627451 0.4346938775510204 0.9803921568627451 0.4346938775510204 1 0.5193877551020408 1
0 0.9892857142857143 0.42769607843137253 0.9994897959183674 0.42769607843137253 0.9994897959183674 0.3901143790849673 0.9892857142857143 0.3901143790849673 0.9892857142857143 0.42769607843137253