0 0.4123550401427297 0.3347039473684211 0.4895182872435326 0.3347039473684211 0.4895182872435326 0.17927631578947367 0.4123550401427297 0.17927631578947367 0.4123550401427297 0.3347039473684211
0 0.2468777876895629 0.5049342105263158 0.33385370205173953 0.5049342105263158 0.33385370205173953 0.3840460526315789 0.2468777876895629 0.3840460526315789 0.2468777876895629 0.5049342105263158
0 0.6237734165923283 0.29769736842105265 0.7147636039250669 0.29769736842105265 0.7147636039250669 0.15871710526315788 0.6237734165923283 0.15871710526315788 0.6237734165923283 0.29769736842105265
0 0.455842997323818 0.5057565789473685 0.5370205173951829 0.5057565789473685 0.5370205173951829 0.3692434210526316 0.455842997323818 0.3692434210526316 0.455842997323818 0.5057565789473685
0 0.3661909009812667 0.24753289473684212 0.43487957181088316 0.24753289473684212 0.43487957181088316 0.08963815789473684 0.3661909009812667 0.08963815789473684 0.3661909009812667 0.24753289473684212
0 0.21654772524531668 0.2791940789473684 0.28300624442462086 0.2791940789473684 0.28300624442462086 0.12623355263157895 0.21654772524531668 0.12623355263157895 0.21654772524531668 0.2791940789473684
0 0.27074041034790364 0.3762335526315789 0.34834968777876896 0.3762335526315789 0.34834968777876896 0.23067434210526316 0.27074041034790364 0.23067434210526316 0.27074041034790364 0.3762335526315789
0 0.6251115075825157 0.829358552631579 0.7156556645851918 0.829358552631579 0.7156556645851918 0.6961348684210527 0.6251115075825157 0.6961348684210527 0.6251115075825157 0.829358552631579
0 0.7975022301516503 0.47039473684210525 0.8791257805530777 0.47039473684210525 0.8791257805530777 0.3092105263157895 0.7975022301516503 0.3092105263157895 0.7975022301516503 0.47039473684210525
0 0.727921498661909 0.5102796052631579 0.8108831400535237 0.5102796052631579 0.8108831400535237 0.3762335526315789 0.727921498661909 0.3762335526315789 0.727921498661909 0.5102796052631579
0 0.49933095450490633 0.6426809210526315 0.5747100802854594 0.6426809210526315 0.5747100802854594 0.4847861842105263 0.49933095450490633 0.4847861842105263 0.49933095450490633 0.6426809210526315
0 0.21922390722569135 0.8412828947368421 0.2990633363068689 0.8412828947368421 0.2990633363068689 0.7105263157894737 0.21922390722569135 0.7105263157894737 0.21922390722569135 0.8412828947368421
0 0.5657894736842105 0.5435855263157895 0.6376003568242641 0.5435855263157895 0.6376003568242641 0.3832236842105263 0.5657894736842105 0.3832236842105263 0.5657894736842105 0.5435855263157895
0 0.00022301516503122213 0.20518092105263158 0.055976806422836756 0.20518092105263158 0.055976806422836756 0.0834703947368421 0.00022301516503122213 0.0834703947368421 0.00022301516503122213 0.20518092105263158
0 0.282114183764496 0.24095394736842105 0.36106155218554864 0.24095394736842105 0.36106155218554864 0.10032894736842106 0.282114183764496 0.10032894736842106 0.282114183764496 0.24095394736842105
0 0.7013826940231935 0.7713815789473685 0.7794380017841214 0.7713815789473685 0.7794380017841214 0.6167763157894737 0.7013826940231935 0.6167763157894737 0.7013826940231935 0.7713815789473685
0 0.11418376449598573 0.7504111842105263 0.19134701159678857 0.7504111842105263 0.19134701159678857 0.6114309210526315 0.11418376449598573 0.6114309210526315 0.11418376449598573 0.7504111842105263
0 0.6766280107047279 0.18338815789473684 0.7636039250669046 0.18338815789473684 0.7636039250669046 0.03782894736842105 0.6766280107047279 0.03782894736842105 0.6766280107047279 0.18338815789473684
0 0.7533452274754683 0.6648848684210527 0.8322925958965209 0.6648848684210527 0.8322925958965209 0.5152138157894737 0.7533452274754683 0.5152138157894737 0.7533452274754683 0.6648848684210527
0 0.5836306868867083 0 0.5836306868867083 0.08552631578947369 0.6679304192685103 0.08552631578947369 0.6679304192685103 0 0.5836306868867083 0
0 0.8445584299732382 0.8778782894736842 0.9185994647636039 0.8778782894736842 0.9185994647636039 0.7265625 0.8445584299732382 0.7265625 0.8445584299732382 0.8778782894736842
0 0.7111953612845674 0.9226973684210527 0.7910347903657449 0.9226973684210527 0.7910347903657449 0.7796052631578947 0.7111953612845674 0.7796052631578947 0.7111953612845674 0.9226973684210527
0 0.051070472792149865 0.8042763157894737 0.13403211418376448 0.8042763157894737 0.13403211418376448 0.6726973684210527 0.051070472792149865 0.6726973684210527 0.051070472792149865 0.8042763157894737
0 0.7901427297056199 0.9991776315789473 0.8606155218554862 0.9991776315789473 0.8606155218554862 0.8379934210526315 0.7901427297056199 0.8379934210526315 0.7901427297056199 0.9991776315789473
0 0.8351917930419268 0.7166940789473685 0.9020963425512935 0.7166940789473685 0.9020963425512935 0.5555098684210527 0.8351917930419268 0.5555098684210527 0.8351917930419268 0.7166940789473685
0 0.7546833184656556 0.11800986842105263 0.8376449598572703 0.11800986842105263 0.8376449598572703 0.00041118421052631577 0.7546833184656556 0.00041118421052631577 0.7546833184656556 0.11800986842105263
0 0.33340767172167707 0.0703125 0.4123550401427297 0.0703125 0.4123550401427297 0.00041118421052631577 0.33340767172167707 0.00041118421052631577 0.33340767172167707 0.0703125
0 0.778099910793934 0.826891447368421 0.8458965209634255 0.826891447368421 0.8458965209634255 0.6747532894736842 0.778099910793934 0.6747532894736842 0.778099910793934 0.826891447368421
0 0.03412132024977699 0.9222861842105263 0.12377341659232828 0.9222861842105263 0.12377341659232828 0.7972861842105263 0.03412132024977699 0.7972861842105263 0.03412132024977699 0.9222861842105263
0 0.5049063336306869 0.9995888157894737 0.5718108831400536 0.9995888157894737 0.5718108831400536 0.938733552631579 0.5049063336306869 0.938733552631579 0.5049063336306869 0.9995888157894737
0 0.6199821587867975 0.9995888157894737 0.7136485280999108 0.9995888157894737 0.7136485280999108 0.9181743421052632 0.6199821587867975 0.9181743421052632 0.6199821587867975 0.9995888157894737
0 0.44781445138269405 0 0.44781445138269405 0.06414473684210527 0.5325602140945584 0.06414473684210527 0.5325602140945584 0 0.44781445138269405 0
0 0.00022301516503122213 0.9000822368421053 0.03189116859946477 0.9000822368421053 0.03189116859946477 0.7857730263157895 0.00022301516503122213 0.7857730263157895 0.00022301516503122213 0.9000822368421053
0 0.04861730597680642 0.9995888157894737 0.13380909901873328 0.9995888157894737 0.13380909901873328 0.9255756578947368 0.04861730597680642 0.9255756578947368 0.04861730597680642 0.9995888157894737
0 0.7100802854594113 0.9995888157894737 0.7957181088314005 0.9995888157894737 0.7957181088314005 0.9189967105263158 0.7100802854594113 0.9189967105263158 0.7100802854594113 0.9995888157894737
0 0.09946476360392506 0 0.09946476360392506 0.06661184210526316 0.18108831400535236 0.06661184210526316 0.18108831400535236 0 0.09946476360392506 0
0 0.21632471008028545 0 0.21632471008028545 0.04851973684210526 0.30017841213202495 0.04851973684210526 0.30017841213202495 0 0.21632471008028545 0
0 0 0.7808388157894737 0.011150758251561105 0.7808388157894737 0.011150758251561105 0.6821546052631579 0 0.6821546052631579 0 0.7808388157894737
0 0.6904549509366636 0 0.6904549509366636 0.03700657894736842 0.7658340767172168 0.03700657894736842 0.7658340767172168 0 0.6904549509366636 0