0 0.8268 0.3707207207207207 0.892 0.3707207207207207 0.892 0.2328828828828829 0.8268 0.2328828828828829 0.8268 0.3707207207207207
0 0.8188 0.218018018018018 0.8756 0.218018018018018 0.8756 0.07837837837837838 0.8188 0.07837837837837838 0.8188 0.218018018018018
0 0.894 0.9932432432432432 0.9612 0.9932432432432432 0.9612 0.8211711711711712 0.894 0.8211711711711712 0.894 0.9932432432432432
0 0.9204 0.5725225225225226 0.9792 0.5725225225225226 0.9792 0.41396396396396395 0.9204 0.41396396396396395 0.9204 0.5725225225225226
0 0.4674 0.20045045045045046 0.5302 0.20045045045045046 0.5302 0.06351351351351352 0.4674 0.06351351351351352 0.4674 0.20045045045045046
0 0.8734 0.2801801801801802 0.9506 0.2801801801801802 0.9506 0.14054054054054055 0.8734 0.14054054054054055 0.8734 0.2801801801801802
0 0.7736 0.2990990990990991 0.8284 0.2990990990990991 0.8284 0.15855855855855855 0.7736 0.15855855855855855 0.7736 0.2990990990990991
0 0.3516 0.22792792792792793 0.4156 0.22792792792792793 0.4156 0.11621621621621622 0.3516 0.11621621621621622 0.3516 0.22792792792792793
0 0.8552 0.5211711711711712 0.9176 0.5211711711711712 0.9176 0.37792792792792795 0.8552 0.37792792792792795 0.8552 0.5211711711711712
0 0.7922 0.4851351351351351 0.8506 0.4851351351351351 0.8506 0.33288288288288287 0.7922 0.33288288288288287 0.7922 0.4851351351351351
0 0.647 0.2648648648648649 0.7038 0.2648648648648649 0.7038 0.11531531531531532 0.647 0.11531531531531532 0.647 0.2648648648648649
0 0.9314 0.7315315315315315 0.9918 0.7315315315315315 0.9918 0.581081081081081 0.9314 0.581081081081081 0.9314 0.7315315315315315
0 0.702 0.331981981981982 0.7636 0.331981981981982 0.7636 0.19504504504504505 0.702 0.19504504504504505 0.702 0.331981981981982
0 0.7532 0.5837837837837838 0.8152 0.5837837837837838 0.8152 0.45675675675675675 0.7532 0.45675675675675675 0.7532 0.5837837837837838
0 0.5152 0.2689189189189189 0.5736 0.2689189189189189 0.5736 0.13378378378378378 0.5152 0.13378378378378378 0.5152 0.2689189189189189
0 0.925 0.17342342342342343 0.999 0.17342342342342343 0.999 0.05 0.925 0.05 0.925 0.17342342342342343
0 0.8926 0.4126126126126126 0.963 0.4126126126126126 0.963 0.2873873873873874 0.8926 0.2873873873873874 0.8926 0.4126126126126126
0 0.5966 0.23423423423423423 0.6494 0.23423423423423423 0.6494 0.0918918918918919 0.5966 0.0918918918918919 0.5966 0.23423423423423423
0 0.8166 0.6297297297297297 0.8734 0.6297297297297297 0.8734 0.481981981981982 0.8166 0.481981981981982 0.8166 0.6297297297297297
0 0.8296 0.7828828828828829 0.8896 0.7828828828828829 0.8896 0.6351351351351351 0.8296 0.6351351351351351 0.8296 0.7828828828828829
0 0.771 0.15315315315315314 0.8242 0.15315315315315314 0.8242 0.017117117117117116 0.771 0.017117117117117116 0.771 0.15315315315315314
0 0.7136 0.6914414414414415 0.768 0.6914414414414415 0.768 0.5509009009009009 0.7136 0.5509009009009009 0.7136 0.6914414414414415
0 0.8302 0.9126126126126126 0.889 0.9126126126126126 0.889 0.7783783783783784 0.8302 0.7783783783783784 0.8302 0.9126126126126126
0 0.879 0.6621621621621622 0.9342 0.6621621621621622 0.9342 0.5234234234234234 0.879 0.5234234234234234 0.879 0.6621621621621622
0 0.6394 0.39774774774774774 0.703 0.39774774774774774 0.703 0.2689189189189189 0.6394 0.2689189189189189 0.6394 0.39774774774774774
0 0.6638 0.527927927927928 0.725 0.527927927927928 0.725 0.3945945945945946 0.6638 0.3945945945945946 0.6638 0.527927927927928
0 0.9496 0.3396396396396396 0.9996 0.3396396396396396 0.9996 0.17207207207207206 0.9496 0.17207207207207206 0.9496 0.3396396396396396
0 0.9378 0.8923423423423423 0.9998 0.8923423423423423 0.9998 0.7355855855855856 0.9378 0.7355855855855856 0.9378 0.8923423423423423
0 0.7124 0.19324324324324324 0.77 0.19324324324324324 0.77 0.0490990990990991 0.7124 0.0490990990990991 0.7124 0.19324324324324324
0 0.7334 0.47477477477477475 0.7886 0.47477477477477475 0.7886 0.3261261261261261 0.7334 0.3261261261261261 0.7334 0.47477477477477475
0 0.8658 0 0.8658 0.13423423423423422 0.9266 0.13423423423423422 0.9266 0 0.8658 0
0 0.7706 0.7157657657657658 0.8262 0.7157657657657658 0.8262 0.5842342342342343 0.7706 0.5842342342342343 0.7706 0.7157657657657658
0 0.8582 1 0.8582 0.8747747747747747 0.7998 0.8747747747747747 0.7998 1 0.8582 1
0 0.2106 0.16396396396396395 0.2714 0.16396396396396395 0.2714 0.05855855855855856 0.2106 0.05855855855855856 0.2106 0.16396396396396395
0 0.1568 0.16666666666666666 0.2128 0.16666666666666666 0.2128 0.05675675675675676 0.1568 0.05675675675675676 0.1568 0.16666666666666666
0 0.185 0.2756756756756757 0.2438 0.2756756756756757 0.2438 0.17297297297297298 0.185 0.17297297297297298 0.185 0.2756756756756757
0 0.4474 0.07837837837837838 0.5078 0.07837837837837838 0.5078 0.0009009009009009009 0.4474 0.0009009009009009009 0.4474 0.07837837837837838
0 0.5884 0.08063063063063063 0.6512 0.08063063063063063 0.6512 0.00045045045045045046 0.5884 0.00045045045045045046 0.5884 0.08063063063063063
0 0.9668 0.47702702702702704 0.9996 0.47702702702702704 0.9996 0.34459459459459457 0.9668 0.34459459459459457 0.9668 0.47702702702702704
0 0.8162 0 0.8162 0.07387387387387387 0.8714 0.07387387387387387 0.8714 0 0.8162 0
0 0.1408 0.2436936936936937 0.1872 0.2436936936936937 0.1872 0.15090090090090091 0.1408 0.15090090090090091 0.1408 0.2436936936936937
0 0.3498 0.07792792792792792 0.4146 0.07792792792792792 0.4146 0.00045045045045045046 0.3498 0.00045045045045045046 0.3498 0.07792792792792792
0 0.118 0.1572072072072072 0.1596 0.1572072072072072 0.1596 0.052702702702702706 0.118 0.052702702702702706 0.118 0.1572072072072072
0 0.0998 0.6707207207207208 0.1474 0.6707207207207208 0.1474 0.5644144144144144 0.0998 0.5644144144144144 0.0998 0.6707207207207208
0 0.6998 0 0.6998 0.06396396396396396 0.7566 0.06396396396396396 0.7566 0 0.6998 0
0 0.133 0 0.133 0.051351351351351354 0.1806 0.051351351351351354 0.1806 0 0.133 0
0 0.1422 0.6504504504504505 0.2026 0.6504504504504505 0.2026 0.5342342342342342 0.1422 0.5342342342342342 0.1422 0.6504504504504505
0 0.9786 0.6252252252252253 0.9994 0.6252252252252253 0.9994 0.4927927927927928 0.9786 0.4927927927927928 0.9786 0.6252252252252253
0 0.9996 1 0.9996 0.9072072072072072 0.9604 0.9072072072072072 0.9604 1 0.9996 1
0 0.0872 0.48873873873873874 0.1416 0.48873873873873874 0.1416 0.3752252252252252 0.0872 0.3752252252252252 0.0872 0.48873873873873874
0 0.9216 0 0.9216 0.05045045045045045 0.9844 0.05045045045045045 0.9844 0 0.9216 0
0 0.18 0 0.18 0.06126126126126126 0.2356 0.06126126126126126 0.2356 0 0.18 0
0 0.9184 1 0.9184 0.9405405405405406 0.8672 0.9405405405405406 0.8672 1 0.9184 1
0 0.0468 0.45765765765765765 0.0864 0.45765765765765765 0.0864 0.37657657657657656 0.0468 0.37657657657657656 0.0468 0.45765765765765765
0 0.6508 0 0.6508 0.03423423423423423 0.6972 0.03423423423423423 0.6972 0 0.6508 0
0 0.989 0.7707207207207207 0.9994 0.7707207207207207 0.9994 0.6815315315315316 0.989 0.6815315315315316 0.989 0.7707207207207207
0 0.0618 0.7243243243243244 0.1078 0.7243243243243244 0.1078 0.6324324324324324 0.0618 0.6324324324324324 0.0618 0.7243243243243244
0 0.0692 0.1472972972972973 0.1192 0.1472972972972973 0.1192 0.0481981981981982 0.0692 0.0481981981981982 0.0692 0.1472972972972973
0 0.0778 0.23738738738738738 0.1146 0.23738738738738738 0.1146 0.17432432432432432 0.0778 0.17432432432432432 0.0778 0.23738738738738738