0 0.8831632653061224 0.2839052287581699 0.9770408163265306 0.2839052287581699 0.9770408163265306 0.21854575163398693 0.8831632653061224 0.21854575163398693 0.8831632653061224 0.2839052287581699
0 0.7693877551020408 0 0.7693877551020408 0.05718954248366013 0.8877551020408163 0.05718954248366013 0.8877551020408163 0 0.7693877551020408 0
0 0.6056122448979592 0.11315359477124183 0.698469387755102 0.11315359477124183 0.698469387755102 0.04044117647058824 0.6056122448979592 0.04044117647058824 0.6056122448979592 0.11315359477124183
0 0.9760204081632653 0 0.9760204081632653 0.03758169934640523 0.9994897959183674 0.03758169934640523 0.9994897959183674 0 0.9760204081632653 0
0 0.4658163265306122 0.2883986928104575 0.5535714285714286 0.2883986928104575 0.5535714285714286 0.21895424836601307 0.4658163265306122 0.21895424836601307 0.4658163265306122 0.2883986928104575
0 0.948469387755102 0.25163398692810457 0.9994897959183674 0.25163398692810457 0.9994897959183674 0.17320261437908496 0.948469387755102 0.17320261437908496 0.948469387755102 0.25163398692810457
0 0.5387755102040817 0.31862745098039214 0.6448979591836734 0.31862745098039214 0.6448979591836734 0.25 0.5387755102040817 0.25 0.5387755102040817 0.31862745098039214
0 0.7739795918367347 0.15196078431372548 0.8688775510204082 0.15196078431372548 0.8688775510204082 0.08088235294117647 0.7739795918367347 0.08088235294117647 0.7739795918367347 0.15196078431372548
0 0.7979591836734694 0.2479575163398693 0.8785714285714286 0.2479575163398693 0.8785714285714286 0.17933006535947713 0.7979591836734694 0.17933006535947713 0.7979591836734694 0.2479575163398693
0 0.7096938775510204 0.5531045751633987 0.8056122448979591 0.5531045751633987 0.8056122448979591 0.45669934640522875 0.7096938775510204 0.45669934640522875 0.7096938775510204 0.5531045751633987
0 0.5025510204081632 0.6168300653594772 0.5596938775510204 0.6168300653594772 0.5596938775510204 0.5645424836601307 0.5025510204081632 0.5645424836601307 0.5025510204081632 0.6168300653594772
0 0.7020408163265306 0.23039215686274508 0.8255102040816327 0.23039215686274508 0.8255102040816327 0.15359477124183007 0.7020408163265306 0.15359477124183007 0.7020408163265306 0.23039215686274508
0 0.43214285714285716 0.43014705882352944 0.5137755102040816 0.43014705882352944 0.5137755102040816 0.37050653594771243 0.43214285714285716 0.37050653594771243 0.43214285714285716 0.43014705882352944
0 0.551530612244898 0 0.551530612244898 0.049836601307189546 0.6494897959183673 0.049836601307189546 0.6494897959183673 0 0.551530612244898 0
0 0.10459183673469388 0.4889705882352941 0.2576530612244898 0.4889705882352941 0.2576530612244898 0.31413398692810457 0.10459183673469388 0.31413398692810457 0.10459183673469388 0.4889705882352941
0 0.9607142857142857 0.1352124183006536 0.9994897959183674 0.1352124183006536 0.9994897959183674 0.0494281045751634 0.9607142857142857 0.0494281045751634 0.9607142857142857 0.1352124183006536
0 0.9081632653061225 0.16013071895424835 0.9897959183673469 0.16013071895424835 0.9897959183673469 0.07516339869281045 0.9081632653061225 0.07516339869281045 0.9081632653061225 0.16013071895424835
0 0.9678571428571429 0.49387254901960786 0.9994897959183674 0.49387254901960786 0.9994897959183674 0.4227941176470588 0.9678571428571429 0.4227941176470588 0.9678571428571429 0.49387254901960786
0 0.5280612244897959 0.42769607843137253 0.6096938775510204 0.42769607843137253 0.6096938775510204 0.36887254901960786 0.5280612244897959 0.36887254901960786 0.5280612244897959 0.42769607843137253
0 0.5127551020408163 0.24305555555555555 0.6301020408163265 0.24305555555555555 0.6301020408163265 0.16789215686274508 0.5127551020408163 0.16789215686274508 0.5127551020408163 0.24305555555555555
0 0.4658163265306122 0.4861111111111111 0.5280612244897959 0.4861111111111111 0.5280612244897959 0.4354575163398693 0.4658163265306122 0.4354575163398693 0.4658163265306122 0.4861111111111111
0 0.5122448979591837 0.3872549019607843 0.5806122448979592 0.3872549019607843 0.5806122448979592 0.33088235294117646 0.5122448979591837 0.33088235294117646 0.5122448979591837 0.3872549019607843
0 1 0.5024509803921569 0.9122448979591836 0.5024509803921569 0.9122448979591836 0.5906862745098039 1 0.5906862745098039 1 0.5024509803921569
0 0.5704081632653061 0.9991830065359477 0.6714285714285714 0.9991830065359477 0.6714285714285714 0.880718954248366 0.5704081632653061 0.880718954248366 0.5704081632653061 0.9991830065359477
0 0.6204081632653061 0.2687908496732026 0.6948979591836735 0.2687908496732026 0.6948979591836735 0.21323529411764705 0.6204081632653061 0.21323529411764705 0.6204081632653061 0.2687908496732026
0 0.6020408163265306 0.3700980392156863 0.6806122448979591 0.3700980392156863 0.6806122448979591 0.3088235294117647 0.6020408163265306 0.3088235294117647 0.6020408163265306 0.3700980392156863
0 0.7852040816326531 0.5592320261437909 0.8658163265306122 0.5592320261437909 0.8658163265306122 0.4930555555555556 0.7852040816326531 0.4930555555555556 0.7852040816326531 0.5592320261437909
0 0.5525510204081633 0.5674019607843137 0.6239795918367347 0.5674019607843137 0.6239795918367347 0.4840686274509804 0.5525510204081633 0.4840686274509804 0.5525510204081633 0.5674019607843137
0 0.7663265306122449 0.38766339869281047 0.8969387755102041 0.38766339869281047 0.8969387755102041 0.26838235294117646 0.7663265306122449 0.26838235294117646 0.7663265306122449 0.38766339869281047
0 0.3525510204081633 0.48937908496732024 0.43418367346938774 0.48937908496732024 0.43418367346938774 0.4150326797385621 0.3525510204081633 0.4150326797385621 0.3525510204081633 0.48937908496732024
0 0.625 0.4170751633986928 0.701530612244898 0.4170751633986928 0.701530612244898 0.3508986928104575 0.625 0.3508986928104575 0.625 0.4170751633986928
0 0.5551020408163265 0.49550653594771243 0.6530612244897959 0.49550653594771243 0.6530612244897959 0.4178921568627451 0.5551020408163265 0.4178921568627451 0.5551020408163265 0.49550653594771243
0 0.3816326530612245 0.5812908496732027 0.4520408163265306 0.5812908496732027 0.4520408163265306 0.5044934640522876 0.3816326530612245 0.5044934640522876 0.3816326530612245 0.5812908496732027
0 0.9658163265306122 0.9681372549019608 0.9994897959183674 0.9681372549019608 0.9994897959183674 0.8488562091503268 0.9658163265306122 0.8488562091503268 0.9658163265306122 0.9681372549019608
0 0.5719387755102041 1 0.5719387755102041 0.9183006535947712 0.4719387755102041 0.9183006535947712 0.4719387755102041 1 0.5719387755102041 1
0 0.33010204081632655 0.22344771241830066 0.4698979591836735 0.22344771241830066 0.4698979591836735 0.1090686274509804 0.33010204081632655 0.1090686274509804 0.33010204081632655 0.22344771241830066