0 0.630832570905764 0.328125 0.7296431838975297 0.328125 0.7296431838975297 0.18009868421052633 0.630832570905764 0.18009868421052633 0.630832570905764 0.328125
0 0.3344007319304666 0.22080592105263158 0.43138151875571823 0.22080592105263158 0.43138151875571823 0.08100328947368421 0.3344007319304666 0.08100328947368421 0.3344007319304666 0.22080592105263158
0 0.4064501372369625 0.8055098684210527 0.49565416285452885 0.8055098684210527 0.49565416285452885 0.6558388157894737 0.4064501372369625 0.6558388157894737 0.4064501372369625 0.8055098684210527
0 0.7035681610247027 0.43338815789473684 0.807868252516011 0.43338815789473684 0.807868252516011 0.27713815789473684 0.7035681610247027 0.27713815789473684 0.7035681610247027 0.43338815789473684
0 0.8970722781335773 0.3301809210526316 0.9995425434583715 0.3301809210526316 0.9995425434583715 0.18050986842105263 0.8970722781335773 0.18050986842105263 0.8970722781335773 0.3301809210526316
0 0.16742909423604757 0.21916118421052633 0.26486733760292774 0.21916118421052633 0.26486733760292774 0.08675986842105263 0.16742909423604757 0.08675986842105263 0.16742909423604757 0.21916118421052633
0 0.7913998170173834 0.32976973684210525 0.8929551692589204 0.32976973684210525 0.8929551692589204 0.18338815789473684 0.7913998170173834 0.18338815789473684 0.7913998170173834 0.32976973684210525
0 0.529277218664227 0.7220394736842105 0.6212259835315646 0.7220394736842105 0.6212259835315646 0.5740131578947368 0.529277218664227 0.5740131578947368 0.529277218664227 0.7220394736842105
0 0.6969350411710887 0 0.6969350411710887 0.12335526315789473 0.7971180237877402 0.12335526315789473 0.7971180237877402 0 0.6969350411710887 0
0 0.03774016468435499 0.4921875 0.13151875571820676 0.4921875 0.13151875571820676 0.3638980263157895 0.03774016468435499 0.3638980263157895 0.03774016468435499 0.4921875
0 0 0.1299342105263158 0.08325709057639524 0.1299342105263158 0.08325709057639524 0.001644736842105263 0 0.001644736842105263 0 0.1299342105263158
0 0.2669258920402562 0 0.2669258920402562 0.12417763157894737 0.3570448307410796 0.12417763157894737 0.3570448307410796 0 0.2669258920402562 0
0 0.6756633119853613 1 0.6756633119853613 0.8626644736842105 0.5841720036596524 0.8626644736842105 0.5841720036596524 1 0.6756633119853613 1
0 0.22118023787740165 0.40707236842105265 0.3135864592863678 0.40707236842105265 0.3135864592863678 0.27960526315789475 0.22118023787740165 0.27960526315789475 0.22118023787740165 0.40707236842105265
0 0.3902104300091491 0.9888980263157895 0.48444647758462944 0.9888980263157895 0.48444647758462944 0.8466282894736842 0.3902104300091491 0.8466282894736842 0.3902104300091491 0.9888980263157895
0 0.42429094236047576 0.11883223684210527 0.512580054894785 0.11883223684210527 0.512580054894785 0.00041118421052631577 0.42429094236047576 0.00041118421052631577 0.42429094236047576 0.11883223684210527
0 0.9837602927721867 1 0.9837602927721867 0.8930921052631579 0.8790027447392498 0.8930921052631579 0.8790027447392498 1 0.9837602927721867 1
0 0.10841720036596524 0.953125 0.19579139981701738 0.953125 0.19579139981701738 0.8108552631578947 0.10841720036596524 0.8108552631578947 0.10841720036596524 0.953125
0 0.19693504117108876 0.9991776315789473 0.2861390667886551 0.9991776315789473 0.2861390667886551 0.9095394736842105 0.19693504117108876 0.9095394736842105 0.19693504117108876 0.9991776315789473
0 0.4162854528819762 1 0.4162854528819762 0.9251644736842105 0.31884720951509604 0.9251644736842105 0.31884720951509604 1 0.4162854528819762 1
0 0.9762122598353157 0.41776315789473684 0.9995425434583715 0.41776315789473684 0.9995425434583715 0.3042763157894737 0.9762122598353157 0.3042763157894737 0.9762122598353157 0.41776315789473684
0 0.4684354986276304 0.9995888157894737 0.5544373284537969 0.9995888157894737 0.5544373284537969 0.9494243421052632 0.4684354986276304 0.9494243421052632 0.4684354986276304 0.9995888157894737
0 0.00022872827081427266 0.4864309210526316 0.040027447392497716 0.4864309210526316 0.040027447392497716 0.36307565789473684 0.00022872827081427266 0.36307565789473684 0.00022872827081427266 0.4864309210526316
0 0.9858188472095151 0.18626644736842105 0.9995425434583715 0.18626644736842105 0.9995425434583715 0.09498355263157894 0.9858188472095151 0.09498355263157894 0.9858188472095151 0.18626644736842105
0 0 0.7442434210526315 0.026532479414455627 0.7442434210526315 0.026532479414455627 0.631578947368421 0 0.631578947368421 0 0.7442434210526315