0 0.6438447814451382 0.3614309210526316 0.7330508474576272 0.3614309210526316 0.7330508474576272 0.21175986842105263 0.6438447814451382 0.21175986842105263 0.6438447814451382 0.3614309210526316
0 0.29125780553077607 0.23273026315789475 0.3644067796610169 0.23273026315789475 0.3644067796610169 0.07730263157894737 0.29125780553077607 0.07730263157894737 0.29125780553077607 0.23273026315789475
0 0.8253791257805531 0.6430921052631579 0.902542372881356 0.6430921052631579 0.902542372881356 0.48930921052631576 0.8253791257805531 0.48930921052631576 0.8253791257805531 0.6430921052631579
0 0.7045049063336307 0.22491776315789475 0.7794380017841214 0.22491776315789475 0.7794380017841214 0.053865131578947366 0.7045049063336307 0.053865131578947366 0.7045049063336307 0.22491776315789475
0 0.6768510258697591 0.8988486842105263 0.7593666369313113 0.8988486842105263 0.7593666369313113 0.7664473684210527 0.6768510258697591 0.7664473684210527 0.6768510258697591 0.8988486842105263
0 0.19692239072256915 0.7857730263157895 0.27274754683318464 0.7857730263157895 0.27274754683318464 0.6270559210526315 0.19692239072256915 0.6270559210526315 0.19692239072256915 0.7857730263157895
0 0.808206958073149 0.4856085526315789 0.8849241748438894 0.4856085526315789 0.8849241748438894 0.3301809210526316 0.808206958073149 0.3301809210526316 0.808206958073149 0.4856085526315789
0 0.04861730597680642 0.15419407894736842 0.1320249776984835 0.15419407894736842 0.1320249776984835 0.025904605263157895 0.04861730597680642 0.025904605263157895 0.04861730597680642 0.15419407894736842
0 0.7413024085637824 0.71875 0.83942908117752 0.71875 0.83942908117752 0.5822368421052632 0.7413024085637824 0.5822368421052632 0.7413024085637824 0.71875
0 0.6360392506690455 0.772203947368421 0.7087421944692239 0.772203947368421 0.7087421944692239 0.6258223684210527 0.6360392506690455 0.6258223684210527 0.6360392506690455 0.772203947368421
0 0.7809991079393399 0.18338815789473684 0.8532560214094559 0.18338815789473684 0.8532560214094559 0.044407894736842105 0.7809991079393399 0.044407894736842105 0.7809991079393399 0.18338815789473684
0 0.4103479036574487 0.45394736842105265 0.4933095450490633 0.45394736842105265 0.4933095450490633 0.32401315789473684 0.4103479036574487 0.32401315789473684 0.4103479036574487 0.45394736842105265
0 0.5231935771632471 0.8248355263157895 0.5936663693131133 0.8248355263157895 0.5936663693131133 0.6587171052631579 0.5231935771632471 0.6587171052631579 0.5231935771632471 0.8248355263157895
0 0.8545941123996432 0.9280427631578947 0.9313113291703836 0.9280427631578947 0.9313113291703836 0.7849506578947368 0.8545941123996432 0.7849506578947368 0.8545941123996432 0.9280427631578947
0 0.7265834076717217 0.4399671052631579 0.8006244424620874 0.4399671052631579 0.8006244424620874 0.2935855263157895 0.7265834076717217 0.2935855263157895 0.7265834076717217 0.4399671052631579
0 0.36529884032114185 0.5789473684210527 0.4527207850133809 0.5789473684210527 0.4527207850133809 0.4440789473684211 0.36529884032114185 0.4440789473684211 0.36529884032114185 0.5789473684210527
0 0.4154772524531668 0.30633223684210525 0.493978590544157 0.30633223684210525 0.493978590544157 0.16488486842105263 0.4154772524531668 0.16488486842105263 0.4154772524531668 0.30633223684210525
0 0.7631578947368421 0.8548519736842105 0.8519179304192686 0.8548519736842105 0.8519179304192686 0.7208059210526315 0.7631578947368421 0.7208059210526315 0.7631578947368421 0.8548519736842105
0 0.3519179304192685 0.782483552631579 0.42283675289919714 0.782483552631579 0.42283675289919714 0.6278782894736842 0.3519179304192685 0.6278782894736842 0.3519179304192685 0.782483552631579
0 0.7714094558429974 0.3301809210526316 0.8677520071364853 0.3301809210526316 0.8677520071364853 0.19777960526315788 0.7714094558429974 0.19777960526315788 0.7714094558429974 0.3301809210526316
0 0.4513826940231936 0.7939967105263158 0.5196253345227475 0.7939967105263158 0.5196253345227475 0.6369243421052632 0.4513826940231936 0.6369243421052632 0.4513826940231936 0.7939967105263158
0 0.4897413024085638 0.3573190789473684 0.5579839429081177 0.3573190789473684 0.5579839429081177 0.20518092105263158 0.4897413024085638 0.20518092105263158 0.4897413024085638 0.3573190789473684
0 0.622435325602141 0.23848684210526316 0.7000446030330062 0.23848684210526316 0.7000446030330062 0.08470394736842106 0.622435325602141 0.08470394736842106 0.622435325602141 0.23848684210526316
0 0.724799286351472 0.5818256578947368 0.8095450490633364 0.5818256578947368 0.8095450490633364 0.4477796052631579 0.724799286351472 0.4477796052631579 0.724799286351472 0.5818256578947368
0 0.5860838537020517 0.8947368421052632 0.6668153434433541 0.8947368421052632 0.6668153434433541 0.7541118421052632 0.5860838537020517 0.7541118421052632 0.5860838537020517 0.8947368421052632
0 0.5033452274754683 0 0.5033452274754683 0.14473684210526316 0.5733719892952721 0.14473684210526316 0.5733719892952721 0 0.5033452274754683 0
0 0.00825156110615522 0.7787828947368421 0.08898305084745763 0.7787828947368421 0.08898305084745763 0.6200657894736842 0.00825156110615522 0.6200657894736842 0.00825156110615522 0.7787828947368421
0 0.42462087421944694 0.915296052631579 0.5111507582515611 0.915296052631579 0.5111507582515611 0.7861842105263158 0.42462087421944694 0.7861842105263158 0.42462087421944694 0.915296052631579
0 0.6471900089206066 0.5061677631578947 0.7305976806422837 0.5061677631578947 0.7305976806422837 0.35649671052631576 0.6471900089206066 0.35649671052631576 0.6471900089206066 0.5061677631578947
0 0.838314005352364 0.7820723684210527 0.9208296164139161 0.7820723684210527 0.9208296164139161 0.647203947368421 0.838314005352364 0.647203947368421 0.838314005352364 0.7820723684210527
0 0.2537912578055308 0.9979440789473685 0.3260481712756467 0.9979440789473685 0.3260481712756467 0.8507401315789473 0.2537912578055308 0.8507401315789473 0.2537912578055308 0.9979440789473685
0 0.58028545941124 0 0.58028545941124 0.11101973684210527 0.66057091882248 0.11101973684210527 0.66057091882248 0 0.58028545941124 0
0 0.7816681534344335 0.9761513157894737 0.8615075825156111 0.9761513157894737 0.8615075825156111 0.8577302631578947 0.7816681534344335 0.8577302631578947 0.7816681534344335 0.9761513157894737
0 0.11440677966101695 0.9749177631578947 0.1955842997323818 0.9749177631578947 0.1955842997323818 0.8359375 0.11440677966101695 0.8359375 0.11440677966101695 0.9749177631578947
0 0.7917038358608386 1 0.7917038358608386 0.9169407894736842 0.7136485280999108 0.9169407894736842 0.7136485280999108 1 0.7917038358608386 1
0 0.6672613737734165 0 0.6672613737734165 0.06907894736842106 0.7426404995539697 0.06907894736842106 0.7426404995539697 0 0.6672613737734165 0
0 0.8668599464763604 0.9995888157894737 0.9426851025869759 0.9995888157894737 0.9426851025869759 0.9313322368421053 0.8668599464763604 0.9313322368421053 0.8668599464763604 0.9995888157894737
0 0.00022301516503122213 0.998766447368421 0.055976806422836756 0.998766447368421 0.055976806422836756 0.9486019736842105 0.00022301516503122213 0.9486019736842105 0.00022301516503122213 0.998766447368421
0 0.31601248884924177 0.9991776315789473 0.3797948260481713 0.9991776315789473 0.3797948260481713 0.9695723684210527 0.31601248884924177 0.9695723684210527 0.31601248884924177 0.9991776315789473
0 0.20115967885816236 0.9991776315789473 0.2662801070472792 0.9991776315789473 0.2662801070472792 0.962171052631579 0.20115967885816236 0.962171052631579 0.20115967885816236 0.9991776315789473
0 0.7544603033006244 0 0.7544603033006244 0.05345394736842105 0.838314005352364 0.05345394736842105 0.838314005352364 0 0.7544603033006244 0
0 0 0.060032894736842105 0.0231935771632471 0.060032894736842105 0.0231935771632471 0.0008223684210526315 0 0.0008223684210526315 0 0.060032894736842105
0 0.590321141837645 1 0.590321141837645 0.9679276315789473 0.5158340767172168 0.9679276315789473 0.5158340767172168 1 0.590321141837645 1
0 0 0.7569901315789473 0.012042818911685994 0.7569901315789473 0.012042818911685994 0.6196546052631579 0 0.6196546052631579 0 0.7569901315789473
0 0.17506690454950938 1 0.17506690454950938 0.9662828947368421 0.10637823371989295 0.9662828947368421 0.10637823371989295 1 0.17506690454950938 1