0 0.893 0.22162162162162163 0.9638 0.22162162162162163 0.9638 0.08558558558558559 0.893 0.08558558558558559 0.893 0.22162162162162163
0 0.9266 0.6216216216216216 0.9954 0.6216216216216216 0.9954 0.4900900900900901 0.9266 0.4900900900900901 0.9266 0.6216216216216216
0 0.9106 0.4882882882882883 0.9866 0.4882882882882883 0.9866 0.34774774774774775 0.9106 0.34774774774774775 0.9106 0.4882882882882883
0 0.8884 0.7333333333333333 0.9504 0.7333333333333333 0.9504 0.5927927927927928 0.8884 0.5927927927927928 0.8884 0.7333333333333333
0 0.8518 0.6166666666666667 0.9138 0.6166666666666667 0.9138 0.4536036036036036 0.8518 0.4536036036036036 0.8518 0.6166666666666667
0 0.7592 0.7013513513513514 0.8212 0.7013513513513514 0.8212 0.5463963963963964 0.7592 0.5463963963963964 0.7592 0.7013513513513514
0 0.81 0.44279279279279277 0.8768 0.44279279279279277 0.8768 0.30945945945945946 0.81 0.30945945945945946 0.81 0.44279279279279277
0 0.581 0.95 0.6402 0.95 0.6402 0.8175675675675675 0.581 0.8175675675675675 0.581 0.95
0 0.7002 0.5121621621621621 0.7634 0.5121621621621621 0.7634 0.3752252252252252 0.7002 0.3752252252252252 0.7002 0.5121621621621621
0 0.8374 0.1698198198198198 0.9002 0.1698198198198198 0.9002 0.026576576576576576 0.8374 0.026576576576576576 0.8374 0.1698198198198198
0 0.6474 0.33378378378378376 0.7018 0.33378378378378376 0.7018 0.18963963963963965 0.6474 0.18963963963963965 0.6474 0.33378378378378376
0 0.8328 0.9472972972972973 0.8936 0.9472972972972973 0.8936 0.7797297297297298 0.8328 0.7797297297297298 0.8328 0.9472972972972973
0 0.1928 0.25 0.2436 0.25 0.2436 0.1445945945945946 0.1928 0.1445945945945946 0.1928 0.25
0 0.698 0.8698198198198198 0.7548 0.8698198198198198 0.7548 0.7319819819819819 0.698 0.7319819819819819 0.698 0.8698198198198198
0 0.5846 0.8166666666666667 0.6386 0.8166666666666667 0.6386 0.6923423423423424 0.5846 0.6923423423423424 0.5846 0.8166666666666667
0 0.5036 0.4545045045045045 0.5612 0.4545045045045045 0.5612 0.3202702702702703 0.5036 0.3202702702702703 0.5036 0.4545045045045045
0 0.8786 0.8599099099099099 0.9406 0.8599099099099099 0.9406 0.7202702702702702 0.8786 0.7202702702702702 0.8786 0.8599099099099099
0 0.6052 0.40945945945945944 0.6624 0.40945945945945944 0.6624 0.2716216216216216 0.6052 0.2716216216216216 0.6052 0.40945945945945944
0 0.9154 0.34954954954954953 0.9722 0.34954954954954953 0.9722 0.218018018018018 0.9154 0.218018018018018 0.9154 0.34954954954954953
0 0.6094 0.19774774774774775 0.675 0.19774774774774775 0.675 0.07792792792792792 0.6094 0.07792792792792792 0.6094 0.19774774774774775
0 0.246 0.6617117117117117 0.3 0.6617117117117117 0.3 0.5454954954954955 0.246 0.5454954954954955 0.246 0.6617117117117117
0 0.5524 0.2472972972972973 0.61 0.2472972972972973 0.61 0.13288288288288289 0.5524 0.13288288288288289 0.5524 0.2472972972972973
0 0.583 0.09054054054054055 0.6518 0.09054054054054055 0.6518 0.00045045045045045046 0.583 0.00045045045045045046 0.583 0.09054054054054055
0 0.9468 0.922972972972973 0.9996 0.922972972972973 0.9996 0.7581081081081081 0.9468 0.7581081081081081 0.9468 0.922972972972973
0 0.891 0 0.891 0.08018018018018018 0.947 0.08018018018018018 0.947 0 0.891 0
0 0.1546 0.2918918918918919 0.205 0.2918918918918919 0.205 0.1945945945945946 0.1546 0.1945945945945946 0.1546 0.2918918918918919
0 0.8972 0.9828828828828828 0.9536 0.9828828828828828 0.9536 0.8594594594594595 0.8972 0.8594594594594595 0.8972 0.9828828828828828
0 0.1176 0.2328828828828829 0.1636 0.2328828828828829 0.1636 0.13918918918918918 0.1176 0.13918918918918918 0.1176 0.2328828828828829
0 0.954 0.7504504504504504 0.9996 0.7504504504504504 0.9996 0.6207207207207207 0.954 0.6207207207207207 0.954 0.7504504504504504
0 0.143 0.4797297297297297 0.199 0.4797297297297297 0.199 0.36261261261261263 0.143 0.36261261261261263 0.143 0.4797297297297297
0 0.1368 0.1472972972972973 0.1924 0.1472972972972973 0.1924 0.0509009009009009 0.1368 0.0509009009009009 0.1368 0.1472972972972973
0 0.16 0.6576576576576577 0.2204 0.6576576576576577 0.2204 0.5297297297297298 0.16 0.5297297297297298 0.16 0.6576576576576577
0 0.1084 0.33693693693693694 0.1588 0.33693693693693694 0.1588 0.23963963963963963 0.1084 0.23963963963963963 0.1084 0.33693693693693694
0 0.9094 1 0.9094 0.9477477477477477 0.8434 0.9477477477477477 0.8434 1 0.9094 1
0 0.238 0 0.238 0.06756756756756757 0.2944 0.06756756756756757 0.2944 0 0.238 0
0 0.9996 1 0.9996 0.9234234234234234 0.9708 0.9234234234234234 0.9708 1 0.9996 1
0 0.1882 0 0.1882 0.06036036036036036 0.2374 0.06036036036036036 0.2374 0 0.1882 0
0 0.0966 0.4954954954954955 0.147 0.4954954954954955 0.147 0.3990990990990991 0.0966 0.3990990990990991 0.0966 0.4954954954954955
0 0.1278 0.7036036036036036 0.1786 0.7036036036036036 0.1786 0.6027027027027027 0.1278 0.6027027027027027 0.1278 0.7036036036036036
0 0.1166 0.05540540540540541 0.1554 0.05540540540540541 0.1554 0.00045045045045045046 0.1166 0.00045045045045045046 0.1166 0.05540540540540541
0 0.68 0 0.68 0.03963963963963964 0.7384 0.03963963963963964 0.7384 0 0.68 0
0 0.0944 0.6891891891891891 0.1304 0.6891891891891891 0.1304 0.6072072072072072 0.0944 0.6072072072072072 0.0944 0.6891891891891891
0 0.8246 0 0.8246 0.03153153153153153 0.8866 0.03153153153153153 0.8866 0 0.8246 0
0 0.149 0 0.149 0.044144144144144144 0.1894 0.044144144144144144 0.1894 0 0.149 0
0 0.1018 0.14594594594594595 0.1406 0.14594594594594595 0.1406 0.05855855855855856 0.1018 0.05855855855855856 0.1018 0.14594594594594595
0 0.0726 0 0.0726 0.021621621621621623 0.113 0.021621621621621623 0.113 0 0.0726 0
0 0.073 0 0.073 0.043243243243243246 0.1174 0.043243243243243246 0.1174 0 0.073 0