0 0.423728813559322 0.4009046052631579 0.5107047279214987 0.4009046052631579 0.5107047279214987 0.2668585526315789 0.423728813559322 0.2668585526315789 0.423728813559322 0.4009046052631579
0 0.7575825156110616 0.44695723684210525 0.8347457627118644 0.44695723684210525 0.8347457627118644 0.30550986842105265 0.7575825156110616 0.30550986842105265 0.7575825156110616 0.44695723684210525
0 0.46543264942016055 0.678453947368421 0.5372435325602141 0.678453947368421 0.5372435325602141 0.5205592105263158 0.46543264942016055 0.5205592105263158 0.46543264942016055 0.678453947368421
0 0.48327386262265837 0.2578125 0.5519625334522748 0.2578125 0.5519625334522748 0.10238486842105263 0.48327386262265837 0.10238486842105263 0.48327386262265837 0.2578125
0 0.33095450490633366 0.33182565789473684 0.4067796610169492 0.33182565789473684 0.4067796610169492 0.1796875 0.33095450490633366 0.1796875 0.33095450490633366 0.33182565789473684
0 0.8485727029438002 0.5838815789473685 0.9261819803746655 0.5838815789473685 0.9261819803746655 0.42023026315789475 0.8485727029438002 0.42023026315789475 0.8485727029438002 0.5838815789473685
0 0.3708742194469224 0.8856907894736842 0.44402319357716324 0.8856907894736842 0.44402319357716324 0.725328947368421 0.3708742194469224 0.725328947368421 0.3708742194469224 0.8856907894736842
0 0.8742194469223907 0.9124177631578947 0.9620874219446922 0.9124177631578947 0.9620874219446922 0.7471217105263158 0.8742194469223907 0.7471217105263158 0.8742194469223907 0.9124177631578947
0 0.6808652988403211 0.38651315789473684 0.7633809099018734 0.38651315789473684 0.7633809099018734 0.21052631578947367 0.6808652988403211 0.21052631578947367 0.6808652988403211 0.38651315789473684
0 0.31913470115967885 0.7520559210526315 0.40566458519179305 0.7520559210526315 0.40566458519179305 0.6188322368421053 0.31913470115967885 0.6188322368421053 0.31913470115967885 0.7520559210526315
0 0.2932649420160571 0.5176809210526315 0.3726583407671722 0.5176809210526315 0.3726583407671722 0.38774671052631576 0.2932649420160571 0.38774671052631576 0.2932649420160571 0.5176809210526315
0 0.0916592328278323 0.3988486842105263 0.17774308652988402 0.3988486842105263 0.17774308652988402 0.24588815789473684 0.0916592328278323 0.24588815789473684 0.0916592328278323 0.3988486842105263
0 0.7502230151650312 0.5818256578947368 0.8421052631578947 0.5818256578947368 0.8421052631578947 0.4527138157894737 0.7502230151650312 0.4527138157894737 0.7502230151650312 0.5818256578947368
0 0.8253791257805531 0.41036184210526316 0.9070026761819804 0.41036184210526316 0.9070026761819804 0.24835526315789475 0.8253791257805531 0.24835526315789475 0.8253791257805531 0.41036184210526316
0 0.6694915254237288 0.6307565789473685 0.7551293487957181 0.6307565789473685 0.7551293487957181 0.48355263157894735 0.6694915254237288 0.48355263157894735 0.6694915254237288 0.6307565789473685
0 0.00022301516503122213 0.9399671052631579 0.058206958073148976 0.9399671052631579 0.058206958073148976 0.7976973684210527 0.00022301516503122213 0.7976973684210527 0.00022301516503122213 0.9399671052631579
0 0.4346565566458519 0.530016447368421 0.5243086529884032 0.530016447368421 0.5243086529884032 0.39432565789473684 0.4346565566458519 0.39432565789473684 0.4346565566458519 0.530016447368421
0 0.85950044603033 0.7347861842105263 0.940677966101695 0.7347861842105263 0.940677966101695 0.5908717105263158 0.85950044603033 0.5908717105263158 0.85950044603033 0.7347861842105263
0 0.48015165031222123 0.8507401315789473 0.562221231043711 0.8507401315789473 0.562221231043711 0.7076480263157895 0.48015165031222123 0.7076480263157895 0.48015165031222123 0.8507401315789473
0 0.21320249776984834 0.4934210526315789 0.28902765388046386 0.4934210526315789 0.28902765388046386 0.36348684210526316 0.21320249776984834 0.36348684210526316 0.21320249776984834 0.4934210526315789
0 0.6005798394290812 0.48807565789473684 0.6969223907225691 0.48807565789473684 0.6969223907225691 0.3581414473684211 0.6005798394290812 0.3581414473684211 0.6005798394290812 0.48807565789473684
0 0.24665477252453166 0.19777960526315788 0.3238180196253345 0.19777960526315788 0.3238180196253345 0.05304276315789474 0.24665477252453166 0.05304276315789474 0.24665477252453166 0.19777960526315788
0 0.3962979482604817 0.2623355263157895 0.47970561998215877 0.2623355263157895 0.47970561998215877 0.11924342105263158 0.3962979482604817 0.11924342105263158 0.3962979482604817 0.2623355263157895
0 0.7174397859054416 0.23108552631578946 0.798171275646744 0.23108552631578946 0.798171275646744 0.061677631578947366 0.7174397859054416 0.061677631578947366 0.7174397859054416 0.23108552631578946
0 0.24509366636931312 0.8634868421052632 0.33162355040142727 0.8634868421052632 0.33162355040142727 0.7310855263157895 0.24509366636931312 0.7310855263157895 0.24509366636931312 0.8634868421052632
0 0.7975022301516503 0.8207236842105263 0.8867082961641392 0.8207236842105263 0.8867082961641392 0.6776315789473685 0.7975022301516503 0.6776315789473685 0.7975022301516503 0.8207236842105263
0 0.7517841213202497 0.9177631578947368 0.8325156110615521 0.9177631578947368 0.8325156110615521 0.7837171052631579 0.7517841213202497 0.7837171052631579 0.7517841213202497 0.9177631578947368
0 0.682649420160571 0.9967105263157895 0.77007136485281 0.9967105263157895 0.77007136485281 0.8314144736842105 0.682649420160571 0.8314144736842105 0.682649420160571 0.9967105263157895
0 0.3472346119536128 0.14391447368421054 0.4346565566458519 0.14391447368421054 0.4346565566458519 0.014802631578947368 0.3472346119536128 0.014802631578947368 0.3472346119536128 0.14391447368421054
0 0.8019625334522748 0.2471217105263158 0.8893844781445138 0.2471217105263158 0.8893844781445138 0.10238486842105263 0.8019625334522748 0.10238486842105263 0.8019625334522748 0.2471217105263158
0 0.38447814451382695 0.649671052631579 0.45405887600356826 0.649671052631579 0.45405887600356826 0.5024671052631579 0.38447814451382695 0.5024671052631579 0.38447814451382695 0.649671052631579
0 0.26583407671721676 0.3881578947368421 0.3447814451382694 0.3881578947368421 0.3447814451382694 0.24177631578947367 0.26583407671721676 0.24177631578947367 0.26583407671721676 0.3881578947368421
0 0.320249776984835 0.9925986842105263 0.39696699375557537 0.9925986842105263 0.39696699375557537 0.8248355263157895 0.320249776984835 0.8248355263157895 0.320249776984835 0.9925986842105263
0 0.00022301516503122213 0.17845394736842105 0.0564228367528992 0.17845394736842105 0.0564228367528992 0.047697368421052634 0.00022301516503122213 0.047697368421052634 0.00022301516503122213 0.17845394736842105
0 0.7272524531668153 0.7421875 0.8128902765388046 0.7421875 0.8128902765388046 0.592516447368421 0.7272524531668153 0.592516447368421 0.7272524531668153 0.7421875
0 0.782114183764496 0 0.782114183764496 0.1069078947368421 0.8789027653880463 0.1069078947368421 0.8789027653880463 0 0.782114183764496 0
0 0.24107939339875112 0.725328947368421 0.32537912578055306 0.725328947368421 0.32537912578055306 0.5912828947368421 0.24107939339875112 0.5912828947368421 0.24107939339875112 0.725328947368421
0 0.1581177520071365 0.23889802631578946 0.24107939339875112 0.23889802631578946 0.24107939339875112 0.08429276315789473 0.1581177520071365 0.08429276315789473 0.1581177520071365 0.23889802631578946
0 0.11173059768064228 0.9995888157894737 0.19826048171275648 0.9995888157894737 0.19826048171275648 0.9198190789473685 0.11173059768064228 0.9198190789473685 0.11173059768064228 0.9995888157894737
0 0.22859054415700267 0.9995888157894737 0.3155664585191793 0.9995888157894737 0.3155664585191793 0.920641447368421 0.22859054415700267 0.920641447368421 0.22859054415700267 0.9995888157894737
0 0.5584299732381802 1 0.5584299732381802 0.9481907894736842 0.47368421052631576 0.9481907894736842 0.47368421052631576 1 0.5584299732381802 1
0 0.5165031222123104 0 0.5165031222123104 0.05838815789473684 0.5976806422836753 0.05838815789473684 0.5976806422836753 0 0.5165031222123104 0
0 0.6768510258697591 0 0.6768510258697591 0.047697368421052634 0.7531222123104371 0.047697368421052634 0.7531222123104371 0 0.6768510258697591 0
0 0.6815343443354148 1 0.6815343443354148 0.9786184210526315 0.623550401427297 0.9786184210526315 0.623550401427297 1 0.6815343443354148 1
0 0.4342105263157895 1 0.4342105263157895 0.9827302631578947 0.36150758251561105 0.9827302631578947 0.36150758251561105 1 0.4342105263157895 1