0 0.5812294182217344 0.6557080924855492 0.685510428100988 0.6557080924855492 0.685510428100988 0.5299855491329479 0.5812294182217344 0.5299855491329479 0.5812294182217344 0.6557080924855492
0 0.6802963776070252 0.21929190751445088 0.7818331503841932 0.21929190751445088 0.7818331503841932 0.10223988439306358 0.6802963776070252 0.10223988439306358 0.6802963776070252 0.21929190751445088
0 0.6866081229418222 0.9830202312138728 0.7782656421514819 0.9830202312138728 0.7782656421514819 0.8348988439306358 0.6866081229418222 0.8348988439306358 0.6866081229418222 0.9830202312138728
0 0.43468715697036225 0.40101156069364163 0.5236004390779363 0.40101156069364163 0.5236004390779363 0.29552023121387283 0.43468715697036225 0.29552023121387283 0.43468715697036225 0.40101156069364163
0 0.36086717892425907 0.17630057803468208 0.43441273326015367 0.17630057803468208 0.43441273326015367 0.057803468208092484 0.36086717892425907 0.057803468208092484 0.36086717892425907 0.17630057803468208
0 0.5622941822173436 0.26083815028901736 0.6545005488474204 0.26083815028901736 0.6545005488474204 0.1416184971098266 0.5622941822173436 0.1416184971098266 0.5622941822173436 0.26083815028901736
0 0.3518111964873765 0.4057080924855491 0.4313940724478595 0.4057080924855491 0.4313940724478595 0.29515895953757226 0.3518111964873765 0.29515895953757226 0.3518111964873765 0.4057080924855491
0 0.20032930845225028 0.8168352601156069 0.27716794731064764 0.8168352601156069 0.27716794731064764 0.696893063583815 0.20032930845225028 0.696893063583815 0.20032930845225028 0.8168352601156069
0 0.21899012074643248 0.32189306358381503 0.30021953896816683 0.32189306358381503 0.30021953896816683 0.22507225433526012 0.21899012074643248 0.22507225433526012 0.21899012074643248 0.32189306358381503
0 0.36470911086717894 0.6517341040462428 0.43825466520307355 0.6517341040462428 0.43825466520307355 0.5310693641618497 0.36470911086717894 0.5310693641618497 0.36470911086717894 0.6517341040462428
0 0.5246981339187706 0.1495664739884393 0.6163556531284303 0.1495664739884393 0.6163556531284303 0.03829479768786127 0.5246981339187706 0.03829479768786127 0.5246981339187706 0.1495664739884393
0 0.15340285400658618 0.12572254335260116 0.22585071350164654 0.12572254335260116 0.22585071350164654 0.018063583815028903 0.15340285400658618 0.018063583815028903 0.15340285400658618 0.12572254335260116
0 0.09275521405049396 0.4360549132947977 0.16136114160263446 0.4360549132947977 0.16136114160263446 0.33778901734104044 0.09275521405049396 0.33778901734104044 0.09275521405049396 0.4360549132947977
0 0.25411635565312846 0.6665462427745664 0.3391877058177827 0.6665462427745664 0.3391877058177827 0.5668352601156069 0.25411635565312846 0.5668352601156069 0.25411635565312846 0.6665462427745664
0 0.2796377607025247 0.40065028901734107 0.3548298572996707 0.40065028901734107 0.3548298572996707 0.2944364161849711 0.2796377607025247 0.2944364161849711 0.2796377607025247 0.40065028901734107
0 0.27936333699231614 0.569364161849711 0.36827661909989023 0.569364161849711 0.36827661909989023 0.47109826589595377 0.27936333699231614 0.47109826589595377 0.27936333699231614 0.569364161849711
0 0.7349066959385291 0 0.7349066959385291 0.09176300578034682 0.8402854006586169 0.09176300578034682 0.8402854006586169 0 0.7349066959385291 0
0 0.22008781558726673 0.2138728323699422 0.29198682766191 0.2138728323699422 0.29198682766191 0.11777456647398844 0.22008781558726673 0.11777456647398844 0.22008781558726673 0.2138728323699422
0 0.12897914379802414 0.25036127167630057 0.21295279912184412 0.25036127167630057 0.21295279912184412 0.1578757225433526 0.12897914379802414 0.1578757225433526 0.12897914379802414 0.25036127167630057
0 0.00027442371020856203 0.4490606936416185 0.06448957189901207 0.4490606936416185 0.06448957189901207 0.34140173410404623 0.00027442371020856203 0.34140173410404623 0.00027442371020856203 0.4490606936416185
0 0.06888035126234907 0.3417630057803468 0.14571899012074643 0.3417630057803468 0.14571899012074643 0.2398843930635838 0.06888035126234907 0.2398843930635838 0.06888035126234907 0.3417630057803468
0 0.14654226125137212 0.345014450867052 0.22447859495060374 0.345014450867052 0.22447859495060374 0.2583092485549133 0.14654226125137212 0.2583092485549133 0.14654226125137212 0.345014450867052
0 0.00027442371020856203 0.9992774566473989 0.055159165751920966 0.9992774566473989 0.055159165751920966 0.934971098265896 0.00027442371020856203 0.934971098265896 0.00027442371020856203 0.9992774566473989
0 0.29006586169045007 0.18027456647398843 0.3586717892425906 0.18027456647398843 0.3586717892425906 0.06972543352601156 0.29006586169045007 0.06972543352601156 0.29006586169045007 0.18027456647398843
0 0.09604829857299671 0.16473988439306358 0.1619099890230516 0.16473988439306358 0.1619099890230516 0.06358381502890173 0.09604829857299671 0.06358381502890173 0.09604829857299671 0.16473988439306358
0 0.4544456641053787 0 0.4544456641053787 0.044797687861271675 0.526344676180022 0.044797687861271675 0.526344676180022 0 0.4544456641053787 0
0 0.3792535675082327 0.9992774566473989 0.44017563117453345 0.9992774566473989 0.44017563117453345 0.9674855491329479 0.3792535675082327 0.9674855491329479 0.3792535675082327 0.9992774566473989
0 0.5345773874862788 0 0.5345773874862788 0.03901734104046243 0.6180021953896817 0.03901734104046243 0.6180021953896817 0 0.5345773874862788 0
0 0.27469813391877057 0 0.27469813391877057 0.022398843930635837 0.338364434687157 0.022398843930635837 0.338364434687157 0 0.27469813391877057 0
0 0.9857299670691547 0.05057803468208093 0.9978046103183315 0.05057803468208093 0.9978046103183315 0.000722543352601156 0.9857299670691547 0.000722543352601156 0.9857299670691547 0.05057803468208093
0 0.993139407244786 0.15570809248554912 0.9997255762897914 0.15570809248554912 0.9997255762897914 0.09645953757225434 0.993139407244786 0.09645953757225434 0.993139407244786 0.15570809248554912