0 0.8826412918108419 0 0.8826412918108419 0.08333333333333333 0.9760668973471741 0.08333333333333333 0.9760668973471741 0 0.8826412918108419 0
0 0.7771049596309112 0.9448099415204678 0.8711072664359861 0.9448099415204678 0.8711072664359861 0.8592836257309941 0.7771049596309112 0.8592836257309941 0.7771049596309112 0.9448099415204678
0 0.6104382929642446 0.23793859649122806 0.697520184544406 0.23793859649122806 0.697520184544406 0.1560672514619883 0.6104382929642446 0.1560672514619883 0.6104382929642446 0.23793859649122806
0 0.6358131487889274 0.7021198830409356 0.7257785467128027 0.7021198830409356 0.7257785467128027 0.6195175438596491 0.6358131487889274 0.6195175438596491 0.6358131487889274 0.7021198830409356
0 0.7142445213379469 0.47112573099415206 0.8030565167243368 0.47112573099415206 0.8030565167243368 0.3892543859649123 0.7142445213379469 0.3892543859649123 0.7142445213379469 0.47112573099415206
0 0.6470588235294118 0.5844298245614035 0.7364475201845444 0.5844298245614035 0.7364475201845444 0.5113304093567251 0.6470588235294118 0.5113304093567251 0.6470588235294118 0.5844298245614035
0 0.5882352941176471 0.5314327485380117 0.6730103806228374 0.5314327485380117 0.6730103806228374 0.4517543859649123 0.5882352941176471 0.4517543859649123 0.5882352941176471 0.5314327485380117
0 0.6023644752018454 0.35964912280701755 0.6871395617070357 0.35964912280701755 0.6871395617070357 0.27631578947368424 0.6023644752018454 0.27631578947368424 0.6023644752018454 0.35964912280701755
0 0.6349480968858131 0.9214181286549707 0.723760092272203 0.9214181286549707 0.723760092272203 0.839546783625731 0.6349480968858131 0.839546783625731 0.6349480968858131 0.9214181286549707
0 0.538638985005767 0.5796783625730995 0.6211072664359861 0.5796783625730995 0.6211072664359861 0.5014619883040936 0.538638985005767 0.5014619883040936 0.538638985005767 0.5796783625730995
0 0.6098615916955017 0.12280701754385964 0.6900230680507498 0.12280701754385964 0.6900230680507498 0.03654970760233918 0.6098615916955017 0.03654970760233918 0.6098615916955017 0.12280701754385964
0 0.7292387543252595 0.22916666666666666 0.8117070357554786 0.22916666666666666 0.8117070357554786 0.14144736842105263 0.7292387543252595 0.14144736842105263 0.7292387543252595 0.22916666666666666
0 0.6251441753171857 0.8092105263157895 0.7139561707035755 0.8092105263157895 0.7139561707035755 0.7309941520467836 0.6251441753171857 0.7309941520467836 0.6251441753171857 0.8092105263157895
0 0.4333910034602076 0.36257309941520466 0.5083621683967705 0.36257309941520466 0.5083621683967705 0.29239766081871343 0.4333910034602076 0.29239766081871343 0.4333910034602076 0.36257309941520466
0 0.513840830449827 0.47478070175438597 0.596885813148789 0.47478070175438597 0.596885813148789 0.3965643274853801 0.513840830449827 0.3965643274853801 0.513840830449827 0.47478070175438597
0 0.4564590542099193 0.9842836257309941 0.5412341407151096 0.9842836257309941 0.5412341407151096 0.9126461988304093 0.4564590542099193 0.9126461988304093 0.4564590542099193 0.9842836257309941
0 0.39878892733564014 0.21235380116959066 0.470876585928489 0.21235380116959066 0.470876585928489 0.13559941520467836 0.39878892733564014 0.13559941520467836 0.39878892733564014 0.21235380116959066
0 0.8852364475201846 0.6027046783625731 0.9740484429065744 0.6027046783625731 0.9740484429065744 0.5105994152046783 0.8852364475201846 0.5105994152046783 0.8852364475201846 0.6027046783625731
0 0.7877739331026529 0.10051169590643275 0.884083044982699 0.10051169590643275 0.884083044982699 0.001827485380116959 0.7877739331026529 0.001827485380116959 0.7877739331026529 0.10051169590643275
0 0.40282583621683965 0.9316520467836257 0.48760092272203 0.9316520467836257 0.48760092272203 0.856359649122807 0.40282583621683965 0.856359649122807 0.40282583621683965 0.9316520467836257
0 0.3215109573241061 0.37317251461988304 0.39705882352941174 0.37317251461988304 0.39705882352941174 0.30372807017543857 0.3215109573241061 0.30372807017543857 0.3215109573241061 0.37317251461988304
0 0.314878892733564 0.7653508771929824 0.3875432525951557 0.7653508771929824 0.3875432525951557 0.6988304093567251 0.314878892733564 0.6988304093567251 0.314878892733564 0.7653508771929824
0 0.36303344867358706 0.8300438596491229 0.4380046136101499 0.8300438596491229 0.4380046136101499 0.7635233918128655 0.36303344867358706 0.7635233918128655 0.36303344867358706 0.8300438596491229
0 0.4731833910034602 0.785453216374269 0.5464244521337946 0.785453216374269 0.5464244521337946 0.714546783625731 0.4731833910034602 0.714546783625731 0.4731833910034602 0.785453216374269
0 0.5795847750865052 0.8581871345029239 0.6701268742791234 0.8581871345029239 0.6701268742791234 0.7828947368421053 0.5795847750865052 0.7828947368421053 0.5795847750865052 0.8581871345029239
0 0.6929065743944637 1 0.6929065743944637 0.9364035087719298 0.5977508650519031 0.9364035087719298 0.5977508650519031 1 0.6929065743944637 1
0 0.33391003460207613 0.6758040935672515 0.4083044982698962 0.6758040935672515 0.4083044982698962 0.6048976608187134 0.33391003460207613 0.6048976608187134 0.33391003460207613 0.6758040935672515
0 0.970876585928489 0.5891812865497076 0.9997116493656286 0.5891812865497076 0.9997116493656286 0.5146198830409356 0.970876585928489 0.5146198830409356 0.970876585928489 0.5891812865497076
0 0.2364475201845444 0.2777777777777778 0.3091118800461361 0.2777777777777778 0.3091118800461361 0.20833333333333334 0.2364475201845444 0.20833333333333334 0.2364475201845444 0.2777777777777778
0 0.27941176470588236 0.322733918128655 0.35207612456747406 0.322733918128655 0.35207612456747406 0.25621345029239767 0.27941176470588236 0.25621345029239767 0.27941176470588236 0.322733918128655
0 0.26211072664359863 0.7160087719298246 0.3428489042675894 0.7160087719298246 0.3428489042675894 0.6458333333333334 0.26211072664359863 0.6458333333333334 0.26211072664359863 0.7160087719298246
0 0.2759515570934256 0.8980263157894737 0.34746251441753173 0.8980263157894737 0.34746251441753173 0.8322368421052632 0.2759515570934256 0.8322368421052632 0.2759515570934256 0.8980263157894737
0 0.5164359861591695 0.8453947368421053 0.5891003460207612 0.8453947368421053 0.5891003460207612 0.7774122807017544 0.5164359861591695 0.7774122807017544 0.5164359861591695 0.8453947368421053
0 0.7318339100346021 0.055190058479532164 0.8200692041522492 0.055190058479532164 0.8200692041522492 0.0003654970760233918 0.7318339100346021 0.0003654970760233918 0.7318339100346021 0.055190058479532164
0 0.3621683967704729 0.9660087719298246 0.43194925028835063 0.9660087719298246 0.43194925028835063 0.893640350877193 0.3621683967704729 0.893640350877193 0.3621683967704729 0.9660087719298246
0 0.27277970011534025 0.8084795321637427 0.34659746251441753 0.8084795321637427 0.34659746251441753 0.7426900584795322 0.27277970011534025 0.7426900584795322 0.27277970011534025 0.8084795321637427
0 0.4019607843137255 0.7814327485380117 0.47923875432525953 0.7814327485380117 0.47923875432525953 0.7076023391812866 0.4019607843137255 0.7076023391812866 0.4019607843137255 0.7814327485380117
0 0.4884659746251442 1 0.4884659746251442 0.9678362573099415 0.405997693194925 0.9678362573099415 0.405997693194925 1 0.4884659746251442 1
0 0.3108419838523645 0.9499269005847953 0.36562860438292966 0.9499269005847953 0.36562860438292966 0.8972953216374269 0.3108419838523645 0.8972953216374269 0.3108419838523645 0.9499269005847953