0 0.5573040380047506 0.3024193548387097 0.630938242280285 0.3024193548387097 0.630938242280285 0.1886200716845878 0.5573040380047506 0.1886200716845878 0.5573040380047506 0.3024193548387097
0 0.6811163895486936 0.8266129032258065 0.7636579572446556 0.8266129032258065 0.7636579572446556 0.6895161290322581 0.6811163895486936 0.6895161290322581 0.6811163895486936 0.8266129032258065
0 0.07393111638954869 0.6102150537634409 0.14934679334916864 0.6102150537634409 0.14934679334916864 0.4883512544802867 0.07393111638954869 0.4883512544802867 0.07393111638954869 0.6102150537634409
0 0.48663895486935865 0.31675627240143367 0.5549287410926366 0.31675627240143367 0.5549287410926366 0.1975806451612903 0.48663895486935865 0.1975806451612903 0.48663895486935865 0.31675627240143367
0 0.2081353919239905 0.364247311827957 0.2734560570071259 0.364247311827957 0.2734560570071259 0.24238351254480286 0.2081353919239905 0.24238351254480286 0.2081353919239905 0.364247311827957
0 0.6187648456057007 0.21415770609318996 0.6912114014251781 0.21415770609318996 0.6912114014251781 0.09767025089605735 0.6187648456057007 0.09767025089605735 0.6187648456057007 0.21415770609318996
0 0.6784441805225653 0.3118279569892473 0.7461401425178147 0.3118279569892473 0.7461401425178147 0.18996415770609318 0.6784441805225653 0.18996415770609318 0.6784441805225653 0.3118279569892473
0 0.48693586698337293 0.2007168458781362 0.5504750593824228 0.2007168458781362 0.5504750593824228 0.09767025089605735 0.48693586698337293 0.09767025089605735 0.48693586698337293 0.2007168458781362
0 0.11460807600950118 0.2925627240143369 0.1840855106888361 0.2925627240143369 0.1840855106888361 0.19041218637992832 0.11460807600950118 0.19041218637992832 0.11460807600950118 0.2925627240143369
0 0.7645486935866983 0.1581541218637993 0.8310570071258907 0.1581541218637993 0.8310570071258907 0.030017921146953404 0.7645486935866983 0.030017921146953404 0.7645486935866983 0.1581541218637993
0 0.3589667458432304 0.38127240143369173 0.4391330166270784 0.38127240143369173 0.4391330166270784 0.2764336917562724 0.3589667458432304 0.2764336917562724 0.3589667458432304 0.38127240143369173
0 0.8052256532066508 0.35080645161290325 0.8800475059382423 0.35080645161290325 0.8800475059382423 0.2289426523297491 0.8052256532066508 0.2289426523297491 0.8052256532066508 0.35080645161290325
0 0.5534441805225653 0.19489247311827956 0.6205463182897862 0.19489247311827956 0.6205463182897862 0.08288530465949821 0.5534441805225653 0.08288530465949821 0.5534441805225653 0.19489247311827956
0 0.1909144893111639 0.703405017921147 0.26157957244655583 0.703405017921147 0.26157957244655583 0.5761648745519713 0.1909144893111639 0.5761648745519713 0.1909144893111639 0.703405017921147
0 0.020783847980997625 0.5949820788530465 0.0855106888361045 0.5949820788530465 0.0855106888361045 0.478494623655914 0.020783847980997625 0.478494623655914 0.020783847980997625 0.5949820788530465
0 0.6146080760095012 0.6881720430107527 0.6971496437054632 0.6881720430107527 0.6971496437054632 0.5582437275985663 0.6146080760095012 0.5582437275985663 0.6146080760095012 0.6881720430107527
0 0.33046318289786225 0.510752688172043 0.40231591448931114 0.510752688172043 0.40231591448931114 0.3978494623655914 0.33046318289786225 0.3978494623655914 0.33046318289786225 0.510752688172043
0 0.6897268408551069 0.16980286738351255 0.7627672209026128 0.16980286738351255 0.7627672209026128 0.06048387096774194 0.6897268408551069 0.06048387096774194 0.6897268408551069 0.16980286738351255
0 0.027315914489311165 0.30286738351254483 0.09501187648456057 0.30286738351254483 0.09501187648456057 0.18010752688172044 0.027315914489311165 0.18010752688172044 0.027315914489311165 0.30286738351254483
0 0.2081353919239905 0.24417562724014336 0.26989311163895485 0.24417562724014336 0.26989311163895485 0.14292114695340502 0.2081353919239905 0.14292114695340502 0.2081353919239905 0.24417562724014336
0 0.35243467933491684 0.28987455197132617 0.4248812351543943 0.28987455197132617 0.4248812351543943 0.18503584229390682 0.35243467933491684 0.18503584229390682 0.35243467933491684 0.28987455197132617
0 0.23248218527315914 0.09811827956989247 0.291270783847981 0.09811827956989247 0.291270783847981 0.0013440860215053765 0.23248218527315914 0.0013440860215053765 0.23248218527315914 0.09811827956989247
0 0.8307600950118765 0.12365591397849462 0.9002375296912114 0.12365591397849462 0.9002375296912114 0.008064516129032258 0.8307600950118765 0.008064516129032258 0.8307600950118765 0.12365591397849462
0 0.35748218527315917 0.19086021505376344 0.42636579572446553 0.19086021505376344 0.42636579572446553 0.08691756272401434 0.35748218527315917 0.08691756272401434 0.35748218527315917 0.19086021505376344
0 0.26068883610451304 0.27508960573476704 0.3331353919239905 0.27508960573476704 0.3331353919239905 0.17562724014336917 0.26068883610451304 0.17562724014336917 0.26068883610451304 0.27508960573476704
0 0.2529691211401425 0.5967741935483871 0.32719714964370544 0.5967741935483871 0.32719714964370544 0.47043010752688175 0.2529691211401425 0.47043010752688175 0.2529691211401425 0.5967741935483871
0 0.4236935866983373 0.24507168458781362 0.48663895486935865 0.24507168458781362 0.48663895486935865 0.14560931899641577 0.4236935866983373 0.14560931899641577 0.4236935866983373 0.24507168458781362
0 0.14697149643705462 0.37544802867383514 0.21051068883610452 0.37544802867383514 0.21051068883610452 0.253584229390681 0.14697149643705462 0.253584229390681 0.14697149643705462 0.37544802867383514
0 0.08937054631828979 0.4551971326164875 0.1582541567695962 0.4551971326164875 0.1582541567695962 0.34946236559139787 0.08937054631828979 0.34946236559139787 0.08937054631828979 0.4551971326164875
0 0.26365795724465557 0.46953405017921146 0.3319477434679335 0.46953405017921146 0.3319477434679335 0.3655913978494624 0.26365795724465557 0.3655913978494624 0.26365795724465557 0.46953405017921146
0 0.1416270783847981 0.14829749103942652 0.20516627078384797 0.14829749103942652 0.20516627078384797 0.04525089605734767 0.1416270783847981 0.04525089605734767 0.1416270783847981 0.14829749103942652
0 0.44002375296912116 0.1532258064516129 0.5077197149643705 0.1532258064516129 0.5077197149643705 0.04838709677419355 0.44002375296912116 0.04838709677419355 0.44002375296912116 0.1532258064516129
0 0.27939429928741094 0.364247311827957 0.34827790973871736 0.364247311827957 0.34827790973871736 0.25492831541218636 0.27939429928741094 0.25492831541218636 0.27939429928741094 0.364247311827957
0 0.031175771971496437 0.13620071684587814 0.09590261282660333 0.13620071684587814 0.09590261282660333 0.036738351254480286 0.031175771971496437 0.036738351254480286 0.031175771971496437 0.13620071684587814
0 0 0.10528673835125447 0.03978622327790974 0.10528673835125447 0.03978622327790974 0.005824372759856631 0 0.005824372759856631 0 0.10528673835125447
0 0.5994655581947743 0.10170250896057348 0.6624109263657957 0.10170250896057348 0.6624109263657957 0.00044802867383512545 0.5994655581947743 0.00044802867383512545 0.5994655581947743 0.10170250896057348
0 0.3004750593824228 0.19982078853046595 0.36104513064133015 0.19982078853046595 0.36104513064133015 0.09050179211469533 0.3004750593824228 0.09050179211469533 0.3004750593824228 0.19982078853046595
0 0.08343230403800475 0.2253584229390681 0.1416270783847981 0.2253584229390681 0.1416270783847981 0.12141577060931899 0.08343230403800475 0.12141577060931899 0.08343230403800475 0.2253584229390681
0 0.11490498812351543 0.08960573476702509 0.16122327790973873 0.08960573476702509 0.16122327790973873 0.008064516129032258 0.11490498812351543 0.008064516129032258 0.11490498812351543 0.08960573476702509
0 0 0.31362007168458783 0.019596199524940617 0.31362007168458783 0.019596199524940617 0.21505376344086022 0 0.21505376344086022 0 0.31362007168458783
0 0.3607482185273159 0 0.3607482185273159 0.08602150537634409 0.4230997624703088 0.08602150537634409 0.4230997624703088 0 0.3607482185273159 0
0 0.5273159144893111 0.11290322580645161 0.5878859857482185 0.11290322580645161 0.5878859857482185 0.016129032258064516 0.5273159144893111 0.016129032258064516 0.5273159144893111 0.11290322580645161
0 0.7116983372921615 0 0.7116983372921615 0.07616487455197132 0.78770783847981 0.07616487455197132 0.78770783847981 0 0.7116983372921615 0
0 0.7859263657957245 0 0.7859263657957245 0.04838709677419355 0.8459026128266033 0.04838709677419355 0.8459026128266033 0 0.7859263657957245 0
0 0.4765439429928741 0.053315412186379925 0.5454275534441805 0.053315412186379925 0.5454275534441805 0.00044802867383512545 0.4765439429928741 0.00044802867383512545 0.4765439429928741 0.053315412186379925
0 0.9836698337292161 0.5694444444444444 0.9997030878859857 0.5694444444444444 0.9997030878859857 0.49507168458781364 0.9836698337292161 0.49507168458781364 0.9836698337292161 0.5694444444444444
0 0 0.21505376344086022 0.020190023752969122 0.21505376344086022 0.020190023752969122 0.13799283154121864 0 0.13799283154121864 0 0.21505376344086022
0 0.961104513064133 0 0.961104513064133 0.025985663082437275 0.9997030878859857 0.025985663082437275 0.9997030878859857 0 0.961104513064133 0
0 0.288895486935867 0 0.288895486935867 0.043010752688172046 0.33461995249406173 0.043010752688172046 0.33461995249406173 0 0.288895486935867 0
0 0.6612232779097387 0.029121863799283155 0.7158551068883611 0.029121863799283155 0.7158551068883611 0.00044802867383512545 0.6612232779097387 0.00044802867383512545 0.6612232779097387 0.029121863799283155