0 0.7919532324621733 0.49857752489331436 0.9288170563961485 0.49857752489331436 0.9288170563961485 0.3627311522048364 0.7919532324621733 0.3627311522048364 0.7919532324621733 0.49857752489331436
0 0.6523383768913342 0.22759601706970128 0.7616918844566712 0.22759601706970128 0.7616918844566712 0.08250355618776671 0.6523383768913342 0.08250355618776671 0.6523383768913342 0.22759601706970128
0 0.703920220082531 0.8314366998577525 0.8538514442916093 0.8314366998577525 0.8538514442916093 0.6600284495021337 0.703920220082531 0.6600284495021337 0.703920220082531 0.8314366998577525
0 0.6705639614855571 0.631578947368421 0.8053645116918845 0.631578947368421 0.8053645116918845 0.4829302987197724 0.6705639614855571 0.4829302987197724 0.6705639614855571 0.631578947368421
0 0.4889958734525447 0.7816500711237553 0.624484181568088 0.7816500711237553 0.624484181568088 0.6465149359886202 0.4889958734525447 0.6465149359886202 0.4889958734525447 0.7816500711237553
0 0.48830811554332876 0.9253200568990043 0.6169188445667125 0.9253200568990043 0.6169188445667125 0.7752489331436699 0.48830811554332876 0.7752489331436699 0.48830811554332876 0.9253200568990043
0 0.26581843191196697 0.6397581792318634 0.3655433287482806 0.6397581792318634 0.3655433287482806 0.5202702702702703 0.26581843191196697 0.5202702702702703 0.26581843191196697 0.6397581792318634
0 0.5041265474552957 0.6504267425320057 0.625171939477304 0.6504267425320057 0.625171939477304 0.5280938833570412 0.5041265474552957 0.5280938833570412 0.5041265474552957 0.6504267425320057
0 0.5863136176066025 0.37268847795163584 0.6970426409903714 0.37268847795163584 0.6970426409903714 0.26102418207681366 0.5863136176066025 0.26102418207681366 0.5863136176066025 0.37268847795163584
0 0.578404401650619 0.5106685633001422 0.7090784044016506 0.5106685633001422 0.7090784044016506 0.3783783783783784 0.578404401650619 0.3783783783783784 0.578404401650619 0.5106685633001422
0 0.36451169188445665 0.33712660028449504 0.4621733149931224 0.33712660028449504 0.4621733149931224 0.21266002844950213 0.36451169188445665 0.21266002844950213 0.36451169188445665 0.33712660028449504
0 0.16987620357634112 0.8481507823613087 0.2737276478679505 0.8481507823613087 0.2737276478679505 0.7222617354196301 0.16987620357634112 0.7222617354196301 0.16987620357634112 0.8481507823613087
0 0.4360385144429161 0.55049786628734 0.5447042640990372 0.55049786628734 0.5447042640990372 0.4274537695590327 0.4360385144429161 0.4274537695590327 0.4360385144429161 0.55049786628734
0 0.25240715268225583 0.38549075391180654 0.343191196698762 0.38549075391180654 0.343191196698762 0.2759601706970128 0.25240715268225583 0.2759601706970128 0.25240715268225583 0.38549075391180654
0 0.28060522696011003 0.11557610241820768 0.3638239339752407 0.11557610241820768 0.3638239339752407 0.02240398293029872 0.28060522696011003 0.02240398293029872 0.28060522696011003 0.11557610241820768
0 0.11760660247592847 0.5885490753911806 0.19738651994497936 0.5885490753911806 0.19738651994497936 0.482574679943101 0.11760660247592847 0.482574679943101 0.11760660247592847 0.5885490753911806
0 0.3091471801925722 0.47297297297297297 0.40543328748280605 0.47297297297297297 0.40543328748280605 0.35704125177809387 0.3091471801925722 0.35704125177809387 0.3091471801925722 0.47297297297297297
0 0.17916093535075653 0.7215504978662873 0.27751031636863827 0.7215504978662873 0.27751031636863827 0.6056187766714083 0.17916093535075653 0.6056187766714083 0.17916093535075653 0.7215504978662873
0 0.1031636863823934 0.14580369843527738 0.17400275103163687 0.14580369843527738 0.17400275103163687 0.057610241820768134 0.1031636863823934 0.057610241820768134 0.1031636863823934 0.14580369843527738
0 0.04401650618982118 0.6696301564722618 0.13067400275103164 0.6696301564722618 0.13067400275103164 0.567923186344239 0.04401650618982118 0.567923186344239 0.04401650618982118 0.6696301564722618
0 0.42572214580467677 0.4096728307254623 0.5254470426409904 0.4096728307254623 0.5254470426409904 0.2923186344238976 0.42572214580467677 0.2923186344238976 0.42572214580467677 0.4096728307254623
0 0.3469738651994498 0.21372688477951635 0.45495185694635487 0.21372688477951635 0.45495185694635487 0.10206258890469416 0.3469738651994498 0.10206258890469416 0.3469738651994498 0.21372688477951635
0 0.18810178817056397 0.5988620199146515 0.27544704264099035 0.5988620199146515 0.27544704264099035 0.5 0.18810178817056397 0.5 0.18810178817056397 0.5988620199146515
0 0.10006877579092159 0.23897581792318634 0.18672627235213204 0.23897581792318634 0.18672627235213204 0.1507823613086771 0.10006877579092159 0.1507823613086771 0.10006877579092159 0.23897581792318634
0 0.11313617606602476 0.7069701280227596 0.19016506189821183 0.7069701280227596 0.19016506189821183 0.5938833570412517 0.11313617606602476 0.5938833570412517 0.11313617606602476 0.7069701280227596
0 0.2558459422283356 0.26671408250355616 0.34112792297111416 0.26671408250355616 0.34112792297111416 0.16216216216216217 0.2558459422283356 0.16216216216216217 0.2558459422283356 0.26671408250355616
0 0.10522696011004126 0.45021337126600286 0.1905089408528198 0.45021337126600286 0.1905089408528198 0.35561877667140823 0.10522696011004126 0.35561877667140823 0.10522696011004126 0.45021337126600286
0 0.8469738651994498 0 0.8469738651994498 0.06116642958748222 0.9824621733149931 0.06116642958748222 0.9824621733149931 0 0.8469738651994498 0
0 0.0484869325997249 0.5568990042674253 0.13033012379642367 0.5568990042674253 0.13033012379642367 0.4644381223328592 0.0484869325997249 0.4644381223328592 0.0484869325997249 0.5568990042674253
0 0.1922283356258597 0.4953769559032717 0.2843878954607978 0.4953769559032717 0.2843878954607978 0.3837126600284495 0.1922283356258597 0.3837126600284495 0.1922283356258597 0.4953769559032717
0 0 0.645448079658606 0.0577716643741403 0.645448079658606 0.0577716643741403 0.5629445234708392 0 0.5629445234708392 0 0.645448079658606
0 0.2359009628610729 0 0.2359009628610729 0.06543385490753911 0.2998624484181568 0.06543385490753911 0.2998624484181568 0 0.2359009628610729 0
0 0.7149243466299863 0 0.7149243466299863 0.06472261735419631 0.8359697386519945 0.06472261735419631 0.8359697386519945 0 0.7149243466299863 0
0 0.5808115543328748 0 0.5808115543328748 0.0476529160739687 0.6846629986244842 0.0476529160739687 0.6846629986244842 0 0.5808115543328748 0
0 0 0.5561877667140825 0.05983493810178817 0.5561877667140825 0.05983493810178817 0.46088193456614507 0 0.46088193456614507 0 0.5561877667140825
0 0.001375515818431912 0.25213371266002843 0.07771664374140302 0.25213371266002843 0.07771664374140302 0.17105263157894737 0.001375515818431912 0.17105263157894737 0.001375515818431912 0.25213371266002843
0 0.000687757909215956 0.4562588904694168 0.0907840440165062 0.4562588904694168 0.0907840440165062 0.37660028449502136 0.000687757909215956 0.37660028449502136 0.000687757909215956 0.4562588904694168
0 0.20839064649243466 0.2158605974395448 0.29573590096286106 0.2158605974395448 0.29573590096286106 0.11344238975817923 0.20839064649243466 0.11344238975817923 0.20839064649243466 0.2158605974395448
0 0.1643741403026135 0 0.1643741403026135 0.05903271692745377 0.23796423658872076 0.05903271692745377 0.23796423658872076 0 0.1643741403026135 0
0 0.051925722145804674 0.3762446657183499 0.15233837689133425 0.3762446657183499 0.15233837689133425 0.2759601706970128 0.051925722145804674 0.2759601706970128 0.051925722145804674 0.3762446657183499
0 0.17228335625859698 0.15256045519203415 0.25 0.15256045519203415 0.25 0.06294452347083926 0.17228335625859698 0.06294452347083926 0.17228335625859698 0.15256045519203415
0 0.05364511691884457 0.16251778093883357 0.11691884456671252 0.16251778093883357 0.11691884456671252 0.0650782361308677 0.05364511691884457 0.0650782361308677 0.05364511691884457 0.16251778093883357
0 0.03163686382393398 0.3029871977240398 0.11210453920220083 0.3029871977240398 0.11210453920220083 0.2240398293029872 0.03163686382393398 0.2240398293029872 0.03163686382393398 0.3029871977240398
0 0.02372764786795048 0.09601706970128022 0.09181568088033012 0.09601706970128022 0.09181568088033012 0.020625889046941678 0.02372764786795048 0.020625889046941678 0.02372764786795048 0.09601706970128022
0 0.0921595598349381 0.0472972972972973 0.16162310866574967 0.0472972972972973 0.16162310866574967 0.00035561877667140827 0.0921595598349381 0.00035561877667140827 0.0921595598349381 0.0472972972972973
0 0.14133425034387895 0.31152204836415365 0.2266162310866575 0.31152204836415365 0.2266162310866575 0.20554765291607396 0.14133425034387895 0.20554765291607396 0.14133425034387895 0.31152204836415365
0 0.2541265474552957 1 0.2541265474552957 0.9487908961593172 0.14889958734525446 0.9487908961593172 0.14889958734525446 1 0.2541265474552957 1
0 0.032324621733149934 1 0.032324621733149934 0.9544807965860598 0 0.9544807965860598 0 1 0.032324621733149934 1
0 0.1767537826685007 0.3794452347083926 0.2592847317744154 0.3794452347083926 0.2592847317744154 0.2727596017069701 0.1767537826685007 0.2727596017069701 0.1767537826685007 0.3794452347083926
0 0 0.7574679943100996 0.023383768913342505 0.7574679943100996 0.023383768913342505 0.6756756756756757 0 0.6756756756756757 0 0.7574679943100996
0 0.3713892709766162 0 0.3713892709766162 0.033428165007112376 0.45667125171939477 0.033428165007112376 0.45667125171939477 0 0.3713892709766162 0
0 0.000343878954607978 0.3965149359886202 0.05123796423658872 0.3965149359886202 0.05123796423658872 0.3026315789473684 0.000343878954607978 0.3026315789473684 0.000343878954607978 0.3965149359886202
0 0.984525447042641 0.26422475106685633 0.999656121045392 0.26422475106685633 0.999656121045392 0.17105263157894737 0.984525447042641 0.17105263157894737 0.984525447042641 0.26422475106685633
0 0 0.8463726884779517 0.011691884456671253 0.8463726884779517 0.011691884456671253 0.7759601706970128 0 0.7759601706970128 0 0.8463726884779517
0 0 0.4868421052631579 0.015130674002751032 0.4868421052631579 0.015130674002751032 0.43065433854907537 0 0.43065433854907537 0 0.4868421052631579
0 0 0.29160739687055476 0.011691884456671253 0.29160739687055476 0.011691884456671253 0.2361308677098151 0 0.2361308677098151 0 0.29160739687055476