0 0.4504906333630687 0.3729440789473684 0.532114183764496 0.3729440789473684 0.532114183764496 0.23889802631578946 0.4504906333630687 0.23889802631578946 0.4504906333630687 0.3729440789473684
0 0.8064228367528992 0.5172697368421053 0.8884924174843889 0.5172697368421053 0.8884924174843889 0.37911184210526316 0.8064228367528992 0.37911184210526316 0.8064228367528992 0.5172697368421053
0 0.6181980374665478 0.29194078947368424 0.7065120428189117 0.29194078947368424 0.7065120428189117 0.15296052631578946 0.6181980374665478 0.15296052631578946 0.6181980374665478 0.29194078947368424
0 0.227921498661909 0.4350328947368421 0.3117752007136485 0.4350328947368421 0.3117752007136485 0.30180921052631576 0.227921498661909 0.30180921052631576 0.227921498661909 0.4350328947368421
0 0.6416146297948261 0.7939967105263158 0.7334968777876896 0.7939967105263158 0.7334968777876896 0.6591282894736842 0.6416146297948261 0.6591282894736842 0.6416146297948261 0.7939967105263158
0 0.2992863514719001 0.3223684210526316 0.3849241748438894 0.3223684210526316 0.3849241748438894 0.18996710526315788 0.2992863514719001 0.18996710526315788 0.2992863514719001 0.3223684210526316
0 0.34924174843889383 0.45394736842105265 0.4214986619090098 0.45394736842105265 0.4214986619090098 0.29194078947368424 0.34924174843889383 0.29194078947368424 0.34924174843889383 0.45394736842105265
0 0.4110169491525424 0.9276315789473685 0.4895182872435326 0.9276315789473685 0.4895182872435326 0.7754934210526315 0.4110169491525424 0.7754934210526315 0.4110169491525424 0.9276315789473685
0 0.4426851025869759 0.2450657894736842 0.5127118644067796 0.2450657894736842 0.5127118644067796 0.08552631578947369 0.4426851025869759 0.08552631578947369 0.4426851025869759 0.2450657894736842
0 0.09322033898305085 0.6389802631578947 0.18064228367528992 0.6389802631578947 0.18064228367528992 0.4967105263157895 0.09322033898305085 0.4967105263157895 0.09322033898305085 0.6389802631578947
0 0.693800178412132 0.6722861842105263 0.7852363960749331 0.6722861842105263 0.7852363960749331 0.5497532894736842 0.693800178412132 0.5497532894736842 0.693800178412132 0.6722861842105263
0 0.44781445138269405 0.6570723684210527 0.5356824264049955 0.6570723684210527 0.5356824264049955 0.5213815789473685 0.44781445138269405 0.5213815789473685 0.44781445138269405 0.6570723684210527
0 0.20918822479928637 0.6295230263157895 0.29393398751115074 0.6295230263157895 0.29393398751115074 0.5004111842105263 0.20918822479928637 0.5004111842105263 0.20918822479928637 0.6295230263157895
0 0.33206958073148973 0.6681743421052632 0.4123550401427297 0.6681743421052632 0.4123550401427297 0.5357730263157895 0.33206958073148973 0.5357730263157895 0.33206958073148973 0.6681743421052632
0 0.778099910793934 0.171875 0.8503568242640499 0.171875 0.8503568242640499 0.004934210526315789 0.778099910793934 0.004934210526315789 0.778099910793934 0.171875
0 0.7350579839429081 0.4251644736842105 0.8260481712756468 0.4251644736842105 0.8260481712756468 0.2870065789473684 0.7350579839429081 0.2870065789473684 0.7350579839429081 0.4251644736842105
0 0.3648528099910794 0.842516447368421 0.4335414808206958 0.842516447368421 0.4335414808206958 0.6879111842105263 0.3648528099910794 0.6879111842105263 0.3648528099910794 0.842516447368421
0 0.36351471900089205 0.21998355263157895 0.4322033898305085 0.21998355263157895 0.4322033898305085 0.07442434210526316 0.36351471900089205 0.07442434210526316 0.36351471900089205 0.21998355263157895
0 0.7091882247992863 0.3001644736842105 0.7917038358608386 0.3001644736842105 0.7917038358608386 0.15049342105263158 0.7091882247992863 0.15049342105263158 0.7091882247992863 0.3001644736842105
0 0.6382694023193577 0.5649671052631579 0.7154326494201606 0.5649671052631579 0.7154326494201606 0.4087171052631579 0.6382694023193577 0.4087171052631579 0.6382694023193577 0.5649671052631579
0 0.29973238180196254 0.5435855263157895 0.3773416592328278 0.5435855263157895 0.3773416592328278 0.39473684210526316 0.29973238180196254 0.39473684210526316 0.29973238180196254 0.5435855263157895
0 0.717885816235504 0.5386513157894737 0.7928189116859946 0.5386513157894737 0.7928189116859946 0.4128289473684211 0.717885816235504 0.4128289473684211 0.717885816235504 0.5386513157894737
0 0.00022301516503122213 0.5304276315789473 0.044380017841213204 0.5304276315789473 0.044380017841213204 0.3873355263157895 0.00022301516503122213 0.3873355263157895 0.00022301516503122213 0.5304276315789473
0 0.2752007136485281 0.09498355263157894 0.35325602140945583 0.09498355263157894 0.35325602140945583 0.00041118421052631577 0.2752007136485281 0.00041118421052631577 0.2752007136485281 0.09498355263157894
0 0.2682872435325602 0.967516447368421 0.34812667261373775 0.967516447368421 0.34812667261373775 0.8277138157894737 0.2682872435325602 0.8277138157894737 0.2682872435325602 0.967516447368421
0 0.7988403211418377 0.32113486842105265 0.8661909009812667 0.32113486842105265 0.8661909009812667 0.17064144736842105 0.7988403211418377 0.17064144736842105 0.7988403211418377 0.32113486842105265
0 0.4134701159678858 0.09827302631578948 0.4982158786797502 0.09827302631578948 0.4982158786797502 0.00041118421052631577 0.4134701159678858 0.00041118421052631577 0.4134701159678858 0.09827302631578948
0 0.6848795718108831 0.1669407894736842 0.7727475468331847 0.1669407894736842 0.7727475468331847 0.01644736842105263 0.6848795718108831 0.01644736842105263 0.6848795718108831 0.1669407894736842
0 0.22323818019625336 0.30180921052631576 0.3044157002676182 0.30180921052631576 0.3044157002676182 0.16611842105263158 0.22323818019625336 0.16611842105263158 0.22323818019625336 0.30180921052631576
0 0.5849687778768956 0.6648848684210527 0.6688224799286352 0.6648848684210527 0.6688224799286352 0.5390625 0.5849687778768956 0.5390625 0.5849687778768956 0.6648848684210527
0 0 0.7713815789473685 0.05352363960749331 0.7713815789473685 0.05352363960749331 0.6480263157894737 0 0.6480263157894737 0 0.7713815789473685
0 0.2796610169491525 0.8314144736842105 0.3559322033898305 0.8314144736842105 0.3559322033898305 0.6875 0.2796610169491525 0.6875 0.2796610169491525 0.8314144736842105
0 0.21253345227475468 0.8647203947368421 0.2838983050847458 0.8647203947368421 0.2838983050847458 0.7084703947368421 0.21253345227475468 0.7084703947368421 0.21253345227475468 0.8647203947368421
0 0.5724799286351472 0 0.5724799286351472 0.07648026315789473 0.6625780553077609 0.07648026315789473 0.6625780553077609 0 0.5724799286351472 0
0 0.944692239072257 1 0.944692239072257 0.9473684210526315 0.860392506690455 0.9473684210526315 0.860392506690455 1 0.944692239072257 1
0 0.19647636039250668 0 0.19647636039250668 0.08223684210526316 0.27363960749330957 0.08223684210526316 0.27363960749330957 0 0.19647636039250668 0
0 0.532114183764496 1 0.532114183764496 0.9703947368421053 0.4665477252453167 0.9703947368421053 0.4665477252453167 1 0.532114183764496 1
0 0.32716324710080286 1 0.32716324710080286 0.9679276315789473 0.25133809099018734 0.9679276315789473 0.25133809099018734 1 0.32716324710080286 1
0 0.6795272078501338 0 0.6795272078501338 0.029605263157894735 0.7361730597680642 0.029605263157894735 0.7361730597680642 0 0.6795272078501338 0