0 0.7318941504178273 0.9314685314685315 0.8196378830083565 0.9314685314685315 0.8196378830083565 0.858041958041958 0.7318941504178273 0.858041958041958 0.7318941504178273 0.9314685314685315
0 0.02402506963788301 0.5374125874125875 0.10619777158774374 0.5374125874125875 0.10619777158774374 0.4716783216783217 0.02402506963788301 0.4716783216783217 0.02402506963788301 0.5374125874125875
0 0.8168523676880223 0.6849650349650349 0.9094707520891365 0.6849650349650349 0.9094707520891365 0.6101398601398601 0.8168523676880223 0.6101398601398601 0.8168523676880223 0.6849650349650349
0 0.9133008356545961 0.14335664335664336 0.9996518105849582 0.14335664335664336 0.9996518105849582 0.06783216783216783 0.9133008356545961 0.06783216783216783 0.9133008356545961 0.14335664335664336
0 0.682799442896936 0.7027972027972028 0.7691504178272981 0.7027972027972028 0.7691504178272981 0.6307692307692307 0.682799442896936 0.6307692307692307 0.682799442896936 0.7027972027972028
0 0.05536211699164345 0.720979020979021 0.13126740947075208 0.720979020979021 0.13126740947075208 0.6594405594405595 0.05536211699164345 0.6594405594405595 0.05536211699164345 0.720979020979021
0 0.3788300835654596 0.3465034965034965 0.4568245125348189 0.3465034965034965 0.4568245125348189 0.2800699300699301 0.3788300835654596 0.2800699300699301 0.3788300835654596 0.3465034965034965
0 0.658774373259053 0.9734265734265735 0.7493036211699164 0.9734265734265735 0.7493036211699164 0.8909090909090909 0.658774373259053 0.8909090909090909 0.658774373259053 0.9734265734265735
0 0.9171309192200557 0.6486013986013986 0.9993036211699164 0.6486013986013986 0.9993036211699164 0.5772727272727273 0.9171309192200557 0.5772727272727273 0.9171309192200557 0.6486013986013986
0 0.1692200557103064 0.22237762237762237 0.23537604456824512 0.22237762237762237 0.23537604456824512 0.16363636363636364 0.1692200557103064 0.16363636363636364 0.1692200557103064 0.22237762237762237
0 0.11385793871866295 0.46748251748251746 0.1876740947075209 0.46748251748251746 0.1876740947075209 0.40594405594405597 0.11385793871866295 0.40594405594405597 0.11385793871866295 0.46748251748251746
0 0.7217966573816156 0.8223776223776224 0.8116295264623955 0.8223776223776224 0.8116295264623955 0.7461538461538462 0.7217966573816156 0.7461538461538462 0.7217966573816156 0.8223776223776224
0 0.5494428969359332 0.1458041958041958 0.6232590529247911 0.1458041958041958 0.6232590529247911 0.08216783216783216 0.5494428969359332 0.08216783216783216 0.5494428969359332 0.1458041958041958
0 0.8565459610027855 0.586013986013986 0.9491643454038997 0.586013986013986 0.9491643454038997 0.5125874125874126 0.8565459610027855 0.5125874125874126 0.8565459610027855 0.586013986013986
0 0.41434540389972147 0.833916083916084 0.5 0.833916083916084 0.5 0.7660839160839161 0.41434540389972147 0.7660839160839161 0.41434540389972147 0.833916083916084
0 0.21135097493036212 0.14825174825174825 0.27959610027855153 0.14825174825174825 0.27959610027855153 0.08111888111888112 0.21135097493036212 0.08111888111888112 0.21135097493036212 0.14825174825174825
0 0.5706824512534819 0.9412587412587412 0.6577298050139275 0.9412587412587412 0.6577298050139275 0.8657342657342657 0.5706824512534819 0.8657342657342657 0.5706824512534819 0.9412587412587412
0 0.7270194986072424 0.5587412587412588 0.8217270194986073 0.5587412587412588 0.8217270194986073 0.4853146853146853 0.7270194986072424 0.4853146853146853 0.7270194986072424 0.5587412587412588
0 0.36942896935933145 0.1258741258741259 0.4411559888579387 0.1258741258741259 0.4411559888579387 0.05804195804195804 0.36942896935933145 0.05804195804195804 0.36942896935933145 0.1258741258741259
0 0.6357938718662952 0.3451048951048951 0.7200557103064067 0.3451048951048951 0.7200557103064067 0.27307692307692305 0.6357938718662952 0.27307692307692305 0.6357938718662952 0.3451048951048951
0 0.36629526462395545 0.6185314685314686 0.44707520891364905 0.6185314685314686 0.44707520891364905 0.5534965034965035 0.36629526462395545 0.5534965034965035 0.36629526462395545 0.6185314685314686
0 0.10132311977715877 0.5503496503496503 0.17235376044568246 0.5503496503496503 0.17235376044568246 0.493006993006993 0.10132311977715877 0.493006993006993 0.10132311977715877 0.5503496503496503
0 0.2865598885793872 0.4636363636363636 0.37012534818941506 0.4636363636363636 0.37012534818941506 0.3944055944055944 0.2865598885793872 0.3944055944055944 0.2865598885793872 0.4636363636363636
0 0.7343314763231198 0.12447552447552447 0.8178969359331476 0.12447552447552447 0.8178969359331476 0.05104895104895105 0.7343314763231198 0.05104895104895105 0.7343314763231198 0.12447552447552447
0 0.31441504178272983 0.16013986013986015 0.3868384401114206 0.16013986013986015 0.3868384401114206 0.0972027972027972 0.31441504178272983 0.0972027972027972 0.31441504178272983 0.16013986013986015
0 0.12151810584958217 0.7426573426573426 0.19951253481894152 0.7426573426573426 0.19951253481894152 0.6797202797202797 0.12151810584958217 0.6797202797202797 0.12151810584958217 0.7426573426573426
0 0.4853760445682451 0.7580419580419581 0.5682451253481894 0.7580419580419581 0.5682451253481894 0.6825174825174826 0.4853760445682451 0.6825174825174826 0.4853760445682451 0.7580419580419581
0 0.5139275766016713 0.865034965034965 0.5940111420612814 0.865034965034965 0.5940111420612814 0.7958041958041958 0.5139275766016713 0.7958041958041958 0.5139275766016713 0.865034965034965
0 0.8234679665738162 0.13391608391608392 0.9035515320334262 0.13391608391608392 0.9035515320334262 0.05909090909090909 0.8234679665738162 0.05909090909090909 0.8234679665738162 0.13391608391608392
0 0.24303621169916434 0.5898601398601399 0.32103064066852366 0.5898601398601399 0.32103064066852366 0.5255244755244756 0.24303621169916434 0.5255244755244756 0.24303621169916434 0.5898601398601399
0 0.08112813370473537 0.33146853146853145 0.14937325905292478 0.33146853146853145 0.14937325905292478 0.27342657342657345 0.08112813370473537 0.27342657342657345 0.08112813370473537 0.33146853146853145
0 0.22667130919220055 0.8276223776223777 0.30327298050139273 0.8276223776223777 0.30327298050139273 0.759090909090909 0.22667130919220055 0.759090909090909 0.22667130919220055 0.8276223776223777
0 0.4352367688022284 0.5884615384615385 0.516016713091922 0.5884615384615385 0.516016713091922 0.5248251748251749 0.4352367688022284 0.5248251748251749 0.4352367688022284 0.5884615384615385
0 0.05118384401114206 0.4541958041958042 0.12151810584958217 0.4541958041958042 0.12151810584958217 0.39195804195804196 0.05118384401114206 0.39195804195804196 0.05118384401114206 0.4541958041958042
0 0.13022284122562675 0.30034965034965033 0.2012534818941504 0.30034965034965033 0.2012534818941504 0.24020979020979022 0.13022284122562675 0.24020979020979022 0.13022284122562675 0.30034965034965033
0 0.10550139275766017 0.21433566433566434 0.17165738161559888 0.21433566433566434 0.17165738161559888 0.1527972027972028 0.10550139275766017 0.1527972027972028 0.10550139275766017 0.21433566433566434
0 0.23850974930362118 0.984965034965035 0.32137883008356544 0.984965034965035 0.32137883008356544 0.9080419580419581 0.23850974930362118 0.9080419580419581 0.23850974930362118 0.984965034965035
0 0.15285515320334261 0.8052447552447553 0.23433147632311976 0.8052447552447553 0.23433147632311976 0.7374125874125874 0.15285515320334261 0.7374125874125874 0.15285515320334261 0.8052447552447553
0 0.20229805013927576 0.9167832167832168 0.2775069637883008 0.9167832167832168 0.2775069637883008 0.848951048951049 0.20229805013927576 0.848951048951049 0.20229805013927576 0.9167832167832168
0 0.25696378830083566 0.7367132867132867 0.33565459610027853 0.7367132867132867 0.33565459610027853 0.670979020979021 0.25696378830083566 0.670979020979021 0.25696378830083566 0.7367132867132867
0 0.4052924791086351 0.48671328671328673 0.48467966573816157 0.48671328671328673 0.48467966573816157 0.42097902097902096 0.4052924791086351 0.42097902097902096 0.4052924791086351 0.48671328671328673
0 0.47284122562674097 0.1395104895104895 0.5494428969359332 0.1395104895104895 0.5494428969359332 0.07027972027972028 0.47284122562674097 0.07027972027972028 0.47284122562674097 0.1395104895104895
0 0.3203342618384401 0.5597902097902098 0.4011142061281337 0.5597902097902098 0.4011142061281337 0.4982517482517482 0.3203342618384401 0.4982517482517482 0.3203342618384401 0.5597902097902098
0 0.2841225626740947 0.6496503496503496 0.3635097493036212 0.6496503496503496 0.3635097493036212 0.5853146853146853 0.2841225626740947 0.5853146853146853 0.2841225626740947 0.6496503496503496
0 0.5866991643454039 0.836013986013986 0.6737465181058496 0.836013986013986 0.6737465181058496 0.7618881118881119 0.5866991643454039 0.7618881118881119 0.5866991643454039 0.836013986013986
0 0.37604456824512533 0.9237762237762238 0.45473537604456826 0.9237762237762238 0.45473537604456826 0.8545454545454545 0.37604456824512533 0.8545454545454545 0.37604456824512533 0.9237762237762238
0 0.08147632311977716 0.9762237762237762 0.16573816155988857 0.9762237762237762 0.16573816155988857 0.9055944055944056 0.08147632311977716 0.9055944055944056 0.08147632311977716 0.9762237762237762
0 0.6800139275766016 0.4982517482517482 0.7677576601671309 0.4982517482517482 0.7677576601671309 0.4234265734265734 0.6800139275766016 0.4234265734265734 0.6800139275766016 0.4982517482517482
0 0.19951253481894152 0.4874125874125874 0.2775069637883008 0.4874125874125874 0.2775069637883008 0.4230769230769231 0.19951253481894152 0.4230769230769231 0.19951253481894152 0.4874125874125874
0 0.14206128133704735 0.9437062937062937 0.21448467966573817 0.9437062937062937 0.21448467966573817 0.8737762237762238 0.14206128133704735 0.8737762237762238 0.14206128133704735 0.9437062937062937
0 0.612116991643454 0.10909090909090909 0.6838440111420613 0.10909090909090909 0.6838440111420613 0.04265734265734266 0.612116991643454 0.04265734265734266 0.612116991643454 0.10909090909090909
0 0.628133704735376 0.6388111888111888 0.7137883008356546 0.6388111888111888 0.7137883008356546 0.5681818181818182 0.628133704735376 0.5681818181818182 0.628133704735376 0.6388111888111888
0 0.3102367688022284 0.9566433566433566 0.3917130919220056 0.9566433566433566 0.3917130919220056 0.8839160839160839 0.3102367688022284 0.8839160839160839 0.3102367688022284 0.9566433566433566
0 0.2747214484679666 0.32727272727272727 0.3513231197771588 0.32727272727272727 0.3513231197771588 0.26503496503496504 0.2747214484679666 0.26503496503496504 0.2747214484679666 0.32727272727272727
0 0.31337047353760444 0.3786713286713287 0.3864902506963788 0.3786713286713287 0.3864902506963788 0.31643356643356646 0.31337047353760444 0.31643356643356646 0.31337047353760444 0.3786713286713287
0 0.1977715877437326 0.3111888111888112 0.26880222841225626 0.3111888111888112 0.26880222841225626 0.25594405594405595 0.1977715877437326 0.25594405594405595 0.1977715877437326 0.3111888111888112
0 0.2966573816155989 0.24405594405594405 0.3746518105849582 0.24405594405594405 0.3746518105849582 0.1797202797202797 0.2966573816155989 0.1797202797202797 0.2966573816155989 0.24405594405594405
0 0.5539693593314763 0.32972027972027973 0.6382311977715878 0.32972027972027973 0.6382311977715878 0.2618881118881119 0.5539693593314763 0.2618881118881119 0.5539693593314763 0.32972027972027973
0 0.11838440111420613 0.6482517482517482 0.19846796657381616 0.6482517482517482 0.19846796657381616 0.586013986013986 0.11838440111420613 0.586013986013986 0.11838440111420613 0.6482517482517482
0 0.009401114206128134 0.8506993006993007 0.0887883008356546 0.8506993006993007 0.0887883008356546 0.7828671328671328 0.009401114206128134 0.7828671328671328 0.009401114206128134 0.8506993006993007
0 0.49895543175487467 0.9723776223776224 0.5853064066852368 0.9723776223776224 0.5853064066852368 0.8905594405594406 0.49895543175487467 0.8905594405594406 0.49895543175487467 0.9723776223776224
0 0.5724233983286908 0.5727272727272728 0.6573816155988857 0.5727272727272728 0.6573816155988857 0.5062937062937063 0.5724233983286908 0.5062937062937063 0.5724233983286908 0.5727272727272728
0 0.5999303621169917 0.47867132867132867 0.6786211699164345 0.47867132867132867 0.6786211699164345 0.40524475524475523 0.5999303621169917 0.40524475524475523 0.5999303621169917 0.47867132867132867
0 0.2298050139275766 0.23076923076923078 0.30013927576601673 0.23076923076923078 0.30013927576601673 0.17132867132867133 0.2298050139275766 0.17132867132867133 0.2298050139275766 0.23076923076923078
0 0.14449860724233984 0.13986013986013987 0.21204735376044567 0.13986013986013987 0.21204735376044567 0.07622377622377623 0.14449860724233984 0.07622377622377623 0.14449860724233984 0.13986013986013987
0 0.5226323119777159 0.5136363636363637 0.6055013927576601 0.5136363636363637 0.6055013927576601 0.4472027972027972 0.5226323119777159 0.4472027972027972 0.5226323119777159 0.5136363636363637
0 0.42827298050139273 0.9986013986013986 0.5083565459610028 0.9986013986013986 0.5083565459610028 0.9251748251748252 0.42827298050139273 0.9251748251748252 0.42827298050139273 0.9986013986013986
0 0.4536908077994429 0.8989510489510489 0.533774373259053 0.8989510489510489 0.533774373259053 0.829020979020979 0.4536908077994429 0.829020979020979 0.4536908077994429 0.8989510489510489
0 0.8098885793871866 0.5251748251748252 0.9004178272980501 0.5251748251748252 0.9004178272980501 0.45174825174825173 0.8098885793871866 0.45174825174825173 0.8098885793871866 0.5251748251748252
0 0.08321727019498608 0.8265734265734266 0.15912256267409472 0.8265734265734266 0.15912256267409472 0.7594405594405594 0.08321727019498608 0.7594405594405594 0.08321727019498608 0.8265734265734266
0 0.16991643454038996 0.5713286713286714 0.24860724233983286 0.5713286713286714 0.24860724233983286 0.5048951048951049 0.16991643454038996 0.5048951048951049 0.16991643454038996 0.5713286713286714
0 0.3635097493036212 0.7758741258741259 0.45473537604456826 0.7758741258741259 0.45473537604456826 0.698951048951049 0.3635097493036212 0.698951048951049 0.3635097493036212 0.7758741258741259
0 0.16399721448467966 0.43496503496503497 0.24825905292479108 0.43496503496503497 0.24825905292479108 0.3748251748251748 0.16399721448467966 0.3748251748251748 0.16399721448467966 0.43496503496503497
0 0.471100278551532 0.4552447552447552 0.5553621169916435 0.4552447552447552 0.5553621169916435 0.3839160839160839 0.471100278551532 0.3839160839160839 0.471100278551532 0.4552447552447552
0 0.36002785515320335 0.4342657342657343 0.4387186629526462 0.4342657342657343 0.4387186629526462 0.3657342657342657 0.36002785515320335 0.3657342657342657 0.36002785515320335 0.4342657342657343
0 0.49164345403899723 0.3632867132867133 0.5731197771587744 0.3632867132867133 0.5731197771587744 0.30034965034965033 0.49164345403899723 0.30034965034965033 0.49164345403899723 0.3632867132867133
0 0.567200557103064 0 0.567200557103064 0.06083916083916084 0.6368384401114207 0.06083916083916084 0.6368384401114207 0 0.567200557103064 0
0 0.4244428969359331 0.4024475524475524 0.503133704735376 0.4024475524475524 0.503133704735376 0.3311188811188811 0.4244428969359331 0.3311188811188811 0.4244428969359331 0.4024475524475524
0 0 0.791958041958042 0.055710306406685235 0.791958041958042 0.055710306406685235 0.7297202797202798 0 0.7297202797202798 0 0.791958041958042
0 0.3266016713091922 0.7073426573426573 0.4073816155988858 0.7073426573426573 0.4073816155988858 0.6437062937062937 0.3266016713091922 0.6437062937062937 0.3266016713091922 0.7073426573426573
0 0.5598885793871866 0.42657342657342656 0.6357938718662952 0.42657342657342656 0.6357938718662952 0.36293706293706296 0.5598885793871866 0.36293706293706296 0.5598885793871866 0.42657342657342656
0 0.33809192200557103 0.2923076923076923 0.4139972144846797 0.2923076923076923 0.4139972144846797 0.23076923076923078 0.33809192200557103 0.23076923076923078 0.33809192200557103 0.2923076923076923
0 0.270891364902507 0.8923076923076924 0.34818941504178275 0.8923076923076924 0.34818941504178275 0.8174825174825174 0.270891364902507 0.8174825174825174 0.270891364902507 0.8923076923076924
0 0.04874651810584958 0.9146853146853147 0.12952646239554316 0.9146853146853147 0.12952646239554316 0.8419580419580419 0.04874651810584958 0.8419580419580419 0.04874651810584958 0.9146853146853147
0 0.3342618384401114 0.07692307692307693 0.3997214484679666 0.07692307692307693 0.3997214484679666 0.015384615384615385 0.3342618384401114 0.015384615384615385 0.3342618384401114 0.07692307692307693
0 0.6834958217270195 0.07447552447552448 0.7642757660167131 0.07447552447552448 0.7642757660167131 0.00034965034965034965 0.6834958217270195 0.00034965034965034965 0.6834958217270195 0.07447552447552448
0 0.4881615598885794 0 0.4881615598885794 0.05174825174825175 0.557799442896936 0.05174825174825175 0.557799442896936 0 0.4881615598885794 0
0 0.27158774373259054 0.11328671328671329 0.3398328690807799 0.11328671328671329 0.3398328690807799 0.05174825174825175 0.27158774373259054 0.05174825174825175 0.27158774373259054 0.11328671328671329
0 0.43175487465181056 0.09195804195804196 0.5027855153203342 0.09195804195804196 0.5027855153203342 0.02062937062937063 0.43175487465181056 0.02062937062937063 0.43175487465181056 0.09195804195804196
0 0.4334958217270195 1 0.4334958217270195 0.9496503496503497 0.3506267409470752 0.9496503496503497 0.3506267409470752 1 0.4334958217270195 1
0 0.7541782729805014 0.4562937062937063 0.8335654596100278 0.4562937062937063 0.8335654596100278 0.3940559440559441 0.7541782729805014 0.3940559440559441 0.7541782729805014 0.4562937062937063
0 0.2381615598885794 0.06888111888111888 0.3071030640668524 0.06888111888111888 0.3071030640668524 0.005244755244755245 0.2381615598885794 0.005244755244755245 0.2381615598885794 0.06888111888111888
0 0.637883008356546 1 0.637883008356546 0.9699300699300699 0.5550139275766016 0.9699300699300699 0.5550139275766016 1 0.637883008356546 1
0 0.9801532033426184 0.28986013986013986 0.9996518105849582 0.28986013986013986 0.9996518105849582 0.23391608391608393 0.9801532033426184 0.23391608391608393 0.9801532033426184 0.28986013986013986
0 0.35341225626740946 1 0.35341225626740946 0.9741258741258741 0.2823816155988858 0.9741258741258741 0.2823816155988858 1 0.35341225626740946 1
0 0.6340529247910863 0 0.6340529247910863 0.027972027972027972 0.7127437325905293 0.027972027972027972 0.7127437325905293 0 0.6340529247910863 0
0 0 0.8681818181818182 0.018802228412256268 0.8681818181818182 0.018802228412256268 0.8024475524475524 0 0.8024475524475524 0 0.8681818181818182
0 0.891016713091922 0.2737762237762238 0.9300139275766016 0.2737762237762238 0.9300139275766016 0.24020979020979022 0.891016713091922 0.24020979020979022 0.891016713091922 0.2737762237762238
0 0.9348885793871866 0.2762237762237762 0.9683147632311978 0.2762237762237762 0.9683147632311978 0.24195804195804196 0.9348885793871866 0.24195804195804196 0.9348885793871866 0.2762237762237762
0 0.8603760445682451 0.615034965034965 0.9021587743732591 0.615034965034965 0.9021587743732591 0.5751748251748252 0.8603760445682451 0.5751748251748252 0.8603760445682451 0.615034965034965
0 0.8920612813370473 0.3146853146853147 0.9289693593314763 0.3146853146853147 0.9289693593314763 0.28321678321678323 0.8920612813370473 0.28321678321678323 0.8920612813370473 0.3146853146853147
0 0.854108635097493 0.30454545454545456 0.8944986072423399 0.30454545454545456 0.8944986072423399 0.2772727272727273 0.854108635097493 0.2772727272727273 0.854108635097493 0.30454545454545456
0 0.6465877437325905 0.23916083916083916 0.6800139275766016 0.23916083916083916 0.6800139275766016 0.21678321678321677 0.6465877437325905 0.21678321678321677 0.6465877437325905 0.23916083916083916
0 0.5459610027855153 1 0.5459610027855153 0.9902097902097902 0.4637883008356546 0.9902097902097902 0.4637883008356546 1 0.5459610027855153 1