0 0.6998269896193772 0.4097222222222222 0.7822952710495963 0.4097222222222222 0.7822952710495963 0.3271198830409357 0.6998269896193772 0.3271198830409357 0.6998269896193772 0.4097222222222222
0 0.8598615916955017 0.339546783625731 0.955594002306805 0.339546783625731 0.955594002306805 0.24305555555555555 0.8598615916955017 0.24305555555555555 0.8598615916955017 0.339546783625731
0 0.8633217993079585 0.5219298245614035 0.955594002306805 0.5219298245614035 0.955594002306805 0.4283625730994152 0.8633217993079585 0.4283625730994152 0.8633217993079585 0.5219298245614035
0 0.8226643598615917 0.831140350877193 0.9108996539792388 0.831140350877193 0.9108996539792388 0.7470760233918129 0.8226643598615917 0.7470760233918129 0.8226643598615917 0.831140350877193
0 0.17906574394463667 0.9513888888888888 0.2574971164936563 0.9513888888888888 0.2574971164936563 0.8753654970760234 0.17906574394463667 0.8753654970760234 0.17906574394463667 0.9513888888888888
0 0.6185121107266436 0.9667397660818714 0.7015570934256056 0.9667397660818714 0.7015570934256056 0.8717105263157895 0.6185121107266436 0.8717105263157895 0.6185121107266436 0.9667397660818714
0 0.14129181084198386 0.5069444444444444 0.2301038062283737 0.5069444444444444 0.2301038062283737 0.43238304093567254 0.14129181084198386 0.43238304093567254 0.14129181084198386 0.5069444444444444
0 0.4812572087658593 0.6641081871345029 0.5660322952710496 0.6641081871345029 0.5660322952710496 0.5793128654970761 0.4812572087658593 0.5793128654970761 0.4812572087658593 0.6641081871345029
0 0.3119953863898501 0.721125730994152 0.3829296424452134 0.721125730994152 0.3829296424452134 0.643640350877193 0.3119953863898501 0.643640350877193 0.3119953863898501 0.721125730994152
0 0.19434832756632064 0.44846491228070173 0.2779700115340254 0.44846491228070173 0.2779700115340254 0.3753654970760234 0.19434832756632064 0.3753654970760234 0.19434832756632064 0.44846491228070173
0 0.2116493656286044 0.6169590643274854 0.29700115340253747 0.6169590643274854 0.29700115340253747 0.5372807017543859 0.2116493656286044 0.5372807017543859 0.2116493656286044 0.6169590643274854
0 0.09083044982698962 0.4586988304093567 0.16868512110726644 0.4586988304093567 0.16868512110726644 0.3826754385964912 0.09083044982698962 0.3826754385964912 0.09083044982698962 0.4586988304093567
0 0.3044982698961938 0.6129385964912281 0.3892733564013841 0.6129385964912281 0.3892733564013841 0.5281432748538012 0.3044982698961938 0.5281432748538012 0.3044982698961938 0.6129385964912281
0 0.26211072664359863 0.5010964912280702 0.3399653979238754 0.5010964912280702 0.3399653979238754 0.420687134502924 0.26211072664359863 0.420687134502924 0.26211072664359863 0.5010964912280702
0 0.5674740484429066 0.42178362573099415 0.6539792387543253 0.42178362573099415 0.6539792387543253 0.3355263157894737 0.5674740484429066 0.3355263157894737 0.5674740484429066 0.42178362573099415
0 0.639273356401384 0.17726608187134502 0.7217416378316033 0.17726608187134502 0.7217416378316033 0.09247076023391813 0.639273356401384 0.09247076023391813 0.639273356401384 0.17726608187134502
0 0.028546712802768166 0.8399122807017544 0.10870818915801615 0.8399122807017544 0.10870818915801615 0.7682748538011696 0.028546712802768166 0.7682748538011696 0.028546712802768166 0.8399122807017544
0 0.36678200692041524 0.6637426900584795 0.4463667820069204 0.6637426900584795 0.4463667820069204 0.5906432748538012 0.36678200692041524 0.5906432748538012 0.36678200692041524 0.6637426900584795
0 0.5175893886966552 0.9612573099415205 0.600634371395617 0.9612573099415205 0.600634371395617 0.8720760233918129 0.5175893886966552 0.8720760233918129 0.5175893886966552 0.9612573099415205
0 0.0654555940023068 0.3538011695906433 0.14677047289504036 0.3538011695906433 0.14677047289504036 0.27850877192982454 0.0654555940023068 0.27850877192982454 0.0654555940023068 0.3538011695906433
0 0.532871972318339 0.18640350877192982 0.6095732410611303 0.18640350877192982 0.6095732410611303 0.10599415204678363 0.532871972318339 0.10599415204678363 0.532871972318339 0.18640350877192982
0 0.11649365628604383 0.6743421052631579 0.1966551326412918 0.6743421052631579 0.1966551326412918 0.5983187134502924 0.11649365628604383 0.5983187134502924 0.11649365628604383 0.6743421052631579
0 0.42560553633217996 0.4864766081871345 0.5034602076124568 0.4864766081871345 0.5034602076124568 0.40899122807017546 0.42560553633217996 0.40899122807017546 0.42560553633217996 0.4864766081871345
0 0.46337946943483277 0.2591374269005848 0.5418108419838523 0.2591374269005848 0.5418108419838523 0.1736111111111111 0.46337946943483277 0.1736111111111111 0.46337946943483277 0.2591374269005848
0 0 0.46381578947368424 0.07324106113033449 0.46381578947368424 0.07324106113033449 0.38998538011695905 0 0.38998538011695905 0 0.46381578947368424
0 0.459919261822376 0.8991228070175439 0.5383506343713956 0.8991228070175439 0.5383506343713956 0.8128654970760234 0.459919261822376 0.8128654970760234 0.459919261822376 0.8991228070175439
0 0 0.35635964912280704 0.06747404844290658 0.35635964912280704 0.06747404844290658 0.285453216374269 0 0.285453216374269 0 0.35635964912280704
0 0.6833910034602076 0.28654970760233917 0.7647058823529411 0.28654970760233917 0.7647058823529411 0.21052631578947367 0.6833910034602076 0.21052631578947367 0.6833910034602076 0.28654970760233917
0 0.0328719723183391 0.14839181286549707 0.11245674740484429 0.14839181286549707 0.11245674740484429 0.06944444444444445 0.0328719723183391 0.06944444444444445 0.0328719723183391 0.14839181286549707
0 0.04786620530565167 0.5124269005847953 0.1314878892733564 0.5124269005847953 0.1314878892733564 0.44371345029239767 0.04786620530565167 0.44371345029239767 0.04786620530565167 0.5124269005847953
0 0.13783160322952712 0.40021929824561403 0.21337946943483277 0.40021929824561403 0.21337946943483277 0.32419590643274854 0.13783160322952712 0.32419590643274854 0.13783160322952712 0.40021929824561403
0 0.5190311418685121 0.30994152046783624 0.6038062283737025 0.30994152046783624 0.6038062283737025 0.22880116959064328 0.5190311418685121 0.22880116959064328 0.5190311418685121 0.30994152046783624
0 0.5028835063437139 0.4828216374269006 0.583044982698962 0.4828216374269006 0.583044982698962 0.3994883040935672 0.5028835063437139 0.3994883040935672 0.5028835063437139 0.4828216374269006
0 0.6562860438292965 0.7196637426900585 0.7387543252595156 0.7196637426900585 0.7387543252595156 0.6282894736842105 0.6562860438292965 0.6282894736842105 0.6562860438292965 0.7196637426900585
0 0.24509803921568626 0.2240497076023392 0.3281430219146482 0.2240497076023392 0.3281430219146482 0.15021929824561403 0.24509803921568626 0.15021929824561403 0.24509803921568626 0.2240497076023392
0 0.4884659746251442 0.7792397660818714 0.5651672433679354 0.7792397660818714 0.5651672433679354 0.7046783625730995 0.4884659746251442 0.7046783625730995 0.4884659746251442 0.7792397660818714
0 0.6366782006920415 0.47478070175438597 0.7220299884659747 0.47478070175438597 0.7220299884659747 0.39144736842105265 0.6366782006920415 0.39144736842105265 0.6366782006920415 0.47478070175438597
0 0.08564013840830449 0.19188596491228072 0.1646482122260669 0.19188596491228072 0.1646482122260669 0.11513157894736842 0.08564013840830449 0.11513157894736842 0.08564013840830449 0.19188596491228072
0 0.422722029988466 0.7192982456140351 0.5034602076124568 0.7192982456140351 0.5034602076124568 0.6447368421052632 0.422722029988466 0.6447368421052632 0.422722029988466 0.7192982456140351
0 0.14273356401384082 0.24013157894736842 0.22577854671280276 0.24013157894736842 0.22577854671280276 0.1524122807017544 0.14273356401384082 0.1524122807017544 0.14273356401384082 0.24013157894736842
0 0.5348904267589388 0.5975877192982456 0.6081314878892734 0.5975877192982456 0.6081314878892734 0.5171783625730995 0.5348904267589388 0.5171783625730995 0.5348904267589388 0.5975877192982456
0 0.3290080738177624 0.4411549707602339 0.40455594002306805 0.4411549707602339 0.40455594002306805 0.3622076023391813 0.3290080738177624 0.3622076023391813 0.3290080738177624 0.4411549707602339
0 0.6162053056516724 0.5950292397660819 0.6969434832756632 0.5950292397660819 0.6969434832756632 0.5080409356725146 0.6162053056516724 0.5080409356725146 0.6162053056516724 0.5950292397660819
0 0.6343713956170703 0.3516081871345029 0.7076124567474048 0.3516081871345029 0.7076124567474048 0.27558479532163743 0.6343713956170703 0.27558479532163743 0.6343713956170703 0.3516081871345029
0 0.7087658592848904 0 0.7087658592848904 0.05555555555555555 0.7946943483275664 0.05555555555555555 0.7946943483275664 0 0.7087658592848904 0
0 0.08938869665513265 0.0800438596491228 0.16262975778546712 0.0800438596491228 0.16262975778546712 0.0062134502923976605 0.08938869665513265 0.0062134502923976605 0.08938869665513265 0.0800438596491228
0 0 0.4163011695906433 0.010380622837370242 0.4163011695906433 0.010380622837370242 0.34247076023391815 0 0.34247076023391815 0 0.4163011695906433