0 0.9134 0.8783783783783784 0.9742 0.8783783783783784 0.9742 0.7351351351351352 0.9134 0.7351351351351352 0.9134 0.8783783783783784
0 0.7558 0.38603603603603603 0.8198 0.38603603603603603 0.8198 0.2527027027027027 0.7558 0.2527027027027027 0.7558 0.38603603603603603
0 0.8696 0.35315315315315315 0.9268 0.35315315315315315 0.9268 0.23243243243243245 0.8696 0.23243243243243245 0.8696 0.35315315315315315
0 0.6674 0.390990990990991 0.7298 0.390990990990991 0.7298 0.26126126126126126 0.6674 0.26126126126126126 0.6674 0.390990990990991
0 0.8448 0.8684684684684685 0.904 0.8684684684684685 0.904 0.7189189189189189 0.8448 0.7189189189189189 0.8448 0.8684684684684685
0 0.818 0.4337837837837838 0.8836 0.4337837837837838 0.8836 0.31486486486486487 0.818 0.31486486486486487 0.818 0.4337837837837838
0 0.5922 0.8806306306306306 0.6554 0.8806306306306306 0.6554 0.7563063063063064 0.5922 0.7563063063063064 0.5922 0.8806306306306306
0 0.7134 0.2882882882882883 0.7738 0.2882882882882883 0.7738 0.15765765765765766 0.7134 0.15765765765765766 0.7134 0.2882882882882883
0 0.8034 0.2954954954954955 0.8742 0.2954954954954955 0.8742 0.16846846846846847 0.8034 0.16846846846846847 0.8034 0.2954954954954955
0 0.7264 0.15630630630630632 0.7892 0.15630630630630632 0.7892 0.016666666666666666 0.7264 0.016666666666666666 0.7264 0.15630630630630632
0 0.8888 0.6171171171171171 0.952 0.6171171171171171 0.952 0.4846846846846847 0.8888 0.4846846846846847 0.8888 0.6171171171171171
0 0.57 0.2734234234234234 0.6244 0.2734234234234234 0.6244 0.131981981981982 0.57 0.131981981981982 0.57 0.2734234234234234
0 0.86 0.22027027027027027 0.9168 0.22027027027027027 0.9168 0.07792792792792792 0.86 0.07792792792792792 0.86 0.22027027027027027
0 0.6724 0.19324324324324324 0.7244 0.19324324324324324 0.7244 0.03558558558558558 0.6724 0.03558558558558558 0.6724 0.19324324324324324
0 0.877 0.7432432432432432 0.9446 0.7432432432432432 0.9446 0.6171171171171171 0.877 0.6171171171171171 0.877 0.7432432432432432
0 0.7842 0.8864864864864865 0.845 0.8864864864864865 0.845 0.7297297297297297 0.7842 0.7297297297297297 0.7842 0.8864864864864865
0 0.8164 0.7099099099099099 0.878 0.7099099099099099 0.878 0.5648648648648649 0.8164 0.5648648648648649 0.8164 0.7099099099099099
0 0.8858 0.4752252252252252 0.941 0.4752252252252252 0.941 0.359009009009009 0.8858 0.359009009009009 0.8858 0.4752252252252252
0 0.8226 0.9986486486486487 0.8858 0.9986486486486487 0.8858 0.8671171171171171 0.8226 0.8671171171171171 0.8226 0.9986486486486487
0 0.825 0.5626126126126126 0.8942 0.5626126126126126 0.8942 0.4346846846846847 0.825 0.4346846846846847 0.825 0.5626126126126126
0 0.7972 0.16801801801801802 0.8556 0.16801801801801802 0.8556 0.034684684684684684 0.7972 0.034684684684684684 0.7972 0.16801801801801802
0 0.2258 0.2828828828828829 0.2806 0.2828828828828829 0.2806 0.17927927927927928 0.2258 0.17927927927927928 0.2258 0.2828828828828829
0 0.577 0 0.577 0.13423423423423422 0.6326 0.13423423423423422 0.6326 0 0.577 0
0 0.8878 0.9986486486486487 0.953 0.9986486486486487 0.953 0.8644144144144145 0.8878 0.8644144144144145 0.8878 0.9986486486486487
0 0.2902 0.10765765765765765 0.3538 0.10765765765765765 0.3538 0.00045045045045045046 0.2902 0.00045045045045045046 0.2902 0.10765765765765765
0 0.8402 0 0.8402 0.07207207207207207 0.903 0.07207207207207207 0.903 0 0.8402 0
0 0.1406 0.28153153153153154 0.2006 0.28153153153153154 0.2006 0.17792792792792791 0.1406 0.17792792792792791 0.1406 0.28153153153153154
0 0.2992 0.22882882882882882 0.3576 0.22882882882882882 0.3576 0.10810810810810811 0.2992 0.10810810810810811 0.2992 0.22882882882882882
0 0.1106 0.36936936936936937 0.1674 0.36936936936936937 0.1674 0.27387387387387385 0.1106 0.27387387387387385 0.1106 0.36936936936936937
0 0.2552 0 0.2552 0.08108108108108109 0.2956 0.08108108108108109 0.2956 0 0.2552 0
0 0.1268 0 0.1268 0.06576576576576576 0.1684 0.06576576576576576 0.1684 0 0.1268 0
0 0.0758 0.16396396396396395 0.1338 0.16396396396396395 0.1338 0.07567567567567568 0.0758 0.07567567567567568 0.0758 0.16396396396396395
0 0.4056 0 0.4056 0.04504504504504504 0.4712 0.04504504504504504 0.4712 0 0.4056 0
0 0.1654 0 0.1654 0.07567567567567568 0.213 0.07567567567567568 0.213 0 0.1654 0
0 0.2068 0 0.2068 0.07387387387387387 0.2596 0.07387387387387387 0.2596 0 0.2068 0
0 0.0528 0.08693693693693694 0.094 0.08693693693693694 0.094 0.005855855855855856 0.0528 0.005855855855855856 0.0528 0.08693693693693694
0 0.0894 0 0.0894 0.07387387387387387 0.129 0.07387387387387387 0.129 0 0.0894 0
0 0.0652 0.26036036036036037 0.116 0.26036036036036037 0.116 0.17567567567567569 0.0652 0.17567567567567569 0.0652 0.26036036036036037
0 0.0602 0.359009009009009 0.109 0.359009009009009 0.109 0.2788288288288288 0.0602 0.2788288288288288 0.0602 0.359009009009009
0 0.2224 1 0.2224 0.6711711711711712 0.08 0.6711711711711712 0.08 1 0.2224 1
0 0.784 0 0.784 0.03153153153153153 0.8392 0.03153153153153153 0.8392 0 0.784 0
0 0.025 0.2905405405405405 0.0682 0.2905405405405405 0.0682 0.19594594594594594 0.025 0.19594594594594594 0.025 0.2905405405405405
0 0.0354 0.18198198198198198 0.069 0.18198198198198198 0.069 0.0990990990990991 0.0354 0.0990990990990991 0.0354 0.18198198198198198
0 0.0066 0.3954954954954955 0.0622 0.3954954954954955 0.0622 0.3036036036036036 0.0066 0.3036036036036036 0.0066 0.3954954954954955
0 0.5562 0 0.5562 0.023423423423423424 0.5874 0.023423423423423424 0.5874 0 0.5562 0
0 0 0.6436936936936937 0.0104 0.6436936936936937 0.0104 0.5752252252252252 0 0.5752252252252252 0 0.6436936936936937
0 0.668 0 0.668 0.02972972972972973 0.7124 0.02972972972972973 0.7124 0 0.668 0