0 0.4233760292772187 0.7849506578947368 0.5235590118938701 0.7849506578947368 0.5235590118938701 0.6188322368421053 0.4233760292772187 0.6188322368421053 0.4233760292772187 0.7849506578947368
0 0.7156907593778591 0.9995888157894737 0.8172461116193962 0.9995888157894737 0.8172461116193962 0.8392269736842105 0.7156907593778591 0.8392269736842105 0.7156907593778591 0.9995888157894737
0 0.507548032936871 0.884046052631579 0.6054437328453797 0.884046052631579 0.6054437328453797 0.7302631578947368 0.507548032936871 0.7302631578947368 0.507548032936871 0.884046052631579
0 0.41171088746569073 0.5719572368421053 0.5054894784995425 0.5719572368421053 0.5054894784995425 0.4231085526315789 0.41171088746569073 0.4231085526315789 0.41171088746569073 0.5719572368421053
0 0.33302836230558097 0.47368421052631576 0.42268984446477587 0.47368421052631576 0.42268984446477587 0.32894736842105265 0.33302836230558097 0.32894736842105265 0.33302836230558097 0.47368421052631576
0 0.31793229643183896 0.8634868421052632 0.4162854528819762 0.8634868421052632 0.4162854528819762 0.7105263157894737 0.31793229643183896 0.7105263157894737 0.31793229643183896 0.8634868421052632
0 0.14592863677950596 0.5526315789473685 0.23833485818847208 0.5526315789473685 0.23833485818847208 0.41776315789473684 0.14592863677950596 0.41776315789473684 0.14592863677950596 0.5526315789473685
0 0.26555352241537056 0.36348684210526316 0.3552150045745654 0.36348684210526316 0.3552150045745654 0.22861842105263158 0.26555352241537056 0.22861842105263158 0.26555352241537056 0.36348684210526316
0 0.18046660567246112 0.36348684210526316 0.2646386093321135 0.36348684210526316 0.2646386093321135 0.23108552631578946 0.18046660567246112 0.23108552631578946 0.18046660567246112 0.36348684210526316
0 0.0768526989935956 0.4588815789473684 0.1729185727355901 0.4588815789473684 0.1729185727355901 0.3248355263157895 0.0768526989935956 0.3248355263157895 0.0768526989935956 0.4588815789473684
0 0.10567246111619397 0.2713815789473684 0.19807868252516012 0.2713815789473684 0.19807868252516012 0.13733552631578946 0.10567246111619397 0.13733552631578946 0.10567246111619397 0.2713815789473684
0 0.21134492223238793 0.9428453947368421 0.29963403476669714 0.9428453947368421 0.29963403476669714 0.7816611842105263 0.21134492223238793 0.7816611842105263 0.21134492223238793 0.9428453947368421
0 0.013723696248856358 0.5464638157894737 0.10933211344922232 0.5464638157894737 0.10933211344922232 0.4107730263157895 0.013723696248856358 0.4107730263157895 0.013723696248856358 0.5464638157894737
0 0.049634034766697165 0.9272203947368421 0.14249771271729186 0.9272203947368421 0.14249771271729186 0.782483552631579 0.049634034766697165 0.782483552631579 0.049634034766697165 0.9272203947368421
0 0 0 0 0.08470394736842106 0.05626715462031107 0.08470394736842106 0.05626715462031107 0 0 0
0 0.0192131747483989 0.7360197368421053 0.12076852698993595 0.7360197368421053 0.12076852698993595 0.5995065789473685 0.0192131747483989 0.5995065789473685 0.0192131747483989 0.7360197368421053
0 0.00022872827081427266 0.26274671052631576 0.05878316559926807 0.26274671052631576 0.05878316559926807 0.14185855263157895 0.00022872827081427266 0.14185855263157895 0.00022872827081427266 0.26274671052631576
0 0.00022872827081427266 0.819078947368421 0.07067703568161025 0.819078947368421 0.07067703568161025 0.6850328947368421 0.00022872827081427266 0.6850328947368421 0.00022872827081427266 0.819078947368421
0 0.00022872827081427266 0.44161184210526316 0.035910338517840805 0.44161184210526316 0.035910338517840805 0.31743421052631576 0.00022872827081427266 0.31743421052631576 0.00022872827081427266 0.44161184210526316