0 0.9058 0.6864864864864865 0.9738 0.6864864864864865 0.9738 0.5522522522522523 0.9058 0.5522522522522523 0.9058 0.6864864864864865
0 0.8676 0.16171171171171173 0.928 0.16171171171171173 0.928 0.04009009009009009 0.8676 0.04009009009009009 0.8676 0.16171171171171173
0 0.808 0.5225225225225225 0.8688 0.5225225225225225 0.8688 0.3738738738738739 0.808 0.3738738738738739 0.808 0.5225225225225225
0 0.82 0.9063063063063063 0.8788 0.9063063063063063 0.8788 0.7423423423423423 0.82 0.7423423423423423 0.82 0.9063063063063063
0 0.7538 0.3022522522522523 0.8138 0.3022522522522523 0.8138 0.1490990990990991 0.7538 0.1490990990990991 0.7538 0.3022522522522523
0 0.8156 0.24954954954954955 0.8816 0.24954954954954955 0.8816 0.12072072072072072 0.8156 0.12072072072072072 0.8156 0.24954954954954955
0 0.887 0.43648648648648647 0.9514 0.43648648648648647 0.9514 0.30315315315315317 0.887 0.30315315315315317 0.887 0.43648648648648647
0 0.8228 0.37567567567567567 0.894 0.37567567567567567 0.894 0.24864864864864866 0.8228 0.24864864864864866 0.8228 0.37567567567567567
0 0.5994 0.6792792792792792 0.665 0.6792792792792792 0.665 0.5558558558558558 0.5994 0.5558558558558558 0.5994 0.6792792792792792
0 0.709 0.14234234234234233 0.7698 0.14234234234234233 0.7698 0.006306306306306306 0.709 0.006306306306306306 0.709 0.14234234234234233
0 0.798 0 0.798 0.11891891891891893 0.872 0.11891891891891893 0.872 0 0.798 0
0 0.8646 0.5657657657657658 0.935 0.5657657657657658 0.935 0.43873873873873875 0.8646 0.43873873873873875 0.8646 0.5657657657657658
0 0.7604 0.7247747747747748 0.818 0.7247747747747748 0.818 0.5752252252252252 0.7604 0.5752252252252252 0.7604 0.7247747747747748
0 0.8712 0.8085585585585585 0.946 0.8085585585585585 0.946 0.6653153153153153 0.8712 0.6653153153153153 0.8712 0.8085585585585585
0 0.6922 0.2788288288288288 0.7522 0.2788288288288288 0.7522 0.1400900900900901 0.6922 0.1400900900900901 0.6922 0.2788288288288288
0 0.8848 0.29504504504504503 0.9412 0.29504504504504503 0.9412 0.17702702702702702 0.8848 0.17702702702702702 0.8848 0.29504504504504503
0 0.8284 0.6828828828828829 0.8876 0.6828828828828829 0.8876 0.5306306306306307 0.8284 0.5306306306306307 0.8284 0.6828828828828829
0 0.9184 0.9157657657657657 0.9924 0.9157657657657657 0.9924 0.7815315315315315 0.9184 0.7815315315315315 0.9184 0.9157657657657657
0 0.5058 0.18063063063063062 0.565 0.18063063063063062 0.565 0.04009009009009009 0.5058 0.04009009009009009 0.5058 0.18063063063063062
0 0.5636 0.13288288288288289 0.622 0.13288288288288289 0.622 0.003153153153153153 0.5636 0.003153153153153153 0.5636 0.13288288288288289
0 0.2798 0.1963963963963964 0.3478 0.1963963963963964 0.3478 0.08108108108108109 0.2798 0.08108108108108109 0.2798 0.1963963963963964
0 0.294 0 0.294 0.08558558558558559 0.3576 0.08558558558558559 0.3576 0 0.294 0
0 0.2204 0.18558558558558558 0.2784 0.18558558558558558 0.2784 0.07837837837837838 0.2204 0.07837837837837838 0.2204 0.18558558558558558
0 0.9088 1 0.9088 0.8936936936936937 0.8364 0.8936936936936937 0.8364 1 0.9088 1
0 0.6616 0 0.6616 0.07027027027027027 0.716 0.07027027027027027 0.716 0 0.6616 0
0 0.15 0.268018018018018 0.2072 0.268018018018018 0.2072 0.16441441441441443 0.15 0.16441441441441443 0.15 0.268018018018018
0 0.7864 1 0.7864 0.8981981981981982 0.7272 0.8981981981981982 0.7272 1 0.7864 1
0 0.9992 1 0.9992 0.9099099099099099 0.9328 0.9099099099099099 0.9328 1 0.9992 1
0 0.2156 0 0.2156 0.06486486486486487 0.268 0.06486486486486487 0.268 0 0.2156 0
0 0.0822 0.15090090090090091 0.139 0.15090090090090091 0.139 0.05990990990990991 0.0822 0.05990990990990991 0.0822 0.15090090090090091
0 0.1758 0 0.1758 0.05765765765765766 0.2182 0.05765765765765766 0.2182 0 0.1758 0
0 0.132 0.05 0.1772 0.05 0.1772 0.00045045045045045046 0.132 0.00045045045045045046 0.132 0.05
0 0.0564 0 0.0564 0.05945945945945946 0.0996 0.05945945945945946 0.0996 0 0.0564 0
0 0.1074 0.39054054054054055 0.1578 0.39054054054054055 0.1578 0.29504504504504503 0.1074 0.29504504504504503 0.1074 0.39054054054054055
0 0.2638 0 0.2638 0.05225225225225225 0.2974 0.05225225225225225 0.2974 0 0.2638 0
0 0.4174 0 0.4174 0.026126126126126126 0.471 0.026126126126126126 0.471 0 0.4174 0
0 0.0002 0 0.0002 0.04054054054054054 0.0194 0.04054054054054054 0.0194 0 0.0002 0
0 0.0374 0.1373873873873874 0.071 0.1373873873873874 0.071 0.07342342342342342 0.0374 0.07342342342342342 0.0374 0.1373873873873874
0 0.0486 0.622072072072072 0.0822 0.622072072072072 0.0822 0.5301801801801802 0.0486 0.5301801801801802 0.0486 0.622072072072072
0 0.0962 0 0.0962 0.05405405405405406 0.1334 0.05405405405405406 0.1334 0 0.0962 0