0 0.37707838479809974 0.3140681003584229 0.44536817102137766 0.3140681003584229 0.44536817102137766 0.18951612903225806 0.37707838479809974 0.18951612903225806 0.37707838479809974 0.3140681003584229
0 0 0.3481182795698925 0.054038004750593824 0.3481182795698925 0.054038004750593824 0.2271505376344086 0 0.2271505376344086 0 0.3481182795698925
0 0.6300475059382423 0.20116487455197132 0.7197149643705463 0.20116487455197132 0.7197149643705463 0.09543010752688172 0.6300475059382423 0.09543010752688172 0.6300475059382423 0.20116487455197132
0 0.8904394299287411 0.9982078853046595 0.9765439429928741 0.9982078853046595 0.9765439429928741 0.8620071684587813 0.8904394299287411 0.8620071684587813 0.8904394299287411 0.9982078853046595
0 0.011876484560570071 0.5967741935483871 0.08729216152019002 0.5967741935483871 0.08729216152019002 0.471326164874552 0.011876484560570071 0.471326164874552 0.011876484560570071 0.5967741935483871
0 0.6728028503562945 0.5586917562724014 0.755938242280285 0.5586917562724014 0.755938242280285 0.45026881720430106 0.6728028503562945 0.45026881720430106 0.6728028503562945 0.5586917562724014
0 0.7995843230403801 0.5716845878136201 0.879750593824228 0.5716845878136201 0.879750593824228 0.44713261648745517 0.7995843230403801 0.44713261648745517 0.7995843230403801 0.5716845878136201
0 0.32986935866983375 0.13127240143369176 0.3904394299287411 0.13127240143369176 0.3904394299287411 0.03808243727598566 0.32986935866983375 0.03808243727598566 0.32986935866983375 0.13127240143369176
0 0.9278503562945368 0.6760752688172043 0.9991092636579573 0.6760752688172043 0.9991092636579573 0.5515232974910395 0.9278503562945368 0.5515232974910395 0.9278503562945368 0.6760752688172043
0 0.7378266033254157 0.9471326164874552 0.8269002375296912 0.9471326164874552 0.8269002375296912 0.818100358422939 0.7378266033254157 0.818100358422939 0.7378266033254157 0.9471326164874552
0 0.4679334916864608 0.16577060931899643 0.5290973871733967 0.16577060931899643 0.5290973871733967 0.05734767025089606 0.4679334916864608 0.05734767025089606 0.4679334916864608 0.16577060931899643
0 0.5225653206650831 0.3449820788530466 0.5979809976247031 0.3449820788530466 0.5979809976247031 0.23835125448028674 0.5225653206650831 0.23835125448028674 0.5225653206650831 0.3449820788530466
0 0.3090855106888361 0.32302867383512546 0.375 0.32302867383512546 0.375 0.20385304659498207 0.3090855106888361 0.20385304659498207 0.3090855106888361 0.32302867383512546
0 0.1077790973871734 0.9184587813620072 0.18853919239904987 0.9184587813620072 0.18853919239904987 0.8010752688172043 0.1077790973871734 0.8010752688172043 0.1077790973871734 0.9184587813620072
0 0.9165676959619953 0.1339605734767025 0.9991092636579573 0.1339605734767025 0.9991092636579573 0.021953405017921146 0.9165676959619953 0.021953405017921146 0.9165676959619953 0.1339605734767025
0 0.07719714964370546 0.5147849462365591 0.14845605700712589 0.5147849462365591 0.14845605700712589 0.40008960573476704 0.07719714964370546 0.40008960573476704 0.07719714964370546 0.5147849462365591
0 0.21347980997624702 0.4399641577060932 0.290083135391924 0.4399641577060932 0.290083135391924 0.3216845878136201 0.21347980997624702 0.3216845878136201 0.21347980997624702 0.4399641577060932
0 0.3984560570071259 0.16980286738351255 0.4643705463182898 0.16980286738351255 0.4643705463182898 0.07571684587813621 0.3984560570071259 0.07571684587813621 0.3984560570071259 0.16980286738351255
0 0.1909144893111639 0.6335125448028673 0.2580166270783848 0.6335125448028673 0.2580166270783848 0.5232974910394266 0.1909144893111639 0.5232974910394266 0.1909144893111639 0.6335125448028673
0 0.8815320665083135 0.4220430107526882 0.9676365795724465 0.4220430107526882 0.9676365795724465 0.3118279569892473 0.8815320665083135 0.3118279569892473 0.8815320665083135 0.4220430107526882
0 0.31383610451306415 0.553763440860215 0.3910332541567696 0.553763440860215 0.3910332541567696 0.4229390681003584 0.31383610451306415 0.4229390681003584 0.31383610451306415 0.553763440860215
0 0.8565914489311164 0.5313620071684588 0.9426959619952494 0.5313620071684588 0.9426959619952494 0.40591397849462363 0.8565914489311164 0.40591397849462363 0.8565914489311164 0.5313620071684588
0 0.8070071258907363 0.35080645161290325 0.8824228028503563 0.35080645161290325 0.8824228028503563 0.2289426523297491 0.8070071258907363 0.2289426523297491 0.8070071258907363 0.35080645161290325
0 0.5305819477434679 0.14516129032258066 0.5887767220902613 0.14516129032258066 0.5887767220902613 0.03136200716845878 0.5305819477434679 0.03136200716845878 0.5305819477434679 0.14516129032258066
0 0.1422209026128266 0.3906810035842294 0.2093230403800475 0.3906810035842294 0.2093230403800475 0.27598566308243727 0.1422209026128266 0.27598566308243727 0.1422209026128266 0.3906810035842294
0 0.6790380047505938 0.8476702508960573 0.7514845605700713 0.8476702508960573 0.7514845605700713 0.71415770609319 0.6790380047505938 0.71415770609319 0.6790380047505938 0.8476702508960573
0 0.8049287410926366 0.19399641577060933 0.877375296912114 0.19399641577060933 0.877375296912114 0.07034050179211469 0.8049287410926366 0.07034050179211469 0.8049287410926366 0.19399641577060933
0 0.10005938242280285 0.1057347670250896 0.16181710213776723 0.1057347670250896 0.16181710213776723 0.008064516129032258 0.10005938242280285 0.008064516129032258 0.10005938242280285 0.1057347670250896
0 0.057897862232779096 0.3270609318996416 0.12737529691211402 0.3270609318996416 0.12737529691211402 0.22580645161290322 0.057897862232779096 0.22580645161290322 0.057897862232779096 0.3270609318996416
0 0.5344418052256532 0.25582437275985664 0.6033254156769596 0.25582437275985664 0.6033254156769596 0.14560931899641577 0.5344418052256532 0.14560931899641577 0.5344418052256532 0.25582437275985664
0 0.03889548693586698 0.4296594982078853 0.11609263657957244 0.4296594982078853 0.11609263657957244 0.335573476702509 0.03889548693586698 0.335573476702509 0.03889548693586698 0.4296594982078853
0 0.7402019002375297 0.1550179211469534 0.8120546318289786 0.1550179211469534 0.8120546318289786 0.051075268817204304 0.7402019002375297 0.051075268817204304 0.7402019002375297 0.1550179211469534
0 0.11668646080760095 0.26657706093189965 0.18260095011876484 0.26657706093189965 0.18260095011876484 0.15636200716845877 0.11668646080760095 0.15636200716845877 0.11668646080760095 0.26657706093189965
0 0.24821852731591448 0.34363799283154123 0.31294536817102137 0.34363799283154123 0.31294536817102137 0.2253584229390681 0.24821852731591448 0.2253584229390681 0.24821852731591448 0.34363799283154123
0 0.5953087885985748 0.1424731182795699 0.6564726840855107 0.1424731182795699 0.6564726840855107 0.022401433691756272 0.5953087885985748 0.022401433691756272 0.5953087885985748 0.1424731182795699
0 0.045724465558194774 0.24014336917562723 0.11520190023752969 0.24014336917562723 0.11520190023752969 0.13709677419354838 0.045724465558194774 0.13709677419354838 0.045724465558194774 0.24014336917562723
0 0.6612232779097387 0 0.6612232779097387 0.11290322580645161 0.7247624703087886 0.11290322580645161 0.7247624703087886 0 0.6612232779097387 0
0 0.28058194774346795 0.10887096774193548 0.33640142517814725 0.10887096774193548 0.33640142517814725 0.012096774193548387 0.28058194774346795 0.012096774193548387 0.28058194774346795 0.10887096774193548
0 0.2259501187648456 0.1335125448028674 0.27998812351543945 0.1335125448028674 0.27998812351543945 0.025089605734767026 0.2259501187648456 0.025089605734767026 0.2259501187648456 0.1335125448028674
0 0.19744655581947743 0.30286738351254483 0.2597980997624703 0.30286738351254483 0.2597980997624703 0.19265232974910393 0.19744655581947743 0.19265232974910393 0.19744655581947743 0.30286738351254483
0 0.17399049881235154 0.20922939068100357 0.23515439429928742 0.20922939068100357 0.23515439429928742 0.10618279569892473 0.17399049881235154 0.10618279569892473 0.17399049881235154 0.20922939068100357
0 0.25415676959619954 0.22087813620071683 0.3176959619952494 0.22087813620071683 0.3176959619952494 0.10618279569892473 0.25415676959619954 0.10618279569892473 0.25415676959619954 0.22087813620071683
0 0.02345605700712589 0.08736559139784947 0.08402612826603326 0.08736559139784947 0.08402612826603326 0.002240143369175627 0.02345605700712589 0.002240143369175627 0.02345605700712589 0.08736559139784947
0 0.16359857482185272 0.5103046594982079 0.23426365795724466 0.5103046594982079 0.23426365795724466 0.38844086021505375 0.16359857482185272 0.38844086021505375 0.16359857482185272 0.5103046594982079
0 0.25534441805225655 0.5734767025089605 0.3147268408551069 0.5734767025089605 0.3147268408551069 0.4650537634408602 0.25534441805225655 0.4650537634408602 0.25534441805225655 0.5734767025089605
0 0.3423396674584323 0.2168458781362007 0.3999406175771972 0.2168458781362007 0.3999406175771972 0.12186379928315412 0.3423396674584323 0.12186379928315412 0.3423396674584323 0.2168458781362007
0 0.1324228028503563 0.1496415770609319 0.2013064133016627 0.1496415770609319 0.2013064133016627 0.05824372759856631 0.1324228028503563 0.05824372759856631 0.1324228028503563 0.1496415770609319
0 0.040973871733966744 0.9982078853046595 0.11935866983372921 0.9982078853046595 0.11935866983372921 0.8736559139784946 0.040973871733966744 0.8736559139784946 0.040973871733966744 0.9982078853046595
0 0.0002969121140142518 0.22625448028673836 0.05195961995249406 0.22625448028673836 0.05195961995249406 0.13216845878136202 0.0002969121140142518 0.13216845878136202 0.0002969121140142518 0.22625448028673836
0 0 0.6666666666666666 0.027909738717339667 0.6666666666666666 0.027909738717339667 0.5528673835125448 0 0.5528673835125448 0 0.6666666666666666
0 0.4311163895486936 0 0.4311163895486936 0.08512544802867383 0.5029691211401425 0.08512544802867383 0.5029691211401425 0 0.4311163895486936 0
0 0.7137767220902613 0 0.7137767220902613 0.06093189964157706 0.7909738717339667 0.06093189964157706 0.7909738717339667 0 0.7137767220902613 0
0 0.5109857482185273 0 0.5109857482185273 0.04121863799283154 0.5763064133016627 0.04121863799283154 0.5763064133016627 0 0.5109857482185273 0
0 1 0.9740143369175627 0.9608076009501187 0.9740143369175627 0.9608076009501187 0.9991039426523297 1 0.9991039426523297 1 0.9740143369175627
0 0.578978622327791 0 0.578978622327791 0.035842293906810034 0.6437054631828979 0.035842293906810034 0.6437054631828979 0 0.578978622327791 0
0 0.9459619952494062 0 0.9459619952494062 0.03853046594982079 0.9994061757719715 0.03853046594982079 0.9994061757719715 0 0.9459619952494062 0
0 0.1576603325415677 0 0.1576603325415677 0.03494623655913978 0.21288598574821851 0.03494623655913978 0.21288598574821851 0 0.1576603325415677 0
0 0.8539192399049881 0 0.8539192399049881 0.03136200716845878 0.9026128266033254 0.03136200716845878 0.9026128266033254 0 0.8539192399049881 0