0 0.5694291986827662 0.4313583815028902 0.6682217343578485 0.4313583815028902 0.6682217343578485 0.3229768786127168 0.5694291986827662 0.3229768786127168 0.5694291986827662 0.4313583815028902
0 0.31256860592755215 0.8851156069364162 0.38282107574094404 0.8851156069364162 0.38282107574094404 0.7702312138728323 0.31256860592755215 0.7702312138728323 0.31256860592755215 0.8851156069364162
0 0.43386388583973656 0.32803468208092484 0.5194840834248079 0.32803468208092484 0.5194840834248079 0.21242774566473988 0.43386388583973656 0.21242774566473988 0.43386388583973656 0.32803468208092484
0 0.23161361141602635 0.5126445086705202 0.31613611416026344 0.5126445086705202 0.31613611416026344 0.41148843930635837 0.23161361141602635 0.41148843930635837 0.23161361141602635 0.5126445086705202
0 0.5603732162458837 0.1448699421965318 0.6465422612513722 0.1448699421965318 0.6465422612513722 0.003973988439306358 0.5603732162458837 0.003973988439306358 0.5603732162458837 0.1448699421965318
0 0.23024149286498352 0.7658959537572254 0.303238199780461 0.7658959537572254 0.303238199780461 0.6488439306358381 0.23024149286498352 0.6488439306358381 0.23024149286498352 0.7658959537572254
0 0.08122941822173436 0.17160404624277456 0.15642151481888036 0.17160404624277456 0.15642151481888036 0.07839595375722544 0.08122941822173436 0.07839595375722544 0.08122941822173436 0.17160404624277456
0 0.05982436882546652 0.32153179190751446 0.1394072447859495 0.32153179190751446 0.1394072447859495 0.22760115606936415 0.05982436882546652 0.22760115606936415 0.05982436882546652 0.32153179190751446
0 0.23957189901207465 0.9057080924855492 0.31750823271130624 0.9057080924855492 0.31750823271130624 0.7763728323699421 0.23957189901207465 0.7763728323699421 0.23957189901207465 0.9057080924855492
0 0.12321624588364434 0.7160404624277457 0.20170142700329308 0.7160404624277457 0.20170142700329308 0.625 0.12321624588364434 0.625 0.12321624588364434 0.7160404624277457
0 0.47585071350164654 0.1773843930635838 0.5537870472008781 0.1773843930635838 0.5537870472008781 0.06466763005780347 0.47585071350164654 0.06466763005780347 0.47585071350164654 0.1773843930635838
0 0.034302963776070255 0.5505780346820809 0.11169045005488475 0.5505780346820809 0.11169045005488475 0.4421965317919075 0.034302963776070255 0.4421965317919075 0.034302963776070255 0.5505780346820809
0 0.21652030735455544 0.6459537572254336 0.29610318331503843 0.6459537572254336 0.29610318331503843 0.5476878612716763 0.21652030735455544 0.5476878612716763 0.21652030735455544 0.6459537572254336
0 0.6229418221734357 0.9996387283236994 0.6926454445664105 0.9996387283236994 0.6926454445664105 0.9620664739884393 0.6229418221734357 0.9620664739884393 0.6229418221734357 0.9996387283236994
0 0.42508232711306254 0 0.42508232711306254 0.03251445086705202 0.5079582875960483 0.03251445086705202 0.5079582875960483 0 0.42508232711306254 0