0 0.7593808630393997 0.994466800804829 0.8653846153846154 0.994466800804829 0.8653846153846154 0.857645875251509 0.7593808630393997 0.857645875251509 0.7593808630393997 0.994466800804829
0 0.8030018761726079 0.4869215291750503 0.8968105065666041 0.4869215291750503 0.8968105065666041 0.36519114688128773 0.8030018761726079 0.36519114688128773 0.8030018761726079 0.4869215291750503
0 0.02345215759849906 0.5407444668008048 0.1397748592870544 0.5407444668008048 0.1397748592870544 0.40995975855130784 0.02345215759849906 0.40995975855130784 0.02345215759849906 0.5407444668008048
0 0.1303939962476548 0.6941649899396378 0.24202626641651032 0.6941649899396378 0.24202626641651032 0.5824949698189135 0.1303939962476548 0.5824949698189135 0.1303939962476548 0.6941649899396378
0 0.8142589118198874 0.34305835010060365 0.9061913696060038 0.34305835010060365 0.9061913696060038 0.22132796780684105 0.8142589118198874 0.22132796780684105 0.8142589118198874 0.34305835010060365
0 0.6074108818011257 0.3797786720321932 0.7106003752345216 0.3797786720321932 0.7106003752345216 0.2620724346076459 0.6074108818011257 0.2620724346076459 0.6074108818011257 0.3797786720321932
0 0.4080675422138837 0.3516096579476861 0.5178236397748592 0.3516096579476861 0.5178236397748592 0.2147887323943662 0.4080675422138837 0.2147887323943662 0.4080675422138837 0.3516096579476861
0 0.4878048780487805 0.7434607645875252 0.5881801125703565 0.7434607645875252 0.5881801125703565 0.6106639839034205 0.4878048780487805 0.6106639839034205 0.4878048780487805 0.7434607645875252
0 0.009849906191369606 0.3626760563380282 0.11679174484052533 0.3626760563380282 0.11679174484052533 0.25 0.009849906191369606 0.25 0.009849906191369606 0.3626760563380282
0 0.1571294559099437 0.31690140845070425 0.2584427767354597 0.31690140845070425 0.2584427767354597 0.20020120724346077 0.1571294559099437 0.20020120724346077 0.1571294559099437 0.31690140845070425
0 0.9310506566604128 0.7263581488933601 0.9995309568480301 0.7263581488933601 0.9995309568480301 0.6116700201207244 0.9310506566604128 0.6116700201207244 0.9310506566604128 0.7263581488933601
0 0.28330206378986866 0.33148893360160964 0.3874296435272045 0.33148893360160964 0.3874296435272045 0.21277665995975856 0.28330206378986866 0.21277665995975856 0.28330206378986866 0.33148893360160964
0 0.2528142589118199 0.4904426559356137 0.3531894934333959 0.4904426559356137 0.3531894934333959 0.3626760563380282 0.2528142589118199 0.3626760563380282 0.2528142589118199 0.4904426559356137
0 0.5867729831144465 0.5538229376257545 0.6871482176360225 0.5538229376257545 0.6871482176360225 0.4300804828973843 0.5867729831144465 0.4300804828973843 0.5867729831144465 0.5538229376257545
0 0.11960600375234522 0.46680080482897385 0.22467166979362102 0.46680080482897385 0.22467166979362102 0.3440643863179074 0.11960600375234522 0.3440643863179074 0.11960600375234522 0.46680080482897385
0 0.5370544090056285 0.89738430583501 0.6458724202626641 0.89738430583501 0.6458724202626641 0.7605633802816901 0.5370544090056285 0.7605633802816901 0.5370544090056285 0.89738430583501
0 0.5703564727954972 0.18008048289738432 0.6660412757973734 0.18008048289738432 0.6660412757973734 0.0613682092555332 0.5703564727954972 0.0613682092555332 0.5703564727954972 0.18008048289738432
0 0.7575046904315197 0.26156941649899396 0.8438086303939962 0.26156941649899396 0.8438086303939962 0.14989939637826963 0.7575046904315197 0.14989939637826963 0.7575046904315197 0.26156941649899396
0 0.9357410881801126 0.5140845070422535 0.9995309568480301 0.5140845070422535 0.9995309568480301 0.3762575452716298 0.9357410881801126 0.3762575452716298 0.9357410881801126 0.5140845070422535
0 0.6289868667917449 0.2590543259557344 0.7171669793621013 0.2590543259557344 0.7171669793621013 0.14738430583501005 0.6289868667917449 0.14738430583501005 0.6289868667917449 0.2590543259557344
0 0.5487804878048781 0.45271629778672035 0.6444652908067542 0.45271629778672035 0.6444652908067542 0.3591549295774648 0.5487804878048781 0.3591549295774648 0.5487804878048781 0.45271629778672035
0 0.20825515947467166 0.391851106639839 0.3048780487804878 0.391851106639839 0.3048780487804878 0.2902414486921529 0.20825515947467166 0.2902414486921529 0.20825515947467166 0.391851106639839
0 0.6618198874296435 0.482897384305835 0.7640712945590994 0.482897384305835 0.7640712945590994 0.37122736418511065 0.6618198874296435 0.37122736418511065 0.6618198874296435 0.482897384305835
0 0.05065666041275797 0.2711267605633803 0.16135084427767354 0.2711267605633803 0.16135084427767354 0.15040241448692154 0.05065666041275797 0.15040241448692154 0.05065666041275797 0.2711267605633803
0 0.547373358348968 0.32494969818913483 0.6486866791744841 0.32494969818913483 0.6486866791744841 0.2112676056338028 0.547373358348968 0.2112676056338028 0.547373358348968 0.32494969818913483
0 0.4634146341463415 0.4416498993963783 0.5581613508442776 0.4416498993963783 0.5581613508442776 0.3289738430583501 0.4634146341463415 0.3289738430583501 0.4634146341463415 0.4416498993963783
0 0.8874296435272045 0.25653923541247486 0.9765478424015009 0.25653923541247486 0.9765478424015009 0.1398390342052314 0.8874296435272045 0.1398390342052314 0.8874296435272045 0.25653923541247486
0 0.3672607879924953 0.26156941649899396 0.4704502814258912 0.26156941649899396 0.4704502814258912 0.14386317907444668 0.3672607879924953 0.14386317907444668 0.3672607879924953 0.26156941649899396
0 0.2673545966228893 0.7359154929577465 0.3808630393996248 0.7359154929577465 0.3808630393996248 0.6051307847082495 0.2673545966228893 0.6051307847082495 0.2673545966228893 0.7359154929577465
0 0.8264540337711069 0.17454728370221329 0.924015009380863 0.17454728370221329 0.924015009380863 0.06287726358148893 0.8264540337711069 0.06287726358148893 0.8264540337711069 0.17454728370221329
0 0.2964352720450281 0.966297786720322 0.41088180112570355 0.966297786720322 0.41088180112570355 0.8194164989939637 0.2964352720450281 0.8194164989939637 0.2964352720450281 0.966297786720322
0 0.1669793621013133 0.562374245472837 0.27204502814258913 0.562374245472837 0.27204502814258913 0.43661971830985913 0.1669793621013133 0.43661971830985913 0.1669793621013133 0.562374245472837
0 0.8480300187617261 0.7967806841046278 0.950281425891182 0.7967806841046278 0.950281425891182 0.6629778672032193 0.8480300187617261 0.6629778672032193 0.8480300187617261 0.7967806841046278
0 0.4451219512195122 0.18108651911468812 0.5426829268292683 0.18108651911468812 0.5426829268292683 0.06237424547283702 0.4451219512195122 0.06237424547283702 0.4451219512195122 0.18108651911468812
0 0.4929643527204503 0.2590543259557344 0.5886491557223265 0.2590543259557344 0.5886491557223265 0.153420523138833 0.4929643527204503 0.153420523138833 0.4929643527204503 0.2590543259557344
0 0.37664165103189495 0.5487927565392354 0.4817073170731707 0.5487927565392354 0.4817073170731707 0.42505030181086517 0.37664165103189495 0.42505030181086517 0.37664165103189495 0.5487927565392354
0 0.2349906191369606 0.8707243460764588 0.3578799249530957 0.8707243460764588 0.3578799249530957 0.7339034205231388 0.2349906191369606 0.7339034205231388 0.2349906191369606 0.8707243460764588
0 0.7012195121951219 0.1836016096579477 0.7903377110694184 0.1836016096579477 0.7903377110694184 0.06488933601609657 0.7012195121951219 0.06488933601609657 0.7012195121951219 0.1836016096579477
0 0.349437148217636 0.6539235412474849 0.4638836772983114 0.6539235412474849 0.4638836772983114 0.5311871227364185 0.349437148217636 0.5311871227364185 0.349437148217636 0.6539235412474849
0 0.05722326454033771 0.153420523138833 0.1697936210131332 0.153420523138833 0.1697936210131332 0.06086519114688129 0.05722326454033771 0.06086519114688129 0.05722326454033771 0.153420523138833
0 1 0.22887323943661972 0.9465290806754222 0.22887323943661972 0.9465290806754222 0.35563380281690143 1 0.35563380281690143 1 0.22887323943661972
0 0.2349906191369606 0.25251509054325955 0.33630393996247654 0.25251509054325955 0.33630393996247654 0.13782696177062373 0.2349906191369606 0.13782696177062373 0.2349906191369606 0.25251509054325955
0 0.1327392120075047 0.20271629778672032 0.22936210131332083 0.20271629778672032 0.22936210131332083 0.08702213279678069 0.1327392120075047 0.08702213279678069 0.1327392120075047 0.20271629778672032
0 0.32176360225140715 0.19567404426559357 0.42870544090056284 0.19567404426559357 0.42870544090056284 0.07092555331991952 0.32176360225140715 0.07092555331991952 0.32176360225140715 0.19567404426559357
0 0 0.2590543259557344 0.06566604127579738 0.2590543259557344 0.06566604127579738 0.15543259557344064 0 0.15543259557344064 0 0.2590543259557344
0 0.2448405253283302 0.15140845070422534 0.3433395872420263 0.15140845070422534 0.3433395872420263 0.06287726358148893 0.2448405253283302 0.06287726358148893 0.2448405253283302 0.15140845070422534
0 0 0.16348088531187122 0.039399624765478425 0.16348088531187122 0.039399624765478425 0.08501006036217304 0 0.08501006036217304 0 0.16348088531187122
0 0.952626641651032 0.2017102615694165 0.9995309568480301 0.2017102615694165 0.9995309568480301 0.09104627766599598 0.952626641651032 0.09104627766599598 0.952626641651032 0.2017102615694165
0 0.00046904315196998124 0.4305835010060362 0.03424015009380863 0.4305835010060362 0.03424015009380863 0.31891348088531185 0.00046904315196998124 0.31891348088531185 0.00046904315196998124 0.4305835010060362
0 0.9901500938086304 0.9964788732394366 0.9995309568480301 0.9964788732394366 0.9995309568480301 0.9371227364185111 0.9901500938086304 0.9371227364185111 0.9901500938086304 0.9964788732394366