0 0 0.5783216783216784 0.07590529247910864 0.5783216783216784 0.07590529247910864 0.5132867132867133 0 0.5132867132867133 0 0.5783216783216784
0 0.9181754874651811 0.4395104895104895 0.9996518105849582 0.4395104895104895 0.9996518105849582 0.37167832167832165 0.9181754874651811 0.37167832167832165 0.9181754874651811 0.4395104895104895
0 0.45473537604456826 0.570979020979021 0.5445682451253482 0.570979020979021 0.5445682451253482 0.5045454545454545 0.45473537604456826 0.5045454545454545 0.45473537604456826 0.570979020979021
0 0.6709610027855153 0.9881118881118881 0.7594011142061281 0.9881118881118881 0.7594011142061281 0.9097902097902097 0.6709610027855153 0.9097902097902097 0.6709610027855153 0.9881118881118881
0 0.7768105849582173 0.13636363636363635 0.8645543175487466 0.13636363636363635 0.8645543175487466 0.062237762237762236 0.7768105849582173 0.062237762237762236 0.7768105849582173 0.13636363636363635
0 0.0201949860724234 0.8094405594405595 0.0947075208913649 0.8094405594405595 0.0947075208913649 0.7437062937062937 0.0201949860724234 0.7437062937062937 0.0201949860724234 0.8094405594405595
0 0.6862813370473537 0.7171328671328672 0.7733286908077994 0.7171328671328672 0.7733286908077994 0.6472027972027972 0.6862813370473537 0.6472027972027972 0.6862813370473537 0.7171328671328672
0 0.3763927576601671 0.7020979020979021 0.45856545961002787 0.7020979020979021 0.45856545961002787 0.6342657342657343 0.3763927576601671 0.6342657342657343 0.3763927576601671 0.7020979020979021
0 0.34958217270194986 0.4090909090909091 0.42618384401114207 0.4090909090909091 0.42618384401114207 0.34545454545454546 0.34958217270194986 0.34545454545454546 0.34958217270194986 0.4090909090909091
0 0.6222144846796658 0.5517482517482517 0.7057799442896936 0.5517482517482517 0.7057799442896936 0.4846153846153846 0.6222144846796658 0.4846153846153846 0.6222144846796658 0.5517482517482517
0 0.225974930362117 0.39265734265734265 0.30745125348189417 0.39265734265734265 0.30745125348189417 0.3283216783216783 0.225974930362117 0.3283216783216783 0.225974930362117 0.39265734265734265
0 0.7604456824512534 0.9566433566433566 0.8565459610027855 0.9566433566433566 0.8565459610027855 0.879020979020979 0.7604456824512534 0.879020979020979 0.7604456824512534 0.9566433566433566
0 0.08112813370473537 0.8804195804195805 0.1556406685236769 0.8804195804195805 0.1556406685236769 0.8097902097902098 0.08112813370473537 0.8097902097902098 0.08112813370473537 0.8804195804195805
0 0.8398328690807799 0.536013986013986 0.9317548746518106 0.536013986013986 0.9317548746518106 0.46398601398601397 0.8398328690807799 0.46398601398601397 0.8398328690807799 0.536013986013986
0 0.17862116991643454 0.3409090909090909 0.2552228412256267 0.3409090909090909 0.2552228412256267 0.2828671328671329 0.17862116991643454 0.2828671328671329 0.17862116991643454 0.3409090909090909
0 0.3582869080779944 0.8006993006993007 0.439066852367688 0.8006993006993007 0.439066852367688 0.7321678321678322 0.3582869080779944 0.7321678321678322 0.3582869080779944 0.8006993006993007
0 0.6309192200557103 0.07762237762237763 0.7068245125348189 0.07762237762237763 0.7068245125348189 0.011888111888111888 0.6309192200557103 0.011888111888111888 0.6309192200557103 0.07762237762237763
0 0.26357938718662954 0.5811188811188811 0.34784122562674097 0.5811188811188811 0.34784122562674097 0.5188811188811189 0.26357938718662954 0.5188811188811189 0.26357938718662954 0.5811188811188811
0 0.6180362116991643 0.4513986013986014 0.7016016713091922 0.4513986013986014 0.7016016713091922 0.384965034965035 0.6180362116991643 0.384965034965035 0.6180362116991643 0.4513986013986014
0 0.7848189415041783 0.3293706293706294 0.878133704735376 0.3293706293706294 0.878133704735376 0.24965034965034966 0.7848189415041783 0.24965034965034966 0.7848189415041783 0.3293706293706294
0 0.49547353760445684 0.7269230769230769 0.5783426183844012 0.7269230769230769 0.5783426183844012 0.6611888111888112 0.49547353760445684 0.6611888111888112 0.49547353760445684 0.7269230769230769
0 0.6347493036211699 0.6555944055944056 0.7155292479108635 0.6555944055944056 0.7155292479108635 0.5877622377622378 0.6347493036211699 0.5877622377622378 0.6347493036211699 0.6555944055944056
0 0.6521587743732591 0.31363636363636366 0.7350278551532033 0.31363636363636366 0.7350278551532033 0.2409090909090909 0.6521587743732591 0.2409090909090909 0.6521587743732591 0.31363636363636366
0 0.4331476323119777 0.772027972027972 0.5174094707520891 0.772027972027972 0.5174094707520891 0.6965034965034965 0.4331476323119777 0.6965034965034965 0.4331476323119777 0.772027972027972
0 0.01149025069637883 0.9076923076923077 0.09366295264623956 0.9076923076923077 0.09366295264623956 0.8328671328671329 0.01149025069637883 0.8328671328671329 0.01149025069637883 0.9076923076923077
0 0.46935933147632314 0.4797202797202797 0.5494428969359332 0.4797202797202797 0.5494428969359332 0.406993006993007 0.46935933147632314 0.406993006993007 0.46935933147632314 0.4797202797202797
0 0.13161559888579388 0.16818181818181818 0.20682451253481896 0.16818181818181818 0.20682451253481896 0.10734265734265734 0.13161559888579388 0.10734265734265734 0.13161559888579388 0.16818181818181818
0 0.5073119777158774 0.6300699300699301 0.5866991643454039 0.6300699300699301 0.5866991643454039 0.5636363636363636 0.5073119777158774 0.5636363636363636 0.5073119777158774 0.6300699300699301
0 0.29909470752089135 0.35664335664335667 0.37848189415041783 0.35664335664335667 0.37848189415041783 0.2944055944055944 0.29909470752089135 0.2944055944055944 0.29909470752089135 0.35664335664335667
0 0.3802228412256267 0.6041958041958042 0.4616991643454039 0.6041958041958042 0.4616991643454039 0.5377622377622377 0.3802228412256267 0.5377622377622377 0.3802228412256267 0.6041958041958042
0 0.6897632311977716 0.1318181818181818 0.7705431754874652 0.1318181818181818 0.7705431754874652 0.057692307692307696 0.6897632311977716 0.057692307692307696 0.6897632311977716 0.1318181818181818
0 0.564066852367688 0.6912587412587412 0.6504178272980501 0.6912587412587412 0.6504178272980501 0.6255244755244755 0.564066852367688 0.6255244755244755 0.564066852367688 0.6912587412587412
0 0.5759052924791086 0.12097902097902098 0.6469359331476323 0.12097902097902098 0.6469359331476323 0.05104895104895105 0.5759052924791086 0.05104895104895105 0.5759052924791086 0.12097902097902098
0 0.17618384401114207 0.7545454545454545 0.25348189415041783 0.7545454545454545 0.25348189415041783 0.6909090909090909 0.17618384401114207 0.6909090909090909 0.17618384401114207 0.7545454545454545
0 0.70508356545961 0.365034965034965 0.7928272980501393 0.365034965034965 0.7928272980501393 0.2951048951048951 0.70508356545961 0.2951048951048951 0.70508356545961 0.365034965034965
0 0.6803621169916435 0.2230769230769231 0.7625348189415042 0.2230769230769231 0.7625348189415042 0.15104895104895105 0.6803621169916435 0.15104895104895105 0.6803621169916435 0.2230769230769231
0 0.5445682451253482 0.9643356643356643 0.6350974930362117 0.9643356643356643 0.6350974930362117 0.8783216783216783 0.5445682451253482 0.8783216783216783 0.5445682451253482 0.9643356643356643
0 0.4136490250696379 0.2874125874125874 0.49651810584958217 0.2874125874125874 0.49651810584958217 0.21468531468531468 0.4136490250696379 0.21468531468531468 0.4136490250696379 0.2874125874125874
0 0.3488857938718663 0.10804195804195804 0.4192200557103064 0.10804195804195804 0.4192200557103064 0.03671328671328671 0.3488857938718663 0.03671328671328671 0.3488857938718663 0.10804195804195804
0 0.6956824512534819 0.5115384615384615 0.7862116991643454 0.5115384615384615 0.7862116991643454 0.4458041958041958 0.6956824512534819 0.4458041958041958 0.6956824512534819 0.5115384615384615
0 0.21866295264623956 0.8160839160839161 0.30013927576601673 0.8160839160839161 0.30013927576601673 0.7461538461538462 0.21866295264623956 0.7461538461538462 0.21866295264623956 0.8160839160839161
0 0.08321727019498608 0.6828671328671329 0.16051532033426183 0.6828671328671329 0.16051532033426183 0.6241258741258742 0.08321727019498608 0.6241258741258742 0.08321727019498608 0.6828671328671329
0 0.2604456824512535 0.9839160839160839 0.34052924791086353 0.9839160839160839 0.34052924791086353 0.9076923076923077 0.2604456824512535 0.9076923076923077 0.2604456824512535 0.9839160839160839
0 0.06754874651810584 0.20384615384615384 0.14345403899721448 0.20384615384615384 0.14345403899721448 0.1409090909090909 0.06754874651810584 0.1409090909090909 0.06754874651810584 0.20384615384615384
0 0.28307799442896936 0.4451048951048951 0.3610724233983287 0.4451048951048951 0.3610724233983287 0.3821678321678322 0.28307799442896936 0.3821678321678322 0.28307799442896936 0.4451048951048951
0 0.5553621169916435 0.21083916083916085 0.6270891364902507 0.21083916083916085 0.6270891364902507 0.1402097902097902 0.5553621169916435 0.1402097902097902 0.5553621169916435 0.21083916083916085
0 0.21100278551532034 0.47657342657342655 0.28342618384401114 0.47657342657342655 0.28342618384401114 0.4178321678321678 0.21100278551532034 0.4178321678321678 0.21100278551532034 0.47657342657342655
0 0.5323816155988857 0.07482517482517483 0.6131615598885793 0.07482517482517483 0.6131615598885793 0.006993006993006993 0.5323816155988857 0.006993006993006993 0.5323816155988857 0.07482517482517483
0 0.8443593314763231 0.09160839160839161 0.9272284122562674 0.09160839160839161 0.9272284122562674 0.023076923076923078 0.8443593314763231 0.023076923076923078 0.8443593314763231 0.09160839160839161
0 0.18454038997214484 0.9594405594405594 0.266016713091922 0.9594405594405594 0.266016713091922 0.8839160839160839 0.18454038997214484 0.8839160839160839 0.18454038997214484 0.9594405594405594
0 0.0988857938718663 0.12552447552447552 0.1713091922005571 0.12552447552447552 0.1713091922005571 0.06608391608391609 0.0988857938718663 0.06608391608391609 0.0988857938718663 0.12552447552447552
0 0.2318941504178273 0.672027972027972 0.3147632311977716 0.672027972027972 0.3147632311977716 0.6076923076923076 0.2318941504178273 0.6076923076923076 0.2318941504178273 0.672027972027972
0 0.2642757660167131 0.8741258741258742 0.34366295264623953 0.8741258741258742 0.34366295264623953 0.806993006993007 0.2642757660167131 0.806993006993007 0.2642757660167131 0.8741258741258742
0 0.6002785515320335 0.26048951048951047 0.6803621169916435 0.26048951048951047 0.6803621169916435 0.18986013986013986 0.6002785515320335 0.18986013986013986 0.6002785515320335 0.26048951048951047
0 0.42618384401114207 0.4223776223776224 0.5006963788300836 0.4223776223776224 0.5006963788300836 0.35874125874125873 0.42618384401114207 0.35874125874125873 0.42618384401114207 0.4223776223776224
0 0.2395543175487465 0 0.2395543175487465 0.055944055944055944 0.3084958217270195 0.055944055944055944 0.3084958217270195 0 0.2395543175487465 0
0 0.7715877437325905 0.4727272727272727 0.8642061281337048 0.4727272727272727 0.8642061281337048 0.4041958041958042 0.7715877437325905 0.4041958041958042 0.7715877437325905 0.4727272727272727
0 0.31197771587743733 0.6444055944055944 0.4011142061281337 0.6444055944055944 0.4011142061281337 0.573076923076923 0.31197771587743733 0.573076923076923 0.31197771587743733 0.6444055944055944
0 0 0.8475524475524475 0.04735376044568245 0.8475524475524475 0.04735376044568245 0.7769230769230769 0 0.7769230769230769 0 0.8475524475524475
0 0.3944986072423398 0.1486013986013986 0.4620473537604457 0.1486013986013986 0.4620473537604457 0.08566433566433566 0.3944986072423398 0.08566433566433566 0.3944986072423398 0.1486013986013986
0 0.48084958217270196 0.2486013986013986 0.5574512534818942 0.2486013986013986 0.5574512534818942 0.17797202797202796 0.48084958217270196 0.17797202797202796 0.48084958217270196 0.2486013986013986
0 0.36768802228412256 0.2381118881118881 0.44080779944289694 0.2381118881118881 0.44080779944289694 0.16888111888111887 0.36768802228412256 0.16888111888111887 0.36768802228412256 0.2381118881118881
0 0.3373955431754875 0.5486013986013986 0.4174791086350975 0.5486013986013986 0.4174791086350975 0.48426573426573427 0.3373955431754875 0.48426573426573427 0.3373955431754875 0.5486013986013986
0 0.43697771587743733 0.1944055944055944 0.5100974930362117 0.1944055944055944 0.5100974930362117 0.13286713286713286 0.43697771587743733 0.13286713286713286 0.43697771587743733 0.1944055944055944
0 0.49930362116991645 0.16013986013986015 0.5738161559888579 0.16013986013986015 0.5738161559888579 0.0958041958041958 0.49930362116991645 0.0958041958041958 0.49930362116991645 0.16013986013986015
0 0.18802228412256267 0.6153846153846154 0.26532033426183843 0.6153846153846154 0.26532033426183843 0.5482517482517483 0.18802228412256267 0.5482517482517483 0.18802228412256267 0.6153846153846154
0 0.17548746518105848 0.2111888111888112 0.25 0.2111888111888112 0.25 0.15104895104895105 0.17548746518105848 0.15104895104895105 0.17548746518105848 0.2111888111888112
0 0.20403899721448468 0.1318181818181818 0.2736768802228412 0.1318181818181818 0.2736768802228412 0.06818181818181818 0.20403899721448468 0.06818181818181818 0.20403899721448468 0.1318181818181818
0 0.21239554317548748 0.26083916083916087 0.2931754874651811 0.26083916083916087 0.2931754874651811 0.1965034965034965 0.21239554317548748 0.1965034965034965 0.21239554317548748 0.26083916083916087
0 0.5226323119777159 0.5314685314685315 0.6020194986072424 0.5314685314685315 0.6020194986072424 0.46923076923076923 0.5226323119777159 0.46923076923076923 0.5226323119777159 0.5314685314685315
0 0.17165738161559888 0 0.17165738161559888 0.04965034965034965 0.2440807799442897 0.04965034965034965 0.2440807799442897 0 0.17165738161559888 0
0 0.7277158774373259 0.2755244755244755 0.8182451253481894 0.2755244755244755 0.8182451253481894 0.1972027972027972 0.7277158774373259 0.1972027972027972 0.7277158774373259 0.2755244755244755
0 0.2733286908077994 0.09755244755244755 0.3485376044568245 0.09755244755244755 0.3485376044568245 0.032517482517482516 0.2733286908077994 0.032517482517482516 0.2733286908077994 0.09755244755244755
0 0.2684540389972145 0.22202797202797203 0.3366991643454039 0.22202797202797203 0.3366991643454039 0.16118881118881118 0.2684540389972145 0.16118881118881118 0.2684540389972145 0.22202797202797203
0 0.48642061281337046 0.8867132867132868 0.5685933147632312 0.8867132867132868 0.5685933147632312 0.8118881118881119 0.48642061281337046 0.8118881118881119 0.48642061281337046 0.8867132867132868
0 0.32590529247910865 0.17937062937062936 0.39136490250696376 0.17937062937062936 0.39136490250696376 0.12412587412587413 0.32590529247910865 0.12412587412587413 0.32590529247910865 0.17937062937062936
0 0.6215181058495822 0.16503496503496504 0.70508356545961 0.16503496503496504 0.70508356545961 0.1027972027972028 0.6215181058495822 0.1027972027972028 0.6215181058495822 0.16503496503496504
0 0.6988161559888579 0 0.6988161559888579 0.032167832167832165 0.778899721448468 0.032167832167832165 0.778899721448468 0 0.6988161559888579 0
0 0.5682451253481894 1 0.5682451253481894 0.965034965034965 0.48467966573816157 0.965034965034965 0.48467966573816157 1 0.5682451253481894 1
0 0.4801532033426184 0 0.4801532033426184 0.028671328671328673 0.5658077994428969 0.028671328671328673 0.5658077994428969 0 0.4801532033426184 0
0 0.3746518105849582 0 0.3746518105849582 0.02097902097902098 0.4435933147632312 0.02097902097902098 0.4435933147632312 0 0.3746518105849582 0
0 0.479108635097493 0.9041958041958041 0.5271587743732591 0.9041958041958041 0.5271587743732591 0.8706293706293706 0.479108635097493 0.8706293706293706 0.479108635097493 0.9041958041958041
0 0.5278551532033426 0.9157342657342658 0.5633704735376045 0.9157342657342658 0.5633704735376045 0.8835664335664336 0.5278551532033426 0.8835664335664336 0.5278551532033426 0.9157342657342658
0 0.9091225626740947 0.04160839160839161 0.95508356545961 0.04160839160839161 0.95508356545961 0.011538461538461539 0.9091225626740947 0.011538461538461539 0.9091225626740947 0.04160839160839161