0 0.8419220055710307 0.5283216783216783 0.9345403899721448 0.5283216783216783 0.9345403899721448 0.456993006993007 0.8419220055710307 0.456993006993007 0.8419220055710307 0.5283216783216783
0 0.6302228412256268 0.9597902097902098 0.7172701949860725 0.9597902097902098 0.7172701949860725 0.884965034965035 0.6302228412256268 0.884965034965035 0.6302228412256268 0.9597902097902098
0 0.08147632311977716 0.5947552447552448 0.15598885793871867 0.5947552447552448 0.15598885793871867 0.5353146853146853 0.08147632311977716 0.5353146853146853 0.08147632311977716 0.5947552447552448
0 0.7089136490250696 0.5555944055944056 0.7938718662952646 0.5555944055944056 0.7938718662952646 0.48216783216783216 0.7089136490250696 0.48216783216783216 0.7089136490250696 0.5555944055944056
0 0.6869777158774373 0.8160839160839161 0.7782033426183844 0.8160839160839161 0.7782033426183844 0.7377622377622378 0.6869777158774373 0.7377622377622378 0.6869777158774373 0.8160839160839161
0 0.9418523676880223 0.4937062937062937 0.9996518105849582 0.4937062937062937 0.9996518105849582 0.42377622377622376 0.9418523676880223 0.42377622377622376 0.9418523676880223 0.4937062937062937
0 0.05118384401114206 0.41573426573426575 0.12917827298050139 0.41573426573426575 0.12917827298050139 0.35 0.05118384401114206 0.35 0.05118384401114206 0.41573426573426575
0 0.7482590529247911 0.6678321678321678 0.8394846796657381 0.6678321678321678 0.8394846796657381 0.5944055944055944 0.7482590529247911 0.5944055944055944 0.7482590529247911 0.6678321678321678
0 0.6138579387186629 0.6849650349650349 0.6988161559888579 0.6849650349650349 0.6988161559888579 0.6157342657342657 0.6138579387186629 0.6157342657342657 0.6138579387186629 0.6849650349650349
0 0.3906685236768802 0.6353146853146853 0.48119777158774374 0.6353146853146853 0.48119777158774374 0.5611888111888111 0.3906685236768802 0.5611888111888111 0.3906685236768802 0.6353146853146853
0 0.7524373259052924 0.4143356643356643 0.8415738161559888 0.4143356643356643 0.8415738161559888 0.3395104895104895 0.7524373259052924 0.3395104895104895 0.7524373259052924 0.4143356643356643
0 0.8802228412256268 0.43356643356643354 0.9728412256267409 0.43356643356643354 0.9728412256267409 0.36363636363636365 0.8802228412256268 0.36363636363636365 0.8802228412256268 0.43356643356643354
0 0.07590529247910864 0.33356643356643356 0.14345403899721448 0.33356643356643356 0.14345403899721448 0.27342657342657345 0.07590529247910864 0.27342657342657345 0.07590529247910864 0.33356643356643356
0 0.5268105849582173 0.823076923076923 0.6138579387186629 0.823076923076923 0.6138579387186629 0.7503496503496504 0.5268105849582173 0.7503496503496504 0.5268105849582173 0.823076923076923
0 0.1935933147632312 0.10594405594405594 0.25835654596100277 0.10594405594405594 0.25835654596100277 0.04650349650349651 0.1935933147632312 0.04650349650349651 0.1935933147632312 0.10594405594405594
0 0.2541782729805014 0.6947552447552447 0.3307799442896936 0.6947552447552447 0.3307799442896936 0.6269230769230769 0.2541782729805014 0.6269230769230769 0.2541782729805014 0.6947552447552447
0 0.14380222841225626 0.5209790209790209 0.225974930362117 0.5209790209790209 0.225974930362117 0.45944055944055945 0.14380222841225626 0.45944055944055945 0.14380222841225626 0.5209790209790209
0 0.5825208913649025 0.8905594405594406 0.6709610027855153 0.8905594405594406 0.6709610027855153 0.8171328671328671 0.5825208913649025 0.8171328671328671 0.5825208913649025 0.8905594405594406
0 0.13962395543175488 0.3451048951048951 0.21274373259052926 0.3451048951048951 0.21274373259052926 0.2828671328671329 0.13962395543175488 0.2828671328671329 0.13962395543175488 0.3451048951048951
0 0.26915041782729804 0.46153846153846156 0.3464484679665738 0.46153846153846156 0.3464484679665738 0.3972027972027972 0.26915041782729804 0.3972027972027972 0.26915041782729804 0.46153846153846156
0 0.48119777158774374 0.7534965034965035 0.5598885793871866 0.7534965034965035 0.5598885793871866 0.6856643356643357 0.48119777158774374 0.6856643356643357 0.48119777158774374 0.7534965034965035
0 0.03586350974930362 0.7213286713286713 0.11455431754874652 0.7213286713286713 0.11455431754874652 0.6597902097902097 0.03586350974930362 0.6597902097902097 0.03586350974930362 0.7213286713286713
0 0.19289693593314763 0.9727272727272728 0.2722841225626741 0.9727272727272728 0.2722841225626741 0.8979020979020979 0.19289693593314763 0.8979020979020979 0.19289693593314763 0.9727272727272728
0 0.346100278551532 0.4286713286713287 0.4233983286908078 0.4286713286713287 0.4233983286908078 0.36713286713286714 0.346100278551532 0.36713286713286714 0.346100278551532 0.4286713286713287
0 0.6535515320334262 0.4937062937062937 0.7357242339832869 0.4937062937062937 0.7357242339832869 0.4244755244755245 0.6535515320334262 0.4244755244755245 0.6535515320334262 0.4937062937062937
0 0.15459610027855153 0.18356643356643357 0.22562674094707522 0.18356643356643357 0.22562674094707522 0.12202797202797203 0.15459610027855153 0.12202797202797203 0.15459610027855153 0.18356643356643357
0 0.10619777158774374 0.21783216783216783 0.1737465181058496 0.21783216783216783 0.1737465181058496 0.156993006993007 0.10619777158774374 0.156993006993007 0.10619777158774374 0.21783216783216783
0 0.25557103064066855 0.11188811188811189 0.3231197771587744 0.11188811188811189 0.3231197771587744 0.04825174825174825 0.25557103064066855 0.04825174825174825 0.25557103064066855 0.11188811188811189
0 0.28447075208913647 0.6020979020979021 0.36385793871866295 0.6020979020979021 0.36385793871866295 0.5370629370629371 0.28447075208913647 0.5370629370629371 0.28447075208913647 0.6020979020979021
0 0.2667130919220056 0.8412587412587412 0.3488857938718663 0.8412587412587412 0.3488857938718663 0.772027972027972 0.2667130919220056 0.772027972027972 0.2667130919220056 0.8412587412587412
0 0.22632311977715877 0.36153846153846153 0.3022284122562674 0.36153846153846153 0.3022284122562674 0.2972027972027972 0.22632311977715877 0.2972027972027972 0.22632311977715877 0.36153846153846153
0 0.14798050139275767 0.612937062937063 0.225974930362117 0.612937062937063 0.225974930362117 0.5520979020979021 0.14798050139275767 0.5520979020979021 0.14798050139275767 0.612937062937063
0 0.512883008356546 0.6118881118881119 0.5950557103064067 0.6118881118881119 0.5950557103064067 0.5426573426573427 0.512883008356546 0.5426573426573427 0.512883008356546 0.6118881118881119
0 0.3126740947075209 0.5181818181818182 0.3892757660167131 0.5181818181818182 0.3892757660167131 0.45034965034965035 0.3126740947075209 0.45034965034965035 0.3126740947075209 0.5181818181818182
0 0.006267409470752089 0.666083916083916 0.08356545961002786 0.666083916083916 0.08356545961002786 0.605944055944056 0.006267409470752089 0.605944055944056 0.006267409470752089 0.666083916083916
0 0.4300139275766017 0.3531468531468531 0.5073119777158774 0.3531468531468531 0.5073119777158774 0.2902097902097902 0.4300139275766017 0.2902097902097902 0.4300139275766017 0.3531468531468531
0 0.22945682451253482 0.7786713286713287 0.3046657381615599 0.7786713286713287 0.3046657381615599 0.7129370629370629 0.22945682451253482 0.7129370629370629 0.22945682451253482 0.7786713286713287
0 0.12813370473537605 0.4262237762237762 0.19846796657381616 0.4262237762237762 0.19846796657381616 0.3695804195804196 0.12813370473537605 0.3695804195804196 0.12813370473537605 0.4262237762237762
0 0.5964484679665738 0.7884615384615384 0.6855849582172702 0.7884615384615384 0.6855849582172702 0.7171328671328672 0.5964484679665738 0.7171328671328672 0.5964484679665738 0.7884615384615384
0 0.7600974930362117 0.7734265734265734 0.8464484679665738 0.7734265734265734 0.8464484679665738 0.7048951048951049 0.7600974930362117 0.7048951048951049 0.7600974930362117 0.7734265734265734
0 0.4011142061281337 0.7821678321678321 0.4818941504178273 0.7821678321678321 0.4818941504178273 0.715034965034965 0.4011142061281337 0.715034965034965 0.4011142061281337 0.7821678321678321
0 0.44045961002785516 0.6912587412587412 0.5309888579387186 0.6912587412587412 0.5309888579387186 0.6199300699300699 0.44045961002785516 0.6199300699300699 0.44045961002785516 0.6912587412587412
0 0.16956824512534818 0.8055944055944056 0.241991643454039 0.8055944055944056 0.241991643454039 0.7433566433566433 0.16956824512534818 0.7433566433566433 0.16956824512534818 0.8055944055944056
0 0.10863509749303621 0.8398601398601399 0.19289693593314763 0.8398601398601399 0.19289693593314763 0.7741258741258741 0.10863509749303621 0.7741258741258741 0.10863509749303621 0.8398601398601399
0 0.49930362116991645 0.9164335664335664 0.584958217270195 0.9164335664335664 0.584958217270195 0.843006993006993 0.49930362116991645 0.843006993006993 0.49930362116991645 0.9164335664335664
0 0.30675487465181056 0.9101398601398601 0.3917130919220056 0.9101398601398601 0.3917130919220056 0.8353146853146853 0.30675487465181056 0.8353146853146853 0.30675487465181056 0.9101398601398601
0 0.6605153203342619 0.2083916083916084 0.7433844011142061 0.2083916083916084 0.7433844011142061 0.13916083916083916 0.6605153203342619 0.13916083916083916 0.6605153203342619 0.2083916083916084
0 0.46065459610027853 0.45034965034965035 0.5442200557103064 0.45034965034965035 0.5442200557103064 0.39090909090909093 0.46065459610027853 0.39090909090909093 0.46065459610027853 0.45034965034965035
0 0.07764623955431754 0.779020979020979 0.1556406685236769 0.779020979020979 0.1556406685236769 0.7153846153846154 0.07764623955431754 0.7153846153846154 0.07764623955431754 0.779020979020979
0 0.11768802228412256 0.9965034965034965 0.2012534818941504 0.9965034965034965 0.2012534818941504 0.9181818181818182 0.11768802228412256 0.9181818181818182 0.11768802228412256 0.9965034965034965
0 0.12987465181058497 0.10139860139860139 0.1953342618384401 0.10139860139860139 0.1953342618384401 0.03636363636363636 0.12987465181058497 0.03636363636363636 0.12987465181058497 0.10139860139860139
0 0.298050139275766 0.7534965034965035 0.3767409470752089 0.7534965034965035 0.3767409470752089 0.6856643356643357 0.298050139275766 0.6856643356643357 0.298050139275766 0.7534965034965035
0 0.193941504178273 0.44545454545454544 0.27402506963788303 0.44545454545454544 0.27402506963788303 0.37902097902097903 0.193941504178273 0.37902097902097903 0.193941504178273 0.44545454545454544
0 0.07207520891364902 0.929020979020979 0.15285515320334261 0.929020979020979 0.15285515320334261 0.8611888111888112 0.07207520891364902 0.8611888111888112 0.07207520891364902 0.929020979020979
0 0.22353760445682452 0.19265734265734266 0.2931754874651811 0.19265734265734266 0.2931754874651811 0.13531468531468532 0.22353760445682452 0.13531468531468532 0.22353760445682452 0.19265734265734266
0 0.31337047353760444 0.3328671328671329 0.3920612813370474 0.3328671328671329 0.3920612813370474 0.26433566433566436 0.31337047353760444 0.26433566433566436 0.31337047353760444 0.3328671328671329
0 0.3788300835654596 0.8758741258741258 0.46030640668523676 0.8758741258741258 0.46030640668523676 0.8073426573426573 0.3788300835654596 0.8073426573426573 0.3788300835654596 0.8758741258741258
0 0.599233983286908 0.43286713286713285 0.6793175487465181 0.43286713286713285 0.6793175487465181 0.3657342657342657 0.599233983286908 0.3657342657342657 0.599233983286908 0.43286713286713285
0 0.1796657381615599 0.6737762237762238 0.25974930362116994 0.6737762237762238 0.25974930362116994 0.6073426573426574 0.1796657381615599 0.6073426573426574 0.1796657381615599 0.6737762237762238
0 0.11002785515320335 0.6951048951048951 0.18662952646239556 0.6951048951048951 0.18662952646239556 0.6342657342657343 0.11002785515320335 0.6342657342657343 0.11002785515320335 0.6951048951048951
0 0.3185933147632312 0.12307692307692308 0.391016713091922 0.12307692307692308 0.391016713091922 0.057342657342657345 0.3185933147632312 0.057342657342657345 0.3185933147632312 0.12307692307692308
0 0.3363509749303621 0.8132867132867133 0.41852367688022285 0.8132867132867133 0.41852367688022285 0.7461538461538462 0.3363509749303621 0.7461538461538462 0.3363509749303621 0.8132867132867133
0 0.4561281337047354 0.8517482517482518 0.5362116991643454 0.8517482517482518 0.5362116991643454 0.7804195804195804 0.4561281337047354 0.7804195804195804 0.4561281337047354 0.8517482517482518
0 0.4495125348189415 0.2653846153846154 0.524025069637883 0.2653846153846154 0.524025069637883 0.20454545454545456 0.4495125348189415 0.20454545454545456 0.4495125348189415 0.2653846153846154
0 0.39032033426183843 0.48671328671328673 0.4738857938718663 0.48671328671328673 0.4738857938718663 0.42027972027972027 0.39032033426183843 0.42027972027972027 0.39032033426183843 0.48671328671328673
0 0.40424791086350975 0.21958041958041957 0.47736768802228413 0.21958041958041957 0.47736768802228413 0.15244755244755245 0.40424791086350975 0.15244755244755245 0.40424791086350975 0.21958041958041957
0 0.5783426183844012 0.19755244755244755 0.6626044568245125 0.19755244755244755 0.6626044568245125 0.13041958041958043 0.5783426183844012 0.13041958041958043 0.5783426183844012 0.19755244755244755
0 0.7033426183844012 0.35524475524475524 0.7896935933147632 0.35524475524475524 0.7896935933147632 0.28321678321678323 0.7033426183844012 0.28321678321678323 0.7033426183844012 0.35524475524475524
0 0.33913649025069637 0 0.33913649025069637 0.039160839160839164 0.41086350974930363 0.039160839160839164 0.41086350974930363 0 0.33913649025069637 0
0 0.5470055710306406 0.3758741258741259 0.6319637883008357 0.3758741258741259 0.6319637883008357 0.3101398601398601 0.5470055710306406 0.3101398601398601 0.5470055710306406 0.3758741258741259
0 0.19115598885793872 0.3111888111888112 0.2719359331476323 0.3111888111888112 0.2719359331476323 0.25314685314685315 0.19115598885793872 0.25314685314685315 0.19115598885793872 0.3111888111888112
0 0.5480501392757661 0.9912587412587412 0.637883008356546 0.9912587412587412 0.637883008356546 0.9101398601398601 0.5480501392757661 0.9101398601398601 0.5480501392757661 0.9912587412587412
0 0.6256963788300836 0.3388111888111888 0.7022980501392758 0.3388111888111888 0.7022980501392758 0.270979020979021 0.6256963788300836 0.270979020979021 0.6256963788300836 0.3388111888111888
0 0.541782729805014 0.715034965034965 0.6253481894150418 0.715034965034965 0.6253481894150418 0.65 0.541782729805014 0.65 0.541782729805014 0.715034965034965
0 0.33774373259052926 0.25594405594405595 0.40807799442896936 0.25594405594405595 0.40807799442896936 0.1902097902097902 0.33774373259052926 0.1902097902097902 0.33774373259052926 0.25594405594405595
0 0.5153203342618384 0.2353146853146853 0.5967966573816156 0.2353146853146853 0.5967966573816156 0.16888111888111887 0.5153203342618384 0.16888111888111887 0.5153203342618384 0.2353146853146853
0 0.8356545961002786 0.3713286713286713 0.9254874651810585 0.3713286713286713 0.9254874651810585 0.3062937062937063 0.8356545961002786 0.3062937062937063 0.8356545961002786 0.3713286713286713
0 0.00034818941504178273 0.7468531468531469 0.046309192200557105 0.7468531468531469 0.046309192200557105 0.686013986013986 0.00034818941504178273 0.686013986013986 0.00034818941504178273 0.7468531468531469
0 0.4979108635097493 0.3195804195804196 0.5779944289693594 0.3195804195804196 0.5779944289693594 0.24895104895104894 0.4979108635097493 0.24895104895104894 0.4979108635097493 0.3195804195804196
0 0.29909470752089135 0.206993006993007 0.3763927576601671 0.206993006993007 0.3763927576601671 0.14195804195804196 0.29909470752089135 0.14195804195804196 0.29909470752089135 0.206993006993007
0 0.5766016713091922 0.2909090909090909 0.6601671309192201 0.2909090909090909 0.6601671309192201 0.22727272727272727 0.5766016713091922 0.22727272727272727 0.5766016713091922 0.2909090909090909
0 0.7778551532033426 0.31643356643356646 0.8565459610027855 0.31643356643356646 0.8565459610027855 0.2513986013986014 0.7778551532033426 0.2513986013986014 0.7778551532033426 0.31643356643356646
0 0.3635097493036212 0.16678321678321678 0.43662952646239556 0.16678321678321678 0.43662952646239556 0.10594405594405594 0.3635097493036212 0.10594405594405594 0.3635097493036212 0.16678321678321678
0 0.7785515320334262 1 0.7785515320334262 0.9566433566433566 0.6880222841225627 0.9566433566433566 0.6880222841225627 1 0.7785515320334262 1
0 0.3551532033426184 0.5741258741258741 0.431058495821727 0.5741258741258741 0.431058495821727 0.509090909090909 0.3551532033426184 0.509090909090909 0.3551532033426184 0.5741258741258741
0 0.38474930362116994 0.3006993006993007 0.45856545961002787 0.3006993006993007 0.45856545961002787 0.23566433566433567 0.38474930362116994 0.23566433566433567 0.38474930362116994 0.3006993006993007
0 0.32346796657381616 1 0.32346796657381616 0.965034965034965 0.23711699164345404 0.965034965034965 0.23711699164345404 1 0.32346796657381616 1
0 0.2357242339832869 0 0.2357242339832869 0.032867132867132866 0.3025766016713092 0.032867132867132866 0.3025766016713092 0 0.2357242339832869 0
0 0.5745125348189415 0 0.5745125348189415 0.01888111888111888 0.6434540389972145 0.01888111888111888 0.6434540389972145 0 0.5745125348189415 0
0 0.1692200557103064 0 0.1692200557103064 0.02727272727272727 0.23259052924791088 0.02727272727272727 0.23259052924791088 0 0.1692200557103064 0
0 0.5055710306406686 0 0.5055710306406686 0.013286713286713287 0.5724233983286908 0.013286713286713287 0.5724233983286908 0 0.5055710306406686 0
0 0.8899721448467967 0.27587412587412585 0.9268802228412256 0.27587412587412585 0.9268802228412256 0.2423076923076923 0.8899721448467967 0.2423076923076923 0.8899721448467967 0.27587412587412585
0 0.5936629526462396 0.23251748251748253 0.6277855153203342 0.23251748251748253 0.6277855153203342 0.20244755244755244 0.5936629526462396 0.20244755244755244 0.5936629526462396 0.23251748251748253