0 0.35376044568245124 0.1041958041958042 0.42479108635097496 0.1041958041958042 0.42479108635097496 0.03566433566433566 0.35376044568245124 0.03566433566433566 0.35376044568245124 0.1041958041958042
0 0.5772980501392758 0.598951048951049 0.6601671309192201 0.598951048951049 0.6601671309192201 0.5318181818181819 0.5772980501392758 0.5318181818181819 0.5772980501392758 0.598951048951049
0 0.9240947075208914 0.5741258741258741 0.9993036211699164 0.5741258741258741 0.9993036211699164 0.5013986013986014 0.9240947075208914 0.5013986013986014 0.9240947075208914 0.5741258741258741
0 0.6674791086350975 0.836013986013986 0.762883008356546 0.836013986013986 0.762883008356546 0.759090909090909 0.6674791086350975 0.759090909090909 0.6674791086350975 0.836013986013986
0 0.6190807799442897 0.7657342657342657 0.7103064066852368 0.7657342657342657 0.7103064066852368 0.6916083916083916 0.6190807799442897 0.6916083916083916 0.6190807799442897 0.7657342657342657
0 0.7555710306406686 0.9737762237762237 0.8488857938718662 0.9737762237762237 0.8488857938718662 0.8947552447552447 0.7555710306406686 0.8947552447552447 0.7555710306406686 0.9737762237762237
0 0.8551532033426184 0.11118881118881119 0.9456824512534819 0.11118881118881119 0.9456824512534819 0.038461538461538464 0.8551532033426184 0.038461538461538464 0.8551532033426184 0.11118881118881119
0 0.6727019498607242 0.13916083916083916 0.7541782729805014 0.13916083916083916 0.7541782729805014 0.06853146853146853 0.6727019498607242 0.06853146853146853 0.6727019498607242 0.13916083916083916
0 0.6215181058495822 0.9842657342657343 0.7092618384401114 0.9842657342657343 0.7092618384401114 0.9052447552447552 0.6215181058495822 0.9052447552447552 0.6215181058495822 0.9842657342657343
0 0.7594011142061281 0.1465034965034965 0.8415738161559888 0.1465034965034965 0.8415738161559888 0.07937062937062937 0.7594011142061281 0.07937062937062937 0.7594011142061281 0.1465034965034965
0 0.318941504178273 0.5863636363636363 0.39902506963788303 0.5863636363636363 0.39902506963788303 0.5171328671328671 0.318941504178273 0.5171328671328671 0.318941504178273 0.5863636363636363
0 0.7983983286908078 0.8723776223776224 0.8924094707520891 0.8723776223776224 0.8924094707520891 0.7954545454545454 0.7983983286908078 0.7954545454545454 0.7983983286908078 0.8723776223776224
0 0.8645543175487466 0.40559440559440557 0.9585654596100278 0.40559440559440557 0.9585654596100278 0.3321678321678322 0.8645543175487466 0.3321678321678322 0.8645543175487466 0.40559440559440557
0 0.8568941504178273 0.9468531468531468 0.9543871866295265 0.9468531468531468 0.9543871866295265 0.8692307692307693 0.8568941504178273 0.8692307692307693 0.8568941504178273 0.9468531468531468
0 0.00034818941504178273 0.6814685314685315 0.05954038997214485 0.6814685314685315 0.05954038997214485 0.6178321678321679 0.00034818941504178273 0.6178321678321679 0.00034818941504178273 0.6814685314685315
0 0.7663649025069638 0.3895104895104895 0.849233983286908 0.3895104895104895 0.849233983286908 0.3167832167832168 0.7663649025069638 0.3167832167832168 0.7663649025069638 0.3895104895104895
0 0.5654596100278552 0.9111888111888112 0.649025069637883 0.9111888111888112 0.649025069637883 0.8363636363636363 0.5654596100278552 0.8363636363636363 0.5654596100278552 0.9111888111888112
0 0.17827298050139276 0.2853146853146853 0.2527855153203343 0.2853146853146853 0.2527855153203343 0.22517482517482518 0.17827298050139276 0.22517482517482518 0.17827298050139276 0.2853146853146853
0 0.4975626740947075 0.11468531468531469 0.5727715877437326 0.11468531468531469 0.5727715877437326 0.05104895104895105 0.4975626740947075 0.05104895104895105 0.4975626740947075 0.11468531468531469
0 0.4321030640668524 0.6118881118881119 0.5156685236768802 0.6118881118881119 0.5156685236768802 0.5461538461538461 0.4321030640668524 0.5461538461538461 0.4321030640668524 0.6118881118881119
0 0.46065459610027853 0.7734265734265734 0.5456128133704735 0.7734265734265734 0.5456128133704735 0.7041958041958042 0.46065459610027853 0.7041958041958042 0.46065459610027853 0.7734265734265734
0 0.0685933147632312 0.522027972027972 0.14380222841225626 0.522027972027972 0.14380222841225626 0.4625874125874126 0.0685933147632312 0.4625874125874126 0.0685933147632312 0.522027972027972
0 0.05013927576601671 0.6986013986013986 0.12604456824512536 0.6986013986013986 0.12604456824512536 0.6342657342657343 0.05013927576601671 0.6342657342657343 0.05013927576601671 0.6986013986013986
0 0.1511142061281337 0.3646853146853147 0.22353760445682452 0.3646853146853147 0.22353760445682452 0.3010489510489511 0.1511142061281337 0.3010489510489511 0.1511142061281337 0.3646853146853147
0 0.3022284122562674 0.8737762237762238 0.38370473537604455 0.8737762237762238 0.38370473537604455 0.8017482517482517 0.3022284122562674 0.8017482517482517 0.3022284122562674 0.8737762237762238
0 0.05536211699164345 0.9884615384615385 0.13614206128133705 0.9884615384615385 0.13614206128133705 0.9206293706293707 0.05536211699164345 0.9206293706293707 0.05536211699164345 0.9884615384615385
0 0.2963091922005571 0.6706293706293707 0.3777855153203343 0.6706293706293707 0.3777855153203343 0.6062937062937063 0.2963091922005571 0.6062937062937063 0.2963091922005571 0.6706293706293707
0 0.037604456824512536 0.784965034965035 0.1107242339832869 0.784965034965035 0.1107242339832869 0.722027972027972 0.037604456824512536 0.722027972027972 0.037604456824512536 0.784965034965035
0 0.21309192200557103 0.5601398601398602 0.2938718662952646 0.5601398601398602 0.2938718662952646 0.4965034965034965 0.21309192200557103 0.4965034965034965 0.21309192200557103 0.5601398601398602
0 0.49164345403899723 0.38461538461538464 0.5668523676880223 0.38461538461538464 0.5668523676880223 0.32237762237762235 0.49164345403899723 0.32237762237762235 0.49164345403899723 0.38461538461538464
0 0.403899721448468 0.15 0.47493036211699163 0.15 0.47493036211699163 0.08356643356643356 0.403899721448468 0.08356643356643356 0.403899721448468 0.15
0 0.233983286908078 0.4723776223776224 0.3084958217270195 0.4723776223776224 0.3084958217270195 0.4115384615384615 0.233983286908078 0.4115384615384615 0.233983286908078 0.4723776223776224
0 0.16991643454038996 0.4562937062937063 0.24373259052924792 0.4562937062937063 0.24373259052924792 0.3968531468531469 0.16991643454038996 0.3968531468531469 0.16991643454038996 0.4562937062937063
0 0.4401114206128134 0.19685314685314687 0.5181058495821727 0.19685314685314687 0.5181058495821727 0.13111888111888112 0.4401114206128134 0.13111888111888112 0.4401114206128134 0.19685314685314687
0 0.5114902506963789 0.8374125874125874 0.5964484679665738 0.8374125874125874 0.5964484679665738 0.7681818181818182 0.5114902506963789 0.7681818181818182 0.5114902506963789 0.8374125874125874
0 0.37186629526462395 0.8468531468531468 0.4582172701949861 0.8468531468531468 0.4582172701949861 0.779020979020979 0.37186629526462395 0.779020979020979 0.37186629526462395 0.8468531468531468
0 0.05153203342618384 0.891958041958042 0.13509749303621169 0.891958041958042 0.13509749303621169 0.8234265734265734 0.05153203342618384 0.8234265734265734 0.05153203342618384 0.891958041958042
0 0.17862116991643454 0.8342657342657342 0.258008356545961 0.8342657342657342 0.258008356545961 0.7671328671328671 0.17862116991643454 0.7671328671328671 0.17862116991643454 0.8342657342657342
0 0.10828690807799443 0.4416083916083916 0.17792479108635098 0.4416083916083916 0.17792479108635098 0.384965034965035 0.10828690807799443 0.384965034965035 0.10828690807799443 0.4416083916083916
0 0.25069637883008355 0.6178321678321679 0.3266016713091922 0.6178321678321679 0.3266016713091922 0.5534965034965035 0.25069637883008355 0.5534965034965035 0.25069637883008355 0.6178321678321679
0 0.00034818941504178273 0.9646853146853147 0.06928969359331476 0.9646853146853147 0.06928969359331476 0.8947552447552447 0.00034818941504178273 0.8947552447552447 0.00034818941504178273 0.9646853146853147
0 0.3732590529247911 0.31783216783216783 0.4477715877437326 0.31783216783216783 0.4477715877437326 0.2534965034965035 0.3732590529247911 0.2534965034965035 0.3732590529247911 0.31783216783216783
0 0.25731197771587744 0.38461538461538464 0.3283426183844011 0.38461538461538464 0.3283426183844011 0.3230769230769231 0.25731197771587744 0.3230769230769231 0.25731197771587744 0.38461538461538464
0 0.22318941504178272 0.7055944055944056 0.3088440111420613 0.7055944055944056 0.3088440111420613 0.6356643356643357 0.22318941504178272 0.6356643356643357 0.22318941504178272 0.7055944055944056
0 0.10376044568245125 0.6692307692307692 0.18593314763231197 0.6692307692307692 0.18593314763231197 0.6062937062937063 0.10376044568245125 0.6062937062937063 0.10376044568245125 0.6692307692307692
0 0.49164345403899723 0.5786713286713286 0.58008356545961 0.5786713286713286 0.58008356545961 0.512937062937063 0.49164345403899723 0.512937062937063 0.49164345403899723 0.5786713286713286
0 0.30954038997214484 0.3513986013986014 0.38614206128133705 0.3513986013986014 0.38614206128133705 0.28496503496503495 0.30954038997214484 0.28496503496503495 0.30954038997214484 0.3513986013986014
0 0.415041782729805 0.37552447552447554 0.49442896935933145 0.37552447552447554 0.49442896935933145 0.3062937062937063 0.415041782729805 0.3062937062937063 0.415041782729805 0.37552447552447554
0 0.5410863509749304 0.7440559440559441 0.6204735376044568 0.7440559440559441 0.6204735376044568 0.6713286713286714 0.5410863509749304 0.6713286713286714 0.5410863509749304 0.7440559440559441
0 0.2075208913649025 0.2041958041958042 0.2827298050139276 0.2041958041958042 0.2827298050139276 0.14895104895104896 0.2075208913649025 0.14895104895104896 0.2075208913649025 0.2041958041958042
0 0.3812674094707521 0.23601398601398602 0.45229805013927576 0.23601398601398602 0.45229805013927576 0.17237762237762239 0.3812674094707521 0.17237762237762239 0.3812674094707521 0.23601398601398602
0 0.6277855153203342 0.31888111888111886 0.7092618384401114 0.31888111888111886 0.7092618384401114 0.24825174825174826 0.6277855153203342 0.24825174825174826 0.6277855153203342 0.31888111888111886
0 0.19220055710306408 0.9926573426573426 0.2743732590529248 0.9926573426573426 0.2743732590529248 0.9192307692307692 0.19220055710306408 0.9192307692307692 0.19220055710306408 0.9926573426573426
0 0.5174094707520891 0.2083916083916084 0.5905292479108635 0.2083916083916084 0.5905292479108635 0.14405594405594405 0.5174094707520891 0.14405594405594405 0.5174094707520891 0.2083916083916084
0 0.40947075208913647 0.7066433566433566 0.4972144846796657 0.7066433566433566 0.4972144846796657 0.6325174825174825 0.40947075208913647 0.6325174825174825 0.40947075208913647 0.7066433566433566
0 0.6782729805013927 0.3776223776223776 0.7667130919220055 0.3776223776223776 0.7667130919220055 0.3013986013986014 0.6782729805013927 0.3013986013986014 0.6782729805013927 0.3776223776223776
0 0.5100974930362117 0.29825174825174827 0.5853064066852368 0.29825174825174827 0.5853064066852368 0.23111888111888113 0.5100974930362117 0.23111888111888113 0.5100974930362117 0.29825174825174827
0 0.7524373259052924 0.8059440559440559 0.8394846796657381 0.8059440559440559 0.8394846796657381 0.7283216783216783 0.7524373259052924 0.7283216783216783 0.7524373259052924 0.8059440559440559
0 0.1371866295264624 0.5356643356643357 0.21239554317548748 0.5356643356643357 0.21239554317548748 0.4811188811188811 0.1371866295264624 0.4811188811188811 0.1371866295264624 0.5356643356643357
0 0.3628133704735376 0.6479020979020979 0.4428969359331476 0.6479020979020979 0.4428969359331476 0.5814685314685315 0.3628133704735376 0.5814685314685315 0.3628133704735376 0.6479020979020979
0 0.04526462395543175 0.4314685314685315 0.1107242339832869 0.4314685314685315 0.1107242339832869 0.3685314685314685 0.04526462395543175 0.3685314685314685 0.04526462395543175 0.4314685314685315
0 0.34331476323119775 0.7374125874125874 0.4331476323119777 0.7374125874125874 0.4331476323119777 0.670979020979021 0.34331476323119775 0.670979020979021 0.34331476323119775 0.7374125874125874
0 0.22214484679665739 0.9041958041958041 0.30153203342618384 0.9041958041958041 0.30153203342618384 0.8293706293706293 0.22214484679665739 0.8293706293706293 0.22214484679665739 0.9041958041958041
0 0.08391364902506963 0.34825174825174826 0.15146239554317548 0.34825174825174826 0.15146239554317548 0.2916083916083916 0.08391364902506963 0.2916083916083916 0.08391364902506963 0.34825174825174826
0 0.01915041782729805 0.5541958041958042 0.09435933147632312 0.5541958041958042 0.09435933147632312 0.4954545454545455 0.01915041782729805 0.4954545454545455 0.01915041782729805 0.5541958041958042
0 0.10550139275766017 0.8129370629370629 0.18697771587743733 0.8129370629370629 0.18697771587743733 0.7437062937062937 0.10550139275766017 0.7437062937062937 0.10550139275766017 0.8129370629370629
0 0.13579387186629527 0.7248251748251748 0.21657381615598886 0.7248251748251748 0.21657381615598886 0.6597902097902097 0.13579387186629527 0.6597902097902097 0.13579387186629527 0.7248251748251748
0 0.5546657381615598 0.34965034965034963 0.6326601671309192 0.34965034965034963 0.6326601671309192 0.2846153846153846 0.5546657381615598 0.2846153846153846 0.5546657381615598 0.34965034965034963
0 0.22423398328690808 0.1258741258741259 0.2945682451253482 0.1258741258741259 0.2945682451253482 0.06503496503496503 0.22423398328690808 0.06503496503496503 0.22423398328690808 0.1258741258741259
0 0.6935933147632312 0.727972027972028 0.7736768802228412 0.727972027972028 0.7736768802228412 0.6629370629370629 0.6935933147632312 0.6629370629370629 0.6935933147632312 0.727972027972028
0 0.49930362116991645 0.6825174825174826 0.5779944289693594 0.6825174825174826 0.5779944289693594 0.6118881118881119 0.49930362116991645 0.6118881118881119 0.49930362116991645 0.6825174825174826
0 0.27715877437325903 0.5311188811188812 0.3551532033426184 0.5311188811188812 0.3551532033426184 0.46748251748251746 0.27715877437325903 0.46748251748251746 0.27715877437325903 0.5311188811188812
0 0.21100278551532034 0.3332167832167832 0.28690807799442897 0.3332167832167832 0.28690807799442897 0.2737762237762238 0.21100278551532034 0.2737762237762238 0.21100278551532034 0.3332167832167832
0 0.5933147632311978 0.07832167832167833 0.6678272980501393 0.07832167832167833 0.6678272980501393 0.01818181818181818 0.5933147632311978 0.01818181818181818 0.5933147632311978 0.07832167832167833
0 0.266016713091922 0.17552447552447553 0.3384401114206128 0.17552447552447553 0.3384401114206128 0.10979020979020979 0.266016713091922 0.10979020979020979 0.266016713091922 0.17552447552447553
0 0.2566155988857939 0.8108391608391609 0.34157381615598886 0.8108391608391609 0.34157381615598886 0.743006993006993 0.2566155988857939 0.743006993006993 0.2566155988857939 0.8108391608391609
0 0.5076601671309192 1 0.5076601671309192 0.9447552447552447 0.42270194986072424 0.9447552447552447 0.42270194986072424 1 0.5076601671309192 1
0 0.27541782729805014 0.2986013986013986 0.3464484679665738 0.2986013986013986 0.3464484679665738 0.23916083916083916 0.27541782729805014 0.23916083916083916 0.27541782729805014 0.2986013986013986
0 0.4268802228412256 0.2811188811188811 0.5034818941504178 0.2811188811188811 0.5034818941504178 0.2202797202797203 0.4268802228412256 0.2202797202797203 0.4268802228412256 0.2811188811188811
0 0.5779944289693594 0.16818181818181818 0.6552924791086351 0.16818181818181818 0.6552924791086351 0.10314685314685315 0.5779944289693594 0.10314685314685315 0.5779944289693594 0.16818181818181818
0 0.30954038997214484 0.2230769230769231 0.3854456824512535 0.2230769230769231 0.3854456824512535 0.15874125874125875 0.30954038997214484 0.15874125874125875 0.30954038997214484 0.2230769230769231
0 0.2642757660167131 0.9653846153846154 0.34018105849582175 0.9653846153846154 0.34018105849582175 0.9003496503496503 0.2642757660167131 0.9003496503496503 0.2642757660167131 0.9653846153846154
0 0.6347493036211699 0.22377622377622378 0.7176183844011143 0.22377622377622378 0.7176183844011143 0.15594405594405594 0.6347493036211699 0.15594405594405594 0.6347493036211699 0.22377622377622378
0 0.575208913649025 0.26608391608391607 0.6629526462395543 0.26608391608391607 0.6629526462395543 0.19965034965034964 0.575208913649025 0.19965034965034964 0.575208913649025 0.26608391608391607
0 0 0.7674825174825175 0.04456824512534819 0.7674825174825175 0.04456824512534819 0.6982517482517483 0 0.6982517482517483 0 0.7674825174825175
0 0.38857938718662954 1 0.38857938718662954 0.9587412587412587 0.298050139275766 0.9587412587412587 0.298050139275766 1 0.38857938718662954 1
0 0.9763231197771588 0.2653846153846154 0.9993036211699164 0.2653846153846154 0.9993036211699164 0.20804195804195805 0.9763231197771588 0.20804195804195805 0.9763231197771588 0.2653846153846154
0 0.4025069637883008 0 0.4025069637883008 0.02097902097902098 0.4714484679665738 0.02097902097902098 0.4714484679665738 0 0.4025069637883008 0
0 0 0.4188811188811189 0.023676880222841225 0.4188811188811189 0.023676880222841225 0.3769230769230769 0 0.3769230769230769 0 0.4188811188811189
0 0.31545961002785516 0 0.31545961002785516 0.013286713286713287 0.37952646239554316 0.013286713286713287 0.37952646239554316 0 0.31545961002785516 0
0 0.6155988857938719 0.5409090909090909 0.6601671309192201 0.5409090909090909 0.6601671309192201 0.5122377622377622 0.6155988857938719 0.5122377622377622 0.6155988857938719 0.5409090909090909
0 0.8158077994428969 0.23881118881118882 0.8513231197771588 0.23881118881118882 0.8513231197771588 0.20874125874125873 0.8158077994428969 0.20874125874125873 0.8158077994428969 0.23881118881118882
0 0.7197075208913649 0.2699300699300699 0.7552228412256268 0.2699300699300699 0.7552228412256268 0.23706293706293707 0.7197075208913649 0.23706293706293707 0.7197075208913649 0.2699300699300699
0 0.8467966573816156 0.28986013986013986 0.8850974930362117 0.28986013986013986 0.8850974930362117 0.26048951048951047 0.8467966573816156 0.26048951048951047 0.8467966573816156 0.28986013986013986