0 0.6821030640668524 0.772027972027972 0.7761142061281338 0.772027972027972 0.7761142061281338 0.6986013986013986 0.6821030640668524 0.6986013986013986 0.6821030640668524 0.772027972027972
0 0.7694986072423399 0.9087412587412588 0.8635097493036211 0.9087412587412588 0.8635097493036211 0.8325174825174825 0.7694986072423399 0.8325174825174825 0.7694986072423399 0.9087412587412588
0 0.9366295264623955 0.5104895104895105 0.9993036211699164 0.5104895104895105 0.9993036211699164 0.4398601398601399 0.9366295264623955 0.4398601398601399 0.9366295264623955 0.5104895104895105
0 0.6344011142061281 0.7090909090909091 0.7207520891364902 0.7090909090909091 0.7207520891364902 0.6335664335664336 0.6344011142061281 0.6335664335664336 0.6344011142061281 0.7090909090909091
0 0.6357938718662952 0.9237762237762238 0.7214484679665738 0.9237762237762238 0.7214484679665738 0.8482517482517482 0.6357938718662952 0.8482517482517482 0.6357938718662952 0.9237762237762238
0 0.8116295264623955 0.8062937062937063 0.9035515320334262 0.8062937062937063 0.9035515320334262 0.7356643356643356 0.8116295264623955 0.7356643356643356 0.8116295264623955 0.8062937062937063
0 0.770891364902507 0.09405594405594406 0.8530640668523677 0.09405594405594406 0.8530640668523677 0.024125874125874126 0.770891364902507 0.024125874125874126 0.770891364902507 0.09405594405594406
0 0.4738857938718663 0.7122377622377623 0.5595403899721448 0.7122377622377623 0.5595403899721448 0.6451048951048951 0.4738857938718663 0.6451048951048951 0.4738857938718663 0.7122377622377623
0 0.0644150417827298 0.6468531468531469 0.14032033426183843 0.6468531468531469 0.14032033426183843 0.5846153846153846 0.0644150417827298 0.5846153846153846 0.0644150417827298 0.6468531468531469
0 0.0006963788300835655 0.6314685314685314 0.07242339832869081 0.6314685314685314 0.07242339832869081 0.5692307692307692 0.0006963788300835655 0.5692307692307692 0.0006963788300835655 0.6314685314685314
0 0.6904596100278552 0.3195804195804196 0.7816852367688022 0.3195804195804196 0.7816852367688022 0.24475524475524477 0.6904596100278552 0.24475524475524477 0.6904596100278552 0.3195804195804196
0 0.2378133704735376 0.07867132867132867 0.306058495821727 0.07867132867132867 0.306058495821727 0.01853146853146853 0.2378133704735376 0.01853146853146853 0.2378133704735376 0.07867132867132867
0 0.8715181058495822 0.8804195804195805 0.9697075208913649 0.8804195804195805 0.9697075208913649 0.8055944055944056 0.8715181058495822 0.8055944055944056 0.8715181058495822 0.8804195804195805
0 0.43662952646239556 0.963986013986014 0.5194986072423399 0.963986013986014 0.5194986072423399 0.8884615384615384 0.43662952646239556 0.8884615384615384 0.43662952646239556 0.963986013986014
0 0.5901810584958217 0.544055944055944 0.6730501392757661 0.544055944055944 0.6730501392757661 0.47412587412587415 0.5901810584958217 0.47412587412587415 0.5901810584958217 0.544055944055944
0 0.26636490250696376 0.5646853146853147 0.34157381615598886 0.5646853146853147 0.34157381615598886 0.5003496503496504 0.26636490250696376 0.5003496503496504 0.26636490250696376 0.5646853146853147
0 0.15146239554317548 0.4874125874125874 0.22318941504178272 0.4874125874125874 0.22318941504178272 0.43286713286713285 0.15146239554317548 0.43286713286713285 0.15146239554317548 0.4874125874125874
0 0.004178272980501393 0.9111888111888112 0.08217270194986072 0.9111888111888112 0.08217270194986072 0.8454545454545455 0.004178272980501393 0.8454545454545455 0.004178272980501393 0.9111888111888112
0 0.38614206128133705 0.7895104895104895 0.4697075208913649 0.7895104895104895 0.4697075208913649 0.7258741258741259 0.38614206128133705 0.7258741258741259 0.38614206128133705 0.7895104895104895
0 0.45264623955431754 0.1458041958041958 0.5292479108635098 0.1458041958041958 0.5292479108635098 0.08076923076923077 0.45264623955431754 0.08076923076923077 0.45264623955431754 0.1458041958041958
0 0.20717270194986073 0.936013986013986 0.28725626740947074 0.936013986013986 0.28725626740947074 0.8646853146853147 0.20717270194986073 0.8646853146853147 0.20717270194986073 0.936013986013986
0 0.36664345403899723 0 0.36664345403899723 0.057342657342657345 0.4376740947075209 0.057342657342657345 0.4376740947075209 0 0.36664345403899723 0
0 0.22527855153203344 0.5108391608391608 0.30536211699164345 0.5108391608391608 0.30536211699164345 0.4472027972027972 0.22527855153203344 0.4472027972027972 0.22527855153203344 0.5108391608391608
0 0.3770891364902507 0.593006993006993 0.45647632311977715 0.593006993006993 0.45647632311977715 0.5244755244755245 0.3770891364902507 0.5244755244755245 0.3770891364902507 0.593006993006993
0 0.1935933147632312 0.7807692307692308 0.27298050139275765 0.7807692307692308 0.27298050139275765 0.715034965034965 0.1935933147632312 0.715034965034965 0.1935933147632312 0.7807692307692308
0 0.16504178272980502 0.3174825174825175 0.23746518105849582 0.3174825174825175 0.23746518105849582 0.25244755244755246 0.16504178272980502 0.25244755244755246 0.16504178272980502 0.3174825174825175
0 0.5811281337047354 0.8524475524475524 0.6646935933147632 0.8524475524475524 0.6646935933147632 0.7783216783216783 0.5811281337047354 0.7783216783216783 0.5811281337047354 0.8524475524475524
0 0.5539693593314763 0.6807692307692308 0.6333565459610028 0.6807692307692308 0.6333565459610028 0.6136363636363636 0.5539693593314763 0.6136363636363636 0.5539693593314763 0.6807692307692308
0 0.05188022284122563 0.734965034965035 0.12430362116991643 0.734965034965035 0.12430362116991643 0.6734265734265734 0.05188022284122563 0.6734265734265734 0.05188022284122563 0.734965034965035
0 0.00034818941504178273 0.7181818181818181 0.05814763231197772 0.7181818181818181 0.05814763231197772 0.6489510489510489 0.00034818941504178273 0.6489510489510489 0.00034818941504178273 0.7181818181818181
0 0.2924791086350975 0.4772727272727273 0.3683844011142061 0.4772727272727273 0.3683844011142061 0.41363636363636364 0.2924791086350975 0.41363636363636364 0.2924791086350975 0.4772727272727273
0 0.23885793871866295 0.6496503496503496 0.3224233983286908 0.6496503496503496 0.3224233983286908 0.5811188811188811 0.23885793871866295 0.5811188811188811 0.23885793871866295 0.6496503496503496
0 0.032729805013927575 0.5055944055944056 0.10445682451253482 0.5055944055944056 0.10445682451253482 0.4461538461538462 0.032729805013927575 0.4461538461538462 0.032729805013927575 0.5055944055944056
0 0.23607242339832868 0.8472027972027972 0.31545961002785516 0.8472027972027972 0.31545961002785516 0.7765734265734265 0.23607242339832868 0.7765734265734265 0.23607242339832868 0.8472027972027972
0 0.8770891364902507 0.3472027972027972 0.9648328690807799 0.3472027972027972 0.9648328690807799 0.27237762237762236 0.8770891364902507 0.27237762237762236 0.8770891364902507 0.3472027972027972
0 0.6841922005571031 0.08636363636363636 0.762883008356546 0.08636363636363636 0.762883008356546 0.014335664335664336 0.6841922005571031 0.014335664335664336 0.6841922005571031 0.08636363636363636
0 0.7806406685236769 0.33181818181818185 0.862116991643454 0.33181818181818185 0.862116991643454 0.2583916083916084 0.7806406685236769 0.2583916083916084 0.7806406685236769 0.33181818181818185
0 0.11977715877437325 0.6146853146853147 0.1998607242339833 0.6146853146853147 0.1998607242339833 0.5566433566433566 0.11977715877437325 0.5566433566433566 0.11977715877437325 0.6146853146853147
0 0.5261142061281338 0.777972027972028 0.6096796657381616 0.777972027972028 0.6096796657381616 0.7094405594405594 0.5261142061281338 0.7094405594405594 0.5261142061281338 0.777972027972028
0 0.08182451253481894 0.4727272727272727 0.15772980501392758 0.4727272727272727 0.15772980501392758 0.41468531468531467 0.08182451253481894 0.41468531468531467 0.08182451253481894 0.4727272727272727
0 0.7649721448467967 0.7395104895104895 0.8555013927576601 0.7395104895104895 0.8555013927576601 0.6674825174825175 0.7649721448467967 0.6674825174825175 0.7649721448467967 0.7395104895104895
0 0.3151114206128134 0.8181818181818182 0.3993732590529248 0.8181818181818182 0.3993732590529248 0.7503496503496504 0.3151114206128134 0.7503496503496504 0.3151114206128134 0.8181818181818182
0 0.5302924791086351 0.1590909090909091 0.6027158774373259 0.1590909090909091 0.6027158774373259 0.09265734265734266 0.5302924791086351 0.09265734265734266 0.5302924791086351 0.1590909090909091
0 0.06824512534818941 0.9356643356643357 0.15041782729805014 0.9356643356643357 0.15041782729805014 0.8664335664335664 0.06824512534818941 0.8664335664335664 0.06824512534818941 0.9356643356643357
0 0.4275766016713092 0.3202797202797203 0.5062674094707521 0.3202797202797203 0.5062674094707521 0.25314685314685315 0.4275766016713092 0.25314685314685315 0.4275766016713092 0.3202797202797203
0 0.8680362116991643 0 0.8680362116991643 0.05244755244755245 0.9564763231197771 0.05244755244755245 0.9564763231197771 0 0.8680362116991643 0
0 0.3098885793871866 0.6181818181818182 0.3906685236768802 0.6181818181818182 0.3906685236768802 0.5517482517482517 0.3098885793871866 0.5517482517482517 0.3098885793871866 0.6181818181818182
0 0.0665041782729805 0.8384615384615385 0.14937325905292478 0.8384615384615385 0.14937325905292478 0.7692307692307693 0.0665041782729805 0.7692307692307693 0.0665041782729805 0.8384615384615385
0 0.4428969359331476 0.23006993006993007 0.5153203342618384 0.23006993006993007 0.5153203342618384 0.16923076923076924 0.4428969359331476 0.16923076923076924 0.4428969359331476 0.23006993006993007
0 0.5678969359331476 0.2958041958041958 0.6431058495821727 0.2958041958041958 0.6431058495821727 0.23146853146853147 0.5678969359331476 0.23146853146853147 0.5678969359331476 0.2958041958041958
0 0.3231197771587744 0.3020979020979021 0.3948467966573816 0.3020979020979021 0.3948467966573816 0.23566433566433567 0.3231197771587744 0.23566433566433567 0.3231197771587744 0.3020979020979021
0 0.4453342618384401 0.5576923076923077 0.533774373259053 0.5576923076923077 0.533774373259053 0.4926573426573427 0.4453342618384401 0.4926573426573427 0.4453342618384401 0.5576923076923077
0 0.22353760445682452 0.1597902097902098 0.29526462395543174 0.1597902097902098 0.29526462395543174 0.09965034965034965 0.22353760445682452 0.09965034965034965 0.22353760445682452 0.1597902097902098
0 0.3931058495821727 0.18566433566433566 0.4634401114206128 0.18566433566433566 0.4634401114206128 0.12202797202797203 0.3931058495821727 0.12202797202797203 0.3931058495821727 0.18566433566433566
0 0.09714484679665739 0.3041958041958042 0.16469359331476324 0.3041958041958042 0.16469359331476324 0.24475524475524477 0.09714484679665739 0.24475524475524477 0.09714484679665739 0.3041958041958042
0 0.41643454038997213 0.10139860139860139 0.48676880222841223 0.10139860139860139 0.48676880222841223 0.03496503496503497 0.41643454038997213 0.03496503496503497 0.41643454038997213 0.10139860139860139
0 0.24825905292479108 0.4206293706293706 0.32137883008356544 0.4206293706293706 0.32137883008356544 0.3611888111888112 0.24825905292479108 0.3611888111888112 0.24825905292479108 0.4206293706293706
0 0.1511142061281337 0.672027972027972 0.2298050139275766 0.672027972027972 0.2298050139275766 0.6083916083916084 0.1511142061281337 0.6083916083916084 0.1511142061281337 0.672027972027972
0 0.6403203342618384 0.26573426573426573 0.7204038997214485 0.26573426573426573 0.7204038997214485 0.19370629370629372 0.6403203342618384 0.19370629370629372 0.6403203342618384 0.26573426573426573
0 0.314066852367688 0.9786713286713287 0.40459610027855153 0.9786713286713287 0.40459610027855153 0.9038461538461539 0.314066852367688 0.9038461538461539 0.314066852367688 0.9786713286713287
0 0.5135793871866295 0.6244755244755245 0.5894846796657381 0.6244755244755245 0.5894846796657381 0.5594405594405595 0.5135793871866295 0.5594405594405595 0.5135793871866295 0.6244755244755245
0 0.12291086350974931 0.393006993006993 0.18976323119777158 0.393006993006993 0.18976323119777158 0.33636363636363636 0.12291086350974931 0.33636363636363636 0.12291086350974931 0.393006993006993
0 0.6469359331476323 0.17307692307692307 0.7270194986072424 0.17307692307692307 0.7270194986072424 0.10664335664335664 0.6469359331476323 0.10664335664335664 0.6469359331476323 0.17307692307692307
0 0.33147632311977715 0.5363636363636364 0.4115598885793872 0.5363636363636364 0.4115598885793872 0.46783216783216786 0.33147632311977715 0.46783216783216786 0.33147632311977715 0.5363636363636364
0 0.19011142061281336 0.23776223776223776 0.266016713091922 0.23776223776223776 0.266016713091922 0.17552447552447553 0.19011142061281336 0.17552447552447553 0.19011142061281336 0.23776223776223776
0 0.504874651810585 0.33181818181818185 0.5842618384401114 0.33181818181818185 0.5842618384401114 0.2702797202797203 0.504874651810585 0.2702797202797203 0.504874651810585 0.33181818181818185
0 0.18314763231197773 1 0.18314763231197773 0.9237762237762238 0.10167130919220056 0.9237762237762238 0.10167130919220056 1 0.18314763231197773 1
0 0.35724233983286907 0.6853146853146853 0.4373259052924791 0.6853146853146853 0.4373259052924791 0.6139860139860139 0.35724233983286907 0.6139860139860139 0.35724233983286907 0.6853146853146853
0 0.5076601671309192 0.5269230769230769 0.5905292479108635 0.5269230769230769 0.5905292479108635 0.4583916083916084 0.5076601671309192 0.4583916083916084 0.5076601671309192 0.5269230769230769
0 0.1834958217270195 0.40594405594405597 0.2552228412256267 0.40594405594405597 0.2552228412256267 0.3479020979020979 0.1834958217270195 0.3479020979020979 0.1834958217270195 0.40594405594405597
0 0.38614206128133705 0.26608391608391607 0.459958217270195 0.26608391608391607 0.459958217270195 0.20174825174825176 0.38614206128133705 0.20174825174825176 0.38614206128133705 0.26608391608391607
0 0.26775766016713093 0.33531468531468533 0.3408774373259053 0.33531468531468533 0.3408774373259053 0.27307692307692305 0.26775766016713093 0.27307692307692305 0.26775766016713093 0.33531468531468533
0 0.3224233983286908 0.17552447552447553 0.39275766016713093 0.17552447552447553 0.39275766016713093 0.11048951048951049 0.3224233983286908 0.11048951048951049 0.3224233983286908 0.17552447552447553
0 0.2705431754874652 0.7555944055944056 0.35480501392757663 0.7555944055944056 0.35480501392757663 0.6912587412587412 0.2705431754874652 0.6912587412587412 0.2705431754874652 0.7555944055944056
0 0.4233983286908078 0.6545454545454545 0.5111420612813371 0.6545454545454545 0.5111420612813371 0.579020979020979 0.4233983286908078 0.579020979020979 0.4233983286908078 0.6545454545454545
0 0.2238857938718663 0.28776223776223775 0.29909470752089135 0.28776223776223775 0.29909470752089135 0.22552447552447552 0.2238857938718663 0.22552447552447552 0.2238857938718663 0.28776223776223775
0 0.5901810584958217 0.11958041958041958 0.6660863509749304 0.11958041958041958 0.6660863509749304 0.05384615384615385 0.5901810584958217 0.05384615384615385 0.5901810584958217 0.11958041958041958
0 0.27715877437325903 0.1258741258741259 0.34818941504178275 0.1258741258741259 0.34818941504178275 0.06293706293706294 0.27715877437325903 0.06293706293706294 0.27715877437325903 0.1258741258741259
0 0.0584958217270195 0.3811188811188811 0.12604456824512536 0.3811188811188811 0.12604456824512536 0.32167832167832167 0.0584958217270195 0.32167832167832167 0.0584958217270195 0.3811188811188811
0 0.5097493036211699 0 0.5097493036211699 0.06573426573426573 0.5842618384401114 0.06573426573426573 0.5842618384401114 0 0.5097493036211699 0
0 0.5226323119777159 0.24615384615384617 0.5950557103064067 0.24615384615384617 0.5950557103064067 0.17832167832167833 0.5226323119777159 0.17832167832167833 0.5226323119777159 0.24615384615384617
0 0.7075208913649025 0.6755244755244755 0.786908077994429 0.6755244755244755 0.786908077994429 0.6041958041958042 0.7075208913649025 0.6041958041958042 0.7075208913649025 0.6755244755244755
0 0.5877437325905293 0.21433566433566434 0.6685236768802229 0.21433566433566434 0.6685236768802229 0.1465034965034965 0.5877437325905293 0.1465034965034965 0.5877437325905293 0.21433566433566434
0 0.11942896935933148 0.762937062937063 0.20020891364902507 0.762937062937063 0.20020891364902507 0.6923076923076923 0.11942896935933148 0.6923076923076923 0.11942896935933148 0.762937062937063
0 0.2782033426183844 0.9073426573426573 0.3631615598885794 0.9073426573426573 0.3631615598885794 0.8416083916083916 0.2782033426183844 0.8416083916083916 0.2782033426183844 0.9073426573426573
0 0.10793871866295264 1 0.10793871866295264 0.951048951048951 0.031337047353760444 0.951048951048951 0.031337047353760444 1 0.10793871866295264 1
0 0.2879526462395543 0.2479020979020979 0.35201949860724235 0.2479020979020979 0.35201949860724235 0.18986013986013986 0.2879526462395543 0.18986013986013986 0.2879526462395543 0.2479020979020979
0 0.2566155988857939 1 0.2566155988857939 0.9587412587412587 0.17444289693593315 0.9587412587412587 0.17444289693593315 1 0.2566155988857939 1
0 0.7677576601671309 1 0.7677576601671309 0.9657342657342657 0.6716573816155988 0.9657342657342657 0.6716573816155988 1 0.7677576601671309 1
0 0.6048050139275766 0 0.6048050139275766 0.03146853146853147 0.6814066852367688 0.03146853146853147 0.6814066852367688 0 0.6048050139275766 0
0 0.6229108635097493 1 0.6229108635097493 0.9762237762237762 0.5393454038997214 0.9762237762237762 0.5393454038997214 1 0.6229108635097493 1
0 0.36525069637883006 0.9996503496503496 0.4453342618384401 0.9996503496503496 0.4453342618384401 0.9667832167832168 0.36525069637883006 0.9667832167832168 0.36525069637883006 0.9996503496503496
0 0.9878133704735376 0.2013986013986014 0.9996518105849582 0.2013986013986014 0.9996518105849582 0.15664335664335666 0.9878133704735376 0.15664335664335666 0.9878133704735376 0.2013986013986014
0 0.00034818941504178273 0.9996503496503496 0.030988857938718663 0.9996503496503496 0.030988857938718663 0.9695804195804196 0.00034818941504178273 0.9695804195804196 0.00034818941504178273 0.9996503496503496
0 0.6995125348189415 0.4 0.7399025069637883 0.4 0.7399025069637883 0.3657342657342657 0.6995125348189415 0.3657342657342657 0.6995125348189415 0.4
0 0.7479108635097493 0.40944055944055946 0.7862116991643454 0.40944055944055946 0.7862116991643454 0.37447552447552446 0.7479108635097493 0.37447552447552446 0.7479108635097493 0.40944055944055946
0 0.00034818941504178273 0.4199300699300699 0.02402506963788301 0.4199300699300699 0.02402506963788301 0.37727272727272726 0.00034818941504178273 0.37727272727272726 0.00034818941504178273 0.4199300699300699