0 0.2979591836734694 0.11070261437908496 0.4051020408163265 0.11070261437908496 0.4051020408163265 0.03308823529411765 0.2979591836734694 0.03308823529411765 0.2979591836734694 0.11070261437908496
0 0.810204081632653 0.9187091503267973 0.9081632653061225 0.9187091503267973 0.9081632653061225 0.8312908496732027 0.810204081632653 0.8312908496732027 0.810204081632653 0.9187091503267973
0 0.14591836734693878 0.7916666666666666 0.2530612244897959 0.7916666666666666 0.2530612244897959 0.7099673202614379 0.14591836734693878 0.7099673202614379 0.14591836734693878 0.7916666666666666
0 0.5760204081632653 0.1111111111111111 0.6719387755102041 0.1111111111111111 0.6719387755102041 0.029411764705882353 0.5760204081632653 0.029411764705882353 0.5760204081632653 0.1111111111111111
0 0.610204081632653 0.803921568627451 0.7204081632653061 0.803921568627451 0.7204081632653061 0.7222222222222222 0.610204081632653 0.7222222222222222 0.610204081632653 0.803921568627451
0 0.6576530612244897 0.1597222222222222 0.7607142857142857 0.1597222222222222 0.7607142857142857 0.0886437908496732 0.6576530612244897 0.0886437908496732 0.6576530612244897 0.1597222222222222
0 0.7096938775510204 0.3958333333333333 0.8209183673469388 0.3958333333333333 0.8209183673469388 0.3174019607843137 0.7096938775510204 0.3174019607843137 0.7096938775510204 0.3958333333333333
0 0.7239795918367347 0.826797385620915 0.814795918367347 0.826797385620915 0.814795918367347 0.738562091503268 0.7239795918367347 0.738562091503268 0.7239795918367347 0.826797385620915
0 0.5862244897959183 0.43300653594771243 0.675 0.43300653594771243 0.675 0.3464052287581699 0.5862244897959183 0.3464052287581699 0.5862244897959183 0.43300653594771243
0 0.7030612244897959 0.31495098039215685 0.8122448979591836 0.31495098039215685 0.8122448979591836 0.23488562091503268 0.7030612244897959 0.23488562091503268 0.7030612244897959 0.31495098039215685
0 0.4933673469387755 0.5183823529411765 0.6045918367346939 0.5183823529411765 0.6045918367346939 0.4383169934640523 0.4933673469387755 0.4383169934640523 0.4933673469387755 0.5183823529411765
0 0.7336734693877551 0.5408496732026143 0.8306122448979592 0.5408496732026143 0.8306122448979592 0.4599673202614379 0.7336734693877551 0.4599673202614379 0.7336734693877551 0.5408496732026143
0 0.13826530612244897 0.09191176470588236 0.2576530612244898 0.09191176470588236 0.2576530612244898 0.024101307189542485 0.13826530612244897 0.024101307189542485 0.13826530612244897 0.09191176470588236
0 0.675 0.09191176470588236 0.7913265306122449 0.09191176470588236 0.7913265306122449 0.02165032679738562 0.675 0.02165032679738562 0.675 0.09191176470588236
0 0.6627551020408163 0.5968137254901961 0.7515306122448979 0.5968137254901961 0.7515306122448979 0.514297385620915 0.6627551020408163 0.514297385620915 0.6627551020408163 0.5968137254901961
0 0.8178571428571428 0.8321078431372549 0.9219387755102041 0.8321078431372549 0.9219387755102041 0.7536764705882353 0.8178571428571428 0.7536764705882353 0.8178571428571428 0.8321078431372549
0 0.814795918367347 0.3488562091503268 0.9076530612244897 0.3488562091503268 0.9076530612244897 0.2638888888888889 0.814795918367347 0.2638888888888889 0.814795918367347 0.3488562091503268
0 0.7403061224489796 0.630718954248366 0.8331632653061225 0.630718954248366 0.8331632653061225 0.5424836601307189 0.7403061224489796 0.5424836601307189 0.7403061224489796 0.630718954248366
0 0.7770408163265307 0.758578431372549 0.8821428571428571 0.758578431372549 0.8821428571428571 0.6842320261437909 0.7770408163265307 0.6842320261437909 0.7770408163265307 0.758578431372549
0 0.09438775510204081 0.4742647058823529 0.2229591836734694 0.4742647058823529 0.2229591836734694 0.3999183006535948 0.09438775510204081 0.3999183006535948 0.09438775510204081 0.4742647058823529
0 0.5979591836734693 0.6552287581699346 0.7071428571428572 0.6552287581699346 0.7071428571428572 0.5825163398692811 0.5979591836734693 0.5825163398692811 0.5979591836734693 0.6552287581699346
0 0.7882653061224489 0.6825980392156863 0.8964285714285715 0.6825980392156863 0.8964285714285715 0.6058006535947712 0.7882653061224489 0.6058006535947712 0.7882653061224489 0.6825980392156863
0 0.33214285714285713 0.798202614379085 0.43112244897959184 0.798202614379085 0.43112244897959184 0.7026143790849673 0.33214285714285713 0.7026143790849673 0.33214285714285713 0.798202614379085
0 0.5586734693877551 0.8962418300653595 0.6596938775510204 0.8962418300653595 0.6596938775510204 0.8080065359477124 0.5586734693877551 0.8080065359477124 0.5586734693877551 0.8962418300653595
0 0.2892857142857143 0.9105392156862745 0.3923469387755102 0.9105392156862745 0.3923469387755102 0.8296568627450981 0.2892857142857143 0.8296568627450981 0.2892857142857143 0.9105392156862745
0 0.6795918367346939 0.4660947712418301 0.7836734693877551 0.4660947712418301 0.7836734693877551 0.3852124183006536 0.6795918367346939 0.3852124183006536 0.6795918367346939 0.4660947712418301
0 0.3469387755102041 0.6825980392156863 0.44693877551020406 0.6825980392156863 0.44693877551020406 0.5902777777777778 0.3469387755102041 0.5902777777777778 0.3469387755102041 0.6825980392156863
0 0.6081632653061224 0.5224673202614379 0.7142857142857143 0.5224673202614379 0.7142857142857143 0.44730392156862747 0.6081632653061224 0.44730392156862747 0.6081632653061224 0.5224673202614379
0 0.2627551020408163 0.6115196078431373 0.3821428571428571 0.6115196078431373 0.3821428571428571 0.5339052287581699 0.2627551020408163 0.5339052287581699 0.2627551020408163 0.6115196078431373
0 0.5897959183673469 0.22263071895424835 0.7040816326530612 0.22263071895424835 0.7040816326530612 0.15400326797385622 0.5897959183673469 0.15400326797385622 0.5897959183673469 0.22263071895424835
0 0.5831632653061225 0.3459967320261438 0.6862244897959183 0.3459967320261438 0.6862244897959183 0.2667483660130719 0.5831632653061225 0.2667483660130719 0.5831632653061225 0.3459967320261438
0 0.11938775510204082 0.6384803921568627 0.22551020408163266 0.6384803921568627 0.22551020408163266 0.5625 0.11938775510204082 0.5625 0.11938775510204082 0.6384803921568627
0 0.701530612244898 0.7103758169934641 0.7903061224489796 0.7103758169934641 0.7903061224489796 0.6311274509803921 0.701530612244898 0.6311274509803921 0.701530612244898 0.7103758169934641
0 0.2280612244897959 0.9718137254901961 0.3352040816326531 0.9718137254901961 0.3352040816326531 0.8991013071895425 0.2280612244897959 0.8991013071895425 0.2280612244897959 0.9718137254901961
0 0.22551020408163266 0.676062091503268 0.3357142857142857 0.676062091503268 0.3357142857142857 0.6074346405228758 0.22551020408163266 0.6074346405228758 0.22551020408163266 0.676062091503268
0 0.6387755102040816 0.9689542483660131 0.7244897959183674 0.9689542483660131 0.7244897959183674 0.8856209150326797 0.6387755102040816 0.8856209150326797 0.6387755102040816 0.9689542483660131
0 0.8811224489795918 0.7320261437908496 0.9801020408163266 0.7320261437908496 0.9801020408163266 0.6413398692810458 0.8811224489795918 0.6413398692810458 0.8811224489795918 0.7320261437908496
0 0.22704081632653061 0.8386437908496732 0.3596938775510204 0.8386437908496732 0.3596938775510204 0.7659313725490197 0.22704081632653061 0.7659313725490197 0.22704081632653061 0.8386437908496732
0 0.1719387755102041 0.9044117647058824 0.2811224489795918 0.9044117647058824 0.2811224489795918 0.826797385620915 0.1719387755102041 0.826797385620915 0.1719387755102041 0.9044117647058824
0 0.6596938775510204 0.8831699346405228 0.7494897959183674 0.8831699346405228 0.7494897959183674 0.798202614379085 0.6596938775510204 0.798202614379085 0.6596938775510204 0.8831699346405228
0 0.9214285714285714 0.9044117647058824 0.9989795918367347 0.9044117647058824 0.9989795918367347 0.8194444444444444 0.9214285714285714 0.8194444444444444 0.9214285714285714 0.9044117647058824
0 0.8704081632653061 1 0.8704081632653061 0.9256535947712419 0.7806122448979592 0.9256535947712419 0.7806122448979592 1 0.8704081632653061 1
0 0.7244897959183674 0.9530228758169934 0.8163265306122449 0.9530228758169934 0.8163265306122449 0.8566176470588235 0.7244897959183674 0.8566176470588235 0.7244897959183674 0.9530228758169934
0 0.2556122448979592 1 0.2556122448979592 0.923202614379085 0.1556122448979592 0.923202614379085 0.1556122448979592 1 0.2556122448979592 1
0 0.44693877551020406 0.985702614379085 0.5316326530612245 0.985702614379085 0.5316326530612245 0.8852124183006536 0.44693877551020406 0.8852124183006536 0.44693877551020406 0.985702614379085
0 0.5938775510204082 0.7250816993464052 0.7 0.7250816993464052 0.7 0.6564542483660131 0.5938775510204082 0.6564542483660131 0.5938775510204082 0.7250816993464052
0 0.34183673469387754 0.9865196078431373 0.43673469387755104 0.9865196078431373 0.43673469387755104 0.8941993464052288 0.34183673469387754 0.8941993464052288 0.34183673469387754 0.9865196078431373
0 0.7770408163265307 1 0.7770408163265307 0.9509803921568627 0.6862244897959183 0.9509803921568627 0.6862244897959183 1 0.7770408163265307 1
0 0.5408163265306123 0.9795751633986928 0.6326530612244898 0.9795751633986928 0.6326530612244898 0.8946078431372549 0.5408163265306123 0.8946078431372549 0.5408163265306123 0.9795751633986928
0 0.15306122448979592 1 0.15306122448979592 0.9444444444444444 0.06836734693877551 0.9444444444444444 0.06836734693877551 1 0.15306122448979592 1
0 0 0.928921568627451 0.1 0.928921568627451 0.1 0.8521241830065359 0 0.8521241830065359 0 0.928921568627451
0 0.9658163265306122 1 0.9658163265306122 0.9656862745098039 0.8688775510204082 0.9656862745098039 0.8688775510204082 1 0.9658163265306122 1
0 0.6801020408163265 1 0.6801020408163265 0.9656862745098039 0.588265306122449 0.9656862745098039 0.588265306122449 1 0.6801020408163265 1
0 0 0.6638071895424836 0.027551020408163266 0.6638071895424836 0.027551020408163266 0.5812908496732027 0 0.5812908496732027 0 0.6638071895424836
0 0 0.5723039215686274 0.06326530612244897 0.5723039215686274 0.06326530612244897 0.5044934640522876 0 0.5044934640522876 0 0.5723039215686274
0 0.9760204081632653 0.8406862745098039 0.9994897959183674 0.8406862745098039 0.9994897959183674 0.7736928104575164 0.9760204081632653 0.7736928104575164 0.9760204081632653 0.8406862745098039
0 0.060714285714285714 1 0.060714285714285714 0.9656862745098039 0.0005102040816326531 0.9656862745098039 0.0005102040816326531 1 0.060714285714285714 1
0 0.9811224489795919 0.7577614379084967 0.9994897959183674 0.7577614379084967 0.9994897959183674 0.6801470588235294 0.9811224489795919 0.6801470588235294 0.9811224489795919 0.7577614379084967