0 0.19591836734693877 0.9174836601307189 0.2816326530612245 0.9174836601307189 0.2816326530612245 0.8333333333333334 0.19591836734693877 0.8333333333333334 0.19591836734693877 0.9174836601307189
0 0.36275510204081635 0.9428104575163399 0.47806122448979593 0.9428104575163399 0.47806122448979593 0.8439542483660131 0.36275510204081635 0.8439542483660131 0.36275510204081635 0.9428104575163399
0 0.3637755102040816 0.7124183006535948 0.48214285714285715 0.7124183006535948 0.48214285714285715 0.5890522875816994 0.3637755102040816 0.5890522875816994 0.3637755102040816 0.7124183006535948
0 0.3127551020408163 0.7401960784313726 0.3974489795918367 0.7401960784313726 0.3974489795918367 0.6462418300653595 0.3127551020408163 0.6462418300653595 0.3127551020408163 0.7401960784313726
0 0.34285714285714286 0.5347222222222222 0.4479591836734694 0.5347222222222222 0.4479591836734694 0.4170751633986928 0.34285714285714286 0.4170751633986928 0.34285714285714286 0.5347222222222222
0 0 0.5694444444444444 0.07244897959183673 0.5694444444444444 0.07244897959183673 0.45669934640522875 0 0.45669934640522875 0 0.5694444444444444
0 0.5709183673469388 1 0.5709183673469388 0.9125816993464052 0.4719387755102041 0.9125816993464052 0.4719387755102041 1 0.5709183673469388 1
0 0.0005102040816326531 0 0.0005102040816326531 0.08251633986928104 0.08928571428571429 0.08251633986928104 0.08928571428571429 0 0.0005102040816326531 0
0 0.3 0.6294934640522876 0.3795918367346939 0.6294934640522876 0.3795918367346939 0.5273692810457516 0.3 0.5273692810457516 0.3 0.6294934640522876
0 0.3112244897959184 0.8251633986928104 0.41836734693877553 0.8251633986928104 0.41836734693877553 0.7393790849673203 0.3112244897959184 0.7393790849673203 0.3112244897959184 0.8251633986928104
0 0.2642857142857143 0.5179738562091504 0.35408163265306125 0.5179738562091504 0.35408163265306125 0.397875816993464 0.2642857142857143 0.397875816993464 0.2642857142857143 0.5179738562091504
0 0.2163265306122449 0.5829248366013072 0.3051020408163265 0.5829248366013072 0.3051020408163265 0.48733660130718953 0.2163265306122449 0.48733660130718953 0.2163265306122449 0.5829248366013072
0 0.05204081632653061 0.34395424836601307 0.15816326530612246 0.34395424836601307 0.15816326530612246 0.2565359477124183 0.05204081632653061 0.2565359477124183 0.05204081632653061 0.34395424836601307
0 0.39387755102040817 0.8108660130718954 0.47551020408163264 0.8108660130718954 0.47551020408163264 0.7258986928104575 0.39387755102040817 0.7258986928104575 0.39387755102040817 0.8108660130718954
0 0.27193877551020407 0.36764705882352944 0.40255102040816326 0.36764705882352944 0.40255102040816326 0.25735294117647056 0.27193877551020407 0.25735294117647056 0.27193877551020407 0.36764705882352944
0 0.2892857142857143 0.8848039215686274 0.36683673469387756 0.8848039215686274 0.36683673469387756 0.8129084967320261 0.2892857142857143 0.8129084967320261 0.2892857142857143 0.8848039215686274
0 0.4545918367346939 0.8991013071895425 0.5382653061224489 0.8991013071895425 0.5382653061224489 0.7896241830065359 0.4545918367346939 0.7896241830065359 0.4545918367346939 0.8991013071895425
0 0.24846938775510205 0.761437908496732 0.3198979591836735 0.761437908496732 0.3198979591836735 0.6576797385620915 0.24846938775510205 0.6576797385620915 0.24846938775510205 0.761437908496732
0 0.11581632653061225 0.7103758169934641 0.2076530612244898 0.7103758169934641 0.2076530612244898 0.6205065359477124 0.11581632653061225 0.6205065359477124 0.11581632653061225 0.7103758169934641
0 0.14642857142857144 0.8088235294117647 0.24336734693877551 0.8088235294117647 0.24336734693877551 0.7263071895424836 0.14642857142857144 0.7263071895424836 0.14642857142857144 0.8088235294117647
0 0.21479591836734693 0.8333333333333334 0.30153061224489797 0.8333333333333334 0.30153061224489797 0.7606209150326797 0.21479591836734693 0.7606209150326797 0.21479591836734693 0.8333333333333334
0 0.1704081632653061 0.7459150326797386 0.2653061224489796 0.7459150326797386 0.2653061224489796 0.6388888888888888 0.1704081632653061 0.6388888888888888 0.1704081632653061 0.7459150326797386
0 0.539795918367347 0.9513888888888888 0.5979591836734693 0.9513888888888888 0.5979591836734693 0.8631535947712419 0.539795918367347 0.8631535947712419 0.539795918367347 0.9513888888888888
0 0.2571428571428571 0.991421568627451 0.3438775510204082 0.991421568627451 0.3438775510204082 0.9040032679738562 0.2571428571428571 0.9040032679738562 0.2571428571428571 0.991421568627451
0 0.32142857142857145 0.9820261437908496 0.4346938775510204 0.9820261437908496 0.4346938775510204 0.8962418300653595 0.32142857142857145 0.8962418300653595 0.32142857142857145 0.9820261437908496
0 0 0.7156862745098039 0.05408163265306123 0.7156862745098039 0.05408163265306123 0.6315359477124183 0 0.6315359477124183 0 0.7156862745098039
0 0.49948979591836734 0.8451797385620915 0.5719387755102041 0.8451797385620915 0.5719387755102041 0.7577614379084967 0.49948979591836734 0.7577614379084967 0.49948979591836734 0.8451797385620915
0 0.4770408163265306 0.7630718954248366 0.5545918367346939 0.7630718954248366 0.5545918367346939 0.6388888888888888 0.4770408163265306 0.6388888888888888 0.4770408163265306 0.7630718954248366
0 0.06989795918367347 0.24632352941176472 0.18928571428571428 0.24632352941176472 0.18928571428571428 0.12540849673202614 0.06989795918367347 0.12540849673202614 0.06989795918367347 0.24632352941176472
0 0.09081632653061225 0.7790032679738562 0.1489795918367347 0.7790032679738562 0.1489795918367347 0.7062908496732027 0.09081632653061225 0.7062908496732027 0.09081632653061225 0.7790032679738562
0 0.610204081632653 1 0.610204081632653 0.9689542483660131 0.5653061224489796 0.9689542483660131 0.5653061224489796 1 0.610204081632653 1
0 0.04285714285714286 0.7091503267973857 0.11836734693877551 0.7091503267973857 0.11836734693877551 0.6339869281045751 0.04285714285714286 0.6339869281045751 0.04285714285714286 0.7091503267973857
0 0.01683673469387755 0.9808006535947712 0.1096938775510204 0.9808006535947712 0.1096938775510204 0.9080882352941176 0.01683673469387755 0.9080882352941176 0.01683673469387755 0.9808006535947712
0 0.3040816326530612 1 0.3040816326530612 0.9795751633986928 0.22448979591836735 0.9795751633986928 0.22448979591836735 1 0.3040816326530612 1
0 0.4301020408163265 0.516748366013072 0.4923469387755102 0.516748366013072 0.4923469387755102 0.40155228758169936 0.4301020408163265 0.40155228758169936 0.4301020408163265 0.516748366013072
0 0 0.9669117647058824 0.0163265306122449 0.9669117647058824 0.0163265306122449 0.9219771241830066 0 0.9219771241830066 0 0.9669117647058824
0 0.027551020408163266 0.8080065359477124 0.14387755102040817 0.8080065359477124 0.14387755102040817 0.7328431372549019 0.027551020408163266 0.7328431372549019 0.027551020408163266 0.8080065359477124
0 0.0005102040816326531 0.8386437908496732 0.017857142857142856 0.8386437908496732 0.017857142857142856 0.8043300653594772 0.0005102040816326531 0.8043300653594772 0.0005102040816326531 0.8386437908496732
0 0.0005102040816326531 0.7871732026143791 0.05153061224489796 0.7871732026143791 0.05153061224489796 0.7185457516339869 0.0005102040816326531 0.7185457516339869 0.0005102040816326531 0.7871732026143791
0 0 0.7859477124183006 0.03877551020408163 0.7859477124183006 0.03877551020408163 0.7230392156862745 0 0.7230392156862745 0 0.7859477124183006
0 0.0020408163265306124 0.8084150326797386 0.14489795918367346 0.8084150326797386 0.14489795918367346 0.7201797385620915 0.0020408163265306124 0.7201797385620915 0.0020408163265306124 0.8084150326797386