0 0.8037466547725245 0.20189144736842105 0.8809099018733274 0.20189144736842105 0.8809099018733274 0.02261513157894737 0.8037466547725245 0.02261513157894737 0.8037466547725245 0.20189144736842105
0 0.7972792149866191 0.34457236842105265 0.8949598572702944 0.34457236842105265 0.8949598572702944 0.19901315789473684 0.7972792149866191 0.19901315789473684 0.7972792149866191 0.34457236842105265
0 0.3416592328278323 0.6842105263157895 0.4295272078501338 0.6842105263157895 0.4295272078501338 0.5550986842105263 0.3416592328278323 0.5550986842105263 0.3416592328278323 0.6842105263157895
0 0.08898305084745763 0.25493421052631576 0.18175735950044603 0.25493421052631576 0.18175735950044603 0.12582236842105263 0.08898305084745763 0.12582236842105263 0.08898305084745763 0.25493421052631576
0 0.48639607493309545 0.8129111842105263 0.5550847457627118 0.8129111842105263 0.5550847457627118 0.6624177631578947 0.48639607493309545 0.6624177631578947 0.48639607493309545 0.8129111842105263
0 0.09723461195361284 0.4753289473684211 0.18287243532560213 0.4753289473684211 0.18287243532560213 0.3379934210526316 0.09723461195361284 0.3379934210526316 0.09723461195361284 0.4753289473684211
0 0.8086529884032114 0.639391447368421 0.8978590544157002 0.639391447368421 0.8978590544157002 0.48807565789473684 0.8086529884032114 0.48807565789473684 0.8086529884032114 0.639391447368421
0 0.42305976806422835 0.9313322368421053 0.5069134701159679 0.9313322368421053 0.5069134701159679 0.8071546052631579 0.42305976806422835 0.8071546052631579 0.42305976806422835 0.9313322368421053
0 0.8249330954504906 0.4810855263157895 0.9074487065120428 0.4810855263157895 0.9074487065120428 0.3495065789473684 0.8249330954504906 0.3495065789473684 0.8249330954504906 0.4810855263157895
0 0.1008028545941124 0.9226973684210527 0.1864406779661017 0.9226973684210527 0.1864406779661017 0.7771381578947368 0.1008028545941124 0.7771381578947368 0.1008028545941124 0.9226973684210527
0 0.5191793041926851 0.4769736842105263 0.6088314005352364 0.4769736842105263 0.6088314005352364 0.32401315789473684 0.5191793041926851 0.32401315789473684 0.5191793041926851 0.4769736842105263
0 0 0.6064967105263158 0.07091882247992863 0.6064967105263158 0.07091882247992863 0.4839638157894737 0 0.4839638157894737 0 0.6064967105263158
0 0.7544603033006244 0.7430098684210527 0.8409901873327387 0.7430098684210527 0.8409901873327387 0.5900493421052632 0.7544603033006244 0.5900493421052632 0.7544603033006244 0.7430098684210527
0 0.6853256021409456 0.5912828947368421 0.7633809099018734 0.5912828947368421 0.7633809099018734 0.43256578947368424 0.6853256021409456 0.43256578947368424 0.6853256021409456 0.5912828947368421
0 0.8699821587867975 0.9420230263157895 0.9591882247992863 0.9420230263157895 0.9591882247992863 0.7882401315789473 0.8699821587867975 0.7882401315789473 0.8699821587867975 0.9420230263157895
0 0.3365298840321142 0 0.3365298840321142 0.12171052631578948 0.4150312221231044 0.12171052631578948 0.4150312221231044 0 0.3365298840321142 0
0 0.13693131132917039 0.3503289473684211 0.2207850133809099 0.3503289473684211 0.2207850133809099 0.22615131578947367 0.13693131132917039 0.22615131578947367 0.13693131132917039 0.3503289473684211
0 0.2528991971454059 0.7393092105263158 0.3278322925958965 0.7393092105263158 0.3278322925958965 0.5921052631578947 0.2528991971454059 0.5921052631578947 0.2528991971454059 0.7393092105263158
0 0.5144959857270295 0.610608552631579 0.5987957181088314 0.610608552631579 0.5987957181088314 0.47574013157894735 0.5144959857270295 0.47574013157894735 0.5144959857270295 0.610608552631579
0 0.6420606601248885 0.24588815789473684 0.72992863514719 0.24588815789473684 0.72992863514719 0.08717105263157894 0.6420606601248885 0.08717105263157894 0.6420606601248885 0.24588815789473684
0 0.40075825156110617 0.8050986842105263 0.4837198929527208 0.8050986842105263 0.4837198929527208 0.6677631578947368 0.40075825156110617 0.6677631578947368 0.40075825156110617 0.8050986842105263
0 0.5544157002676182 0.3458059210526316 0.6373773416592329 0.3458059210526316 0.6373773416592329 0.20682565789473684 0.5544157002676182 0.20682565789473684 0.5544157002676182 0.3458059210526316
0 0.7091882247992863 0.9395559210526315 0.7943800178412131 0.9395559210526315 0.7943800178412131 0.7734375 0.7091882247992863 0.7734375 0.7091882247992863 0.9395559210526315
0 0.7446476360392507 0.47491776315789475 0.8209188224799286 0.47491776315789475 0.8209188224799286 0.3178453947368421 0.7446476360392507 0.3178453947368421 0.7446476360392507 0.47491776315789475
0 0.8655218554861731 0.7874177631578947 0.9453612845673506 0.7874177631578947 0.9453612845673506 0.6377467105263158 0.8655218554861731 0.6377467105263158 0.8655218554861731 0.7874177631578947
0 0.3356378233719893 0.8811677631578947 0.40967885816235505 0.8811677631578947 0.40967885816235505 0.7298519736842105 0.3356378233719893 0.7298519736842105 0.3356378233719893 0.8811677631578947
0 0.16614629794826047 0.7705592105263158 0.245985727029438 0.7705592105263158 0.245985727029438 0.618421052631579 0.16614629794826047 0.618421052631579 0.16614629794826047 0.7705592105263158
0 0.8135593220338984 0.998766447368421 0.8965209634255129 0.998766447368421 0.8965209634255129 0.8556743421052632 0.8135593220338984 0.8556743421052632 0.8135593220338984 0.998766447368421
0 0.026092774308652988 0.48355263157894735 0.09968777876895629 0.48355263157894735 0.09968777876895629 0.3379934210526316 0.026092774308652988 0.3379934210526316 0.026092774308652988 0.48355263157894735
0 0.08987511150758251 0 0.08987511150758251 0.12828947368421054 0.17194469223907224 0.12828947368421054 0.17194469223907224 0 0.08987511150758251 0
0 0.72992863514719 0.22245065789473684 0.8004014272970562 0.22245065789473684 0.8004014272970562 0.05139802631578947 0.72992863514719 0.05139802631578947 0.72992863514719 0.22245065789473684
0 0.27363960749330957 0.9329769736842105 0.3476806422836753 0.9329769736842105 0.3476806422836753 0.7775493421052632 0.27363960749330957 0.7775493421052632 0.27363960749330957 0.9329769736842105
0 0.22056199821587869 0.998766447368421 0.2986173059768064 0.998766447368421 0.2986173059768064 0.891858552631579 0.22056199821587869 0.891858552631579 0.22056199821587869 0.998766447368421
0 0.00044603033006244426 0.42269736842105265 0.04594112399643176 0.42269736842105265 0.04594112399643176 0.29194078947368424 0.00044603033006244426 0.29194078947368424 0.00044603033006244426 0.42269736842105265
0 0 0.29070723684210525 0.03746654772524532 0.29070723684210525 0.03746654772524532 0.16159539473684212 0 0.16159539473684212 0 0.29070723684210525
0 0.6966993755575379 1 0.6966993755575379 0.9391447368421053 0.6066012488849242 0.9391447368421053 0.6066012488849242 1 0.6966993755575379 1
0 0.5133809099018734 1 0.5133809099018734 0.9325657894736842 0.4295272078501338 0.9325657894736842 0.4295272078501338 1 0.5133809099018734 1
0 0.29794826048171275 0.9995888157894737 0.37555753791257807 0.9995888157894737 0.37555753791257807 0.9329769736842105 0.29794826048171275 0.9329769736842105 0.29794826048171275 0.9995888157894737
0 0.7074041034790366 0 0.7074041034790366 0.0649671052631579 0.780107047279215 0.0649671052631579 0.780107047279215 0 0.7074041034790366 0
0 0.9099018733273863 0.998766447368421 0.9687778768956289 0.998766447368421 0.9687778768956289 0.9502467105263158 0.9099018733273863 0.9502467105263158 0.9099018733273863 0.998766447368421
0 0.00022301516503122213 0.998766447368421 0.042595896520963426 0.998766447368421 0.042595896520963426 0.9486019736842105 0.00022301516503122213 0.9486019736842105 0.00022301516503122213 0.998766447368421