0 0.5520637898686679 0.9989939637826962 0.6608818011257036 0.9989939637826962 0.6608818011257036 0.8792756539235412 0.5520637898686679 0.8792756539235412 0.5520637898686679 0.9989939637826962
0 0.9043151969981238 0.505533199195171 0.99812382739212 0.505533199195171 0.99812382739212 0.3948692152917505 0.9043151969981238 0.3948692152917505 0.9043151969981238 0.505533199195171
0 0.8681988742964353 0.9984909456740443 0.976078799249531 0.9984909456740443 0.976078799249531 0.8767605633802817 0.8681988742964353 0.8767605633802817 0.8681988742964353 0.9984909456740443
0 0.7378048780487805 0.7620724346076458 0.8391181988742964 0.7620724346076458 0.8391181988742964 0.6272635814889336 0.7378048780487805 0.6272635814889336 0.7378048780487805 0.7620724346076458
0 0.06848030018761726 0.5165995975855131 0.1772983114446529 0.5165995975855131 0.1772983114446529 0.39688128772635817 0.06848030018761726 0.39688128772635817 0.06848030018761726 0.5165995975855131
0 0 0.34456740442655936 0.09287054409005628 0.34456740442655936 0.09287054409005628 0.22082494969818914 0 0.22082494969818914 0 0.34456740442655936
0 0.6153846153846154 0.56841046277666 0.7138836772983115 0.56841046277666 0.7138836772983115 0.44064386317907445 0.6153846153846154 0.44064386317907445 0.6153846153846154 0.56841046277666
0 0.9113508442776735 0.2716297786720322 0.9995309568480301 0.2716297786720322 0.9995309568480301 0.15191146881287726 0.9113508442776735 0.15191146881287726 0.9113508442776735 0.2716297786720322
0 0.8184803001876173 0.6871227364185111 0.9169793621013134 0.6871227364185111 0.9169793621013134 0.5593561368209256 0.8184803001876173 0.5593561368209256 0.8184803001876173 0.6871227364185111
0 0.8339587242026266 0.4341046277665996 0.9305816135084428 0.4341046277665996 0.9305816135084428 0.3153923541247485 0.8339587242026266 0.3153923541247485 0.8339587242026266 0.4341046277665996
0 0.1149155722326454 0.6277665995975855 0.22091932457786118 0.6277665995975855 0.22091932457786118 0.5010060362173038 0.1149155722326454 0.5010060362173038 0.1149155722326454 0.6277665995975855
0 0.6486866791744841 0.8797786720321932 0.7565666041275797 0.8797786720321932 0.7565666041275797 0.7369215291750503 0.6486866791744841 0.7369215291750503 0.6486866791744841 0.8797786720321932
0 0.8076923076923077 0.2852112676056338 0.900562851782364 0.2852112676056338 0.900562851782364 0.16448692152917505 0.8076923076923077 0.16448692152917505 0.8076923076923077 0.2852112676056338
0 0.19793621013133209 0.36519114688128773 0.2964352720450281 0.36519114688128773 0.2964352720450281 0.24446680080482897 0.19793621013133209 0.24446680080482897 0.19793621013133209 0.36519114688128773
0 0.058161350844277676 0.7932595573440644 0.18105065666041276 0.7932595573440644 0.18105065666041276 0.6624748490945674 0.058161350844277676 0.6624748490945674 0.058161350844277676 0.7932595573440644
0 0.33630393996247654 0.9139839034205232 0.4554409005628518 0.9139839034205232 0.4554409005628518 0.7731388329979879 0.33630393996247654 0.7731388329979879 0.33630393996247654 0.9139839034205232
0 0.5318949343339587 0.6468812877263581 0.6388367729831145 0.6468812877263581 0.6388367729831145 0.5301810865191147 0.5318949343339587 0.5301810865191147 0.5318949343339587 0.6468812877263581
0 0.48827392120075047 0.4844064386317907 0.5877110694183865 0.4844064386317907 0.5877110694183865 0.35865191146881287 0.48827392120075047 0.35865191146881287 0.48827392120075047 0.4844064386317907
0 0.35553470919324576 0.27816901408450706 0.44934333958724204 0.27816901408450706 0.44934333958724204 0.170523138832998 0.35553470919324576 0.170523138832998 0.35553470919324576 0.27816901408450706
0 0.7176360225140713 0.3933601609657948 0.8114446529080676 0.3933601609657948 0.8114446529080676 0.28269617706237427 0.7176360225140713 0.28269617706237427 0.7176360225140713 0.3933601609657948
0 0.2621951219512195 0.28420523138833 0.3597560975609756 0.28420523138833 0.3597560975609756 0.16549295774647887 0.2621951219512195 0.16549295774647887 0.2621951219512195 0.28420523138833
0 0.00046904315196998124 0.8983903420523138 0.08020637898686679 0.8983903420523138 0.08020637898686679 0.7595573440643864 0.00046904315196998124 0.7595573440643864 0.00046904315196998124 0.8983903420523138
0 0.9113508442776735 0.3853118712273642 0.9995309568480301 0.3853118712273642 0.9995309568480301 0.27364185110663986 0.9113508442776735 0.27364185110663986 0.9113508442776735 0.3853118712273642
0 0.5164165103189493 0.7831991951710262 0.6196060037523452 0.7831991951710262 0.6196060037523452 0.6413480885311871 0.5164165103189493 0.6413480885311871 0.5164165103189493 0.7831991951710262
0 0.4090056285178236 0.5482897384305835 0.5121951219512195 0.5482897384305835 0.5121951219512195 0.42655935613682094 0.4090056285178236 0.42655935613682094 0.4090056285178236 0.5482897384305835
0 0.5970919324577861 0.2665995975855131 0.6824577861163227 0.2665995975855131 0.6824577861163227 0.15090543259557343 0.5970919324577861 0.15090543259557343 0.5970919324577861 0.2665995975855131
0 0.8297373358348968 0.5658953722334004 0.9235459662288931 0.5658953722334004 0.9235459662288931 0.4582494969818913 0.8297373358348968 0.4582494969818913 0.8297373358348968 0.5658953722334004
0 0.4849906191369606 0.2193158953722334 0.5787992495309568 0.2193158953722334 0.5787992495309568 0.10462776659959759 0.4849906191369606 0.10462776659959759 0.4849906191369606 0.2193158953722334
0 0.3878986866791745 0.38983903420523136 0.4901500938086304 0.38983903420523136 0.4901500938086304 0.2681086519114688 0.3878986866791745 0.2681086519114688 0.3878986866791745 0.38983903420523136
0 0.017823639774859287 0.6981891348088531 0.1294559099437148 0.6981891348088531 0.1294559099437148 0.5674044265593562 0.017823639774859287 0.5674044265593562 0.017823639774859287 0.6981891348088531
0 0.5103189493433395 0.3762575452716298 0.6069418386491557 0.3762575452716298 0.6069418386491557 0.2605633802816901 0.5103189493433395 0.2605633802816901 0.5103189493433395 0.3762575452716298
0 0.7687617260787992 0.18762575452716299 0.8578799249530957 0.18762575452716299 0.8578799249530957 0.07494969818913481 0.7687617260787992 0.07494969818913481 0.7687617260787992 0.18762575452716299
0 0.6636960600375235 0.20422535211267606 0.7584427767354597 0.20422535211267606 0.7584427767354597 0.08551307847082495 0.6636960600375235 0.08551307847082495 0.6636960600375235 0.20422535211267606
0 0.10365853658536585 0.38329979879275655 0.2077861163227017 0.38329979879275655 0.2077861163227017 0.2575452716297787 0.10365853658536585 0.2575452716297787 0.10365853658536585 0.38329979879275655
0 0.6308630393996247 0.4461770623742455 0.7265478424015009 0.4461770623742455 0.7265478424015009 0.3335010060362173 0.6308630393996247 0.3335010060362173 0.6308630393996247 0.4461770623742455
0 0.06941838649155722 0.27716297786720323 0.15853658536585366 0.27716297786720323 0.15853658536585366 0.16046277665995975 0.06941838649155722 0.16046277665995975 0.06941838649155722 0.27716297786720323
0 0.6468105065666041 0.3345070422535211 0.7406191369606003 0.3345070422535211 0.7406191369606003 0.22585513078470826 0.6468105065666041 0.22585513078470826 0.6468105065666041 0.3345070422535211
0 0.7204502814258912 0.2796780684104628 0.8086303939962477 0.2796780684104628 0.8086303939962477 0.1659959758551308 0.7204502814258912 0.1659959758551308 0.7204502814258912 0.2796780684104628
0 0.15103189493433397 0.2746478873239437 0.25422138836772984 0.2746478873239437 0.25422138836772984 0.16498993963782696 0.15103189493433397 0.16498993963782696 0.15103189493433397 0.2746478873239437
0 0.4906191369606004 0.9305835010060363 0.6013133208255159 0.9305835010060363 0.6013133208255159 0.7967806841046278 0.4906191369606004 0.7967806841046278 0.4906191369606004 0.9305835010060363
0 0.3076923076923077 0.18259557344064387 0.4080675422138837 0.18259557344064387 0.4080675422138837 0.05985915492957746 0.3076923076923077 0.05985915492957746 0.3076923076923077 0.18259557344064387
0 0 0.22686116700201206 0.05347091932457786 0.22686116700201206 0.05347091932457786 0.13329979879275655 0 0.13329979879275655 0 0.22686116700201206
0 0.11022514071294559 0.17857142857142858 0.21341463414634146 0.17857142857142858 0.21341463414634146 0.07193158953722334 0.11022514071294559 0.07193158953722334 0.11022514071294559 0.17857142857142858
0 0.8611632270168855 0.1981891348088531 0.9427767354596623 0.1981891348088531 0.9427767354596623 0.08953722334004025 0.8611632270168855 0.08953722334004025 0.8611632270168855 0.1981891348088531
0 1 0.7977867203219315 0.949343339587242 0.7977867203219315 0.949343339587242 0.9285714285714286 1 0.9285714285714286 1 0.7977867203219315
0 0 0.5005030181086519 0.051594746716697934 0.5005030181086519 0.051594746716697934 0.36670020120724345 0 0.36670020120724345 0 0.5005030181086519
0 0.22138836772983114 0.1851106639839034 0.31050656660412757 0.1851106639839034 0.31050656660412757 0.07746478873239436 0.22138836772983114 0.07746478873239436 0.22138836772983114 0.1851106639839034
0 0.4169793621013133 0.17253521126760563 0.5051594746716698 0.17253521126760563 0.5051594746716698 0.07394366197183098 0.4169793621013133 0.07394366197183098 0.4169793621013133 0.17253521126760563
0 0.9573170731707317 0.7967806841046278 0.9995309568480301 0.7967806841046278 0.9995309568480301 0.6901408450704225 0.9573170731707317 0.6901408450704225 0.9573170731707317 0.7967806841046278
0 0.03189493433395872 0.18661971830985916 0.11350844277673545 0.18661971830985916 0.11350844277673545 0.08501006036217304 0.03189493433395872 0.08501006036217304 0.03189493433395872 0.18661971830985916
0 0.4521575984990619 0.31237424547283704 0.5487804878048781 0.31237424547283704 0.5487804878048781 0.1936619718309859 0.4521575984990619 0.1936619718309859 0.4521575984990619 0.31237424547283704
0 0.9666979362101313 0.6514084507042254 0.9995309568480301 0.6514084507042254 0.9995309568480301 0.5367203219315896 0.9666979362101313 0.5367203219315896 0.9666979362101313 0.6514084507042254
0 0.31097560975609756 0.38028169014084506 0.39446529080675424 0.38028169014084506 0.39446529080675424 0.2686116700201207 0.31097560975609756 0.2686116700201207 0.31097560975609756 0.38028169014084506
0 0 0.13229376257545272 0.025328330206378986 0.13229376257545272 0.025328330206378986 0.05885311871227364 0 0.05885311871227364 0 0.13229376257545272
0 0.9826454033771107 0.17152917505030182 0.9995309568480301 0.17152917505030182 0.9995309568480301 0.09708249496981891 0.9826454033771107 0.09708249496981891 0.9826454033771107 0.17152917505030182
0 0.9817073170731707 0.30633802816901406 0.9995309568480301 0.30633802816901406 0.9995309568480301 0.22082494969818914 0.9817073170731707 0.22082494969818914 0.9817073170731707 0.30633802816901406
0 0.9873358348968105 0.44567404426559354 0.9995309568480301 0.44567404426559354 0.9995309568480301 0.3631790744466801 0.9873358348968105 0.3631790744466801 0.9873358348968105 0.44567404426559354
0 0.9676360225140713 0.9979879275653923 0.9995309568480301 0.9979879275653923 0.9995309568480301 0.9627766599597586 0.9676360225140713 0.9627766599597586 0.9676360225140713 0.9979879275653923