0 0.5562851782363978 0.7575452716297787 0.6604127579737336 0.7575452716297787 0.6604127579737336 0.6217303822937625 0.5562851782363978 0.6217303822937625 0.5562851782363978 0.7575452716297787
0 0.875703564727955 0.43712273641851107 0.9685741088180112 0.43712273641851107 0.9685741088180112 0.31841046277665996 0.875703564727955 0.31841046277665996 0.875703564727955 0.43712273641851107
0 0.10037523452157598 0.2811871227364185 0.20168855534709193 0.2811871227364185 0.20168855534709193 0.16247484909456741 0.10037523452157598 0.16247484909456741 0.10037523452157598 0.2811871227364185
0 0.823170731707317 0.32645875251509054 0.9113508442776735 0.32645875251509054 0.9113508442776735 0.20774647887323944 0.823170731707317 0.20774647887323944 0.823170731707317 0.32645875251509054
0 0.03470919324577861 0.3611670020120724 0.14071294559099437 0.3611670020120724 0.14071294559099437 0.24245472837022133 0.03470919324577861 0.24245472837022133 0.03470919324577861 0.3611670020120724
0 0.6397748592870544 0.6825955734406438 0.7392120075046904 0.6825955734406438 0.7392120075046904 0.5558350100603622 0.6397748592870544 0.5558350100603622 0.6397748592870544 0.6825955734406438
0 0.35881801125703566 0.9984909456740443 0.47607879924953095 0.9984909456740443 0.47607879924953095 0.8737424547283702 0.35881801125703566 0.8737424547283702 0.35881801125703566 0.9984909456740443
0 0.6763602251407129 0.9984909456740443 0.7823639774859287 0.9984909456740443 0.7823639774859287 0.8717303822937625 0.6763602251407129 0.8717303822937625 0.6763602251407129 0.9984909456740443
0 0.2396810506566604 0.5442655935613682 0.3428705440900563 0.5442655935613682 0.3428705440900563 0.4245472837022133 0.2396810506566604 0.4245472837022133 0.2396810506566604 0.5442655935613682
0 0.4634146341463415 0.8737424547283702 0.575046904315197 0.8737424547283702 0.575046904315197 0.7308853118712274 0.4634146341463415 0.7308853118712274 0.4634146341463415 0.8737424547283702
0 0.7903377110694184 0.6488933601609658 0.8888367729831145 0.6488933601609658 0.8888367729831145 0.5251509054325956 0.7903377110694184 0.5251509054325956 0.7903377110694184 0.6488933601609658
0 0.15431519699812382 0.9069416498993964 0.2706378986866792 0.9069416498993964 0.2706378986866792 0.7681086519114688 0.15431519699812382 0.7681086519114688 0.15431519699812382 0.9069416498993964
0 0.774859287054409 0.7997987927565392 0.8827392120075047 0.7997987927565392 0.8827392120075047 0.6830985915492958 0.774859287054409 0.6830985915492958 0.774859287054409 0.7997987927565392
0 0.8569418386491557 0.7268611670020121 0.951688555347092 0.7268611670020121 0.951688555347092 0.6041247484909457 0.8569418386491557 0.6041247484909457 0.8569418386491557 0.7268611670020121
0 0.649155722326454 0.2821931589537223 0.7401500938086304 0.2821931589537223 0.7401500938086304 0.16146881287726358 0.649155722326454 0.16146881287726358 0.649155722326454 0.2821931589537223
0 0.7617260787992496 0.9250503018108652 0.8714821763602252 0.9250503018108652 0.8714821763602252 0.7932595573440644 0.7617260787992496 0.7932595573440644 0.7617260787992496 0.9250503018108652
0 0.9348030018761726 0.5186116700201208 0.9995309568480301 0.5186116700201208 0.9995309568480301 0.4029175050301811 0.9348030018761726 0.4029175050301811 0.9348030018761726 0.5186116700201208
0 0.9348030018761726 0.6564386317907445 0.9995309568480301 0.6564386317907445 0.9995309568480301 0.5347082494969819 0.9348030018761726 0.5347082494969819 0.9348030018761726 0.6564386317907445
0 0.8222326454033771 0.5347082494969819 0.9094746716697936 0.5347082494969819 0.9094746716697936 0.42505030181086517 0.8222326454033771 0.42505030181086517 0.8222326454033771 0.5347082494969819
0 0.7523452157598499 0.2686116700201207 0.848968105065666 0.2686116700201207 0.848968105065666 0.14788732394366197 0.7523452157598499 0.14788732394366197 0.7523452157598499 0.2686116700201207
0 0.19418386491557224 0.27364185110663986 0.29080675422138835 0.27364185110663986 0.29080675422138835 0.16800804828973842 0.19418386491557224 0.16800804828973842 0.19418386491557224 0.27364185110663986
0 0.8864915572232646 0.2640845070422535 0.9774859287054409 0.2640845070422535 0.9774859287054409 0.14134808853118713 0.8864915572232646 0.14134808853118713 0.8864915572232646 0.2640845070422535
0 0 0.2686116700201207 0.0975609756097561 0.2686116700201207 0.0975609756097561 0.1619718309859155 0 0.1619718309859155 0 0.2686116700201207
0 0.7335834896810507 0.5020120724346077 0.8283302063789869 0.5020120724346077 0.8283302063789869 0.3893360160965795 0.7335834896810507 0.3893360160965795 0.7335834896810507 0.5020120724346077
0 0.32082551594746717 0.48088531187122735 0.42120075046904315 0.48088531187122735 0.42120075046904315 0.35412474849094566 0.32082551594746717 0.35412474849094566 0.32082551594746717 0.48088531187122735
0 0.5520637898686679 0.3903420523138833 0.6468105065666041 0.3903420523138833 0.6468105065666041 0.2806841046277666 0.5520637898686679 0.2806841046277666 0.5520637898686679 0.3903420523138833
0 0.43855534709193245 0.2635814889336016 0.526735459662289 0.2635814889336016 0.526735459662289 0.14788732394366197 0.43855534709193245 0.14788732394366197 0.43855534709193245 0.2635814889336016
0 0.6660412757973734 0.43108651911468815 0.7636022514071295 0.43108651911468815 0.7636022514071295 0.31237424547283704 0.6660412757973734 0.31237424547283704 0.6660412757973734 0.43108651911468815
0 0.74812382739212 0.3817907444668008 0.8400562851782364 0.3817907444668008 0.8400562851782364 0.2701207243460765 0.74812382739212 0.2701207243460765 0.74812382739212 0.3817907444668008
0 0.44043151969981237 0.5643863179074446 0.5426829268292683 0.5643863179074446 0.5426829268292683 0.43661971830985913 0.44043151969981237 0.43661971830985913 0.44043151969981237 0.5643863179074446
0 0.22138836772983114 0.386317907444668 0.32645403377110693 0.386317907444668 0.32645403377110693 0.2595573440643863 0.22138836772983114 0.2595573440643863 0.22138836772983114 0.386317907444668
0 0.8269230769230769 0.19466800804828974 0.9179174484052532 0.19466800804828974 0.9179174484052532 0.07997987927565392 0.8269230769230769 0.07997987927565392 0.8269230769230769 0.19466800804828974
0 0.15150093808630394 0.1795774647887324 0.25656660412757976 0.1795774647887324 0.25656660412757976 0.057847082494969816 0.15150093808630394 0.057847082494969816 0.15150093808630394 0.1795774647887324
0 0.3325515947467167 0.778672032193159 0.4432457786116323 0.778672032193159 0.4432457786116323 0.6378269617706237 0.3325515947467167 0.6378269617706237 0.3325515947467167 0.778672032193159
0 0.350844277673546 0.6433601609657947 0.4596622889305816 0.6433601609657947 0.4596622889305816 0.528672032193159 0.350844277673546 0.528672032193159 0.350844277673546 0.6433601609657947
0 0.5614446529080676 0.27565392354124746 0.649624765478424 0.27565392354124746 0.649624765478424 0.1619718309859155 0.5614446529080676 0.1619718309859155 0.5614446529080676 0.27565392354124746
0 0.30112570356472795 0.9255533199195171 0.4174484052532833 0.9255533199195171 0.4174484052532833 0.7917505030181087 0.30112570356472795 0.7917505030181087 0.30112570356472795 0.9255533199195171
0 0.6552532833020638 0.5638832997987927 0.75187617260788 0.5638832997987927 0.75187617260788 0.4552313883299799 0.6552532833020638 0.4552313883299799 0.6552532833020638 0.5638832997987927
0 0.4817073170731707 0.3345070422535211 0.5811444652908068 0.3345070422535211 0.5811444652908068 0.22283702213279677 0.4817073170731707 0.22283702213279677 0.4817073170731707 0.3345070422535211
0 0.5046904315196998 0.20020120724346077 0.6050656660412758 0.20020120724346077 0.6050656660412758 0.08249496981891348 0.5046904315196998 0.08249496981891348 0.5046904315196998 0.20020120724346077
0 0 0.6232394366197183 0.0525328330206379 0.6232394366197183 0.0525328330206379 0.4964788732394366 0 0.4964788732394366 0 0.6232394366197183
0 0.3273921200750469 0.21730382293762576 0.4230769230769231 0.21730382293762576 0.4230769230769231 0.10160965794768612 0.3273921200750469 0.10160965794768612 0.3273921200750469 0.21730382293762576
0 0.2926829268292683 0.3073440643863179 0.39118198874296434 0.3073440643863179 0.39118198874296434 0.19064386317907445 0.2926829268292683 0.19064386317907445 0.2926829268292683 0.3073440643863179
0 0.949812382739212 0.32796780684104626 0.9995309568480301 0.32796780684104626 0.9995309568480301 0.21730382293762576 0.949812382739212 0.21730382293762576 0.949812382739212 0.32796780684104626
0 0.34615384615384615 0.37122736418511065 0.45121951219512196 0.37122736418511065 0.45121951219512196 0.2575452716297787 0.34615384615384615 0.2575452716297787 0.34615384615384615 0.37122736418511065
0 0.0651969981238274 0.18008048289738432 0.15525328330206378 0.18008048289738432 0.15525328330206378 0.0744466800804829 0.0651969981238274 0.0744466800804829 0.0651969981238274 0.18008048289738432
0 0.4620075046904315 0.4461770623742455 0.5670731707317073 0.4461770623742455 0.5670731707317073 0.32947686116700203 0.4620075046904315 0.32947686116700203 0.4620075046904315 0.4461770623742455
0 0.6092870544090057 0.1805835010060362 0.7021575984990619 0.1805835010060362 0.7021575984990619 0.07293762575452717 0.6092870544090057 0.07293762575452717 0.6092870544090057 0.1805835010060362
0 0.00046904315196998124 0.1750503018108652 0.06425891181988742 0.1750503018108652 0.06425891181988742 0.06941649899396378 0.00046904315196998124 0.06941649899396378 0.00046904315196998124 0.1750503018108652
0 0.2626641651031895 0.17756539235412475 0.3527204502814259 0.17756539235412475 0.3527204502814259 0.07092555331991952 0.2626641651031895 0.07092555331991952 0.2626641651031895 0.17756539235412475
0 0.7030956848030019 0.19617706237424548 0.7912757973733584 0.19617706237424548 0.7912757973733584 0.08651911468812877 0.7030956848030019 0.08651911468812877 0.7030956848030019 0.19617706237424548
0 0.951688555347092 0.1926559356136821 0.9995309568480301 0.1926559356136821 0.9995309568480301 0.08702213279678069 0.951688555347092 0.08702213279678069 0.951688555347092 0.1926559356136821
0 0.14634146341463414 0.3777665995975855 0.2354596622889306 0.3777665995975855 0.2354596622889306 0.26911468812877265 0.14634146341463414 0.26911468812877265 0.14634146341463414 0.3777665995975855
0 0 0.380784708249497 0.043151969981238276 0.380784708249497 0.043151969981238276 0.2540241448692153 0 0.2540241448692153 0 0.380784708249497
0 0.975140712945591 0.4039235412474849 0.9995309568480301 0.4039235412474849 0.9995309568480301 0.3103621730382294 0.975140712945591 0.3103621730382294 0.975140712945591 0.4039235412474849
0 0.00046904315196998124 0.4879275653923541 0.01172607879924953 0.4879275653923541 0.01172607879924953 0.4164989939637827 0.00046904315196998124 0.4164989939637827 0.00046904315196998124 0.4879275653923541