0 0.09204275534441805 0.7455197132616488 0.17992874109263657 0.7455197132616488 0.17992874109263657 0.6406810035842294 0.09204275534441805 0.6406810035842294 0.09204275534441805 0.7455197132616488
0 0.0002969121140142518 0.46415770609318996 0.04602137767220903 0.46415770609318996 0.04602137767220903 0.35304659498207885 0.0002969121140142518 0.35304659498207885 0.0002969121140142518 0.46415770609318996
0 0.10332541567695962 0.45698924731182794 0.17755344418052257 0.45698924731182794 0.17755344418052257 0.34050179211469533 0.10332541567695962 0.34050179211469533 0.10332541567695962 0.45698924731182794
0 0.8654988123515439 0.6191756272401434 0.940914489311164 0.6191756272401434 0.940914489311164 0.49910394265232977 0.8654988123515439 0.49910394265232977 0.8654988123515439 0.6191756272401434
0 0.7817695961995249 0.4457885304659498 0.8672802850356295 0.4457885304659498 0.8672802850356295 0.3328853046594982 0.7817695961995249 0.3328853046594982 0.7817695961995249 0.4457885304659498
0 0.23248218527315914 0.21729390681003585 0.293646080760095 0.21729390681003585 0.293646080760095 0.10976702508960573 0.23248218527315914 0.10976702508960573 0.23248218527315914 0.21729390681003585
0 0.14608076009501186 0.5237455197132617 0.21318289786223277 0.5237455197132617 0.21318289786223277 0.4117383512544803 0.14608076009501186 0.4117383512544803 0.14608076009501186 0.5237455197132617
0 0.7247624703087886 0.5273297491039427 0.796021377672209 0.5273297491039427 0.796021377672209 0.4027777777777778 0.7247624703087886 0.4027777777777778 0.7247624703087886 0.5273297491039427
0 0.44239904988123513 0.28270609318996415 0.5100950118764845 0.28270609318996415 0.5100950118764845 0.16801075268817203 0.44239904988123513 0.16801075268817203 0.44239904988123513 0.28270609318996415
0 0.17309976247030878 0.9112903225806451 0.26573634204275537 0.9112903225806451 0.26573634204275537 0.7974910394265233 0.17309976247030878 0.7974910394265233 0.17309976247030878 0.9112903225806451
0 0.7606888361045131 0.9986559139784946 0.8473871733966746 0.9986559139784946 0.8473871733966746 0.8947132616487455 0.7606888361045131 0.8947132616487455 0.7606888361045131 0.9986559139784946
0 0.7330760095011877 0.1989247311827957 0.8061163895486936 0.1989247311827957 0.8061163895486936 0.0931899641577061 0.7330760095011877 0.0931899641577061 0.7330760095011877 0.1989247311827957
0 0.711104513064133 0.3431899641577061 0.7853325415676959 0.3431899641577061 0.7853325415676959 0.23476702508960573 0.711104513064133 0.23476702508960573 0.711104513064133 0.3431899641577061
0 0.665083135391924 0.24955197132616488 0.7416864608076009 0.24955197132616488 0.7416864608076009 0.14381720430107528 0.665083135391924 0.14381720430107528 0.665083135391924 0.24955197132616488
0 0.10659144893111638 0.9995519713261649 0.18853919239904987 0.9995519713261649 0.18853919239904987 0.9189068100358423 0.10659144893111638 0.9189068100358423 0.10659144893111638 0.9995519713261649
0 0.5270190023752969 0.35976702508960573 0.6012470308788599 0.35976702508960573 0.6012470308788599 0.24865591397849462 0.5270190023752969 0.24865591397849462 0.5270190023752969 0.35976702508960573
0 0.04423990498812352 0.5362903225806451 0.11312351543942993 0.5362903225806451 0.11312351543942993 0.414426523297491 0.04423990498812352 0.414426523297491 0.04423990498812352 0.5362903225806451
0 0.06858669833729217 0.36469534050179214 0.14578384798099764 0.36469534050179214 0.14578384798099764 0.27060931899641577 0.06858669833729217 0.27060931899641577 0.06858669833729217 0.36469534050179214
0 0.2345605700712589 0.5049283154121864 0.30641330166270786 0.5049283154121864 0.30641330166270786 0.39560931899641577 0.2345605700712589 0.39560931899641577 0.2345605700712589 0.5049283154121864
0 0.9032066508313539 0.8942652329749103 0.9863420427553444 0.8942652329749103 0.9863420427553444 0.753584229390681 0.9032066508313539 0.753584229390681 0.9032066508313539 0.8942652329749103
0 0.544833729216152 0.1581541218637993 0.6184679334916865 0.1581541218637993 0.6184679334916865 0.04435483870967742 0.544833729216152 0.04435483870967742 0.544833729216152 0.1581541218637993
0 0.0011876484560570072 0.7558243727598566 0.07838479809976247 0.7558243727598566 0.07838479809976247 0.6384408602150538 0.0011876484560570072 0.6384408602150538 0.0011876484560570072 0.7558243727598566
0 0.04720902612826603 0.2974910394265233 0.11490498812351543 0.2974910394265233 0.11490498812351543 0.1935483870967742 0.04720902612826603 0.1935483870967742 0.04720902612826603 0.2974910394265233
0 0.5564133016627079 0.25044802867383514 0.6282660332541568 0.25044802867383514 0.6282660332541568 0.14829749103942652 0.5564133016627079 0.14829749103942652 0.5564133016627079 0.25044802867383514
0 0.20486935866983372 0.6527777777777778 0.28800475059382424 0.6527777777777778 0.28800475059382424 0.5416666666666666 0.20486935866983372 0.5416666666666666 0.20486935866983372 0.6527777777777778
0 0.07304038004750593 0.6478494623655914 0.14845605700712589 0.6478494623655914 0.14845605700712589 0.5376344086021505 0.07304038004750593 0.5376344086021505 0.07304038004750593 0.6478494623655914
0 0.8776722090261283 0.34050179211469533 0.9649643705463183 0.34050179211469533 0.9649643705463183 0.23745519713261648 0.8776722090261283 0.23745519713261648 0.8776722090261283 0.34050179211469533
0 0 0.6263440860215054 0.052256532066508314 0.6263440860215054 0.052256532066508314 0.5197132616487455 0 0.5197132616487455 0 0.6263440860215054
0 0.19328978622327792 0.7974910394265233 0.27048693586698336 0.7974910394265233 0.27048693586698336 0.6756272401433692 0.19328978622327792 0.6756272401433692 0.19328978622327792 0.7974910394265233
0 0.3022565320665083 0.31675627240143367 0.3646080760095012 0.31675627240143367 0.3646080760095012 0.20743727598566308 0.3022565320665083 0.20743727598566308 0.3022565320665083 0.31675627240143367
0 0.24495249406175773 0.4027777777777778 0.3102731591448931 0.4027777777777778 0.3102731591448931 0.2871863799283154 0.24495249406175773 0.2871863799283154 0.24495249406175773 0.4027777777777778
0 0.01989311163895487 0.9735663082437276 0.10124703087885986 0.9735663082437276 0.10124703087885986 0.8382616487455197 0.01989311163895487 0.8382616487455197 0.01989311163895487 0.9735663082437276
0 0.8283847980997625 0.8521505376344086 0.9055819477434679 0.8521505376344086 0.9055819477434679 0.706989247311828 0.8283847980997625 0.706989247311828 0.8283847980997625 0.8521505376344086
0 0.21912114014251782 0.30600358422939067 0.2838479809976247 0.30600358422939067 0.2838479809976247 0.21281362007168458 0.21912114014251782 0.21281362007168458 0.21912114014251782 0.30600358422939067
0 0.622624703087886 0.19578853046594982 0.6950712589073634 0.19578853046594982 0.6950712589073634 0.0846774193548387 0.622624703087886 0.0846774193548387 0.622624703087886 0.19578853046594982
0 0 0.35663082437275984 0.05760095011876484 0.35663082437275984 0.05760095011876484 0.2553763440860215 0 0.2553763440860215 0 0.35663082437275984
0 0.17309976247030878 0.3709677419354839 0.22891923990498814 0.3709677419354839 0.22891923990498814 0.26523297491039427 0.17309976247030878 0.26523297491039427 0.17309976247030878 0.3709677419354839
0 0.8031472684085511 0.335573476702509 0.878562945368171 0.335573476702509 0.878562945368171 0.20116487455197132 0.8031472684085511 0.20116487455197132 0.8031472684085511 0.335573476702509
0 0.28117577197149646 0.14919354838709678 0.34768408551068886 0.14919354838709678 0.34768408551068886 0.038978494623655914 0.28117577197149646 0.038978494623655914 0.28117577197149646 0.14919354838709678
0 0.9008313539192399 0.25268817204301075 0.9851543942992874 0.25268817204301075 0.9851543942992874 0.15412186379928317 0.9008313539192399 0.15412186379928317 0.9008313539192399 0.25268817204301075
0 0.07541567695961995 0.16845878136200718 0.13539192399049882 0.16845878136200718 0.13539192399049882 0.07616487455197132 0.07541567695961995 0.07616487455197132 0.07541567695961995 0.16845878136200718
0 0.6178741092636579 0.10080645161290322 0.6903206650831354 0.10080645161290322 0.6903206650831354 0.0013440860215053765 0.6178741092636579 0.0013440860215053765 0.6178741092636579 0.10080645161290322
0 0.43616389548693585 0.7222222222222222 0.5139548693586699 0.7222222222222222 0.5139548693586699 0.5869175627240143 0.43616389548693585 0.5869175627240143 0.43616389548693585 0.7222222222222222
0 0.044833729216152016 0.8369175627240143 0.11074821852731591 0.8369175627240143 0.11074821852731591 0.7213261648745519 0.044833729216152016 0.7213261648745519 0.044833729216152016 0.8369175627240143
0 0.6858669833729216 0.12634408602150538 0.7672209026128266 0.12634408602150538 0.7672209026128266 0.024193548387096774 0.6858669833729216 0.024193548387096774 0.6858669833729216 0.12634408602150538
0 0.38034441805225655 0.27598566308243727 0.4444774346793349 0.27598566308243727 0.4444774346793349 0.16845878136200718 0.38034441805225655 0.16845878136200718 0.38034441805225655 0.27598566308243727
0 0.1347980997624703 0.30510752688172044 0.2007125890736342 0.30510752688172044 0.2007125890736342 0.19847670250896057 0.1347980997624703 0.19847670250896057 0.1347980997624703 0.30510752688172044
0 0.9536817102137767 0.5622759856630825 0.9994061757719715 0.5622759856630825 0.9994061757719715 0.43324372759856633 0.9536817102137767 0.43324372759856633 0.9536817102137767 0.5622759856630825
0 0.9554631828978623 0.18369175627240145 0.9994061757719715 0.18369175627240145 0.9994061757719715 0.06630824372759857 0.9554631828978623 0.06630824372759857 0.9554631828978623 0.18369175627240145
0 0.4833729216152019 0.44175627240143367 0.5522565320665083 0.44175627240143367 0.5522565320665083 0.3333333333333333 0.4833729216152019 0.3333333333333333 0.4833729216152019 0.44175627240143367
0 0.38747030878859856 0.1742831541218638 0.458729216152019 0.1742831541218638 0.458729216152019 0.0721326164874552 0.38747030878859856 0.0721326164874552 0.38747030878859856 0.1742831541218638
0 0.4691211401425178 0.13261648745519714 0.5457244655581948 0.13261648745519714 0.5457244655581948 0.026881720430107527 0.4691211401425178 0.026881720430107527 0.4691211401425178 0.13261648745519714
0 0.14192399049881235 0.1989247311827957 0.21140142517814728 0.1989247311827957 0.21140142517814728 0.10842293906810035 0.14192399049881235 0.10842293906810035 0.14192399049881235 0.1989247311827957
0 0.32185273159144895 0.7132616487455197 0.40617577197149646 0.7132616487455197 0.40617577197149646 0.5797491039426523 0.32185273159144895 0.5797491039426523 0.32185273159144895 0.7132616487455197
0 0 0.26433691756272404 0.027909738717339667 0.26433691756272404 0.027909738717339667 0.17562724014336917 0 0.17562724014336917 0 0.26433691756272404
0 0.20160332541567696 0.150089605734767 0.26336104513064135 0.150089605734767 0.26336104513064135 0.04525089605734767 0.20160332541567696 0.04525089605734767 0.20160332541567696 0.150089605734767
0 0.3429334916864608 0.5138888888888888 0.4171615201900237 0.5138888888888888 0.4171615201900237 0.37948028673835127 0.3429334916864608 0.37948028673835127 0.3429334916864608 0.5138888888888888
0 0.021080760095011877 0.2168458781362007 0.07927553444180523 0.2168458781362007 0.07927553444180523 0.11021505376344086 0.021080760095011877 0.11021505376344086 0.021080760095011877 0.2168458781362007
0 0.8473871733966746 0 0.8473871733966746 0.05913978494623656 0.916270783847981 0.05913978494623656 0.916270783847981 0 0.8473871733966746 0
0 0.9655581947743468 0.3449820788530466 0.9994061757719715 0.3449820788530466 0.9994061757719715 0.22759856630824374 0.9655581947743468 0.22759856630824374 0.9655581947743468 0.3449820788530466
0 0.45160332541567694 0 0.45160332541567694 0.05913978494623656 0.5228622327790974 0.05913978494623656 0.5228622327790974 0 0.45160332541567694 0
0 0.9652612826603325 0.9905913978494624 0.9997030878859857 0.9905913978494624 0.9997030878859857 0.8463261648745519 0.9652612826603325 0.8463261648745519 0.9652612826603325 0.9905913978494624
0 0.9177553444180523 0.05152329749103943 0.9967339667458432 0.05152329749103943 0.9967339667458432 0.00044802867383512545 0.9177553444180523 0.00044802867383512545 0.9177553444180523 0.05152329749103943
0 0.005047505938242281 0.10170250896057348 0.06799287410926366 0.10170250896057348 0.06799287410926366 0.004032258064516129 0.005047505938242281 0.004032258064516129 0.005047505938242281 0.10170250896057348
0 0.5688836104513064 0 0.5688836104513064 0.053763440860215055 0.6342042755344418 0.053763440860215055 0.6342042755344418 0 0.5688836104513064 0
0 0.5350356294536817 1 0.5350356294536817 0.9435483870967742 0.4519002375296912 0.9435483870967742 0.4519002375296912 1 0.5350356294536817 1
0 0.08580760095011876 0.08960573476702509 0.15290973871733968 0.08960573476702509 0.15290973871733968 0.0008960573476702509 0.08580760095011876 0.0008960573476702509 0.08580760095011876 0.08960573476702509
0 0.21644893111638955 0 0.21644893111638955 0.0456989247311828 0.2734560570071259 0.0456989247311828 0.2734560570071259 0 0.21644893111638955 0
0 0.6968527315914489 0 0.6968527315914489 0.02956989247311828 0.7698931116389549 0.02956989247311828 0.7698931116389549 0 0.6968527315914489 0
0 0.33966745843230406 0 0.33966745843230406 0.05465949820788531 0.38717339667458434 0.05465949820788531 0.38717339667458434 0 0.33966745843230406 0
0 0 0.17473118279569894 0.009501187648456057 0.17473118279569894 0.009501187648456057 0.12007168458781362 0 0.12007168458781362 0 0.17473118279569894
0 0.39073634204275537 0 0.39073634204275537 0.03494623655913978 0.4495249406175772 0.03494623655913978 0.4495249406175772 0 0.39073634204275537 0