0 0.8803344867358708 0.9842836257309941 0.9616493656286044 0.9842836257309941 0.9616493656286044 0.9009502923976608 0.8803344867358708 0.9009502923976608 0.8803344867358708 0.9842836257309941
0 0.5570934256055363 0.4137426900584795 0.6228373702422145 0.4137426900584795 0.6228373702422145 0.3435672514619883 0.5570934256055363 0.3435672514619883 0.5570934256055363 0.4137426900584795
0 0.461361014994233 0.41483918128654973 0.5236447520184544 0.41483918128654973 0.5236447520184544 0.34978070175438597 0.461361014994233 0.34978070175438597 0.461361014994233 0.41483918128654973
0 0.830161476355248 0.10526315789473684 0.9178200692041523 0.10526315789473684 0.9178200692041523 0.014619883040935672 0.830161476355248 0.014619883040935672 0.830161476355248 0.10526315789473684
0 0.8304498269896193 0.2916666666666667 0.9065743944636678 0.2916666666666667 0.9065743944636678 0.2046783625730994 0.8304498269896193 0.2046783625730994 0.8304498269896193 0.2916666666666667
0 0.7136678200692042 0.18859649122807018 0.7857554786620531 0.18859649122807018 0.7857554786620531 0.10014619883040936 0.7136678200692042 0.10014619883040936 0.7136678200692042 0.18859649122807018
0 0.7174163783160323 0.29678362573099415 0.7964244521337946 0.29678362573099415 0.7964244521337946 0.22002923976608188 0.7174163783160323 0.22002923976608188 0.7174163783160323 0.29678362573099415
0 0.7422145328719724 0.8428362573099415 0.8114186851211073 0.8428362573099415 0.8114186851211073 0.7646198830409356 0.7422145328719724 0.7646198830409356 0.7422145328719724 0.8428362573099415
0 0.6528258362168397 0.07931286549707603 0.723760092272203 0.07931286549707603 0.723760092272203 0.0003654970760233918 0.6528258362168397 0.0003654970760233918 0.6528258362168397 0.07931286549707603
0 0.47837370242214533 0.6875 0.5383506343713956 0.6875 0.5383506343713956 0.6239035087719298 0.47837370242214533 0.6239035087719298 0.47837370242214533 0.6875
0 0.7549019607843137 0.6377923976608187 0.8339100346020761 0.6377923976608187 0.8339100346020761 0.5588450292397661 0.7549019607843137 0.5588450292397661 0.7549019607843137 0.6377923976608187
0 0.631199538638985 0.5215643274853801 0.7038638985005767 0.5215643274853801 0.7038638985005767 0.44334795321637427 0.631199538638985 0.44334795321637427 0.631199538638985 0.5215643274853801
0 0.7476931949250288 0.7467105263157895 0.8209342560553633 0.7467105263157895 0.8209342560553633 0.6641081871345029 0.7476931949250288 0.6641081871345029 0.7476931949250288 0.7467105263157895
0 0.8189158016147635 0.533625730994152 0.8967704728950404 0.533625730994152 0.8967704728950404 0.44590643274853803 0.8189158016147635 0.44590643274853803 0.8189158016147635 0.533625730994152
0 0.7488465974625144 0.945906432748538 0.8226643598615917 0.945906432748538 0.8226643598615917 0.8654970760233918 0.7488465974625144 0.8654970760233918 0.7488465974625144 0.945906432748538
0 0.4244521337946944 0.36915204678362573 0.48385236447520186 0.36915204678362573 0.48385236447520186 0.3048245614035088 0.4244521337946944 0.3048245614035088 0.4244521337946944 0.36915204678362573
0 0.7006920415224913 0.5778508771929824 0.7750865051903114 0.5778508771929824 0.7750865051903114 0.5032894736842105 0.7006920415224913 0.5032894736842105 0.7006920415224913 0.5778508771929824
0 0.5224913494809689 0.2631578947368421 0.5870818915801614 0.2631578947368421 0.5870818915801614 0.19736842105263158 0.5224913494809689 0.19736842105263158 0.5224913494809689 0.2631578947368421
0 0.5455594002306805 0.9294590643274854 0.6055363321799307 0.9294590643274854 0.6055363321799307 0.8534356725146199 0.5455594002306805 0.8534356725146199 0.5455594002306805 0.9294590643274854
0 0.41724336793540945 0.7207602339181286 0.4777970011534025 0.7207602339181286 0.4777970011534025 0.6578947368421053 0.41724336793540945 0.6578947368421053 0.41724336793540945 0.7207602339181286
0 0.8910034602076125 0.15679824561403508 0.9792387543252595 0.15679824561403508 0.9792387543252595 0.06615497076023392 0.8910034602076125 0.06615497076023392 0.8910034602076125 0.15679824561403508
0 0.4342560553633218 0.8823099415204678 0.48385236447520186 0.8823099415204678 0.48385236447520186 0.8230994152046783 0.4342560553633218 0.8230994152046783 0.4342560553633218 0.8823099415204678
0 0.7104959630911188 0.4144736842105263 0.7923875432525952 0.4144736842105263 0.7923875432525952 0.3347953216374269 0.7104959630911188 0.3347953216374269 0.7104959630911188 0.4144736842105263
0 0.38408304498269896 0.32456140350877194 0.4405997693194925 0.32456140350877194 0.4405997693194925 0.26096491228070173 0.38408304498269896 0.26096491228070173 0.38408304498269896 0.32456140350877194
0 0.6998269896193772 0.8826754385964912 0.7673010380622838 0.8826754385964912 0.7673010380622838 0.8073830409356725 0.6998269896193772 0.8073830409356725 0.6998269896193772 0.8826754385964912
0 0.5914071510957324 0.9839181286549707 0.653114186851211 0.9839181286549707 0.653114186851211 0.9122807017543859 0.5914071510957324 0.9122807017543859 0.5914071510957324 0.9839181286549707
0 0.4662629757785467 0.7697368421052632 0.5193194925028836 0.7697368421052632 0.5193194925028836 0.7097953216374269 0.4662629757785467 0.7097953216374269 0.4662629757785467 0.7697368421052632
0 0.5991926182237601 0.8037280701754386 0.6591695501730104 0.8037280701754386 0.6591695501730104 0.735014619883041 0.5991926182237601 0.735014619883041 0.5991926182237601 0.8037280701754386
0 0.5412341407151096 0.7909356725146199 0.5994809688581315 0.7909356725146199 0.5994809688581315 0.7236842105263158 0.5412341407151096 0.7236842105263158 0.5412341407151096 0.7909356725146199
0 0.6577277970011534 0.6202485380116959 0.7257785467128027 0.6202485380116959 0.7257785467128027 0.5493421052631579 0.6577277970011534 0.5493421052631579 0.6577277970011534 0.6202485380116959
0 0.5415224913494809 1 0.5415224913494809 0.9546783625730995 0.48904267589388695 0.9546783625730995 0.48904267589388695 1 0.5415224913494809 1
0 0.4333910034602076 0.804093567251462 0.4870242214532872 0.804093567251462 0.4870242214532872 0.743421052631579 0.4333910034602076 0.743421052631579 0.4333910034602076 0.804093567251462
0 0.6386966551326413 0.8640350877192983 0.7032871972318339 0.8640350877192983 0.7032871972318339 0.7931286549707602 0.6386966551326413 0.7931286549707602 0.6386966551326413 0.8640350877192983
0 0.509515570934256 0.9528508771929824 0.5591118800461361 0.9528508771929824 0.5591118800461361 0.883406432748538 0.509515570934256 0.883406432748538 0.509515570934256 0.9528508771929824
0 0.7923875432525952 1 0.7923875432525952 0.9502923976608187 0.7174163783160323 0.9502923976608187 0.7174163783160323 1 0.7923875432525952 1
0 0.5069204152249135 0.8245614035087719 0.5611303344867359 0.8245614035087719 0.5611303344867359 0.7711988304093568 0.5069204152249135 0.7711988304093568 0.5069204152249135 0.8245614035087719
0 0.4922145328719723 1 0.4922145328719723 0.9429824561403509 0.4420415224913495 0.9429824561403509 0.4420415224913495 1 0.4922145328719723 1
0 0.4651095732410611 0.9334795321637427 0.5135524798154556 0.9334795321637427 0.5135524798154556 0.8728070175438597 0.4651095732410611 0.8728070175438597 0.4651095732410611 0.9334795321637427
0 0.6072664359861591 0 0.6072664359861591 0.03435672514619883 0.6689734717416378 0.03435672514619883 0.6689734717416378 0 0.6072664359861591 0
0 0.9829873125720877 0.14071637426900585 0.9997116493656286 0.14071637426900585 0.9997116493656286 0.04422514619883041 0.9829873125720877 0.04422514619883041 0.9829873125720877 0.14071637426900585
0 0.6069780853517878 1 0.6069780853517878 0.9517543859649122 0.5493079584775087 0.9517543859649122 0.5493079584775087 1 0.6069780853517878 1
0 0.986159169550173 0.6524122807017544 0.9994232987312572 0.6524122807017544 0.9994232987312572 0.5844298245614035 0.986159169550173 0.5844298245614035 0.986159169550173 0.6524122807017544
0 0.4204152249134948 0.8333333333333334 0.4400230680507497 0.8333333333333334 0.4400230680507497 0.7967836257309941 0.4204152249134948 0.7967836257309941 0.4204152249134948 0.8333333333333334