0 0.33417200365965233 0.5826480263157895 0.4325251601097896 0.5826480263157895 0.4325251601097896 0.4321546052631579 0.33417200365965233 0.4321546052631579 0.33417200365965233 0.5826480263157895
0 0.3337145471180238 0.2857730263157895 0.42200365965233305 0.2857730263157895 0.42200365965233305 0.14925986842105263 0.3337145471180238 0.14925986842105263 0.3337145471180238 0.2857730263157895
0 0.7950594693504117 0.2935855263157895 0.8998170173833486 0.2935855263157895 0.8998170173833486 0.14638157894736842 0.7950594693504117 0.14638157894736842 0.7950594693504117 0.2935855263157895
0 0.1505032021957914 0.5608552631578947 0.24794144556267156 0.5608552631578947 0.24794144556267156 0.4284539473684211 0.1505032021957914 0.4284539473684211 0.1505032021957914 0.5608552631578947
0 0.23124428179322964 0.1875 0.32227813357731017 0.1875 0.32227813357731017 0.05016447368421053 0.23124428179322964 0.05016447368421053 0.23124428179322964 0.1875
0 0.05489478499542543 0.2816611842105263 0.13998170173833485 0.2816611842105263 0.13998170173833485 0.15583881578947367 0.05489478499542543 0.15583881578947367 0.05489478499542543 0.2816611842105263
0 0.27721866422689845 0.9555921052631579 0.3673376029277219 0.9555921052631579 0.3673376029277219 0.8067434210526315 0.27721866422689845 0.8067434210526315 0.27721866422689845 0.9555921052631579
0 0.2984903934126258 0 0.2984903934126258 0.09539473684210527 0.3950137236962489 0.09539473684210527 0.3950137236962489 0 0.2984903934126258 0
0 0.23330283623055809 0.4769736842105263 0.3284537968892955 0.4769736842105263 0.3284537968892955 0.34210526315789475 0.23330283623055809 0.34210526315789475 0.23330283623055809 0.4769736842105263
0 0.19670631290027446 0.9432565789473685 0.28408051235132664 0.9432565789473685 0.28408051235132664 0.796875 0.19670631290027446 0.796875 0.19670631290027446 0.9432565789473685
0 0.12305580969807868 0.8548519736842105 0.21271729185727356 0.8548519736842105 0.21271729185727356 0.704358552631579 0.12305580969807868 0.704358552631579 0.12305580969807868 0.8548519736842105
0 0.00022872827081427266 0.6484375 0.07342177493138152 0.6484375 0.07342177493138152 0.5078125 0.00022872827081427266 0.5078125 0.00022872827081427266 0.6484375
0 0.434583714547118 1 0.434583714547118 0.9111842105263158 0.3467520585544373 0.9111842105263158 0.3467520585544373 1 0.434583714547118 1
0 0.18938700823421775 1 0.18938700823421775 0.881578947368421 0.0969807868252516 0.881578947368421 0.0969807868252516 1 0.18938700823421775 1
0 0.00022872827081427266 0.826891447368421 0.07753888380603842 0.826891447368421 0.07753888380603842 0.7035361842105263 0.00022872827081427266 0.7035361842105263 0.00022872827081427266 0.826891447368421
0 0 0.9967105263157895 0.05077767612076853 0.9967105263157895 0.05077767612076853 0.8733552631578947 0 0.8733552631578947 0 0.9967105263157895