0 0.7191211401425178 0.9986559139784946 0.8058194774346793 0.9986559139784946 0.8058194774346793 0.8902329749103942 0.7191211401425178 0.8902329749103942 0.7191211401425178 0.9986559139784946
0 0.6882422802850356 0.5228494623655914 0.7577197149643705 0.5228494623655914 0.7577197149643705 0.40008960573476704 0.6882422802850356 0.40008960573476704 0.6882422802850356 0.5228494623655914
0 0.14370546318289787 0.9099462365591398 0.2345605700712589 0.9099462365591398 0.2345605700712589 0.7952508960573477 0.14370546318289787 0.7952508960573477 0.14370546318289787 0.9099462365591398
0 0.07690023752969122 0.4529569892473118 0.15053444180522565 0.4529569892473118 0.15053444180522565 0.3382616487455197 0.07690023752969122 0.3382616487455197 0.07690023752969122 0.4529569892473118
0 0.06442992874109264 0.7410394265232975 0.15290973871733968 0.7410394265232975 0.15290973871733968 0.6353046594982079 0.06442992874109264 0.6353046594982079 0.06442992874109264 0.7410394265232975
0 0.11846793349168647 0.521505376344086 0.18616389548693588 0.521505376344086 0.18616389548693588 0.40949820788530467 0.11846793349168647 0.40949820788530467 0.11846793349168647 0.521505376344086
0 0.8607482185273159 0.8911290322580645 0.9456650831353919 0.8911290322580645 0.9456650831353919 0.7486559139784946 0.8607482185273159 0.7486559139784946 0.8607482185273159 0.8911290322580645
0 0.48129453681710216 0.4305555555555556 0.5573040380047506 0.4305555555555556 0.5573040380047506 0.3015232974910394 0.48129453681710216 0.3015232974910394 0.48129453681710216 0.4305555555555556
0 0.19507125890736343 0.30286738351254483 0.2586104513064133 0.30286738351254483 0.2586104513064133 0.2114695340501792 0.19507125890736343 0.2114695340501792 0.19507125890736343 0.30286738351254483
0 0.78770783847981 0.8454301075268817 0.8654988123515439 0.8454301075268817 0.8654988123515439 0.7029569892473119 0.78770783847981 0.7029569892473119 0.78770783847981 0.8454301075268817
0 0.5264251781472684 0.16442652329749105 0.5964964370546318 0.16442652329749105 0.5964964370546318 0.053315412186379925 0.5264251781472684 0.053315412186379925 0.5264251781472684 0.16442652329749105
0 0.9159738717339667 0.5591397849462365 0.9913895486935868 0.5591397849462365 0.9913895486935868 0.4292114695340502 0.9159738717339667 0.4292114695340502 0.9159738717339667 0.5591397849462365
0 0.7458432304038005 0.4435483870967742 0.828978622327791 0.4435483870967742 0.828978622327791 0.33154121863799285 0.7458432304038005 0.33154121863799285 0.7458432304038005 0.4435483870967742
0 0.15676959619952494 1 0.15676959619952494 0.9148745519713262 0.07541567695961995 0.9148745519713262 0.07541567695961995 1 0.15676959619952494 1
0 0.24317102137767221 0.649641577060932 0.31918052256532065 0.649641577060932 0.31918052256532065 0.543010752688172 0.24317102137767221 0.543010752688172 0.24317102137767221 0.649641577060932
0 0.8248218527315915 0.6160394265232975 0.9008313539192399 0.6160394265232975 0.9008313539192399 0.49507168458781364 0.8248218527315915 0.49507168458781364 0.8248218527315915 0.6160394265232975
0 0.6876484560570071 0.37455197132616486 0.7583135391923991 0.37455197132616486 0.7583135391923991 0.2616487455197133 0.6876484560570071 0.2616487455197133 0.6876484560570071 0.37455197132616486
0 0.5991686460807601 0.22043010752688172 0.6728028503562945 0.22043010752688172 0.6728028503562945 0.11021505376344086 0.5991686460807601 0.11021505376344086 0.5991686460807601 0.22043010752688172
0 0.706353919239905 0.22446236559139784 0.7770190023752969 0.22446236559139784 0.7770190023752969 0.11693548387096774 0.706353919239905 0.11693548387096774 0.706353919239905 0.22446236559139784
0 0.01840855106888361 0.5336021505376344 0.08669833729216152 0.5336021505376344 0.08669833729216152 0.4117383512544803 0.01840855106888361 0.4117383512544803 0.01840855106888361 0.5336021505376344
0 0.38509501187648454 0.27732974910394265 0.457541567695962 0.27732974910394265 0.457541567695962 0.17876344086021506 0.38509501187648454 0.17876344086021506 0.38509501187648454 0.27732974910394265
0 0.04275534441805225 0.3629032258064516 0.11935866983372921 0.3629032258064516 0.11935866983372921 0.26881720430107525 0.04275534441805225 0.26881720430107525 0.04275534441805225 0.3629032258064516
0 0.666270783847981 0.14560931899641577 0.7434679334916865 0.14560931899641577 0.7434679334916865 0.04525089605734767 0.666270783847981 0.04525089605734767 0.666270783847981 0.14560931899641577
0 0.5317695961995249 0.29525089605734767 0.6030285035629454 0.29525089605734767 0.6030285035629454 0.19399641577060933 0.5317695961995249 0.19399641577060933 0.5317695961995249 0.29525089605734767
0 0.04513064133016627 0.6474014336917563 0.12114014251781473 0.6474014336917563 0.12114014251781473 0.5344982078853047 0.04513064133016627 0.5344982078853047 0.04513064133016627 0.6474014336917563
0 0.20605700712589073 0.21550179211469533 0.2684085510688836 0.21550179211469533 0.2684085510688836 0.10797491039426524 0.20605700712589073 0.10797491039426524 0.20605700712589073 0.21550179211469533
0 0.18260095011876484 0.6088709677419355 0.2597980997624703 0.6088709677419355 0.2597980997624703 0.5058243727598566 0.18260095011876484 0.5058243727598566 0.18260095011876484 0.6088709677419355
0 0.8423396674584323 0.3378136200716846 0.9278503562945368 0.3378136200716846 0.9278503562945368 0.23476702508960573 0.8423396674584323 0.23476702508960573 0.8423396674584323 0.3378136200716846
0 0.26217339667458434 0.4614695340501792 0.33461995249406173 0.4614695340501792 0.33461995249406173 0.34408602150537637 0.26217339667458434 0.34408602150537637 0.26217339667458434 0.4614695340501792
0 0.922209026128266 0.9838709677419355 0.9994061757719715 0.9838709677419355 0.9994061757719715 0.8405017921146953 0.922209026128266 0.8405017921146953 0.922209026128266 0.9838709677419355
0 0.14519002375296913 0.36872759856630827 0.20457244655581946 0.36872759856630827 0.20457244655581946 0.2638888888888889 0.14519002375296913 0.2638888888888889 0.14519002375296913 0.36872759856630827
0 0.014251781472684086 0.8315412186379928 0.08254156769596199 0.8315412186379928 0.08254156769596199 0.7186379928315412 0.014251781472684086 0.7186379928315412 0.014251781472684086 0.8315412186379928
0 0.7675178147268409 0.3333333333333333 0.8429334916864608 0.3333333333333333 0.8429334916864608 0.19982078853046595 0.7675178147268409 0.19982078853046595 0.7675178147268409 0.3333333333333333
0 0.6365795724465558 0.2871863799283154 0.7143705463182898 0.2871863799283154 0.7143705463182898 0.1742831541218638 0.6365795724465558 0.1742831541218638 0.6365795724465558 0.2871863799283154
0 0 0.967741935483871 0.07304038004750593 0.967741935483871 0.07304038004750593 0.8342293906810035 0 0.8342293906810035 0 0.967741935483871
0 0 0.7459677419354839 0.050475059382422804 0.7459677419354839 0.050475059382422804 0.6348566308243727 0 0.6348566308243727 0 0.7459677419354839
0 0.16508313539192399 0.7952508960573477 0.23812351543942992 0.7952508960573477 0.23812351543942992 0.6733870967741935 0.16508313539192399 0.6733870967741935 0.16508313539192399 0.7952508960573477
0 0.9281472684085511 0.34767025089605735 0.9994061757719715 0.34767025089605735 0.9994061757719715 0.22670250896057348 0.9281472684085511 0.22670250896057348 0.9281472684085511 0.34767025089605735
0 0.1187648456057007 0.19444444444444445 0.1876484560570071 0.19444444444444445 0.1876484560570071 0.10752688172043011 0.1187648456057007 0.10752688172043011 0.1187648456057007 0.19444444444444445
0 0.0498812351543943 0.16308243727598568 0.11460807600950118 0.16308243727598568 0.11460807600950118 0.07616487455197132 0.0498812351543943 0.07616487455197132 0.0498812351543943 0.16308243727598568
0 0.8657957244655582 0.25268817204301075 0.9471496437054632 0.25268817204301075 0.9471496437054632 0.1532258064516129 0.8657957244655582 0.1532258064516129 0.8657957244655582 0.25268817204301075
0 0.26247030878859856 0.135752688172043 0.3248218527315915 0.135752688172043 0.3248218527315915 0.03181003584229391 0.26247030878859856 0.03181003584229391 0.26247030878859856 0.135752688172043
0 0.022268408551068885 0.2979390681003584 0.08937054631828979 0.2979390681003584 0.08937054631828979 0.1922043010752688 0.022268408551068885 0.1922043010752688 0.022268408551068885 0.2979390681003584
0 0.3919239904988123 0.4368279569892473 0.46080760095011875 0.4368279569892473 0.46080760095011875 0.3194444444444444 0.3919239904988123 0.3194444444444444 0.3919239904988123 0.4368279569892473
0 0.3239311163895487 0.33602150537634407 0.3898456057007126 0.33602150537634407 0.3898456057007126 0.224910394265233 0.3239311163895487 0.224910394265233 0.3239311163895487 0.33602150537634407
0 0.22624703087885986 0.37768817204301075 0.28681710213776723 0.37768817204301075 0.28681710213776723 0.2746415770609319 0.22624703087885986 0.2746415770609319 0.22624703087885986 0.37768817204301075
0 0.10866983372921615 0.30062724014336917 0.17517814726840855 0.30062724014336917 0.17517814726840855 0.19668458781362008 0.10866983372921615 0.19668458781362008 0.10866983372921615 0.30062724014336917
0 0.4008313539192399 0.15636200716845877 0.47802850356294535 0.15636200716845877 0.47802850356294535 0.04704301075268817 0.4008313539192399 0.04704301075268817 0.4008313539192399 0.15636200716845877
0 0.32363420427553447 0.2217741935483871 0.38895486935866985 0.2217741935483871 0.38895486935866985 0.10976702508960573 0.32363420427553447 0.10976702508960573 0.32363420427553447 0.2217741935483871
0 0 0.4475806451612903 0.019596199524940617 0.4475806451612903 0.019596199524940617 0.3588709677419355 0 0.3588709677419355 0 0.4475806451612903
0 0 0.21774193548387097 0.05760095011876484 0.21774193548387097 0.05760095011876484 0.11021505376344086 0 0.11021505376344086 0 0.21774193548387097
0 0 0.35304659498207885 0.032066508313539195 0.35304659498207885 0.032066508313539195 0.25448028673835127 0 0.25448028673835127 0 0.35304659498207885
0 0.9213182897862233 0.18413978494623656 0.9967339667458432 0.18413978494623656 0.9967339667458432 0.06496415770609319 0.9213182897862233 0.06496415770609319 0.9213182897862233 0.18413978494623656
0 0.5994655581947743 0.11917562724014337 0.6701306413301663 0.11917562724014337 0.6701306413301663 0.025985663082437275 0.5994655581947743 0.025985663082437275 0.5994655581947743 0.11917562724014337
0 0.17250593824228028 0.1460573476702509 0.23960807600950118 0.1460573476702509 0.23960807600950118 0.04390681003584229 0.17250593824228028 0.04390681003584229 0.17250593824228028 0.1460573476702509
0 0.20190023752969122 0.5053763440860215 0.27137767220902614 0.5053763440860215 0.27137767220902614 0.39874551971326166 0.20190023752969122 0.39874551971326166 0.20190023752969122 0.5053763440860215
0 0.2770190023752969 0.3095878136200717 0.32868171021377673 0.3095878136200717 0.32868171021377673 0.20474910394265233 0.2770190023752969 0.20474910394265233 0.2770190023752969 0.3095878136200717
0 0.8162114014251781 0 0.8162114014251781 0.07347670250896057 0.8910332541567696 0.07347670250896057 0.8910332541567696 0 0.8162114014251781 0
0 0.9014251781472684 0 0.9014251781472684 0.07258064516129033 0.9756532066508313 0.07258064516129033 0.9756532066508313 0 0.9014251781472684 0
0 0.6704275534441805 0 0.6704275534441805 0.0492831541218638 0.7434679334916865 0.0492831541218638 0.7434679334916865 0 0.6704275534441805 0
0 0 0.6218637992831542 0.02553444180522565 0.6218637992831542 0.02553444180522565 0.514336917562724 0 0.514336917562724 0 0.6218637992831542
0 0.333729216152019 0.7450716845878136 0.4156769596199525 0.7450716845878136 0.4156769596199525 0.617831541218638 0.333729216152019 0.617831541218638 0.333729216152019 0.7450716845878136
0 0.4337885985748218 0 0.4337885985748218 0.06272401433691756 0.5026722090261283 0.06272401433691756 0.5026722090261283 0 0.4337885985748218 0
0 0.06027315914489311 0.09005376344086022 0.12856294536817103 0.09005376344086022 0.12856294536817103 0.00044802867383512545 0.06027315914489311 0.00044802867383512545 0.06027315914489311 0.09005376344086022
0 0.5463182897862233 0 0.5463182897862233 0.06899641577060932 0.6116389548693587 0.06899641577060932 0.6116389548693587 0 0.5463182897862233 0
0 0.9866389548693587 0.43324372759856633 0.9997030878859857 0.43324372759856633 0.9997030878859857 0.34274193548387094 0.9866389548693587 0.34274193548387094 0.9866389548693587 0.43324372759856633
0 0.0002969121140142518 0.08915770609318996 0.04245843230403801 0.08915770609318996 0.04245843230403801 0.00044802867383512545 0.0002969121140142518 0.00044802867383512545 0.0002969121140142518 0.08915770609318996
0 0.37173396674584325 0.9995519713261649 0.44477434679334915 0.9995519713261649 0.44477434679334915 0.9610215053763441 0.37173396674584325 0.9610215053763441 0.37173396674584325 0.9995519713261649
0 0.746437054631829 0 0.746437054631829 0.04032258064516129 0.8135391923990499 0.04032258064516129 0.8135391923990499 0 0.746437054631829 0
0 0.19239904988123516 0 0.19239904988123516 0.043010752688172046 0.2494061757719715 0.043010752688172046 0.2494061757719715 0 0.19239904988123516 0
0 0.6169833729216152 0.030017921146953404 0.671021377672209 0.030017921146953404 0.671021377672209 0.00044802867383512545 0.6169833729216152 0.00044802867383512545 0.6169833729216152 0.030017921146953404
0 0.9732779097387173 0.9991039426523297 0.9994061757719715 0.9991039426523297 0.9994061757719715 0.9722222222222222 0.9732779097387173 0.9722222222222222 0.9732779097387173 0.9991039426523297
0 0.9762470308788599 0 0.9762470308788599 0.025985663082437275 1 0.025985663082437275 1 0 0.9762470308788599 0
0 0.31799287410926363 0 0.31799287410926363 0.053763440860215055 0.36549881235154397 0.053763440860215055 0.36549881235154397 0 0.31799287410926363 0