0 0.6627579737335835 0.7479879275653923 0.7612570356472795 0.7479879275653923 0.7612570356472795 0.6172032193158954 0.6627579737335835 0.6172032193158954 0.6627579737335835 0.7479879275653923
0 0.7542213883677298 0.5583501006036218 0.8470919324577861 0.5583501006036218 0.8470919324577861 0.4336016096579477 0.7542213883677298 0.4336016096579477 0.7542213883677298 0.5583501006036218
0 0.7682926829268293 0.38329979879275655 0.875234521575985 0.38329979879275655 0.875234521575985 0.2635814889336016 0.7682926829268293 0.2635814889336016 0.7682926829268293 0.38329979879275655
0 0.1904315196998124 0.5437625754527163 0.3058161350844278 0.5437625754527163 0.3058161350844278 0.414989939637827 0.1904315196998124 0.414989939637827 0.1904315196998124 0.5437625754527163
0 0.3344277673545966 0.5669014084507042 0.4357410881801126 0.5669014084507042 0.4357410881801126 0.44114688128772633 0.3344277673545966 0.44114688128772633 0.3344277673545966 0.5669014084507042
0 0.48405253283302063 0.9698189134808853 0.5938086303939962 0.9698189134808853 0.5938086303939962 0.8279678068410463 0.48405253283302063 0.8279678068410463 0.48405253283302063 0.9698189134808853
0 0.8297373358348968 0.4864185110663984 0.9282363977485929 0.4864185110663984 0.9282363977485929 0.37474849094567403 0.8297373358348968 0.37474849094567403 0.8297373358348968 0.4864185110663984
0 0 0.7600603621730382 0.11163227016885553 0.7600603621730382 0.11163227016885553 0.6312877263581489 0 0.6312877263581489 0 0.7600603621730382
0 0.9108818011257036 0.2630784708249497 0.99812382739212 0.2630784708249497 0.99812382739212 0.15241448692152917 0.9108818011257036 0.15241448692152917 0.9108818011257036 0.2630784708249497
0 0.7195121951219512 0.18309859154929578 0.8151969981238274 0.18309859154929578 0.8151969981238274 0.06438631790744467 0.7195121951219512 0.06438631790744467 0.7195121951219512 0.18309859154929578
0 0.5698874296435272 0.3561368209255533 0.6702626641651032 0.3561368209255533 0.6702626641651032 0.21830985915492956 0.5698874296435272 0.21830985915492956 0.5698874296435272 0.3561368209255533
0 0.7823639774859287 0.26156941649899396 0.8696060037523452 0.26156941649899396 0.8696060037523452 0.14989939637826963 0.7823639774859287 0.14989939637826963 0.7823639774859287 0.26156941649899396
0 0.31378986866791747 0.3199195171026157 0.41135084427767354 0.3199195171026157 0.41135084427767354 0.2022132796780684 0.31378986866791747 0.2022132796780684 0.31378986866791747 0.3199195171026157
0 0.28330206378986866 0.47183098591549294 0.3827392120075047 0.47183098591549294 0.3827392120075047 0.34507042253521125 0.28330206378986866 0.34507042253521125 0.28330206378986866 0.47183098591549294
0 0.3897748592870544 0.25704225352112675 0.48827392120075047 0.25704225352112675 0.48827392120075047 0.14134808853118713 0.3897748592870544 0.14134808853118713 0.3897748592870544 0.25704225352112675
0 0.05909943714821764 0.5427565392354124 0.16604127579737335 0.5427565392354124 0.16604127579737335 0.41901408450704225 0.05909943714821764 0.41901408450704225 0.05909943714821764 0.5427565392354124
0 0.08020637898686679 0.20472837022132798 0.18714821763602252 0.20472837022132798 0.18714821763602252 0.08098591549295775 0.08020637898686679 0.08098591549295775 0.08020637898686679 0.20472837022132798
0 0.43855534709193245 0.3335010060362173 0.5417448405253283 0.3335010060362173 0.5417448405253283 0.21579476861167002 0.43855534709193245 0.21579476861167002 0.43855534709193245 0.3335010060362173
0 0.09052532833020638 0.43561368209255535 0.19090056285178236 0.43561368209255535 0.19090056285178236 0.31690140845070425 0.09052532833020638 0.31690140845070425 0.09052532833020638 0.43561368209255535
0 0.41181988742964354 0.4924547283702213 0.5140712945590994 0.4924547283702213 0.5140712945590994 0.3656941649899396 0.41181988742964354 0.3656941649899396 0.41181988742964354 0.4924547283702213
0 0.20684803001876173 0.272635814889336 0.31191369606003755 0.272635814889336 0.31191369606003755 0.15392354124748492 0.20684803001876173 0.15392354124748492 0.20684803001876173 0.272635814889336
0 0.6486866791744841 0.2630784708249497 0.7396810506566605 0.2630784708249497 0.7396810506566605 0.15643863179074446 0.6486866791744841 0.15643863179074446 0.6486866791744841 0.2630784708249497
0 0.5220450281425891 0.6579476861167002 0.6289868667917449 0.6579476861167002 0.6289868667917449 0.5362173038229376 0.5220450281425891 0.5362173038229376 0.5220450281425891 0.6579476861167002
0 0.1669793621013133 0.36519114688128773 0.2701688555347092 0.36519114688128773 0.2701688555347092 0.25251509054325955 0.1669793621013133 0.25251509054325955 0.1669793621013133 0.36519114688128773
0 0.30206378986866794 0.6986921529175051 0.4099437148217636 0.6986921529175051 0.4099437148217636 0.5840040241448692 0.30206378986866794 0.5840040241448692 0.30206378986866794 0.6986921529175051
0 0.7040337711069419 0.32796780684104626 0.7987804878048781 0.32796780684104626 0.7987804878048781 0.21428571428571427 0.7040337711069419 0.21428571428571427 0.7040337711069419 0.32796780684104626
0 0.6261726078799249 0.44466800804828976 0.7190431519699813 0.44466800804828976 0.7190431519699813 0.3329979879275654 0.6261726078799249 0.3329979879275654 0.6261726078799249 0.44466800804828976
0 0.5215759849906192 0.26509054325955733 0.6210131332082551 0.26509054325955733 0.6210131332082551 0.14637826961770622 0.5215759849906192 0.14637826961770622 0.5215759849906192 0.26509054325955733
0 0.028611632270168854 0.6433601609657947 0.13836772983114445 0.6433601609657947 0.13836772983114445 0.5266599597585513 0.028611632270168854 0.5266599597585513 0.028611632270168854 0.6433601609657947
0 0.5459662288930581 0.5513078470824949 0.6444652908067542 0.5513078470824949 0.6444652908067542 0.4305835010060362 0.5459662288930581 0.4305835010060362 0.5459662288930581 0.5513078470824949
0 0.7199812382739212 0.9039235412474849 0.8212945590994372 0.9039235412474849 0.8212945590994372 0.7660965794768612 0.7199812382739212 0.7660965794768612 0.7199812382739212 0.9039235412474849
0 0.7101313320825516 0.4557344064386318 0.8095684803001876 0.4557344064386318 0.8095684803001876 0.36016096579476864 0.7101313320825516 0.36016096579476864 0.7101313320825516 0.4557344064386318
0 0.36679174484052535 0.3953722334004024 0.46153846153846156 0.3953722334004024 0.46153846153846156 0.29275653923541245 0.36679174484052535 0.29275653923541245 0.36679174484052535 0.3953722334004024
0 0.5956848030018762 0.18259557344064387 0.6894934333958724 0.18259557344064387 0.6894934333958724 0.06488933601609657 0.5956848030018762 0.06488933601609657 0.5956848030018762 0.18259557344064387
0 0.44183864915572235 0.7389336016096579 0.5525328330206379 0.7389336016096579 0.5525328330206379 0.608148893360161 0.44183864915572235 0.608148893360161 0.44183864915572235 0.7389336016096579
0 0.9469981238273921 0.9964788732394366 0.9995309568480301 0.9964788732394366 0.9995309568480301 0.8616700201207244 0.9469981238273921 0.8616700201207244 0.9469981238273921 0.9964788732394366
0 0.12898686679174484 0.267102615694165 0.21904315196998123 0.267102615694165 0.21904315196998123 0.15845070422535212 0.12898686679174484 0.15845070422535212 0.12898686679174484 0.267102615694165
0 0.8456848030018762 0.18611670020120724 0.9394934333958724 0.18611670020120724 0.9394934333958724 0.06740442655935613 0.8456848030018762 0.06740442655935613 0.8456848030018762 0.18611670020120724
0 0.4174484052532833 0.8767605633802817 0.5281425891181989 0.8767605633802817 0.5281425891181989 0.7389336016096579 0.4174484052532833 0.7389336016096579 0.4174484052532833 0.8767605633802817
0 0.474202626641651 0.19718309859154928 0.5773921200750469 0.19718309859154928 0.5773921200750469 0.07344064386317907 0.474202626641651 0.07344064386317907 0.474202626641651 0.19718309859154928
0 0.28283302063789867 0.20422535211267606 0.3822701688555347 0.20422535211267606 0.3822701688555347 0.08953722334004025 0.28283302063789867 0.08953722334004025 0.28283302063789867 0.20422535211267606
0 0.20590994371482177 0.1579476861167002 0.3175422138836773 0.1579476861167002 0.3175422138836773 0.06338028169014084 0.20590994371482177 0.06338028169014084 0.20590994371482177 0.1579476861167002
0 0 0.28621730382293764 0.038461538461538464 0.28621730382293764 0.038461538461538464 0.17152917505030182 0 0.17152917505030182 0 0.28621730382293764
0 0.39634146341463417 0.14839034205231388 0.4929643527204503 0.14839034205231388 0.4929643527204503 0.0658953722334004 0.39634146341463417 0.0658953722334004 0.39634146341463417 0.14839034205231388
0 1 0.3727364185110664 0.9681050656660413 0.3727364185110664 0.9681050656660413 0.4864185110663984 1 0.4864185110663984 1 0.3727364185110664
0 0.973264540337711 0.3395372233400402 0.9995309568480301 0.3395372233400402 0.9995309568480301 0.22887323943661972 0.973264540337711 0.22887323943661972 0.973264540337711 0.3395372233400402
0 0.9779549718574109 0.176056338028169 0.9995309568480301 0.176056338028169 0.9995309568480301 0.08350100603621731 0.9779549718574109 0.08350100603621731 0.9779549718574109 0.176056338028169
0 0 0.806841046277666 0.017823639774859287 0.806841046277666 0.017823639774859287 0.7283702213279678 0 0.7283702213279678 0 0.806841046277666
0 0 0.3646881287726358 0.009380863039399626 0.3646881287726358 0.009380863039399626 0.3023138832997988 0 0.3023138832997988 0 0.3646881287726358