0 0.19180522565320665 0.6164874551971327 0.2678147268408551 0.6164874551971327 0.2678147268408551 0.49193548387096775 0.19180522565320665 0.49193548387096775 0.19180522565320665 0.6164874551971327
0 0.8191805225653207 0.8575268817204301 0.9058788598574822 0.8575268817204301 0.9058788598574822 0.7150537634408602 0.8191805225653207 0.7150537634408602 0.8191805225653207 0.8575268817204301
0 0.49049881235154397 0.5707885304659498 0.5700712589073634 0.5707885304659498 0.5700712589073634 0.4345878136200717 0.49049881235154397 0.4345878136200717 0.49049881235154397 0.5707885304659498
0 0.028503562945368172 0.41084229390681004 0.10273159144893111 0.41084229390681004 0.10273159144893111 0.3086917562724014 0.028503562945368172 0.3086917562724014 0.028503562945368172 0.41084229390681004
0 0.5026722090261283 0.21236559139784947 0.5685866983372921 0.21236559139784947 0.5685866983372921 0.0913978494623656 0.5026722090261283 0.0913978494623656 0.5026722090261283 0.21236559139784947
0 0.06353919239904988 0.3239247311827957 0.12885985748218529 0.3239247311827957 0.12885985748218529 0.21012544802867383 0.06353919239904988 0.21012544802867383 0.06353919239904988 0.3239247311827957
0 0.6861638954869359 0.1935483870967742 0.7663301662707839 0.1935483870967742 0.7663301662707839 0.07347670250896057 0.6861638954869359 0.07347670250896057 0.6861638954869359 0.1935483870967742
0 0.22654394299287411 0.2871863799283154 0.2930522565320665 0.2871863799283154 0.2930522565320665 0.18503584229390682 0.22654394299287411 0.18503584229390682 0.22654394299287411 0.2871863799283154
0 0.7829572446555819 0.6944444444444444 0.8672802850356295 0.6944444444444444 0.8672802850356295 0.5654121863799283 0.7829572446555819 0.5654121863799283 0.7829572446555819 0.6944444444444444
0 0.47209026128266035 0.35125448028673834 0.5409738717339667 0.35125448028673834 0.5409738717339667 0.2410394265232975 0.47209026128266035 0.2410394265232975 0.47209026128266035 0.35125448028673834
0 0.7675178147268409 0.20519713261648745 0.8405581947743468 0.20519713261648745 0.8405581947743468 0.07437275985663082 0.7675178147268409 0.07437275985663082 0.7675178147268409 0.20519713261648745
0 0.33224465558194777 0.235663082437276 0.40469121140142517 0.235663082437276 0.40469121140142517 0.12365591397849462 0.33224465558194777 0.12365591397849462 0.33224465558194777 0.235663082437276
0 0.1377672209026128 0.2921146953405018 0.20308788598574823 0.2921146953405018 0.20308788598574823 0.17562724014336917 0.1377672209026128 0.17562724014336917 0.1377672209026128 0.2921146953405018
0 0.41953681710213775 0.5564516129032258 0.49554631828978624 0.5564516129032258 0.49554631828978624 0.4283154121863799 0.41953681710213775 0.4283154121863799 0.41953681710213775 0.5564516129032258
0 0.13984560570071258 0.5967741935483871 0.20576009501187648 0.5967741935483871 0.20576009501187648 0.47939068100358423 0.13984560570071258 0.47939068100358423 0.13984560570071258 0.5967741935483871
0 0.7428741092636579 0.3095878136200717 0.8099762470308789 0.3095878136200717 0.8099762470308789 0.19041218637992832 0.7428741092636579 0.19041218637992832 0.7428741092636579 0.3095878136200717
0 0.4254750593824228 0.43413978494623656 0.4931710213776722 0.43413978494623656 0.4931710213776722 0.3364695340501792 0.4254750593824228 0.3364695340501792 0.4254750593824228 0.43413978494623656
0 0.3168052256532066 0.35439068100358423 0.377375296912114 0.35439068100358423 0.377375296912114 0.22625448028673836 0.3168052256532066 0.22625448028673836 0.3168052256532066 0.35439068100358423
0 0.5911520190023754 0.17652329749103943 0.6540973871733967 0.17652329749103943 0.6540973871733967 0.05017921146953405 0.5911520190023754 0.05017921146953405 0.5911520190023754 0.17652329749103943
0 0.5495843230403801 0.27508960573476704 0.6244061757719715 0.27508960573476704 0.6244061757719715 0.1586021505376344 0.5495843230403801 0.1586021505376344 0.5495843230403801 0.27508960573476704
0 0.6490498812351544 0.3055555555555556 0.7280285035629454 0.3055555555555556 0.7280285035629454 0.18369175627240145 0.6490498812351544 0.18369175627240145 0.6490498812351544 0.3055555555555556
0 0.43705463182897863 0.2625448028673835 0.5041567695961995 0.2625448028673835 0.5041567695961995 0.14068100358422939 0.43705463182897863 0.14068100358422939 0.43705463182897863 0.2625448028673835
0 0.3577790973871734 0.42383512544802865 0.43081947743467935 0.42383512544802865 0.43081947743467935 0.2948028673835125 0.3577790973871734 0.2948028673835125 0.3577790973871734 0.42383512544802865
0 0.3806413301662708 0.30510752688172044 0.44061757719714967 0.30510752688172044 0.44061757719714967 0.19668458781362008 0.3806413301662708 0.19668458781362008 0.3806413301662708 0.30510752688172044
0 0.6520190023752969 0.09901433691756273 0.7351543942992874 0.09901433691756273 0.7351543942992874 0.0013440860215053765 0.6520190023752969 0.0013440860215053765 0.6520190023752969 0.09901433691756273
0 0.13657957244655583 0.12768817204301075 0.19774346793349168 0.12768817204301075 0.19774346793349168 0.0246415770609319 0.13657957244655583 0.0246415770609319 0.13657957244655583 0.12768817204301075
0 0.003859857482185273 0.31675627240143367 0.06680522565320665 0.31675627240143367 0.06680522565320665 0.20833333333333334 0.003859857482185273 0.20833333333333334 0.003859857482185273 0.31675627240143367
0 0.44299287410926363 0.14516129032258066 0.5124703087885986 0.14516129032258066 0.5124703087885986 0.05465949820788531 0.44299287410926363 0.05465949820788531 0.44299287410926363 0.14516129032258066
0 0 0.4838709677419355 0.04513064133016627 0.4838709677419355 0.04513064133016627 0.3655913978494624 0 0.3655913978494624 0 0.4838709677419355
0 0.20457244655581946 0.45474910394265233 0.2722684085510689 0.45474910394265233 0.2722684085510689 0.34543010752688175 0.20457244655581946 0.34543010752688175 0.20457244655581946 0.45474910394265233
0 0 0.2414874551971326 0.04631828978622328 0.2414874551971326 0.04631828978622328 0.14381720430107528 0 0.14381720430107528 0 0.2414874551971326
0 0.8497624703087886 0.14874551971326164 0.9346793349168646 0.14874551971326164 0.9346793349168646 0.03046594982078853 0.8497624703087886 0.03046594982078853 0.8497624703087886 0.14874551971326164
0 0.6255938242280285 0.6012544802867383 0.6980403800475059 0.6012544802867383 0.6980403800475059 0.46953405017921146 0.6255938242280285 0.46953405017921146 0.6255938242280285 0.6012544802867383
0 0.09055819477434679 0.10707885304659498 0.14459619952494063 0.10707885304659498 0.14459619952494063 0.00492831541218638 0.09055819477434679 0.00492831541218638 0.09055819477434679 0.10707885304659498
0 0.5329572446555819 0.1124551971326165 0.6012470308788599 0.1124551971326165 0.6012470308788599 0.021953405017921146 0.5329572446555819 0.021953405017921146 0.5329572446555819 0.1124551971326165
0 0.21823040380047506 0.08915770609318996 0.26811163895486934 0.08915770609318996 0.26811163895486934 0.0031362007168458782 0.21823040380047506 0.0031362007168458782 0.21823040380047506 0.08915770609318996
0 0.32304038004750596 0.08826164874551971 0.39251781472684083 0.08826164874551971 0.39251781472684083 0.00044802867383512545 0.32304038004750596 0.00044802867383512545 0.32304038004750596 0.08826164874551971
0 0.19061757719714964 0.22043010752688172 0.2517814726840855 0.22043010752688172 0.2517814726840855 0.12007168458781362 0.19061757719714964 0.12007168458781362 0.19061757719714964 0.22043010752688172
0 0.9566508313539193 0.34901433691756273 0.9994061757719715 0.34901433691756273 0.9994061757719715 0.2271505376344086 0.9566508313539193 0.2271505376344086 0.9566508313539193 0.34901433691756273
0 0.036520190023752966 0.17204301075268819 0.10421615201900238 0.17204301075268819 0.10421615201900238 0.07974910394265233 0.036520190023752966 0.07974910394265233 0.036520190023752966 0.17204301075268819
0 0.26128266033254155 0.3660394265232975 0.3194774346793349 0.3660394265232975 0.3194774346793349 0.24596774193548387 0.26128266033254155 0.24596774193548387 0.26128266033254155 0.3660394265232975
0 0.06977434679334917 0.21729390681003585 0.13271971496437054 0.21729390681003585 0.13271971496437054 0.13306451612903225 0.06977434679334917 0.13306451612903225 0.06977434679334917 0.21729390681003585
0 0.24732779097387173 0.14829749103942652 0.3061163895486936 0.14829749103942652 0.3061163895486936 0.041666666666666664 0.24732779097387173 0.041666666666666664 0.24732779097387173 0.14829749103942652
0 0.4144893111638955 0 0.4144893111638955 0.06899641577060932 0.47980997624703087 0.06899641577060932 0.47980997624703087 0 0.4144893111638955 0
0 0.48693586698337293 0 0.48693586698337293 0.06272401433691756 0.5552256532066508 0.06272401433691756 0.5552256532066508 0 0.48693586698337293 0
0 0 0.367831541218638 0.014251781472684086 0.367831541218638 0.014251781472684086 0.3024193548387097 0 0.3024193548387097 0 0.367831541218638
0 0 0.14874551971326164 0.01840855106888361 0.14874551971326164 0.01840855106888361 0.09498207885304659 0 0.09498207885304659 0 0.14874551971326164
0 0.022565320665083134 0.038978494623655914 0.07719714964370546 0.038978494623655914 0.07719714964370546 0.00044802867383512545 0.022565320665083134 0.00044802867383512545 0.022565320665083134 0.038978494623655914
0 0.8595605700712589 0 0.8595605700712589 0.036738351254480286 0.9308194774346793 0.036738351254480286 0.9308194774346793 0 0.8595605700712589 0
0 0.6036223277909739 0 0.6036223277909739 0.051075268817204304 0.6713182897862233 0.051075268817204304 0.6713182897862233 0 0.6036223277909739 0
0 0 0.6792114695340502 0.010688836104513063 0.6792114695340502 0.010688836104513063 0.6111111111111112 0 0.6111111111111112 0 0.6792114695340502