0 0.6819803746654772 0.19202302631578946 0.7738626226583407 0.19202302631578946 0.7738626226583407 0.04481907894736842 0.6819803746654772 0.04481907894736842 0.6819803746654772 0.19202302631578946
0 0.6418376449598573 0.7865953947368421 0.7328278322925958 0.7865953947368421 0.7328278322925958 0.6459703947368421 0.6418376449598573 0.6459703947368421 0.6418376449598573 0.7865953947368421
0 0.7905887600356825 0.15666118421052633 0.8811329170383586 0.15666118421052633 0.8811329170383586 0.013569078947368422 0.7905887600356825 0.013569078947368422 0.7905887600356825 0.15666118421052633
0 0.752007136485281 0.421875 0.848349687778769 0.421875 0.848349687778769 0.2837171052631579 0.752007136485281 0.2837171052631579 0.752007136485281 0.421875
0 0.4444692239072257 0.4897203947368421 0.5158340767172168 0.4897203947368421 0.5158340767172168 0.3334703947368421 0.4444692239072257 0.3334703947368421 0.4444692239072257 0.4897203947368421
0 0.2983942908117752 0.2993421052631579 0.3728813559322034 0.2993421052631579 0.3728813559322034 0.1356907894736842 0.2983942908117752 0.1356907894736842 0.2983942908117752 0.2993421052631579
0 0.834299732381802 0.561266447368421 0.9101248884924175 0.561266447368421 0.9101248884924175 0.3861019736842105 0.834299732381802 0.3861019736842105 0.834299732381802 0.561266447368421
0 0.09143621766280106 0.7388980263157895 0.18198037466547726 0.7388980263157895 0.18198037466547726 0.6163651315789473 0.09143621766280106 0.6163651315789473 0.09143621766280106 0.7388980263157895
0 0.7421944692239072 0.5789473684210527 0.8309545049063336 0.5789473684210527 0.8309545049063336 0.42680921052631576 0.7421944692239072 0.42680921052631576 0.7421944692239072 0.5789473684210527
0 0.4170383586083854 0.3125 0.5035682426404996 0.3125 0.5035682426404996 0.1768092105263158 0.4170383586083854 0.1768092105263158 0.4170383586083854 0.3125
0 0.09299732381801963 0.6175986842105263 0.17372881355932204 0.6175986842105263 0.17372881355932204 0.4605263157894737 0.09299732381801963 0.4605263157894737 0.09299732381801963 0.6175986842105263
0 0.8530330062444246 0.7594572368421053 0.9284121320249777 0.7594572368421053 0.9284121320249777 0.5818256578947368 0.8530330062444246 0.5818256578947368 0.8530330062444246 0.7594572368421053
0 0.5138269402319358 0.9983552631578947 0.6057091882247992 0.9983552631578947 0.6057091882247992 0.8486842105263158 0.5138269402319358 0.8486842105263158 0.5138269402319358 0.9983552631578947
0 0.0987957181088314 0.9625822368421053 0.18398751115075826 0.9625822368421053 0.18398751115075826 0.8252467105263158 0.0987957181088314 0.8252467105263158 0.0987957181088314 0.9625822368421053
0 0.525200713648528 0.17722039473684212 0.6037020517395183 0.17722039473684212 0.6037020517395183 0.03577302631578947 0.525200713648528 0.03577302631578947 0.525200713648528 0.17722039473684212
0 0.1389384478144514 0.842516447368421 0.22323818019625336 0.842516447368421 0.22323818019625336 0.7208059210526315 0.1389384478144514 0.7208059210526315 0.1389384478144514 0.842516447368421
0 0.5492863514719001 0.8700657894736842 0.6335860838537021 0.8700657894736842 0.6335860838537021 0.7360197368421053 0.5492863514719001 0.7360197368421053 0.5492863514719001 0.8700657894736842
0 0.013380909901873328 0.20148026315789475 0.09455842997323818 0.20148026315789475 0.09455842997323818 0.044407894736842105 0.013380909901873328 0.044407894736842105 0.013380909901873328 0.20148026315789475
0 0.44781445138269405 0.18667763157894737 0.5187332738626227 0.18667763157894737 0.5187332738626227 0.023848684210526317 0.44781445138269405 0.023848684210526317 0.44781445138269405 0.18667763157894737
0 0.7914808206958073 0.8898026315789473 0.8838090990187333 0.8898026315789473 0.8838090990187333 0.740953947368421 0.7914808206958073 0.740953947368421 0.7914808206958073 0.8898026315789473
0 0.7705173951828724 0.7290296052631579 0.846342551293488 0.7290296052631579 0.846342551293488 0.5818256578947368 0.7705173951828724 0.5818256578947368 0.7705173951828724 0.7290296052631579
0 0.7957181088314005 0.3001644736842105 0.8880463871543265 0.3001644736842105 0.8880463871543265 0.16282894736842105 0.7957181088314005 0.16282894736842105 0.7957181088314005 0.3001644736842105
0 0.33630686886708294 0.6233552631578947 0.4143621766280107 0.6233552631578947 0.4143621766280107 0.48601973684210525 0.33630686886708294 0.48601973684210525 0.33630686886708294 0.6233552631578947
0 0.3641837644959857 0.4510690789473684 0.4382247992863515 0.4510690789473684 0.4382247992863515 0.2923519736842105 0.3641837644959857 0.2923519736842105 0.3641837644959857 0.4510690789473684
0 0.3458965209634255 0 0.3458965209634255 0.09950657894736842 0.42305976806422835 0.09950657894736842 0.42305976806422835 0 0.3458965209634255 0
0 0.029884032114183764 0.9629934210526315 0.10615521855486174 0.9629934210526315 0.10615521855486174 0.8133223684210527 0.029884032114183764 0.8133223684210527 0.029884032114183764 0.9629934210526315
0 0.7390722569134701 0.9991776315789473 0.8180196253345228 0.9991776315789473 0.8180196253345228 0.9021381578947368 0.7390722569134701 0.9021381578947368 0.7390722569134701 0.9991776315789473
0 0 0.7619243421052632 0.040588760035682424 0.7619243421052632 0.040588760035682424 0.6287006578947368 0 0.6287006578947368 0 0.7619243421052632
0 0.8559322033898306 0.975328947368421 0.9482604817127565 0.975328947368421 0.9482604817127565 0.8412828947368421 0.8559322033898306 0.8412828947368421 0.8559322033898306 0.975328947368421
0 0 0.8865131578947368 0.05173951828724353 0.8865131578947368 0.05173951828724353 0.7664473684210527 0 0.7664473684210527 0 0.8865131578947368
0 0 0.15378289473684212 0.015611061552185548 0.15378289473684212 0.015611061552185548 0.03536184210526316 0 0.03536184210526316 0 0.15378289473684212
0 0.9121320249776985 1 0.9121320249776985 0.9588815789473685 0.8421052631578947 0.9588815789473685 0.8421052631578947 1 0.9121320249776985 1
0 0 0.9995888157894737 0.06244424620874219 0.9995888157894737 0.06244424620874219 0.9510690789473685 0 0.9510690789473685 0 0.9995888157894737
0 0.737957181088314 1 0.737957181088314 0.9629934210526315 0.678635147190009 0.9629934210526315 0.678635147190009 1 0.737957181088314 1
0 0.00022301516503122213 0.29070723684210525 0.00958965209634255 0.29070723684210525 0.00958965209634255 0.20518092105263158 0.00022301516503122213 0.20518092105263158 0.00022301516503122213 0.29070723684210525