0 0.1669793621013133 0.8913480885311871 0.2870544090056285 0.8913480885311871 0.2870544090056285 0.7545271629778671 0.1669793621013133 0.7545271629778671 0.1669793621013133 0.8913480885311871
0 0.8081613508442776 0.6398390342052314 0.898217636022514 0.6398390342052314 0.898217636022514 0.5160965794768612 0.8081613508442776 0.5160965794768612 0.8081613508442776 0.6398390342052314
0 0.7884615384615384 0.8078470824949698 0.8907129455909943 0.8078470824949698 0.8907129455909943 0.6780684104627767 0.7884615384615384 0.6780684104627767 0.7884615384615384 0.8078470824949698
0 0.26641651031894936 0.1795774647887324 0.3696060037523452 0.1795774647887324 0.3696060037523452 0.06086519114688129 0.26641651031894936 0.06086519114688129 0.26641651031894936 0.1795774647887324
0 0.7584427767354597 0.39285714285714285 0.8484990619136961 0.39285714285714285 0.8484990619136961 0.26509054325955733 0.7584427767354597 0.26509054325955733 0.7584427767354597 0.39285714285714285
0 0.7439024390243902 0.5271629778672032 0.8367729831144465 0.5271629778672032 0.8367729831144465 0.4074446680080483 0.7439024390243902 0.4074446680080483 0.7439024390243902 0.5271629778672032
0 0.5806754221388368 0.721830985915493 0.6782363977485929 0.721830985915493 0.6782363977485929 0.608148893360161 0.5806754221388368 0.608148893360161 0.5806754221388368 0.721830985915493
0 0.003283302063789869 0.6488933601609658 0.1224202626641651 0.6488933601609658 0.1224202626641651 0.5271629778672032 0.003283302063789869 0.5271629778672032 0.003283302063789869 0.6488933601609658
0 0.38133208255159473 0.9894366197183099 0.4929643527204503 0.9894366197183099 0.4929643527204503 0.8506036217303823 0.38133208255159473 0.8506036217303823 0.38133208255159473 0.9894366197183099
0 0.13555347091932457 0.738430583501006 0.24718574108818012 0.738430583501006 0.24718574108818012 0.607645875251509 0.13555347091932457 0.607645875251509 0.13555347091932457 0.738430583501006
0 0.599437148217636 0.511569416498994 0.7045028142589118 0.511569416498994 0.7045028142589118 0.3737424547283702 0.599437148217636 0.3737424547283702 0.599437148217636 0.511569416498994
0 0 0.32796780684104626 0.08067542213883677 0.32796780684104626 0.08067542213883677 0.21026156941649898 0 0.21026156941649898 0 0.32796780684104626
0 0.2847091932457786 0.3777665995975855 0.39352720450281425 0.3777665995975855 0.39352720450281425 0.26006036217303824 0.2847091932457786 0.26006036217303824 0.2847091932457786 0.3777665995975855
0 0.700281425891182 0.9124748490945674 0.8072232645403377 0.9124748490945674 0.8072232645403377 0.7736418511066399 0.700281425891182 0.7736418511066399 0.700281425891182 0.9124748490945674
0 0.6261726078799249 0.3546277665995976 0.7218574108818011 0.3546277665995976 0.7218574108818011 0.22887323943661972 0.6261726078799249 0.22887323943661972 0.6261726078799249 0.3546277665995976
0 0.700750469043152 0.29074446680080485 0.7889305816135085 0.29074446680080485 0.7889305816135085 0.16800804828973842 0.700750469043152 0.16800804828973842 0.700750469043152 0.29074446680080485
0 0.04409005628517824 0.5437625754527163 0.15384615384615385 0.5437625754527163 0.15384615384615385 0.42303822937625757 0.04409005628517824 0.42303822937625757 0.04409005628517824 0.5437625754527163
0 0.8968105065666041 0.29275653923541245 0.9906191369606003 0.29275653923541245 0.9906191369606003 0.1720321931589537 0.8968105065666041 0.1720321931589537 0.8968105065666041 0.29275653923541245
0 0.09146341463414634 0.34909456740442657 0.20590994371482177 0.34909456740442657 0.20590994371482177 0.21227364185110664 0.09146341463414634 0.21227364185110664 0.09146341463414634 0.34909456740442657
0 0.31941838649155724 0.2580482897384306 0.41416510318949346 0.2580482897384306 0.41416510318949346 0.14537223340040242 0.31941838649155724 0.14537223340040242 0.31941838649155724 0.2580482897384306
0 0.4727954971857411 0.48490945674044267 0.5684803001876173 0.48490945674044267 0.5684803001876173 0.36217303822937624 0.4727954971857411 0.36217303822937624 0.4727954971857411 0.48490945674044267
0 0.24718574108818012 0.5497987927565392 0.3550656660412758 0.5497987927565392 0.3550656660412758 0.426056338028169 0.24718574108818012 0.426056338028169 0.24718574108818012 0.5497987927565392
0 0.4892120075046904 0.7917505030181087 0.5980300187617261 0.7917505030181087 0.5980300187617261 0.6599597585513078 0.4892120075046904 0.6599597585513078 0.4892120075046904 0.7917505030181087
0 0.3334896810506567 0.4788732394366197 0.4376172607879925 0.4788732394366197 0.4376172607879925 0.3672032193158954 0.3334896810506567 0.3672032193158954 0.3334896810506567 0.4788732394366197
0 0.849437148217636 0.37525150905432597 0.9376172607879925 0.37525150905432597 0.9376172607879925 0.2545271629778672 0.849437148217636 0.2545271629778672 0.849437148217636 0.37525150905432597
0 0.49671669793621015 0.3415492957746479 0.5942776735459663 0.3415492957746479 0.5942776735459663 0.21780684104627768 0.49671669793621015 0.21780684104627768 0.49671669793621015 0.3415492957746479
0 0.5773921200750469 0.2505030181086519 0.6674484052532833 0.2505030181086519 0.6674484052532833 0.14084507042253522 0.5773921200750469 0.14084507042253522 0.5773921200750469 0.2505030181086519
0 0.7893996247654784 0.2857142857142857 0.8822701688555347 0.2857142857142857 0.8822701688555347 0.1720321931589537 0.7893996247654784 0.1720321931589537 0.7893996247654784 0.2857142857142857
0 0.6097560975609756 0.9979879275653923 0.7204502814258912 0.9979879275653923 0.7204502814258912 0.8993963782696177 0.6097560975609756 0.8993963782696177 0.6097560975609756 0.9979879275653923
0 0.7312382739212008 0.18661971830985916 0.8212945590994372 0.18661971830985916 0.8212945590994372 0.07796780684104627 0.7312382739212008 0.07796780684104627 0.7312382739212008 0.18661971830985916
0 0.14071294559099437 0.17857142857142858 0.24671669793621012 0.17857142857142858 0.24671669793621012 0.06086519114688129 0.14071294559099437 0.06086519114688129 0.14071294559099437 0.17857142857142858
0 0.9263602251407129 0.1836016096579477 0.9995309568480301 0.1836016096579477 0.9995309568480301 0.06690140845070422 0.9263602251407129 0.06690140845070422 0.9263602251407129 0.1836016096579477
0 0.524859287054409 0.17354124748490946 0.624296435272045 0.17354124748490946 0.624296435272045 0.06287726358148893 0.524859287054409 0.06287726358148893 0.524859287054409 0.17354124748490946
0 0.725609756097561 0.7122736418511066 0.8212945590994372 0.7122736418511066 0.8212945590994372 0.579476861167002 0.725609756097561 0.579476861167002 0.725609756097561 0.7122736418511066
0 0.1378986866791745 0.4381287726358149 0.23639774859287055 0.4381287726358149 0.23639774859287055 0.32645875251509054 0.1378986866791745 0.32645875251509054 0.1378986866791745 0.4381287726358149
0 0.18198874296435272 0.25704225352112675 0.2851782363977486 0.25704225352112675 0.2851782363977486 0.15140845070422534 0.18198874296435272 0.15140845070422534 0.18198874296435272 0.25704225352112675
0 0.3968105065666041 0.1805835010060362 0.4924953095684803 0.1805835010060362 0.4924953095684803 0.06488933601609657 0.3968105065666041 0.06488933601609657 0.3968105065666041 0.1805835010060362
0 0.05956848030018762 0.2545271629778672 0.1674484052532833 0.2545271629778672 0.1674484052532833 0.14185110663983905 0.05956848030018762 0.14185110663983905 0.05956848030018762 0.2545271629778672
0 0.4446529080675422 0.2590543259557344 0.5422138836772983 0.2590543259557344 0.5422138836772983 0.1493963782696177 0.4446529080675422 0.1493963782696177 0.4446529080675422 0.2590543259557344
0 0.22138836772983114 0.448692152917505 0.32082551594746717 0.448692152917505 0.32082551594746717 0.35311871227364183 0.22138836772983114 0.35311871227364183 0.22138836772983114 0.448692152917505
0 0.2326454033771107 0.3224346076458752 0.33583489681050654 0.3224346076458752 0.33583489681050654 0.20875251509054327 0.2326454033771107 0.20875251509054327 0.2326454033771107 0.3224346076458752
0 0 0.9486921529175051 0.051594746716697934 0.9486921529175051 0.051594746716697934 0.817907444668008 0 0.817907444668008 0 0.9486921529175051
0 0.017823639774859287 0.19064386317907445 0.1350844277673546 0.19064386317907445 0.1350844277673546 0.06891348088531186 0.017823639774859287 0.06891348088531186 0.017823639774859287 0.19064386317907445
0 0.6486866791744841 0.19919517102615694 0.7293621013133208 0.19919517102615694 0.7293621013133208 0.0925553319919517 0.6486866791744841 0.0925553319919517 0.6486866791744841 0.19919517102615694
0 0.8400562851782364 0.19164989939637828 0.9235459662288931 0.19164989939637828 0.9235459662288931 0.08400402414486921 0.8400562851782364 0.08400402414486921 0.8400562851782364 0.19164989939637828
0 0.9610694183864915 0.3893360160965795 0.9995309568480301 0.3893360160965795 0.9995309568480301 0.2796780684104628 0.9610694183864915 0.2796780684104628 0.9610694183864915 0.3893360160965795
0 0.00046904315196998124 0.477364185110664 0.03424015009380863 0.477364185110664 0.03424015009380863 0.363682092555332 0.00046904315196998124 0.363682092555332 0.00046904315196998124 0.477364185110664
0 0 0.7223340040241448 0.03470919324577861 0.7223340040241448 0.03470919324577861 0.6086519114688129 0 0.6086519114688129 0 0.7223340040241448
0 0 0.2147887323943662 0.03564727954971857 0.2147887323943662 0.03564727954971857 0.14134808853118713 0 0.14134808853118713 0 0.2147887323943662
0 0 0.1443661971830986 0.04221388367729831 0.1443661971830986 0.04221388367729831 0.06086519114688129 0 0.06086519114688129 0 0.1443661971830986
0 0.4441838649155722 0.9984909456740443 0.5351782363977486 0.9984909456740443 0.5351782363977486 0.9783702213279678 0.4441838649155722 0.9783702213279678 0.4441838649155722 0.9984909456740443
0 0.9910881801125704 0.27414486921529174 0.9995309568480301 0.27414486921529174 0.9995309568480301 0.19969818913480886 0.9910881801125704 0.19969818913480886 0.9910881801125704 0.27414486921529174