0 0.7873216245883644 0.9129335260115607 0.900384193194292 0.9129335260115607 0.900384193194292 0.7720375722543352 0.7873216245883644 0.7720375722543352 0.7873216245883644 0.9129335260115607
0 0.7063666300768386 0.7015895953757225 0.7941822173435785 0.7015895953757225 0.7941822173435785 0.569364161849711 0.7063666300768386 0.569364161849711 0.7063666300768386 0.7015895953757225
0 0.3888583973655324 0.9010115606936416 0.4645993413830955 0.9010115606936416 0.4645993413830955 0.7702312138728323 0.3888583973655324 0.7702312138728323 0.3888583973655324 0.9010115606936416
0 0.683589462129528 0.5307080924855492 0.7730515916575192 0.5307080924855492 0.7730515916575192 0.3999277456647399 0.683589462129528 0.3999277456647399 0.683589462129528 0.5307080924855492
0 0.5694291986827662 0.680635838150289 0.6621844127332601 0.680635838150289 0.6621844127332601 0.5621387283236994 0.5694291986827662 0.5621387283236994 0.5694291986827662 0.680635838150289
0 0.16849615806805707 0.7951589595375722 0.24313940724478594 0.7951589595375722 0.24313940724478594 0.673771676300578 0.16849615806805707 0.673771676300578 0.16849615806805707 0.7951589595375722
0 0.5740944017563118 0.41871387283236994 0.6608122941822173 0.41871387283236994 0.6608122941822173 0.2922687861271676 0.5740944017563118 0.2922687861271676 0.5740944017563118 0.41871387283236994
0 0.563940724478595 0.9132947976878613 0.6588913282107574 0.9132947976878613 0.6588913282107574 0.7911849710982659 0.563940724478595 0.7911849710982659 0.563940724478595 0.9132947976878613
0 0.48902305159165754 0.775650289017341 0.570801317233809 0.775650289017341 0.570801317233809 0.6607658959537572 0.48902305159165754 0.6607658959537572 0.48902305159165754 0.775650289017341
0 0.2843029637760702 0.710621387283237 0.36827661909989023 0.710621387283237 0.36827661909989023 0.604407514450867 0.2843029637760702 0.604407514450867 0.2843029637760702 0.710621387283237
0 0.4607574094401756 0.6625722543352601 0.537596048298573 0.6625722543352601 0.537596048298573 0.5361271676300579 0.4607574094401756 0.5361271676300579 0.4607574094401756 0.6625722543352601
0 0.3866630076838639 0.6867774566473989 0.4602085620197585 0.6867774566473989 0.4602085620197585 0.5805635838150289 0.3866630076838639 0.5805635838150289 0.3866630076838639 0.6867774566473989
0 0.3186059275521405 1 0.3186059275521405 0.9147398843930635 0.23682766190998902 0.9147398843930635 0.23682766190998902 1 0.3186059275521405 1
0 0.6023600439077936 0.9996387283236994 0.7044456641053787 0.9996387283236994 0.7044456641053787 0.9165462427745664 0.6023600439077936 0.9165462427745664 0.6023600439077936 0.9996387283236994
0 0.7288693743139407 0.9996387283236994 0.8397365532381997 0.9996387283236994 0.8397365532381997 0.8927023121387283 0.7288693743139407 0.8927023121387283 0.7288693743139407 0.9996387283236994
0 0.5762897914379802 0.7944364161849711 0.6684961580680571 0.7944364161849711 0.6684961580680571 0.6817196531791907 0.5762897914379802 0.6817196531791907 0.5762897914379802 0.7944364161849711
0 0.23819978046103182 0.909320809248555 0.31339187705817784 0.909320809248555 0.31339187705817784 0.7980491329479769 0.23819978046103182 0.7980491329479769 0.23819978046103182 0.909320809248555
0 0.28210757409440174 0.26734104046242774 0.35071350164654225 0.26734104046242774 0.35071350164654225 0.16618497109826588 0.28210757409440174 0.16618497109826588 0.28210757409440174 0.26734104046242774
0 0.14050493962678376 0.930635838150289 0.22722283205268934 0.930635838150289 0.22722283205268934 0.8236994219653179 0.14050493962678376 0.8236994219653179 0.14050493962678376 0.930635838150289
0 0.10729967069154775 0.8164739884393064 0.17590559824368826 0.8164739884393064 0.17590559824368826 0.7066473988439307 0.10729967069154775 0.7066473988439307 0.10729967069154775 0.8164739884393064
0 0.10318331503841932 0.1448699421965318 0.17672886937431395 0.1448699421965318 0.17672886937431395 0.061777456647398844 0.10318331503841932 0.061777456647398844 0.10318331503841932 0.1448699421965318
0 0.2384742041712404 0.6134393063583815 0.32409440175631177 0.6134393063583815 0.32409440175631177 0.5180635838150289 0.2384742041712404 0.5180635838150289 0.2384742041712404 0.6134393063583815
0 0.31339187705817784 0.8840317919075145 0.3880351262349067 0.8840317919075145 0.3880351262349067 0.7648121387283237 0.31339187705817784 0.7648121387283237 0.31339187705817784 0.8840317919075145
0 0.21185510428100987 0.5126445086705202 0.29747530186608123 0.5126445086705202 0.29747530186608123 0.4172687861271676 0.21185510428100987 0.4172687861271676 0.21185510428100987 0.5126445086705202
0 0.2030735455543359 0.17304913294797689 0.27552140504939626 0.17304913294797689 0.27552140504939626 0.06322254335260116 0.2030735455543359 0.06322254335260116 0.2030735455543359 0.17304913294797689
0 0.0765642151481888 0.9992774566473989 0.15834248079034027 0.9992774566473989 0.15834248079034027 0.8872832369942196 0.0765642151481888 0.8872832369942196 0.0765642151481888 0.9992774566473989
0 0.2132272228320527 0.2976878612716763 0.2884193194291987 0.2976878612716763 0.2884193194291987 0.18352601156069365 0.2132272228320527 0.18352601156069365 0.2132272228320527 0.2976878612716763
0 0.19045005488474204 0 0.19045005488474204 0.06141618497109826 0.2667398463227223 0.06141618497109826 0.2667398463227223 0 0.19045005488474204 0
0 0.1588913282107574 0.9996387283236994 0.2362788144895719 0.9996387283236994 0.2362788144895719 0.9288294797687862 0.1588913282107574 0.9288294797687862 0.1588913282107574 0.9996387283236994
0 0.011251372118551043 0.9996387283236994 0.0716245883644347 0.9996387283236994 0.0716245883644347 0.9765173410404624 0.011251372118551043 0.9765173410404624 0.011251372118551043 0.9996387283236994