0 0 0.45340501792114696 0.06947743467933491 0.45340501792114696 0.06947743467933491 0.34050179211469533 0 0.34050179211469533 0 0.45340501792114696
0 0.7580166270783848 0.6254480286738351 0.8494655581947743 0.6254480286738351 0.8494655581947743 0.5080645161290323 0.7580166270783848 0.5080645161290323 0.7580166270783848 0.6254480286738351
0 0.07719714964370546 0.5985663082437276 0.1508313539192399 0.5985663082437276 0.1508313539192399 0.47580645161290325 0.07719714964370546 0.47580645161290325 0.07719714964370546 0.5985663082437276
0 0.7606888361045131 0.46191756272401435 0.8343230403800475 0.46191756272401435 0.8343230403800475 0.3400537634408602 0.7606888361045131 0.3400537634408602 0.7606888361045131 0.46191756272401435
0 0.7410926365795725 0.9305555555555556 0.8182897862232779 0.9305555555555556 0.8182897862232779 0.7818100358422939 0.7410926365795725 0.7818100358422939 0.7410926365795725 0.9305555555555556
0 0.7681116389548693 0.15456989247311828 0.8429334916864608 0.15456989247311828 0.8429334916864608 0.041666666666666664 0.7681116389548693 0.041666666666666664 0.7681116389548693 0.15456989247311828
0 0.5941211401425178 0.2862903225806452 0.6606294536817102 0.2862903225806452 0.6606294536817102 0.17159498207885304 0.5941211401425178 0.17159498207885304 0.5941211401425178 0.2862903225806452
0 0.31799287410926363 0.3118279569892473 0.38628266033254155 0.3118279569892473 0.38628266033254155 0.1935483870967742 0.31799287410926363 0.1935483870967742 0.31799287410926363 0.3118279569892473
0 0.09471496437054631 0.382168458781362 0.1588479809976247 0.382168458781362 0.1588479809976247 0.2701612903225806 0.09471496437054631 0.2701612903225806 0.09471496437054631 0.382168458781362
0 0.6609263657957245 0.22446236559139784 0.7410926365795725 0.22446236559139784 0.7410926365795725 0.11693548387096774 0.6609263657957245 0.11693548387096774 0.6609263657957245 0.22446236559139784
0 0.8675771971496437 0.5685483870967742 0.9489311163895487 0.5685483870967742 0.9489311163895487 0.43772401433691754 0.8675771971496437 0.43772401433691754 0.8675771971496437 0.5685483870967742
0 0.21080760095011877 0.382168458781362 0.27731591448931114 0.382168458781362 0.27731591448931114 0.26657706093189965 0.21080760095011877 0.26657706093189965 0.21080760095011877 0.382168458781362
0 0.48990498812351546 0.3042114695340502 0.5605700712589073 0.3042114695340502 0.5605700712589073 0.18951612903225806 0.48990498812351546 0.18951612903225806 0.48990498812351546 0.3042114695340502
0 0.6971496437054632 0.5344982078853047 0.7850356294536817 0.5344982078853047 0.7850356294536817 0.42159498207885304 0.6971496437054632 0.42159498207885304 0.6971496437054632 0.5344982078853047
0 0.38806413301662707 0.28584229390681004 0.46347980997624705 0.28584229390681004 0.46347980997624705 0.1827956989247312 0.38806413301662707 0.1827956989247312 0.38806413301662707 0.28584229390681004
0 0.025237529691211402 0.35663082437275984 0.09649643705463183 0.35663082437275984 0.09649643705463183 0.2446236559139785 0.025237529691211402 0.2446236559139785 0.025237529691211402 0.35663082437275984
0 0.46318289786223277 0.16756272401433692 0.5308788598574822 0.16756272401433692 0.5308788598574822 0.06362007168458782 0.46318289786223277 0.06362007168458782 0.46318289786223277 0.16756272401433692
0 0.26128266033254155 0.21191756272401432 0.3194774346793349 0.21191756272401432 0.3194774346793349 0.10349462365591398 0.26128266033254155 0.10349462365591398 0.26128266033254155 0.21191756272401432
0 0.6371733966745843 0.14068100358422939 0.7197149643705463 0.14068100358422939 0.7197149643705463 0.042114695340501794 0.6371733966745843 0.042114695340501794 0.6371733966745843 0.14068100358422939
0 0.13539192399049882 0.4722222222222222 0.20190023752969122 0.4722222222222222 0.20190023752969122 0.3548387096774194 0.13539192399049882 0.3548387096774194 0.13539192399049882 0.4722222222222222
0 0.5688836104513064 0.42159498207885304 0.6419239904988123 0.42159498207885304 0.6419239904988123 0.31675627240143367 0.5688836104513064 0.31675627240143367 0.5688836104513064 0.42159498207885304
0 0.15795724465558195 0.33915770609318996 0.2161520190023753 0.33915770609318996 0.2161520190023753 0.23969534050179211 0.15795724465558195 0.23969534050179211 0.15795724465558195 0.33915770609318996
0 0.3221496437054632 0.1796594982078853 0.38568883610451304 0.1796594982078853 0.38568883610451304 0.07123655913978495 0.3221496437054632 0.07123655913978495 0.3221496437054632 0.1796594982078853
0 0.7609857482185273 0.33915770609318996 0.8346199524940617 0.33915770609318996 0.8346199524940617 0.2146057347670251 0.7609857482185273 0.2146057347670251 0.7609857482185273 0.33915770609318996
0 0.8601543942992874 0 0.8601543942992874 0.09767025089605735 0.9272565320665083 0.09767025089605735 0.9272565320665083 0 0.8601543942992874 0
0 0.8274940617577197 0.4014336917562724 0.8993467933491687 0.4014336917562724 0.8993467933491687 0.2921146953405018 0.8274940617577197 0.2921146953405018 0.8274940617577197 0.4014336917562724
0 0.11342042755344418 0.9422043010752689 0.18705463182897863 0.9422043010752689 0.18705463182897863 0.8185483870967742 0.11342042755344418 0.8185483870967742 0.11342042755344418 0.9422043010752689
0 0.021377672209026127 0.578405017921147 0.08788598574821853 0.578405017921147 0.08788598574821853 0.46729390681003585 0.021377672209026127 0.46729390681003585 0.021377672209026127 0.578405017921147
0 0.07363420427553444 0.1303763440860215 0.1342042755344418 0.1303763440860215 0.1342042755344418 0.03181003584229391 0.07363420427553444 0.03181003584229391 0.07363420427553444 0.1303763440860215
0 0.8868764845605701 0.378584229390681 0.9658551068883611 0.378584229390681 0.9658551068883611 0.25492831541218636 0.8868764845605701 0.25492831541218636 0.8868764845605701 0.378584229390681
0 0.45279097387173395 0.6276881720430108 0.5335510688836105 0.6276881720430108 0.5335510688836105 0.4986559139784946 0.45279097387173395 0.4986559139784946 0.45279097387173395 0.6276881720430108
0 0.16864608076009502 0.21012544802867383 0.22862232779097388 0.21012544802867383 0.22862232779097388 0.12231182795698925 0.16864608076009502 0.12231182795698925 0.16864608076009502 0.21012544802867383
0 0.0002969121140142518 0.6662186379928315 0.030581947743467935 0.6662186379928315 0.030581947743467935 0.5551075268817204 0.0002969121140142518 0.5551075268817204 0.0002969121140142518 0.6662186379928315
0 0.2764251781472684 0.3897849462365591 0.3399643705463183 0.3897849462365591 0.3399643705463183 0.28225806451612906 0.2764251781472684 0.28225806451612906 0.2764251781472684 0.3897849462365591
0 0.5383016627078385 0.20698924731182797 0.6119358669833729 0.20698924731182797 0.6119358669833729 0.09498207885304659 0.5383016627078385 0.09498207885304659 0.5383016627078385 0.20698924731182797
0 0.3996437054631829 0.5224014336917563 0.4685273159144893 0.5224014336917563 0.4685273159144893 0.42025089605734767 0.3996437054631829 0.42025089605734767 0.3996437054631829 0.5224014336917563
0 0 0.3131720430107527 0.042161520190023755 0.3131720430107527 0.042161520190023755 0.20654121863799282 0 0.20654121863799282 0 0.3131720430107527
0 0.1404394299287411 0.1460573476702509 0.20219714964370547 0.1460573476702509 0.20219714964370547 0.06451612903225806 0.1404394299287411 0.06451612903225806 0.1404394299287411 0.1460573476702509
0 0.21258907363420426 0.2670250896057348 0.27375296912114017 0.2670250896057348 0.27375296912114017 0.1827956989247312 0.21258907363420426 0.1827956989247312 0.21258907363420426 0.2670250896057348
0 0.5151425178147269 0.9838709677419355 0.5941211401425178 0.9838709677419355 0.5941211401425178 0.8279569892473119 0.5151425178147269 0.8279569892473119 0.5151425178147269 0.9838709677419355
0 0.5953087885985748 0 0.5953087885985748 0.09408602150537634 0.6606294536817102 0.09408602150537634 0.6606294536817102 0 0.5953087885985748 0
0 0.40290973871733965 0.15053763440860216 0.4664489311163896 0.15053763440860216 0.4664489311163896 0.04032258064516129 0.40290973871733965 0.04032258064516129 0.40290973871733965 0.15053763440860216
0 0.5724465558194775 0.6742831541218638 0.6484560570071259 0.6742831541218638 0.6484560570071259 0.5434587813620072 0.5724465558194775 0.5434587813620072 0.5724465558194775 0.6742831541218638
0 0.8087885985748219 0.28270609318996415 0.8871733966745843 0.28270609318996415 0.8871733966745843 0.15994623655913978 0.8087885985748219 0.15994623655913978 0.8087885985748219 0.28270609318996415
0 0.7292161520190024 0 0.7292161520190024 0.08602150537634409 0.7969121140142518 0.08602150537634409 0.7969121140142518 0 0.7292161520190024 0
0 0.5320665083135392 0.10259856630824372 0.583729216152019 0.10259856630824372 0.583729216152019 0.029121863799283155 0.5320665083135392 0.029121863799283155 0.5320665083135392 0.10259856630824372
0 0.03770783847980998 0.239247311827957 0.1089667458432304 0.239247311827957 0.1089667458432304 0.12634408602150538 0.03770783847980998 0.12634408602150538 0.03770783847980998 0.239247311827957
0 0 0.21012544802867383 0.022565320665083134 0.21012544802867383 0.022565320665083134 0.1303763440860215 0 0.1303763440860215 0 0.21012544802867383
0 0.12143705463182898 0.26433691756272404 0.1748812351543943 0.26433691756272404 0.1748812351543943 0.1693548387096774 0.12143705463182898 0.1693548387096774 0.12143705463182898 0.26433691756272404
0 0.22327790973871733 0.1424731182795699 0.2838479809976247 0.1424731182795699 0.2838479809976247 0.036738351254480286 0.22327790973871733 0.036738351254480286 0.22327790973871733 0.1424731182795699
0 0.6089667458432304 0.9995519713261649 0.6915083135391924 0.9995519713261649 0.6915083135391924 0.9619175627240143 0.6089667458432304 0.9619175627240143 0.6089667458432304 0.9995519713261649
0 0.38806413301662707 0.6353046594982079 0.457541567695962 0.6353046594982079 0.457541567695962 0.5206093189964157 0.38806413301662707 0.5206093189964157 0.38806413301662707 0.6353046594982079
0 0.6653800475059383 0 0.6653800475059383 0.0528673835125448 0.7307007125890737 0.0528673835125448 0.7307007125890737 0 0.6653800475059383 0
0 0.019596199524940617 0.14919354838709678 0.07007125890736342 0.14919354838709678 0.07007125890736342 0.04704301075268817 0.019596199524940617 0.04704301075268817 0.019596199524940617 0.14919354838709678
0 0.31918052256532065 0 0.31918052256532065 0.056451612903225805 0.37975059382422804 0.056451612903225805 0.37975059382422804 0 0.31918052256532065 0
0 0.21644893111638955 1 0.21644893111638955 0.967741935483871 0.14875296912114014 0.967741935483871 0.14875296912114014 1 0.21644893111638955 1
0 0.916270783847981 0 0.916270783847981 0.042114695340501794 0.9839667458432304 0.042114695340501794 0.9839667458432304 0 0.916270783847981 0
0 0.797209026128266 0 0.797209026128266 0.03942652329749104 0.8518408551068883 0.03942652329749104 0.8518408551068883 0 0.797209026128266 0
0 0 0 0 0.05017921146953405 0.0172209026128266 0.05017921146953405 0.0172209026128266 0 0 0
0 0.03533254156769596 0 0.03533254156769596 0.04121863799283154 0.08402612826603326 0.04121863799283154 0.08402612826603326 0 0.03533254156769596 0
0 0 0.5013440860215054 0.010095011876484561 0.5013440860215054 0.010095011876484561 0.43413978494623656 0 0.43413978494623656 0 0.5013440860215054
0 0.5682897862232779 1 0.5682897862232779 0.9793906810035843 0.504750593824228 0.9793906810035843 0.504750593824228 1 0.5682897862232779 1