0 0.3559322033898305 0.3939144736842105 0.4446922390722569 0.3939144736842105 0.4446922390722569 0.265625 0.3559322033898305 0.265625 0.3559322033898305 0.3939144736842105
0 0.47636039250669043 0.9428453947368421 0.5490633363068689 0.9428453947368421 0.5490633363068689 0.7907072368421053 0.47636039250669043 0.7907072368421053 0.47636039250669043 0.9428453947368421
0 0.6940231935771632 0.2911184210526316 0.7734165923282783 0.2911184210526316 0.7734165923282783 0.12911184210526316 0.6940231935771632 0.12911184210526316 0.6940231935771632 0.2911184210526316
0 0.43532560214094557 0.6665296052631579 0.5214094558429974 0.6665296052631579 0.5214094558429974 0.5341282894736842 0.43532560214094557 0.5341282894736842 0.43532560214094557 0.6665296052631579
0 0.7787689562890276 0.8351151315789473 0.8693131132917038 0.8351151315789473 0.8693131132917038 0.6994243421052632 0.7787689562890276 0.6994243421052632 0.7787689562890276 0.8351151315789473
0 0.10347903657448707 0.2138157894736842 0.1904549509366637 0.2138157894736842 0.1904549509366637 0.06578947368421052 0.10347903657448707 0.06578947368421052 0.10347903657448707 0.2138157894736842
0 0.00022301516503122213 0.4087171052631579 0.06623550401427297 0.4087171052631579 0.06623550401427297 0.2845394736842105 0.00022301516503122213 0.2845394736842105 0.00022301516503122213 0.4087171052631579
0 0.4937555753791258 0.524671052631579 0.5637823371989296 0.524671052631579 0.5637823371989296 0.37088815789473684 0.4937555753791258 0.37088815789473684 0.4937555753791258 0.524671052631579
0 0.3050847457627119 0.7759046052631579 0.3840321141837645 0.7759046052631579 0.3840321141837645 0.6492598684210527 0.3050847457627119 0.6492598684210527 0.3050847457627119 0.7759046052631579
0 0.5267618198037467 0.1846217105263158 0.6173059768064229 0.1846217105263158 0.6173059768064229 0.027549342105263157 0.5267618198037467 0.027549342105263157 0.5267618198037467 0.1846217105263158
0 0.33140053523639607 0.9991776315789473 0.41793041926851027 0.9991776315789473 0.41793041926851027 0.8758223684210527 0.33140053523639607 0.8758223684210527 0.33140053523639607 0.9991776315789473
0 0.7056199821587869 0.6245888157894737 0.796164139161463 0.6245888157894737 0.796164139161463 0.4634046052631579 0.7056199821587869 0.4634046052631579 0.7056199821587869 0.6245888157894737
0 0.22546833184656556 0.7467105263157895 0.3008474576271186 0.7467105263157895 0.3008474576271186 0.6167763157894737 0.22546833184656556 0.6167763157894737 0.22546833184656556 0.7467105263157895
0 0.10347903657448707 0.649671052631579 0.18777876895628903 0.649671052631579 0.18777876895628903 0.5041118421052632 0.10347903657448707 0.5041118421052632 0.10347903657448707 0.649671052631579
0 0.8019625334522748 0.3482730263157895 0.8991971454058876 0.3482730263157895 0.8991971454058876 0.21504934210526316 0.8019625334522748 0.21504934210526316 0.8019625334522748 0.3482730263157895
0 0.8472346119536128 0.5008223684210527 0.9235057983942908 0.5008223684210527 0.9235057983942908 0.3503289473684211 0.8472346119536128 0.3503289473684211 0.8472346119536128 0.5008223684210527
0 0.5205173951828724 0.3227796052631579 0.6074933095450491 0.3227796052631579 0.6074933095450491 0.18050986842105263 0.5205173951828724 0.18050986842105263 0.5205173951828724 0.3227796052631579
0 0.25758251561106155 0.45600328947368424 0.3347457627118644 0.45600328947368424 0.3347457627118644 0.31620065789473684 0.25758251561106155 0.31620065789473684 0.25758251561106155 0.45600328947368424
0 0.760035682426405 0.998766447368421 0.843443354148082 0.998766447368421 0.843443354148082 0.8630756578947368 0.760035682426405 0.8630756578947368 0.760035682426405 0.998766447368421
0 0.8588314005352364 0.6591282894736842 0.9404549509366636 0.6591282894736842 0.9404549509366636 0.5061677631578947 0.8588314005352364 0.5061677631578947 0.8588314005352364 0.6591282894736842
0 0.4453612845673506 0.7976973684210527 0.5345673505798394 0.7976973684210527 0.5345673505798394 0.6587171052631579 0.4453612845673506 0.6587171052631579 0.4453612845673506 0.7976973684210527
0 0.703835860838537 0.889391447368421 0.7925958965209634 0.889391447368421 0.7925958965209634 0.7421875 0.703835860838537 0.7421875 0.703835860838537 0.889391447368421
0 0.39540588760035683 0.9148848684210527 0.465878679750223 0.9148848684210527 0.465878679750223 0.7611019736842105 0.39540588760035683 0.7611019736842105 0.39540588760035683 0.9148848684210527
0 0.8719892952720785 0.819078947368421 0.9643175735950045 0.819078947368421 0.9643175735950045 0.6776315789473685 0.8719892952720785 0.6776315789473685 0.8719892952720785 0.819078947368421
0 0.7591436217662801 0.5008223684210527 0.8421052631578947 0.5008223684210527 0.8421052631578947 0.33963815789473684 0.7591436217662801 0.33963815789473684 0.7591436217662801 0.5008223684210527
0 0.7914808206958073 0.6994243421052632 0.8731043710972346 0.6994243421052632 0.8731043710972346 0.5596217105263158 0.7914808206958073 0.5596217105263158 0.7914808206958073 0.6994243421052632
0 0.34255129348795715 0.5978618421052632 0.41882247992863514 0.5978618421052632 0.41882247992863514 0.45148026315789475 0.34255129348795715 0.45148026315789475 0.34255129348795715 0.5978618421052632
0 0.8113291703835861 0.2138157894736842 0.8974130240856378 0.2138157894736842 0.8974130240856378 0.06907894736842106 0.8113291703835861 0.06907894736842106 0.8113291703835861 0.2138157894736842
0 0.614406779661017 0.78125 0.7071810883140054 0.78125 0.7071810883140054 0.6480263157894737 0.614406779661017 0.6480263157894737 0.614406779661017 0.78125
0 0.15053523639607494 0.5069901315789473 0.233942908117752 0.5069901315789473 0.233942908117752 0.3597861842105263 0.15053523639607494 0.3597861842105263 0.15053523639607494 0.5069901315789473
0 0.8909455842997324 0.9539473684210527 0.973907225691347 0.9539473684210527 0.973907225691347 0.8231907894736842 0.8909455842997324 0.8231907894736842 0.8909455842997324 0.9539473684210527
0 0.4067796610169492 0.5287828947368421 0.4852809991079393 0.5287828947368421 0.4852809991079393 0.3873355263157895 0.4067796610169492 0.3873355263157895 0.4067796610169492 0.5287828947368421
0 0.2774308652988403 0.6455592105263158 0.3537020517395183 0.6455592105263158 0.3537020517395183 0.5057565789473685 0.2774308652988403 0.5057565789473685 0.2774308652988403 0.6455592105263158
0 0.026538804638715434 0.21299342105263158 0.10370205173951828 0.21299342105263158 0.10370205173951828 0.060032894736842105 0.026538804638715434 0.060032894736842105 0.026538804638715434 0.21299342105263158
0 0.2528991971454059 0.9757401315789473 0.3376449598572703 0.9757401315789473 0.3376449598572703 0.8466282894736842 0.2528991971454059 0.8466282894736842 0.2528991971454059 0.9757401315789473
0 0.7245762711864406 0.14103618421052633 0.8191347011596789 0.14103618421052633 0.8191347011596789 0.020148026315789474 0.7245762711864406 0.020148026315789474 0.7245762711864406 0.14103618421052633
0 0.00022301516503122213 0.171875 0.04081177520071365 0.171875 0.04081177520071365 0.023026315789473683 0.00022301516503122213 0.023026315789473683 0.00022301516503122213 0.171875
0 0.1389384478144514 0 0.1389384478144514 0.08305921052631579 0.22413024085637823 0.08305921052631579 0.22413024085637823 0 0.1389384478144514 0
0 0.7890276538804639 0 0.7890276538804639 0.06743421052631579 0.8831400535236396 0.06743421052631579 0.8831400535236396 0 0.7890276538804639 0
0 0.9168153434433541 1 0.9168153434433541 0.9103618421052632 0.8458965209634255 0.9103618421052632 0.8458965209634255 1 0.9168153434433541 1
0 0 0.8240131578947368 0.015165031222123104 0.8240131578947368 0.015165031222123104 0.7129934210526315 0 0.7129934210526315 0 0.8240131578947368
0 0.5662355040142729 0.05139802631578947 0.6367082961641392 0.05139802631578947 0.6367082961641392 0.00041118421052631577 0.5662355040142729 0.00041118421052631577 0.5662355040142729 0.05139802631578947
0 0.5651204281891169 1 0.5651204281891169 0.96875 0.5089206066012489 0.96875 0.5089206066012489 1 0.5651204281891169 1