0 0.09834968777876896 0.44243421052631576 0.18487957181088313 0.44243421052631576 0.18487957181088313 0.3050986842105263 0.09834968777876896 0.3050986842105263 0.09834968777876896 0.44243421052631576
0 0.5189562890276539 0.5785361842105263 0.6045941123996432 0.5785361842105263 0.6045941123996432 0.4387335526315789 0.5189562890276539 0.4387335526315789 0.5189562890276539 0.5785361842105263
0 0.3454504906333631 0.6488486842105263 0.43331846565566456 0.6488486842105263 0.43331846565566456 0.5205592105263158 0.3454504906333631 0.5205592105263158 0.3454504906333631 0.6488486842105263
0 0.4915254237288136 0.7771381578947368 0.5606601248884924 0.7771381578947368 0.5606601248884924 0.6282894736842105 0.4915254237288136 0.6282894736842105 0.4915254237288136 0.7771381578947368
0 0.8151204281891169 0.59375 0.9074487065120428 0.59375 0.9074487065120428 0.45805921052631576 0.8151204281891169 0.45805921052631576 0.8151204281891169 0.59375
0 0.25579839429081175 0.7068256578947368 0.33206958073148973 0.7068256578947368 0.33206958073148973 0.5579769736842105 0.25579839429081175 0.5579769736842105 0.25579839429081175 0.7068256578947368
0 0.13760035682426405 0.3199013157894737 0.22234611953612846 0.3199013157894737 0.22234611953612846 0.19161184210526316 0.13760035682426405 0.19161184210526316 0.13760035682426405 0.3199013157894737
0 0.8677520071364853 0.7491776315789473 0.9484834968777877 0.7491776315789473 0.9484834968777877 0.5995065789473685 0.8677520071364853 0.5995065789473685 0.8677520071364853 0.7491776315789473
0 0.10236396074933095 0.8926809210526315 0.18710972346119537 0.8926809210526315 0.18710972346119537 0.7421875 0.10236396074933095 0.7421875 0.10236396074933095 0.8926809210526315
0 0.800178412132025 0.3125 0.9018733273862622 0.3125 0.9018733273862622 0.16447368421052633 0.800178412132025 0.16447368421052633 0.800178412132025 0.3125
0 0.00022301516503122213 0.5744243421052632 0.07024977698483496 0.5744243421052632 0.07024977698483496 0.4486019736842105 0.00022301516503122213 0.4486019736842105 0.00022301516503122213 0.5744243421052632
0 0.7573595004460303 0.7269736842105263 0.8376449598572703 0.7269736842105263 0.8376449598572703 0.5583881578947368 0.7573595004460303 0.5583881578947368 0.7573595004460303 0.7269736842105263
0 0.56021409455843 0.3104440789473684 0.644513826940232 0.3104440789473684 0.644513826940232 0.16488486842105263 0.56021409455843 0.16488486842105263 0.56021409455843 0.3104440789473684
0 0.8768956289027654 0.9107730263157895 0.9629794826048171 0.9107730263157895 0.9629794826048171 0.751233552631579 0.8768956289027654 0.751233552631579 0.8768956289027654 0.9107730263157895
0 0.08652988403211419 0.20682565789473684 0.18153434433541482 0.20682565789473684 0.18153434433541482 0.07113486842105263 0.08652988403211419 0.07113486842105263 0.08652988403211419 0.20682565789473684
0 0.7381801962533452 0.42557565789473684 0.8202497769848349 0.42557565789473684 0.8202497769848349 0.27754934210526316 0.7381801962533452 0.27754934210526316 0.7381801962533452 0.42557565789473684
0 0.6851025869759143 0.9189967105263158 0.7716324710080286 0.9189967105263158 0.7716324710080286 0.7528782894736842 0.6851025869759143 0.7528782894736842 0.6851025869759143 0.9189967105263158
0 0.524085637823372 0.44161184210526316 0.6155218554861731 0.44161184210526316 0.6155218554861731 0.2870065789473684 0.524085637823372 0.2870065789473684 0.524085637823372 0.44161184210526316
0 0.6915700267618198 0.553453947368421 0.7705173951828724 0.553453947368421 0.7705173951828724 0.3930921052631579 0.6915700267618198 0.3930921052631579 0.6915700267618198 0.553453947368421
0 0.8131132917038358 0.9642269736842105 0.9000892060660125 0.9642269736842105 0.9000892060660125 0.8153782894736842 0.8131132917038358 0.8153782894736842 0.8131132917038358 0.9642269736842105
0 0.4049955396966994 0.7689144736842105 0.48215878679750224 0.7689144736842105 0.48215878679750224 0.6332236842105263 0.4049955396966994 0.6332236842105263 0.4049955396966994 0.7689144736842105
0 0.4275200713648528 0.8959703947368421 0.5113737734165923 0.8959703947368421 0.5113737734165923 0.7750822368421053 0.4275200713648528 0.7750822368421053 0.4275200713648528 0.8959703947368421
0 0.7292595896520964 0.18379934210526316 0.8010704727921498 0.18379934210526316 0.8010704727921498 0.010279605263157895 0.7292595896520964 0.010279605263157895 0.7292595896520964 0.18379934210526316
0 0.8055307760927743 0 0.8055307760927743 0.16200657894736842 0.8844781445138269 0.16200657894736842 0.8844781445138269 0 0.8055307760927743 0
0 0.3409901873327386 0 0.3409901873327386 0.08552631578947369 0.41904549509366634 0.08552631578947369 0.41904549509366634 0 0.3409901873327386 0
0 0.6121766280107047 0.9995888157894737 0.7053969669937555 0.9995888157894737 0.7053969669937555 0.9041940789473685 0.6121766280107047 0.9041940789473685 0.6121766280107047 0.9995888157894737
0 0.026761819803746655 0.4518914473684211 0.10214094558429973 0.4518914473684211 0.10214094558429973 0.30386513157894735 0.026761819803746655 0.30386513157894735 0.026761819803746655 0.4518914473684211
0 0.8251561106155219 0.45148026315789475 0.9103479036574487 0.45148026315789475 0.9103479036574487 0.31414473684210525 0.8251561106155219 0.31414473684210525 0.8251561106155219 0.45148026315789475
0 0.16592328278322926 0.751233552631579 0.24933095450490633 0.751233552631579 0.24933095450490633 0.5941611842105263 0.16592328278322926 0.5941611842105263 0.16592328278322926 0.751233552631579
0 0.3407671721677074 0.8388157894736842 0.41614629794826047 0.8388157894736842 0.41614629794826047 0.6916118421052632 0.3407671721677074 0.6916118421052632 0.3407671721677074 0.8388157894736842
0 0.3015165031222123 0.9991776315789473 0.3809099018733274 0.9991776315789473 0.3809099018733274 0.9021381578947368 0.3015165031222123 0.9021381578947368 0.3015165031222123 0.9991776315789473
0 0.2227921498661909 0.9967105263157895 0.3035236396074933 0.9967105263157895 0.3035236396074933 0.8610197368421053 0.2227921498661909 0.8610197368421053 0.2227921498661909 0.9967105263157895
0 0.27676181980374664 0.897203947368421 0.35258697591436217 0.897203947368421 0.35258697591436217 0.7450657894736842 0.27676181980374664 0.7450657894736842 0.27676181980374664 0.897203947368421
0 0.433764495985727 0.9991776315789473 0.5202943800178412 0.9991776315789473 0.5202943800178412 0.899671052631579 0.433764495985727 0.899671052631579 0.433764495985727 0.9991776315789473
0 0.00022301516503122213 0.3803453947368421 0.04750223015165031 0.3803453947368421 0.04750223015165031 0.24629934210526316 0.00022301516503122213 0.24629934210526316 0.00022301516503122213 0.3803453947368421
0 0.00022301516503122213 0.24424342105263158 0.03367528991971454 0.24424342105263158 0.03367528991971454 0.11595394736842106 0.00022301516503122213 0.11595394736842106 0.00022301516503122213 0.24424342105263158
0 0.09411239964317573 0 0.09411239964317573 0.07483552631578948 0.1735057983942908 0.07483552631578948 0.1735057983942908 0 0.09411239964317573 0
0 0.5976806422836753 0 0.5976806422836753 0.08388157894736842 0.6846565566458519 0.08388157894736842 0.6846565566458519 0 0.5976806422836753 0
0 0.9832738626226584 1 0.9832738626226584 0.9210526315789473 0.886485280999108 0.9210526315789473 0.886485280999108 1 0.9832738626226584 1
0 0.8559322033898306 1 0.8559322033898306 0.946546052631579 0.77921498661909 0.946546052631579 0.77921498661909 1 0.8559322033898306 1
0 0 0.998766447368421 0.039250669045495096 0.998766447368421 0.039250669045495096 0.9280427631578947 0 0.9280427631578947 0 0.998766447368421