0 0.3628133704735376 0.11328671328671329 0.43941504178272983 0.11328671328671329 0.43941504178272983 0.04195804195804196 0.3628133704735376 0.04195804195804196 0.3628133704735376 0.11328671328671329
0 0.7183147632311978 0.9097902097902097 0.8144150417827298 0.9097902097902097 0.8144150417827298 0.8328671328671329 0.7183147632311978 0.8328671328671329 0.7183147632311978 0.9097902097902097
0 0.7983983286908078 0.1576923076923077 0.8847493036211699 0.1576923076923077 0.8847493036211699 0.08286713286713286 0.7983983286908078 0.08286713286713286 0.7983983286908078 0.1576923076923077
0 0.6417130919220055 0.9433566433566434 0.7350278551532033 0.9433566433566434 0.7350278551532033 0.8657342657342657 0.6417130919220055 0.8657342657342657 0.6417130919220055 0.9433566433566434
0 0.7440807799442897 0.7538461538461538 0.8353064066852368 0.7538461538461538 0.8353064066852368 0.6755244755244755 0.7440807799442897 0.6755244755244755 0.7440807799442897 0.7538461538461538
0 0.3064066852367688 0.45734265734265733 0.38231197771587744 0.45734265734265733 0.38231197771587744 0.39090909090909093 0.3064066852367688 0.39090909090909093 0.3064066852367688 0.45734265734265733
0 0.6848885793871866 0.6811188811188811 0.7684540389972145 0.6811188811188811 0.7684540389972145 0.6132867132867132 0.6848885793871866 0.6132867132867132 0.6848885793871866 0.6811188811188811
0 0.6051532033426184 0.7188811188811188 0.6928969359331476 0.7188811188811188 0.6928969359331476 0.644055944055944 0.6051532033426184 0.644055944055944 0.6051532033426184 0.7188811188811188
0 0.7399025069637883 0.5423076923076923 0.8304317548746518 0.5423076923076923 0.8304317548746518 0.4688811188811189 0.7399025069637883 0.4688811188811189 0.7399025069637883 0.5423076923076923
0 0.32207520891364905 0.5958041958041959 0.4035515320334262 0.5958041958041959 0.4035515320334262 0.5307692307692308 0.32207520891364905 0.5307692307692308 0.32207520891364905 0.5958041958041959
0 0.5654596100278552 0.9751748251748251 0.649025069637883 0.9751748251748251 0.649025069637883 0.8954545454545455 0.5654596100278552 0.8954545454545455 0.5654596100278552 0.9751748251748251
0 0.3983286908077994 0.9741258741258741 0.48259052924791085 0.9741258741258741 0.48259052924791085 0.8951048951048951 0.3983286908077994 0.8951048951048951 0.3983286908077994 0.9741258741258741
0 0.786908077994429 0.9853146853146854 0.883008356545961 0.9853146853146854 0.883008356545961 0.9083916083916084 0.786908077994429 0.9083916083916084 0.786908077994429 0.9853146853146854
0 0.10132311977715877 0.2062937062937063 0.17862116991643454 0.2062937062937063 0.17862116991643454 0.13986013986013987 0.10132311977715877 0.13986013986013987 0.10132311977715877 0.2062937062937063
0 0.9237465181058496 0.17237762237762239 0.9989554317548747 0.17237762237762239 0.9989554317548747 0.09825174825174825 0.9237465181058496 0.09825174825174825 0.9237465181058496 0.17237762237762239
0 0.7503481894150418 0.1062937062937063 0.8318245125348189 0.1062937062937063 0.8318245125348189 0.03496503496503497 0.7503481894150418 0.03496503496503497 0.7503481894150418 0.1062937062937063
0 0.5804317548746518 0.5594405594405595 0.6674791086350975 0.5594405594405595 0.6674791086350975 0.49230769230769234 0.5804317548746518 0.49230769230769234 0.5804317548746518 0.5594405594405595
0 0.4129526462395543 0.8730769230769231 0.49651810584958217 0.8730769230769231 0.49651810584958217 0.7996503496503496 0.4129526462395543 0.7996503496503496 0.4129526462395543 0.8730769230769231
0 0.3673398328690808 0.6559440559440559 0.4481197771587744 0.6559440559440559 0.4481197771587744 0.5867132867132867 0.3673398328690808 0.5867132867132867 0.3673398328690808 0.6559440559440559
0 0.4780640668523677 0.12097902097902098 0.5511838440111421 0.12097902097902098 0.5511838440111421 0.05944055944055944 0.4780640668523677 0.05944055944055944 0.4780640668523677 0.12097902097902098
0 0.17444289693593315 0.7520979020979021 0.25731197771587744 0.7520979020979021 0.25731197771587744 0.6835664335664335 0.17444289693593315 0.6835664335664335 0.17444289693593315 0.7520979020979021
0 0.16678272980501394 0.6045454545454545 0.24756267409470753 0.6045454545454545 0.24756267409470753 0.5416083916083916 0.16678272980501394 0.5416083916083916 0.16678272980501394 0.6045454545454545
0 0.5553621169916435 0.6513986013986014 0.6431058495821727 0.6513986013986014 0.6431058495821727 0.5835664335664336 0.5553621169916435 0.5835664335664336 0.5553621169916435 0.6513986013986014
0 0.1772284122562674 0.2111888111888112 0.24756267409470753 0.2111888111888112 0.24756267409470753 0.15454545454545454 0.1772284122562674 0.15454545454545454 0.1772284122562674 0.2111888111888112
0 0.125 0.12902097902097903 0.19254874651810586 0.12902097902097903 0.19254874651810586 0.06608391608391609 0.125 0.06608391608391609 0.125 0.12902097902097903
0 0.44220055710306405 0.2493006993006993 0.520891364902507 0.2493006993006993 0.520891364902507 0.18356643356643357 0.44220055710306405 0.18356643356643357 0.44220055710306405 0.2493006993006993
0 0.44428969359331477 0.3877622377622378 0.5334261838440112 0.3877622377622378 0.5334261838440112 0.3157342657342657 0.44428969359331477 0.3157342657342657 0.44428969359331477 0.3877622377622378
0 0.23537604456824512 0.4398601398601399 0.3126740947075209 0.4398601398601399 0.3126740947075209 0.37622377622377623 0.23537604456824512 0.37622377622377623 0.23537604456824512 0.4398601398601399
0 0.02681058495821727 0.5251748251748252 0.09993036211699165 0.5251748251748252 0.09993036211699165 0.4664335664335664 0.02681058495821727 0.4664335664335664 0.02681058495821727 0.5251748251748252
0 0.4672701949860724 0.9395104895104895 0.5459610027855153 0.9395104895104895 0.5459610027855153 0.8667832167832168 0.4672701949860724 0.8667832167832168 0.4672701949860724 0.9395104895104895
0 0.4937325905292479 0.44300699300699303 0.5807799442896936 0.44300699300699303 0.5807799442896936 0.3765734265734266 0.4937325905292479 0.3765734265734266 0.4937325905292479 0.44300699300699303
0 0.13161559888579388 0.6916083916083916 0.20891364902506965 0.6916083916083916 0.20891364902506965 0.6265734265734266 0.13161559888579388 0.6265734265734266 0.13161559888579388 0.6916083916083916
0 0.18906685236768803 0.1332167832167832 0.2600974930362117 0.1332167832167832 0.2600974930362117 0.07167832167832168 0.18906685236768803 0.07167832167832168 0.18906685236768803 0.1332167832167832
0 0.1347493036211699 0.37377622377622377 0.20717270194986073 0.37377622377622377 0.20717270194986073 0.31363636363636366 0.1347493036211699 0.31363636363636366 0.1347493036211699 0.37377622377622377
0 0.1612116991643454 0.4681818181818182 0.23850974930362118 0.4681818181818182 0.23850974930362118 0.4087412587412587 0.1612116991643454 0.4087412587412587 0.1612116991643454 0.4681818181818182
0 0.3516713091922006 0.509090909090909 0.42896935933147634 0.509090909090909 0.42896935933147634 0.4461538461538462 0.3516713091922006 0.4461538461538462 0.3516713091922006 0.509090909090909
0 0.3373955431754875 0.3660839160839161 0.4139972144846797 0.3660839160839161 0.4139972144846797 0.30314685314685313 0.3373955431754875 0.30314685314685313 0.3373955431754875 0.3660839160839161
0 0.8112813370473537 0.4986013986013986 0.8976323119777159 0.4986013986013986 0.8976323119777159 0.4307692307692308 0.8112813370473537 0.4307692307692308 0.8112813370473537 0.4986013986013986
0 0.5947075208913649 0.13706293706293707 0.674791086350975 0.13706293706293707 0.674791086350975 0.06643356643356643 0.5947075208913649 0.06643356643356643 0.5947075208913649 0.13706293706293707
0 0.2757660167130919 0.14475524475524476 0.35097493036211697 0.14475524475524476 0.35097493036211697 0.07832167832167833 0.2757660167130919 0.07832167832167833 0.2757660167130919 0.14475524475524476
0 0.5097493036211699 0.21713286713286714 0.5905292479108635 0.21713286713286714 0.5905292479108635 0.1493006993006993 0.5097493036211699 0.1493006993006993 0.5097493036211699 0.21713286713286714
0 0.5100974930362117 0.593006993006993 0.5887883008356546 0.593006993006993 0.5887883008356546 0.5237762237762238 0.5100974930362117 0.5237762237762238 0.5100974930362117 0.593006993006993
0 0.19428969359331477 0.3006993006993007 0.2743732590529248 0.3006993006993007 0.2743732590529248 0.23846153846153847 0.19428969359331477 0.23846153846153847 0.19428969359331477 0.3006993006993007
0 0.3199860724233983 0.9993006993006993 0.4035515320334262 0.9993006993006993 0.4035515320334262 0.9251748251748252 0.3199860724233983 0.9251748251748252 0.3199860724233983 0.9993006993006993
0 0.09122562674094707 0.4993006993006993 0.1671309192200557 0.4993006993006993 0.1671309192200557 0.4370629370629371 0.09122562674094707 0.4370629370629371 0.09122562674094707 0.4993006993006993
0 0.7983983286908078 0.3972027972027972 0.8875348189415042 0.3972027972027972 0.8875348189415042 0.32867132867132864 0.7983983286908078 0.32867132867132864 0.7983983286908078 0.3972027972027972
0 0.6486768802228412 0.5216783216783217 0.7364206128133705 0.5216783216783217 0.7364206128133705 0.45454545454545453 0.6486768802228412 0.45454545454545453 0.6486768802228412 0.5216783216783217
0 0.6653899721448467 0.4230769230769231 0.7482590529247911 0.4230769230769231 0.7482590529247911 0.35734265734265735 0.6653899721448467 0.35734265734265735 0.6653899721448467 0.4230769230769231
0 0.22736768802228413 0.8164335664335665 0.3088440111420613 0.8164335664335665 0.3088440111420613 0.7472027972027973 0.22736768802228413 0.7472027972027973 0.22736768802228413 0.8164335664335665
0 0.5626740947075209 0.8657342657342657 0.6518105849582173 0.8657342657342657 0.6518105849582173 0.7881118881118881 0.5626740947075209 0.7881118881118881 0.5626740947075209 0.8657342657342657
0 0.6591225626740947 0.7804195804195804 0.7475626740947076 0.7804195804195804 0.7475626740947076 0.7132867132867133 0.6591225626740947 0.7132867132867133 0.6591225626740947 0.7804195804195804
0 0.8690807799442897 0.8947552447552447 0.967966573816156 0.8947552447552447 0.967966573816156 0.8164335664335665 0.8690807799442897 0.8164335664335665 0.8690807799442897 0.8947552447552447
0 0.8882311977715878 0.2618881118881119 0.9794568245125348 0.2618881118881119 0.9794568245125348 0.18706293706293706 0.8882311977715878 0.18706293706293706 0.8882311977715878 0.2618881118881119
0 0.1288300835654596 0.9856643356643356 0.20682451253481896 0.9856643356643356 0.20682451253481896 0.9122377622377622 0.1288300835654596 0.9122377622377622 0.1288300835654596 0.9856643356643356
0 0.25069637883008355 0.7251748251748251 0.3293871866295265 0.7251748251748251 0.3293871866295265 0.6580419580419581 0.25069637883008355 0.6580419580419581 0.25069637883008355 0.7251748251748251
0 0.201949860724234 0.3867132867132867 0.27715877437325903 0.3867132867132867 0.27715877437325903 0.32517482517482516 0.201949860724234 0.32517482517482516 0.201949860724234 0.3867132867132867
0 0.5940111420612814 0.45944055944055945 0.6720055710306406 0.45944055944055945 0.6720055710306406 0.3951048951048951 0.5940111420612814 0.3951048951048951 0.5940111420612814 0.45944055944055945
0 0.5313370473537604 0.5006993006993007 0.6135097493036211 0.5006993006993007 0.6135097493036211 0.4314685314685315 0.5313370473537604 0.4314685314685315 0.5313370473537604 0.5006993006993007
0 0.3934540389972145 0.563986013986014 0.47214484679665736 0.563986013986014 0.47214484679665736 0.49895104895104897 0.3934540389972145 0.49895104895104897 0.3934540389972145 0.563986013986014
0 0.7479108635097493 0.29545454545454547 0.8426183844011143 0.29545454545454547 0.8426183844011143 0.22202797202797203 0.7479108635097493 0.22202797202797203 0.7479108635097493 0.29545454545454547
0 0.45473537604456826 0.5314685314685315 0.5355153203342619 0.5314685314685315 0.5355153203342619 0.46853146853146854 0.45473537604456826 0.46853146853146854 0.45473537604456826 0.5314685314685315
0 0.5626740947075209 0.3618881118881119 0.6441504178272981 0.3618881118881119 0.6441504178272981 0.29405594405594404 0.5626740947075209 0.29405594405594404 0.5626740947075209 0.3618881118881119
0 0.22353760445682452 0.5695804195804196 0.29735376044568246 0.5695804195804196 0.29735376044568246 0.5087412587412588 0.22353760445682452 0.5087412587412588 0.22353760445682452 0.5695804195804196
0 0.5438718662952646 0.08951048951048951 0.6239554317548747 0.08951048951048951 0.6239554317548747 0.012587412587412588 0.5438718662952646 0.012587412587412588 0.5438718662952646 0.08951048951048951
0 0.3732590529247911 0.8076923076923077 0.4491643454038997 0.8076923076923077 0.4491643454038997 0.7398601398601399 0.3732590529247911 0.7398601398601399 0.3732590529247911 0.8076923076923077
0 0.3203342618384401 0.23776223776223776 0.3948467966573816 0.23776223776223776 0.3948467966573816 0.16923076923076924 0.3203342618384401 0.16923076923076924 0.3203342618384401 0.23776223776223776
0 0.43454038997214484 0.620979020979021 0.516016713091922 0.620979020979021 0.516016713091922 0.5552447552447553 0.43454038997214484 0.5552447552447553 0.43454038997214484 0.620979020979021
0 0.20403899721448468 0.9587412587412587 0.29108635097493035 0.9587412587412587 0.29108635097493035 0.8881118881118881 0.20403899721448468 0.8881118881118881 0.20403899721448468 0.9587412587412587
0 0.7016016713091922 0.2444055944055944 0.7858635097493036 0.2444055944055944 0.7858635097493036 0.17237762237762239 0.7016016713091922 0.17237762237762239 0.7016016713091922 0.2444055944055944
0 0.06162952646239554 0.44545454545454544 0.1347493036211699 0.44545454545454544 0.1347493036211699 0.3888111888111888 0.06162952646239554 0.3888111888111888 0.06162952646239554 0.44545454545454544
0 0.6312674094707521 0.6195804195804195 0.7231894150417827 0.6195804195804195 0.7231894150417827 0.551048951048951 0.6312674094707521 0.551048951048951 0.6312674094707521 0.6195804195804195
0 0.15912256267409472 0.8374125874125874 0.23084958217270196 0.8374125874125874 0.23084958217270196 0.7744755244755245 0.15912256267409472 0.7744755244755245 0.15912256267409472 0.8374125874125874
0 0.28342618384401114 0.9318181818181818 0.3607242339832869 0.9318181818181818 0.3607242339832869 0.8618881118881119 0.28342618384401114 0.8618881118881119 0.28342618384401114 0.9318181818181818
0 0.6469359331476323 0.18846153846153846 0.7284122562674095 0.18846153846153846 0.7284122562674095 0.12062937062937062 0.6469359331476323 0.12062937062937062 0.6469359331476323 0.18846153846153846
0 0.3955431754874652 0.1986013986013986 0.46935933147632314 0.1986013986013986 0.46935933147632314 0.13496503496503495 0.3955431754874652 0.13496503496503495 0.3955431754874652 0.1986013986013986
0 0.36385793871866295 0.2874125874125874 0.4376740947075209 0.2874125874125874 0.4376740947075209 0.21958041958041957 0.36385793871866295 0.21958041958041957 0.36385793871866295 0.2874125874125874
0 0.2837743732590529 0.5423076923076923 0.3582869080779944 0.5423076923076923 0.3582869080779944 0.47937062937062935 0.2837743732590529 0.47937062937062935 0.2837743732590529 0.5423076923076923
0 0.13231197771587744 0.5496503496503496 0.21100278551532034 0.5496503496503496 0.21100278551532034 0.4881118881118881 0.13231197771587744 0.4881118881118881 0.13231197771587744 0.5496503496503496
0 0.66991643454039 0.09825174825174825 0.7486072423398329 0.09825174825174825 0.7486072423398329 0.02972027972027972 0.66991643454039 0.02972027972027972 0.66991643454039 0.09825174825174825
0 0.8777855153203342 0.11363636363636363 0.9655292479108635 0.11363636363636363 0.9655292479108635 0.04650349650349651 0.8777855153203342 0.04650349650349651 0.8777855153203342 0.11363636363636363
0 0.29491643454038996 0.7895104895104895 0.37569637883008355 0.7895104895104895 0.37569637883008355 0.7174825174825175 0.29491643454038996 0.7174825174825175 0.29491643454038996 0.7895104895104895
0 0.40564066852367686 0.334965034965035 0.47876044568245124 0.334965034965035 0.47876044568245124 0.272027972027972 0.40564066852367686 0.272027972027972 0.40564066852367686 0.334965034965035
0 0.6302228412256268 0 0.6302228412256268 0.05244755244755245 0.7033426183844012 0.05244755244755245 0.7033426183844012 0 0.6302228412256268 0
0 0.24268802228412256 0.09615384615384616 0.31720055710306405 0.09615384615384616 0.31720055710306405 0.03741258741258741 0.24268802228412256 0.03741258741258741 0.24268802228412256 0.09615384615384616
0 0.2461699164345404 0.22342657342657343 0.3227715877437326 0.22342657342657343 0.3227715877437326 0.15629370629370629 0.2461699164345404 0.15629370629370629 0.2461699164345404 0.22342657342657343
0 0.3370473537604457 1 0.3370473537604457 0.9517482517482517 0.24930362116991645 0.9517482517482517 0.24930362116991645 1 0.3370473537604457 1
0 0 0.916083916083916 0.022284122562674095 0.916083916083916 0.022284122562674095 0.8545454545454545 0 0.8545454545454545 0 0.916083916083916
0 0.4314066852367688 0.07587412587412587 0.49895543175487467 0.07587412587412587 0.49895543175487467 0.008741258741258742 0.4314066852367688 0.008741258741258742 0.4314066852367688 0.07587412587412587
0 0.8213788300835655 0 0.8213788300835655 0.05524475524475524 0.8993732590529248 0.05524475524475524 0.8993732590529248 0 0.8213788300835655 0
0 0.49547353760445684 0 0.49547353760445684 0.03636363636363636 0.5692896935933147 0.03636363636363636 0.5692896935933147 0 0.49547353760445684 0
0 0.3850974930362117 0 0.3850974930362117 0.038461538461538464 0.4568245125348189 0.038461538461538464 0.4568245125348189 0 0.3850974930362117 0
0 0.5282033426183844 1 0.5282033426183844 0.9657342657342657 0.44603064066852366 0.9657342657342657 0.44603064066852366 1 0.5282033426183844 1
0 0.09853760445682451 1 0.09853760445682451 0.9755244755244755 0.022632311977715876 0.9755244755244755 0.022632311977715876 1 0.09853760445682451 1
0 0 0.43636363636363634 0.013927576601671309 0.43636363636363634 0.013927576601671309 0.3972027972027972 0 0.3972027972027972 0 0.43636363636363634
0 0.9860724233983287 0.2048951048951049 0.9993036211699164 0.2048951048951049 0.9993036211699164 0.16783216783216784 0.9860724233983287 0.16783216783216784 0.9860724233983287 0.2048951048951049
0 0.24965181058495822 1 0.24965181058495822 0.9741258741258741 0.18279944289693592 0.9741258741258741 0.18279944289693592 1 0.24965181058495822 1