0 0 0.7062374245472837 0.08348968105065666 0.7062374245472837 0.08348968105065666 0.5835010060362174 0 0.5835010060362174 0 0.7062374245472837
0 0.5773921200750469 0.9979879275653923 0.6946529080675422 0.9979879275653923 0.6946529080675422 0.8621730382293763 0.5773921200750469 0.8621730382293763 0.5773921200750469 0.9979879275653923
0 0.6932457786116323 0.7429577464788732 0.7908067542213884 0.7429577464788732 0.7908067542213884 0.6161971830985915 0.6932457786116323 0.6161971830985915 0.6932457786116323 0.7429577464788732
0 0.7410881801125704 0.28822937625754524 0.8339587242026266 0.28822937625754524 0.8339587242026266 0.17655935613682092 0.7410881801125704 0.17655935613682092 0.7410881801125704 0.28822937625754524
0 0.9075984990619137 0.8747484909456741 0.9995309568480301 0.8747484909456741 0.9995309568480301 0.743963782696177 0.9075984990619137 0.743963782696177 0.9075984990619137 0.8747484909456741
0 0.6102251407129456 0.28722334004024147 0.7049718574108818 0.28722334004024147 0.7049718574108818 0.170523138832998 0.6102251407129456 0.170523138832998 0.6102251407129456 0.28722334004024147
0 0.7537523452157598 0.8646881287726358 0.8550656660412758 0.8646881287726358 0.8550656660412758 0.7349094567404426 0.7537523452157598 0.7349094567404426 0.7537523452157598 0.8646881287726358
0 0.23874296435272044 0.795774647887324 0.3597560975609756 0.795774647887324 0.3597560975609756 0.6720321931589537 0.23874296435272044 0.6720321931589537 0.23874296435272044 0.795774647887324
0 0.2678236397748593 0.68158953722334 0.37570356472795496 0.68158953722334 0.37570356472795496 0.5588531187122736 0.2678236397748593 0.5588531187122736 0.2678236397748593 0.68158953722334
0 0.21200750469043153 0.9084507042253521 0.32926829268292684 0.9084507042253521 0.32926829268292684 0.7776659959758552 0.21200750469043153 0.7776659959758552 0.21200750469043153 0.9084507042253521
0 0.8583489681050657 0.4894366197183099 0.9521575984990619 0.4894366197183099 0.9521575984990619 0.3656941649899396 0.8583489681050657 0.3656941649899396 0.8583489681050657 0.4894366197183099
0 0.40853658536585363 0.7334004024144869 0.5107879924953096 0.7334004024144869 0.5107879924953096 0.6056338028169014 0.40853658536585363 0.6056338028169014 0.40853658536585363 0.7334004024144869
0 0.7706378986866792 0.6685110663983903 0.8710131332082551 0.6685110663983903 0.8710131332082551 0.5296780684104627 0.7706378986866792 0.5296780684104627 0.7706378986866792 0.6685110663983903
0 0.5178236397748592 0.4869215291750503 0.6153846153846154 0.4869215291750503 0.6153846153846154 0.3682092555331992 0.5178236397748592 0.3682092555331992 0.5178236397748592 0.4869215291750503
0 0.875703564727955 0.23138832997987926 0.9685741088180112 0.23138832997987926 0.9685741088180112 0.1227364185110664 0.875703564727955 0.1227364185110664 0.875703564727955 0.23138832997987926
0 0.9338649155722326 0.42354124748490946 0.9995309568480301 0.42354124748490946 0.9995309568480301 0.31388329979879276 0.9338649155722326 0.31388329979879276 0.9338649155722326 0.42354124748490946
0 0.29409005628517826 0.5628772635814889 0.3972795497185741 0.5628772635814889 0.3972795497185741 0.443158953722334 0.29409005628517826 0.443158953722334 0.29409005628517826 0.5628772635814889
0 0.3775797373358349 0.4959758551307847 0.475140712945591 0.4959758551307847 0.475140712945591 0.37927565392354123 0.3775797373358349 0.37927565392354123 0.3775797373358349 0.4959758551307847
0 0.8119136960600375 0.1795774647887324 0.9057223264540337 0.1795774647887324 0.9057223264540337 0.08098591549295775 0.8119136960600375 0.08098591549295775 0.8119136960600375 0.1795774647887324
0 0.351313320825516 0.3672032193158954 0.45075046904315197 0.3672032193158954 0.45075046904315197 0.24647887323943662 0.351313320825516 0.24647887323943662 0.351313320825516 0.3672032193158954
0 0.6336772983114447 0.6685110663983903 0.7303001876172608 0.6685110663983903 0.7303001876172608 0.5296780684104627 0.6336772983114447 0.5296780684104627 0.6336772983114447 0.6685110663983903
0 0.8719512195121951 0.3536217303822938 0.9610694183864915 0.3536217303822938 0.9610694183864915 0.23088531187122738 0.8719512195121951 0.23088531187122738 0.8719512195121951 0.3536217303822938
0 0.5464352720450282 0.738430583501006 0.6533771106941839 0.738430583501006 0.6533771106941839 0.60261569416499 0.5464352720450282 0.60261569416499 0.5464352720450282 0.738430583501006
0 0.1449343339587242 0.39738430583501005 0.25375234521575984 0.39738430583501005 0.25375234521575984 0.28470824949698187 0.1449343339587242 0.28470824949698187 0.1449343339587242 0.39738430583501005
0 0.4652908067542214 0.3677062374245473 0.5656660412757973 0.3677062374245473 0.5656660412757973 0.24899396378269617 0.4652908067542214 0.24899396378269617 0.4652908067542214 0.3677062374245473
0 0.5272045028142589 0.8586519114688129 0.6360225140712945 0.8586519114688129 0.6360225140712945 0.7248490945674044 0.5272045028142589 0.7248490945674044 0.5272045028142589 0.8586519114688129
0 0.6824577861163227 0.22283702213279677 0.7781425891181989 0.22283702213279677 0.7781425891181989 0.11820925553319919 0.6824577861163227 0.11820925553319919 0.6824577861163227 0.22283702213279677
0 0.6787054409005628 0.4336016096579477 0.7650093808630394 0.4336016096579477 0.7650093808630394 0.3289738430583501 0.6787054409005628 0.3289738430583501 0.6787054409005628 0.4336016096579477
0 0.23780487804878048 0.4818913480885312 0.34568480300187615 0.4818913480885312 0.34568480300187615 0.36519114688128773 0.23780487804878048 0.36519114688128773 0.23780487804878048 0.4818913480885312
0 0.02298311444652908 0.30885311871227367 0.12804878048780488 0.30885311871227367 0.12804878048780488 0.193158953722334 0.02298311444652908 0.193158953722334 0.02298311444652908 0.30885311871227367
0 0.5970919324577861 0.41599597585513076 0.6871482176360225 0.41599597585513076 0.6871482176360225 0.3073440643863179 0.5970919324577861 0.3073440643863179 0.5970919324577861 0.41599597585513076
0 0.15056285178236398 0.5764587525150905 0.2584427767354597 0.5764587525150905 0.2584427767354597 0.44969818913480886 0.15056285178236398 0.44969818913480886 0.15056285178236398 0.5764587525150905
0 0.5065666041275797 0.26911468812877265 0.5975609756097561 0.26911468812877265 0.5975609756097561 0.16448692152917505 0.5065666041275797 0.16448692152917505 0.5065666041275797 0.26911468812877265
0 0.2767354596622889 0.3606639839034205 0.3611632270168856 0.3606639839034205 0.3611632270168856 0.24396378269617705 0.2767354596622889 0.24396378269617705 0.2767354596622889 0.3606639839034205
0 0.06332082551594746 0.636317907444668 0.16838649155722327 0.636317907444668 0.16838649155722327 0.5155935613682092 0.06332082551594746 0.5155935613682092 0.06332082551594746 0.636317907444668
0 0.6444652908067542 0.545271629778672 0.7410881801125704 0.545271629778672 0.7410881801125704 0.41750503018108653 0.6444652908067542 0.41750503018108653 0.6444652908067542 0.545271629778672
0 0.17636022514071295 0.17756539235412475 0.28424015009380865 0.17756539235412475 0.28424015009380865 0.07293762575452717 0.17636022514071295 0.07293762575452717 0.17636022514071295 0.17756539235412475
0 0.00046904315196998124 0.5165995975855131 0.07926829268292683 0.5165995975855131 0.07926829268292683 0.4039235412474849 0.00046904315196998124 0.4039235412474849 0.00046904315196998124 0.5165995975855131
0 0.31144465290806755 0.26156941649899396 0.41275797373358347 0.26156941649899396 0.41275797373358347 0.14788732394366197 0.31144465290806755 0.14788732394366197 0.31144465290806755 0.26156941649899396
0 0.7823639774859287 0.540241448692153 0.8771106941838649 0.540241448692153 0.8771106941838649 0.43259557344064387 0.7823639774859287 0.43259557344064387 0.7823639774859287 0.540241448692153
0 0.7940900562851783 0.41398390342052316 0.8878986866791745 0.41398390342052316 0.8878986866791745 0.2982897384305835 0.7940900562851783 0.2982897384305835 0.7940900562851783 0.41398390342052316
0 0.04690431519699812 0.41448692152917505 0.1472795497185741 0.41448692152917505 0.1472795497185741 0.3008048289738431 0.04690431519699812 0.3008048289738431 0.04690431519699812 0.41448692152917505
0 0.41932457786116323 0.2811871227364185 0.5046904315196998 0.2811871227364185 0.5046904315196998 0.16851106639839034 0.41932457786116323 0.16851106639839034 0.41932457786116323 0.2811871227364185
0 0.22795497185741087 0.2535211267605634 0.31801125703564725 0.2535211267605634 0.31801125703564725 0.14185110663983905 0.22795497185741087 0.14185110663983905 0.22795497185741087 0.2535211267605634
0 0.08302063789868667 0.4994969818913481 0.20684803001876173 0.4994969818913481 0.20684803001876173 0.38480885311871227 0.08302063789868667 0.38480885311871227 0.08302063789868667 0.4994969818913481
0 0.49671669793621015 0.6373239436619719 0.5952157598499062 0.6373239436619719 0.5952157598499062 0.5095573440643864 0.49671669793621015 0.5095573440643864 0.49671669793621015 0.6373239436619719
0 0.6102251407129456 0.16398390342052313 0.7152908067542214 0.16398390342052313 0.7152908067542214 0.0613682092555332 0.6102251407129456 0.0613682092555332 0.6102251407129456 0.16398390342052313
0 0.9423076923076923 0.2887323943661972 0.9995309568480301 0.2887323943661972 0.9995309568480301 0.18611670020120724 0.9423076923076923 0.18611670020120724 0.9423076923076923 0.2887323943661972
0 0.674953095684803 0.3420523138832998 0.7621951219512195 0.3420523138832998 0.7621951219512195 0.2454728370221328 0.674953095684803 0.2454728370221328 0.674953095684803 0.3420523138832998
0 0.5023452157598499 0.17404426559356137 0.5914634146341463 0.17404426559356137 0.5914634146341463 0.08249496981891348 0.5023452157598499 0.08249496981891348 0.5023452157598499 0.17404426559356137
0 0.14634146341463414 0.2977867203219316 0.25046904315197 0.2977867203219316 0.25046904315197 0.2022132796780684 0.14634146341463414 0.2022132796780684 0.14634146341463414 0.2977867203219316
0 0 0.3646881287726358 0.0450281425891182 0.3646881287726358 0.0450281425891182 0.26006036217303824 0 0.26006036217303824 0 0.3646881287726358
0 0.3850844277673546 0.1936619718309859 0.4798311444652908 0.1936619718309859 0.4798311444652908 0.08501006036217304 0.3850844277673546 0.08501006036217304 0.3850844277673546 0.1936619718309859
0 0.05628517823639775 0.17756539235412475 0.16322701688555347 0.17756539235412475 0.16322701688555347 0.0658953722334004 0.05628517823639775 0.0658953722334004 0.05628517823639775 0.17756539235412475
0 0.10318949343339587 0.2454728370221328 0.20544090056285177 0.2454728370221328 0.20544090056285177 0.12776659959758552 0.10318949343339587 0.12776659959758552 0.10318949343339587 0.2454728370221328
0 0 0.5900402414486922 0.039399624765478425 0.5900402414486922 0.039399624765478425 0.5095573440643864 0 0.5095573440643864 0 0.5900402414486922
0 0.30956848030018763 0.15945674044265593 0.400562851782364 0.15945674044265593 0.400562851782364 0.07494969818913481 0.30956848030018763 0.07494969818913481 0.30956848030018763 0.15945674044265593
0 0 0.25653923541247486 0.07786116322701689 0.25653923541247486 0.07786116322701689 0.13480885311871227 0 0.13480885311871227 0 0.25653923541247486
0 0 0.1403420523138833 0.036585365853658534 0.1403420523138833 0.036585365853658534 0.07696177062374246 0 0.07696177062374246 0 0.1403420523138833
0 0.400562851782364 0.9984909456740443 0.5290806754221389 0.9984909456740443 0.5290806754221389 0.966297786720322 0.400562851782364 0.966297786720322 0.400562851782364 0.9984909456740443
0 0.9892120075046904 0.18712273641851107 0.9995309568480301 0.18712273641851107 0.9995309568480301 0.13782696177062373 0.9892120075046904 0.13782696177062373 0.9892120075046904 0.18712273641851107