0 0.882 0.31486486486486487 0.9484 0.31486486486486487 0.9484 0.17882882882882883 0.882 0.17882882882882883 0.882 0.31486486486486487
0 0.591 0.913963963963964 0.647 0.913963963963964 0.647 0.7680180180180181 0.591 0.7680180180180181 0.591 0.913963963963964
0 0.869 0.8495495495495495 0.9346 0.8495495495495495 0.9346 0.7 0.869 0.7 0.869 0.8495495495495495
0 0.9104 0.7531531531531531 0.9892 0.7531531531531531 0.9892 0.6189189189189189 0.9104 0.6189189189189189 0.9104 0.7531531531531531
0 0.4866 0.9459459459459459 0.545 0.9459459459459459 0.545 0.8045045045045045 0.4866 0.8045045045045045 0.4866 0.9459459459459459
0 0.8298 0.5423423423423424 0.9006 0.5423423423423424 0.9006 0.4117117117117117 0.8298 0.4117117117117117 0.8298 0.5423423423423424
0 0.856 0.668018018018018 0.9232 0.668018018018018 0.9232 0.5364864864864864 0.856 0.5364864864864864 0.856 0.668018018018018
0 0.8392 0.21081081081081082 0.904 0.21081081081081082 0.904 0.07837837837837838 0.8392 0.07837837837837838 0.8392 0.21081081081081082
0 0.6152 0.7126126126126127 0.672 0.7126126126126127 0.672 0.581081081081081 0.6152 0.581081081081081 0.6152 0.7126126126126127
0 0.6016 0.25045045045045045 0.6672 0.25045045045045045 0.6672 0.13063063063063063 0.6016 0.13063063063063063 0.6016 0.25045045045045045
0 0.8202 0.9220720720720721 0.8782 0.9220720720720721 0.8782 0.7662162162162162 0.8202 0.7662162162162162 0.8202 0.9220720720720721
0 0.9 0.46126126126126127 0.9616 0.46126126126126127 0.9616 0.3153153153153153 0.9 0.3153153153153153 0.9 0.46126126126126127
0 0.7544 0.42027027027027025 0.8124 0.42027027027027025 0.8124 0.2671171171171171 0.7544 0.2671171171171171 0.7544 0.42027027027027025
0 0.538 0.7635135135135135 0.5972 0.7635135135135135 0.5972 0.6346846846846846 0.538 0.6346846846846846 0.538 0.7635135135135135
0 0.782 0.2716216216216216 0.838 0.2716216216216216 0.838 0.1265765765765766 0.782 0.1265765765765766 0.782 0.2716216216216216
0 0.8362 0.409009009009009 0.8994 0.409009009009009 0.8994 0.2594594594594595 0.8362 0.2594594594594595 0.8362 0.409009009009009
0 0.9154 0.6144144144144145 0.9774 0.6144144144144145 0.9774 0.4648648648648649 0.9154 0.4648648648648649 0.9154 0.6144144144144145
0 0.7194 0.2608108108108108 0.779 0.2608108108108108 0.779 0.11486486486486487 0.7194 0.11486486486486487 0.7194 0.2608108108108108
0 0.9348 0.890990990990991 0.9988 0.890990990990991 0.9988 0.7531531531531531 0.9348 0.7531531531531531 0.9348 0.890990990990991
0 0.7462 0 0.7462 0.13063063063063063 0.8102 0.13063063063063063 0.8102 0 0.7462 0
0 0.1714 0.1972972972972973 0.2274 0.1972972972972973 0.2274 0.1 0.1714 0.1 0.1714 0.1972972972972973
0 0.9994 1 0.9994 0.8900900900900901 0.9366 0.8900900900900901 0.9366 1 0.9994 1
0 0.0688 0.4905405405405405 0.122 0.4905405405405405 0.122 0.39144144144144144 0.0688 0.39144144144144144 0.0688 0.4905405405405405
0 0.203 0.11171171171171171 0.2574 0.11171171171171171 0.2574 0.014414414414414415 0.203 0.014414414414414415 0.203 0.11171171171171171
0 0.8578 0 0.8578 0.07747747747747748 0.9246 0.07747747747747748 0.9246 0 0.8578 0
0 0.1184 0.1918918918918919 0.1712 0.1918918918918919 0.1712 0.09009009009009009 0.1184 0.09009009009009009 0.1184 0.1918918918918919
0 0.0952 0.39504504504504506 0.1472 0.39504504504504506 0.1472 0.3022522522522523 0.0952 0.3022522522522523 0.0952 0.39504504504504506
0 0.148 0.11171171171171171 0.2016 0.11171171171171171 0.2016 0.0018018018018018018 0.148 0.0018018018018018018 0.148 0.11171171171171171
0 0.095 0.2981981981981982 0.1414 0.2981981981981982 0.1414 0.20270270270270271 0.095 0.20270270270270271 0.095 0.2981981981981982
0 0.1238 0.9153153153153153 0.189 0.9153153153153153 0.189 0.7828828828828829 0.1238 0.7828828828828829 0.1238 0.9153153153153153
0 0.089 0.10315315315315315 0.1426 0.10315315315315315 0.1426 0.00945945945945946 0.089 0.00945945945945946 0.089 0.10315315315315315
0 0.5302 0 0.5302 0.03333333333333333 0.5898 0.03333333333333333 0.5898 0 0.5302 0
0 0.3098 0 0.3098 0.04234234234234234 0.3714 0.04234234234234234 0.3714 0 0.3098 0
0 0.937 1 0.937 0.9621621621621622 0.8846 0.9621621621621622 0.8846 1 0.937 1
0 0.0772 0.9193693693693694 0.1272 0.9193693693693694 0.1272 0.8085585585585585 0.0772 0.8085585585585585 0.0772 0.9193693693693694
0 0.8 0 0.8 0.03063063063063063 0.8588 0.03063063063063063 0.8588 0 0.8 0
0 0.4872 0 0.4872 0.021621621621621623 0.53 0.021621621621621623 0.53 0 0.4872 0
0 0.836 1 0.836 0.981081081081081 0.7784 0.981081081081081 0.7784 1 0.836 1
0 0.0812 0.18693693693693694 0.116 0.18693693693693694 0.116 0.11666666666666667 0.0812 0.11666666666666667 0.0812 0.18693693693693694