0 0.8684812442817932 0.49506578947368424 0.9846752058554438 0.49506578947368424 0.9846752058554438 0.3379934210526316 0.8684812442817932 0.3379934210526316 0.8684812442817932 0.49506578947368424
0 0.4181152790484904 0.16652960526315788 0.5128087831655993 0.16652960526315788 0.5128087831655993 0.025082236842105265 0.4181152790484904 0.025082236842105265 0.4181152790484904 0.16652960526315788
0 0.3021500457456542 0.36101973684210525 0.3963860933211345 0.36101973684210525 0.3963860933211345 0.22039473684210525 0.3021500457456542 0.22039473684210525 0.3021500457456542 0.36101973684210525
0 1 0.6603618421052632 0.9021043000914913 0.6603618421052632 0.9021043000914913 0.8231907894736842 1 0.8231907894736842 1 0.6603618421052632
0 0.8270814272644099 0.9226973684210527 0.9382433668801464 0.9226973684210527 0.9382433668801464 0.743421052631579 0.8270814272644099 0.743421052631579 0.8270814272644099 0.9226973684210527
0 0.3822049405306496 0.8638980263157895 0.47735590118938703 0.8638980263157895 0.47735590118938703 0.6994243421052632 0.3822049405306496 0.6994243421052632 0.3822049405306496 0.8638980263157895
0 0.30649588289112534 0.7648026315789473 0.39981701738334857 0.7648026315789473 0.39981701738334857 0.6085526315789473 0.30649588289112534 0.6085526315789473 0.30649588289112534 0.7648026315789473
0 0.15507776761207684 0.5518092105263158 0.26120768526989935 0.5518092105263158 0.26120768526989935 0.40707236842105265 0.15507776761207684 0.40707236842105265 0.15507776761207684 0.5518092105263158
0 0.029963403476669717 0.3462171052631579 0.12008234217749314 0.3462171052631579 0.12008234217749314 0.21628289473684212 0.029963403476669717 0.21628289473684212 0.029963403476669717 0.3462171052631579
0 0.09606587374199452 0.44120065789473684 0.19213174748398903 0.44120065789473684 0.19213174748398903 0.30879934210526316 0.09606587374199452 0.30879934210526316 0.09606587374199452 0.44120065789473684
0 0.7566331198536139 0.9991776315789473 0.854071363220494 0.9991776315789473 0.854071363220494 0.8495065789473685 0.7566331198536139 0.8495065789473685 0.7566331198536139 0.9991776315789473
0 0.08851784080512351 0.2532894736842105 0.1882433668801464 0.2532894736842105 0.1882433668801464 0.11842105263157894 0.08851784080512351 0.11842105263157894 0.08851784080512351 0.2532894736842105
0 0.15576395242451968 0.7397203947368421 0.25 0.7397203947368421 0.25 0.5982730263157895 0.15576395242451968 0.5982730263157895 0.15576395242451968 0.7397203947368421
0 0.227355901189387 0.45148026315789475 0.32799634034766695 0.45148026315789475 0.32799634034766695 0.31085526315789475 0.227355901189387 0.31085526315789475 0.227355901189387 0.45148026315789475
0 0.2458828911253431 0.640625 0.34149130832570906 0.640625 0.34149130832570906 0.5098684210526315 0.2458828911253431 0.5098684210526315 0.2458828911253431 0.640625
0 0.0878316559926807 0.6270559210526315 0.17932296431838976 0.6270559210526315 0.17932296431838976 0.49054276315789475 0.0878316559926807 0.49054276315789475 0.0878316559926807 0.6270559210526315
0 0.22872827081427263 0.8338815789473685 0.31335773101555353 0.8338815789473685 0.31335773101555353 0.6998355263157895 0.22872827081427263 0.6998355263157895 0.22872827081427263 0.8338815789473685
0 0.1086459286367795 0.9226973684210527 0.20379688929551693 0.9226973684210527 0.20379688929551693 0.787828947368421 0.1086459286367795 0.787828947368421 0.1086459286367795 0.9226973684210527
0 0.75 1 0.75 0.9226973684210527 0.6511893870082343 0.9226973684210527 0.6511893870082343 1 0.75 1
0 0.0006861848124428179 0.6299342105263158 0.08577310155535224 0.6299342105263158 0.08577310155535224 0.5016447368421053 0.0006861848124428179 0.5016447368421053 0.0006861848124428179 0.6299342105263158
0 0.00022872827081427266 0.43832236842105265 0.05466605672461116 0.43832236842105265 0.05466605672461116 0.3050986842105263 0.00022872827081427266 0.3050986842105263 0.00022872827081427266 0.43832236842105265
0 0.00022872827081427266 0.899671052631579 0.057410795974382436 0.899671052631579 0.057410795974382436 0.7828947368421053 0.00022872827081427266 0.7828947368421053 0.00022872827081427266 0.899671052631579
0 0.030878316559926806 0.9995888157894737 0.1338060384263495 0.9995888157894737 0.1338060384263495 0.8597861842105263 0.030878316559926806 0.8597861842105263 0.030878316559926806 0.9995888157894737
0 0 0.9995888157894737 0.021500457456541628 0.9995888157894737 0.021500457456541628 0.9510690789473685 0 0.9510690789473685 0 0.9995888157894737