0 0.6665751920965971 0.6788294797687862 0.7692096597145993 0.6788294797687862 0.7692096597145993 0.5502167630057804 0.6665751920965971 0.5502167630057804 0.6665751920965971 0.6788294797687862
0 0.37897914379802417 0.43786127167630057 0.46789242590559826 0.43786127167630057 0.46789242590559826 0.33670520231213874 0.37897914379802417 0.33670520231213874 0.37897914379802417 0.43786127167630057
0 0.5765642151481888 0.39197976878612717 0.6638309549945115 0.39197976878612717 0.6638309549945115 0.25397398843930635 0.5765642151481888 0.25397398843930635 0.5765642151481888 0.39197976878612717
0 0.3946212952799122 0.7886560693641619 0.4857299670691548 0.7886560693641619 0.4857299670691548 0.6809971098265896 0.3946212952799122 0.6809971098265896 0.3946212952799122 0.7886560693641619
0 0.34440175631174536 0.3486271676300578 0.41904500548847423 0.3486271676300578 0.41904500548847423 0.23085260115606937 0.34440175631174536 0.23085260115606937 0.34440175631174536 0.3486271676300578
0 0.13117453347969266 0.6893063583815029 0.21844127332601537 0.6893063583815029 0.21844127332601537 0.5924855491329479 0.13117453347969266 0.5924855491329479 0.13117453347969266 0.6893063583815029
0 0.04473106476399561 0.42846820809248554 0.12047200878155873 0.42846820809248554 0.12047200878155873 0.3302023121387283 0.04473106476399561 0.3302023121387283 0.04473106476399561 0.42846820809248554
0 0.44099890230515915 0.6145231213872833 0.5260702524698134 0.6145231213872833 0.5260702524698134 0.5177023121387283 0.44099890230515915 0.5177023121387283 0.44099890230515915 0.6145231213872833
0 0.6097694840834248 0.9989161849710982 0.7014270032930845 0.9989161849710982 0.7014270032930845 0.8854768786127167 0.6097694840834248 0.8854768786127167 0.6097694840834248 0.9989161849710982
0 0.17371020856201977 0.21459537572254336 0.24835345773874862 0.21459537572254336 0.24835345773874862 0.10838150289017341 0.17371020856201977 0.10838150289017341 0.17371020856201977 0.21459537572254336
0 0.27469813391877057 0.16329479768786126 0.3614160263446762 0.16329479768786126 0.3614160263446762 0.0657514450867052 0.27469813391877057 0.0657514450867052 0.27469813391877057 0.16329479768786126
0 0.4607574094401756 0.891257225433526 0.5557080131723381 0.891257225433526 0.5557080131723381 0.7778179190751445 0.4607574094401756 0.7778179190751445 0.4607574094401756 0.891257225433526
0 0.20801317233809002 0.6394508670520231 0.2892425905598244 0.6394508670520231 0.2892425905598244 0.5267341040462428 0.20801317233809002 0.5267341040462428 0.20801317233809002 0.6394508670520231
0 0.09632272228320526 0.505057803468208 0.1770032930845225 0.505057803468208 0.1770032930845225 0.4046242774566474 0.09632272228320526 0.4046242774566474 0.09632272228320526 0.505057803468208
0 0.10428100987925357 0.942557803468208 0.18166849615806804 0.942557803468208 0.18166849615806804 0.8298410404624278 0.10428100987925357 0.8298410404624278 0.10428100987925357 0.942557803468208
0 0.025246981339187707 0.13186416184971098 0.09714599341383096 0.13186416184971098 0.09714599341383096 0.024927745664739886 0.025246981339187707 0.024927745664739886 0.025246981339187707 0.13186416184971098
0 0.02552140504939627 0.22145953757225434 0.10784851811196487 0.22145953757225434 0.10784851811196487 0.1333092485549133 0.02552140504939627 0.1333092485549133 0.02552140504939627 0.22145953757225434
0 0.3037870472008782 0.24783236994219654 0.38830954994511524 0.24783236994219654 0.38830954994511524 0.1510115606936416 0.3037870472008782 0.1510115606936416 0.3037870472008782 0.24783236994219654
0 0.10400658616904501 0.18966763005780346 0.17480790340285401 0.18966763005780346 0.17480790340285401 0.10440751445086706 0.10400658616904501 0.10440751445086706 0.10400658616904501 0.18966763005780346
0 0.00027442371020856203 0.3699421965317919 0.04857299670691548 0.3699421965317919 0.04857299670691548 0.27890173410404623 0.00027442371020856203 0.27890173410404623 0.00027442371020856203 0.3699421965317919
0 0.21569703622392974 0.5242052023121387 0.29802414928649834 0.5242052023121387 0.29802414928649834 0.4244942196531792 0.21569703622392974 0.4244942196531792 0.21569703622392974 0.5242052023121387
0 0.21295279912184412 0.3432080924855491 0.2864983534577388 0.3432080924855491 0.2864983534577388 0.2319364161849711 0.21295279912184412 0.2319364161849711 0.21295279912184412 0.3432080924855491
0 0 0.27709537572254334 0.04720087815587267 0.27709537572254334 0.04720087815587267 0.18316473988439305 0 0.18316473988439305 0 0.27709537572254334
0 0.5208562019758507 0.9992774566473989 0.6026344676180022 0.9992774566473989 0.6026344676180022 0.9284682080924855 0.5208562019758507 0.9284682080924855 0.5208562019758507 0.9992774566473989
0 0.25960482985729966 0.4360549132947977 0.33040614709110866 0.4360549132947977 0.33040614709110866 0.32261560693641617 0.25960482985729966 0.32261560693641617 0.25960482985729966 0.4360549132947977
0 0.3048847420417124 0 0.3048847420417124 0.0476878612716763 0.3767837541163557 0.0476878612716763 0.3767837541163557 0 0.3048847420417124 0
0 0 0 0 0.09176300578034682 0.03951701427003293 0.09176300578034682 0.03951701427003293 0 0 0
0 0.00027442371020856203 0.4570086705202312 0.029363336992316136 0.4570086705202312 0.029363336992316136 0.37463872832369943 0.00027442371020856203 0.37463872832369943 0.00027442371020856203 0.4570086705202312
0 0.23572996706915478 0 0.23572996706915478 0.028901734104046242 0.29720087815587265 0.028901734104046242 0.29720087815587265 0 0.23572996706915478 0
0 0.1523051591657519 0 0.1523051591657519 0.026734104046242775 0.2203622392974753 0.026734104046242775 0.2203622392974753 0 0.1523051591657519 0
0 0.9920417124039517 0.0986271676300578 0.9997255762897914 0.0986271676300578 0.9997255762897914 0.045158959537572256 0.9920417124039517 0.045158959537572256 0.9920417124039517 0.0986271676300578
0 0 0.16365606936416185 0.014818880351262349 0.16365606936416185 0.014818880351262349 0.10440751445086706 0 0.10440751445086706 0 0.16365606936416185