0 0.44580731489741304 0.15049342105263158 0.5323371989295272 0.15049342105263158 0.5323371989295272 0.0024671052631578946 0.44580731489741304 0.0024671052631578946 0.44580731489741304 0.15049342105263158
0 0.22836752899197146 0.9272203947368421 0.30999107939339876 0.9272203947368421 0.30999107939339876 0.7915296052631579 0.22836752899197146 0.7915296052631579 0.22836752899197146 0.9272203947368421
0 0.24330954504906332 0.5896381578947368 0.3307314897413024 0.5896381578947368 0.3307314897413024 0.47039473684210525 0.24330954504906332 0.47039473684210525 0.24330954504906332 0.5896381578947368
0 0.7562444246208743 0.14185855263157895 0.842328278322926 0.14185855263157895 0.842328278322926 0.00041118421052631577 0.7562444246208743 0.00041118421052631577 0.7562444246208743 0.14185855263157895
0 0.6333630686886709 0.3540296052631579 0.7243532560214094 0.3540296052631579 0.7243532560214094 0.21340460526315788 0.6333630686886709 0.21340460526315788 0.6333630686886709 0.3540296052631579
0 0.36351471900089205 0.3334703947368421 0.4326494201605709 0.3334703947368421 0.4326494201605709 0.17722039473684212 0.36351471900089205 0.17722039473684212 0.36351471900089205 0.3334703947368421
0 0.2671721677074041 0.4597039473684211 0.3452274754683318 0.4597039473684211 0.3452274754683318 0.3182565789473684 0.2671721677074041 0.3182565789473684 0.2671721677074041 0.4597039473684211
0 0.41012488849241746 0.4194078947368421 0.4872881355932203 0.4194078947368421 0.4872881355932203 0.26644736842105265 0.41012488849241746 0.26644736842105265 0.41012488849241746 0.4194078947368421
0 0.7314897413024085 0.6056743421052632 0.8162355040142729 0.6056743421052632 0.8162355040142729 0.4732730263157895 0.7314897413024085 0.4732730263157895 0.7314897413024085 0.6056743421052632
0 0.4536128456735058 0.5945723684210527 0.5352363960749331 0.5945723684210527 0.5352363960749331 0.45805921052631576 0.4536128456735058 0.45805921052631576 0.4536128456735058 0.5945723684210527
0 0.5818465655664585 0.17393092105263158 0.6652542372881356 0.17393092105263158 0.6652542372881356 0.0390625 0.5818465655664585 0.0390625 0.5818465655664585 0.17393092105263158
0 0.09500446030330062 0.1484375 0.1793041926851026 0.1484375 0.1793041926851026 0.005345394736842105 0.09500446030330062 0.005345394736842105 0.09500446030330062 0.1484375
0 0.6868867082961642 0.22491776315789475 0.7738626226583407 0.22491776315789475 0.7738626226583407 0.09004934210526316 0.6868867082961642 0.09004934210526316 0.6868867082961642 0.22491776315789475
0 0.6329170383586084 0.9350328947368421 0.7314897413024085 0.9350328947368421 0.7314897413024085 0.7952302631578947 0.6329170383586084 0.7952302631578947 0.6329170383586084 0.9350328947368421
0 0.49732381801962533 0.7319078947368421 0.5731489741302409 0.7319078947368421 0.5731489741302409 0.5748355263157895 0.49732381801962533 0.5748355263157895 0.49732381801962533 0.7319078947368421
0 0.3307314897413024 0.15583881578947367 0.41190900981266726 0.15583881578947367 0.41190900981266726 0.02425986842105263 0.3307314897413024 0.02425986842105263 0.3307314897413024 0.15583881578947367
0 0.21297948260481714 0.36348684210526316 0.278099910793934 0.36348684210526316 0.278099910793934 0.21217105263157895 0.21297948260481714 0.21217105263157895 0.21297948260481714 0.36348684210526316
0 0.7604817127564675 0.759046052631579 0.8407671721677074 0.759046052631579 0.8407671721677074 0.6134868421052632 0.7604817127564675 0.6134868421052632 0.7604817127564675 0.759046052631579
0 0.2096342551293488 0.12870065789473684 0.29348795718108833 0.12870065789473684 0.29348795718108833 0.002055921052631579 0.2096342551293488 0.002055921052631579 0.2096342551293488 0.12870065789473684
0 0.7076271186440678 0.8651315789473685 0.7870205173951829 0.8651315789473685 0.7870205173951829 0.7072368421052632 0.7076271186440678 0.7072368421052632 0.7076271186440678 0.8651315789473685
0 0.5640053523639608 0.6365131578947368 0.6353702051739518 0.6365131578947368 0.6353702051739518 0.47368421052631576 0.5640053523639608 0.47368421052631576 0.5640053523639608 0.6365131578947368
0 0.846342551293488 0.8133223684210527 0.91057091882248 0.8133223684210527 0.91057091882248 0.6521381578947368 0.846342551293488 0.6521381578947368 0.846342551293488 0.8133223684210527
0 0.8111061552185549 0.5777138157894737 0.89049955396967 0.5777138157894737 0.89049955396967 0.42804276315789475 0.8111061552185549 0.42804276315789475 0.8111061552185549 0.5777138157894737
0 0.10972346119536129 0.837171052631579 0.1873327386262266 0.837171052631579 0.1873327386262266 0.694078947368421 0.10972346119536129 0.694078947368421 0.10972346119536129 0.837171052631579
0 0.719892952720785 0.998766447368421 0.7988403211418377 0.998766447368421 0.7988403211418377 0.8688322368421053 0.719892952720785 0.8688322368421053 0.719892952720785 0.998766447368421
0 0.00022301516503122213 0.28495065789473684 0.05196253345227476 0.28495065789473684 0.05196253345227476 0.16324013157894737 0.00022301516503122213 0.16324013157894737 0.00022301516503122213 0.28495065789473684
0 0.2783229259589652 0.3236019736842105 0.35459411239964317 0.3236019736842105 0.35459411239964317 0.18544407894736842 0.2783229259589652 0.18544407894736842 0.2783229259589652 0.3236019736842105
0 0.8525869759143622 0.9728618421052632 0.9266280107047279 0.9728618421052632 0.9266280107047279 0.8223684210526315 0.8525869759143622 0.8223684210526315 0.8525869759143622 0.9728618421052632
0 0.13090990187332738 1 0.13090990187332738 0.8881578947368421 0.03189116859946477 0.8881578947368421 0.03189116859946477 1 0.13090990187332738 1
0 0.7872435325602141 0.9148848684210527 0.855486173059768 0.9148848684210527 0.855486173059768 0.766858552631579 0.7872435325602141 0.766858552631579 0.7872435325602141 0.9148848684210527
0 0.04594112399643176 0.889391447368421 0.12756467439785907 0.889391447368421 0.12756467439785907 0.7561677631578947 0.04594112399643176 0.7561677631578947 0.04594112399643176 0.889391447368421
0 0.6962533452274755 0 0.6962533452274755 0.07976973684210527 0.7729705619982159 0.07976973684210527 0.7729705619982159 0 0.6962533452274755 0
0 0.30575379125780555 0 0.30575379125780555 0.04029605263157895 0.37444246208742193 0.04029605263157895 0.37444246208742193 0 0.30575379125780555 0
0 0.8140053523639608 0.9995888157894737 0.8608385370205174 0.9995888157894737 0.8608385370205174 0.9296875 0.8140053523639608 0.9296875 0.8140053523639608 0.9995888157894737
0 0.00022301516503122213 0 0.00022301516503122213 0.05263157894736842 0.046610169491525424 0.05263157894736842 0.046610169491525424 0 0.00022301516503122213 0
0 0.6208742194469223 0 0.6208742194469223 0.03453947368421053 0.6895628902765388 0.03453947368421053 0.6895628902765388 0 0.6208742194469223 0
0 0 0.9950657894736842 0.030776092774308653 0.9950657894736842 0.030776092774308653 0.884046052631579 0 0.884046052631579 0 0.9950657894736842