0 0.7518298261665142 0.6866776315789473 0.8533851784080513 0.6866776315789473 0.8533851784080513 0.5296052631578947 0.7518298261665142 0.5296052631578947 0.7518298261665142 0.6866776315789473
0 0.8812900274473925 0.5855263157894737 0.9865050320219579 0.5855263157894737 0.9865050320219579 0.43256578947368424 0.8812900274473925 0.43256578947368424 0.8812900274473925 0.5855263157894737
0 0.4032479414455627 0.3671875 0.49199451052150045 0.3671875 0.49199451052150045 0.22245065789473684 0.4032479414455627 0.22245065789473684 0.4032479414455627 0.3671875
0 0.5274473924977127 0.2709703947368421 0.6193961573650503 0.2709703947368421 0.6193961573650503 0.13034539473684212 0.5274473924977127 0.13034539473684212 0.5274473924977127 0.2709703947368421
0 0.6722323879231473 0.7796052631578947 0.7692131747483989 0.7796052631578947 0.7692131747483989 0.6233552631578947 0.6722323879231473 0.6233552631578947 0.6722323879231473 0.7796052631578947
0 0.5821134492223239 0.5649671052631579 0.67451967063129 0.5649671052631579 0.67451967063129 0.42105263157894735 0.5821134492223239 0.42105263157894735 0.5821134492223239 0.5649671052631579
0 0.3856358645928637 0.5509868421052632 0.48124428179322964 0.5509868421052632 0.48124428179322964 0.4128289473684211 0.3856358645928637 0.4128289473684211 0.3856358645928637 0.5509868421052632
0 0.462259835315645 0.6624177631578947 0.553751143641354 0.6624177631578947 0.553751143641354 0.516858552631579 0.462259835315645 0.516858552631579 0.462259835315645 0.6624177631578947
0 0.31152790484903936 0.657483552631579 0.4112534309240622 0.657483552631579 0.4112534309240622 0.5045230263157895 0.31152790484903936 0.5045230263157895 0.31152790484903936 0.657483552631579
0 0.18938700823421775 0.6381578947368421 0.2785910338517841 0.6381578947368421 0.2785910338517841 0.5049342105263158 0.18938700823421775 0.5049342105263158 0.18938700823421775 0.6381578947368421
0 0.7570905763952425 0.8787006578947368 0.854071363220494 0.8787006578947368 0.854071363220494 0.7339638157894737 0.7570905763952425 0.7339638157894737 0.7570905763952425 0.8787006578947368
0 0.6100182982616651 0.8729440789473685 0.7060841720036597 0.8729440789473685 0.7060841720036597 0.7208059210526315 0.6100182982616651 0.7208059210526315 0.6100182982616651 0.8729440789473685
0 0.3879231473010064 0.9424342105263158 0.47895699908508693 0.9424342105263158 0.47895699908508693 0.7976973684210527 0.3879231473010064 0.7976973684210527 0.3879231473010064 0.9424342105263158
0 0.5329368709972553 0.9551809210526315 0.6244281793229643 0.9551809210526315 0.6244281793229643 0.8079769736842105 0.5329368709972553 0.8079769736842105 0.5329368709972553 0.9551809210526315
0 0.5379688929551693 0.765625 0.6248856358645929 0.765625 0.6248856358645929 0.6151315789473685 0.5379688929551693 0.6151315789473685 0.5379688929551693 0.765625
0 0.4005032021957914 0.7524671052631579 0.4883348581884721 0.7524671052631579 0.4883348581884721 0.6101973684210527 0.4005032021957914 0.6101973684210527 0.4005032021957914 0.7524671052631579
0 0.46203110704483075 0.8564967105263158 0.5521500457456542 0.8564967105263158 0.5521500457456542 0.7125822368421053 0.46203110704483075 0.7125822368421053 0.46203110704483075 0.8564967105263158
0 0.008005489478499543 0.9004934210526315 0.11093321134492223 0.9004934210526315 0.11093321134492223 0.7508223684210527 0.008005489478499543 0.7508223684210527 0.008005489478499543 0.9004934210526315
0 0.10132662397072278 0.5349506578947368 0.18870082342177494 0.5349506578947368 0.18870082342177494 0.4066611842105263 0.10132662397072278 0.4066611842105263 0.10132662397072278 0.5349506578947368
0 0.41376944190301923 1 0.41376944190301923 0.8807565789473685 0.32090576395242454 0.8807565789473685 0.32090576395242454 1 0.41376944190301923 1
0 0.028819762122598354 0 0.028819762122598354 0.0756578947368421 0.12488563586459286 0.0756578947368421 0.12488563586459286 0 0.028819762122598354 0
0 0 0.3347039473684211 0.019670631290027447 0.3347039473684211 0.019670631290027447 0.23273026315789475 0 0.23273026315789475 0 0.3347039473684211
0 0 0.07689144736842106 0.036139066788655076 0.07689144736842106 0.036139066788655076 0.00041118421052631577 0 0.00041118421052631577 0 0.07689144736842106