0 0.2295271049596309 0.3399122807017544 0.2946943483275663 0.3399122807017544 0.2946943483275663 0.2719298245614035 0.2295271049596309 0.2719298245614035 0.2295271049596309 0.3399122807017544
0 0.19694348327566322 0.7390350877192983 0.2673010380622837 0.7390350877192983 0.2673010380622837 0.668859649122807 0.19694348327566322 0.668859649122807 0.19694348327566322 0.7390350877192983
0 0.5853517877739332 0.7050438596491229 0.6608996539792388 0.7050438596491229 0.6608996539792388 0.6239035087719298 0.5853517877739332 0.6239035087719298 0.5853517877739332 0.7050438596491229
0 0.9097462514417531 0.5888157894736842 0.9927912341407151 0.5888157894736842 0.9927912341407151 0.5047514619883041 0.9097462514417531 0.5047514619883041 0.9097462514417531 0.5888157894736842
0 0.8255478662053056 0.5942982456140351 0.9051326412918108 0.5942982456140351 0.9051326412918108 0.506578947368421 0.8255478662053056 0.506578947368421 0.8255478662053056 0.5942982456140351
0 0.5565167243367936 0.1440058479532164 0.6257208765859285 0.1440058479532164 0.6257208765859285 0.05921052631578947 0.5565167243367936 0.05921052631578947 0.5565167243367936 0.1440058479532164
0 0.5631487889273357 0.25219298245614036 0.6415801614763552 0.25219298245614036 0.6415801614763552 0.17470760233918128 0.5631487889273357 0.17470760233918128 0.5631487889273357 0.25219298245614036
0 0.538638985005767 0.5376461988304093 0.6147635524798154 0.5376461988304093 0.6147635524798154 0.4608918128654971 0.538638985005767 0.4608918128654971 0.538638985005767 0.5376461988304093
0 0.38321799307958476 0.3793859649122807 0.4553056516724337 0.3793859649122807 0.4553056516724337 0.3033625730994152 0.38321799307958476 0.3033625730994152 0.38321799307958476 0.3793859649122807
0 0.20645905420991925 0.9316520467836257 0.2664359861591695 0.9316520467836257 0.2664359861591695 0.8622076023391813 0.20645905420991925 0.8622076023391813 0.20645905420991925 0.9316520467836257
0 0.5527681660899654 0.37207602339181284 0.6335063437139562 0.37207602339181284 0.6335063437139562 0.2880116959064328 0.5527681660899654 0.2880116959064328 0.5527681660899654 0.37207602339181284
0 0.8215109573241061 0.10635964912280702 0.9034025374855824 0.10635964912280702 0.9034025374855824 0.012792397660818713 0.8215109573241061 0.012792397660818713 0.8215109573241061 0.10635964912280702
0 0.7254901960784313 0.9437134502923976 0.8073817762399077 0.9437134502923976 0.8073817762399077 0.8589181286549707 0.7254901960784313 0.8589181286549707 0.7254901960784313 0.9437134502923976
0 0.6773356401384083 0.07054093567251463 0.7580738177623991 0.07054093567251463 0.7580738177623991 0.0003654970760233918 0.6773356401384083 0.0003654970760233918 0.6773356401384083 0.07054093567251463
0 0.736159169550173 0.11586257309941521 0.8192041522491349 0.11586257309941521 0.8192041522491349 0.02887426900584795 0.736159169550173 0.02887426900584795 0.736159169550173 0.11586257309941521
0 0.48788927335640137 0.5880847953216374 0.5628604382929643 0.5880847953216374 0.5628604382929643 0.5091374269005848 0.48788927335640137 0.5091374269005848 0.48788927335640137 0.5880847953216374
0 0.25519031141868515 0.7880116959064327 0.3197808535178777 0.7880116959064327 0.3197808535178777 0.7207602339181286 0.25519031141868515 0.7207602339181286 0.25519031141868515 0.7880116959064327
0 0.27768166089965396 0.6929824561403509 0.34573241061130333 0.6929824561403509 0.34573241061130333 0.6198830409356725 0.27768166089965396 0.6198830409356725 0.27768166089965396 0.6929824561403509
0 0.35121107266435986 0.22587719298245615 0.41810841983852365 0.22587719298245615 0.41810841983852365 0.15204678362573099 0.35121107266435986 0.15204678362573099 0.35121107266435986 0.22587719298245615
0 0.21107266435986158 0.8351608187134503 0.2768166089965398 0.8351608187134503 0.2768166089965398 0.7657163742690059 0.21107266435986158 0.7657163742690059 0.21107266435986158 0.8351608187134503
0 0.5957324106113033 0.5902777777777778 0.6758938869665513 0.5902777777777778 0.6758938869665513 0.5127923976608187 0.5957324106113033 0.5127923976608187 0.5957324106113033 0.5902777777777778
0 0.46482122260668973 0.4828216374269006 0.552479815455594 0.4828216374269006 0.552479815455594 0.4067982456140351 0.46482122260668973 0.4067982456140351 0.46482122260668973 0.4828216374269006
0 0.6753171856978085 0.24232456140350878 0.7502883506343714 0.24232456140350878 0.7502883506343714 0.15679824561403508 0.6753171856978085 0.15679824561403508 0.6753171856978085 0.24232456140350878
0 0.18281430219146483 0.2953216374269006 0.2502883506343714 0.2953216374269006 0.2502883506343714 0.22514619883040934 0.18281430219146483 0.22514619883040934 0.18281430219146483 0.2953216374269006
0 0.27162629757785467 0.39035087719298245 0.3419838523644752 0.39035087719298245 0.3419838523644752 0.31067251461988304 0.27162629757785467 0.31067251461988304 0.27162629757785467 0.39035087719298245
0 0.6623414071510957 0.4788011695906433 0.7425028835063437 0.4788011695906433 0.7425028835063437 0.39473684210526316 0.6623414071510957 0.39473684210526316 0.6623414071510957 0.4788011695906433
0 0.34659746251441753 0.9623538011695907 0.41753171856978083 0.9623538011695907 0.41753171856978083 0.876827485380117 0.34659746251441753 0.876827485380117 0.34659746251441753 0.9623538011695907
0 0.9639561707035755 0.714546783625731 0.9997116493656286 0.714546783625731 0.9997116493656286 0.6297514619883041 0.9639561707035755 0.6297514619883041 0.9639561707035755 0.714546783625731
0 0.5841983852364475 0.9276315789473685 0.6626297577854672 0.9276315789473685 0.6626297577854672 0.8501461988304093 0.5841983852364475 0.8501461988304093 0.5841983852364475 0.9276315789473685
0 0.4604959630911188 0.8629385964912281 0.5320069204152249 0.8629385964912281 0.5320069204152249 0.785453216374269 0.4604959630911188 0.785453216374269 0.4604959630911188 0.8629385964912281
0 0.47058823529411764 1 0.47058823529411764 0.9364035087719298 0.4002306805074971 0.9364035087719298 0.4002306805074971 1 0.47058823529411764 1
0 0.5764129181084199 0.8128654970760234 0.6519607843137255 0.8128654970760234 0.6519607843137255 0.7353801169590644 0.5764129181084199 0.7353801169590644 0.5764129181084199 0.8128654970760234
0 0.6225490196078431 1 0.6225490196078431 0.9502923976608187 0.5464244521337946 0.9502923976608187 0.5464244521337946 1 0.6225490196078431 1
0 0.5 0 0.5 0.046052631578947366 0.5732410611303345 0.046052631578947366 0.5732410611303345 0 0.5 0
0 0.527681660899654 0.8709795321637427 0.6026528258362168 0.8709795321637427 0.6026528258362168 0.7898391812865497 0.527681660899654 0.7898391812865497 0.527681660899654 0.8709795321637427
0 0.3030565167243368 0.8483187134502924 0.3711072664359862 0.8483187134502924 0.3711072664359862 0.778874269005848 0.3030565167243368 0.778874269005848 0.3030565167243368 0.8483187134502924
0 0.34717416378316035 0.7964181286549707 0.41753171856978083 0.7964181286549707 0.41753171856978083 0.7255116959064327 0.34717416378316035 0.7255116959064327 0.34717416378316035 0.7964181286549707
0 0.29959630911188007 0.9970760233918129 0.35841983852364473 0.9970760233918129 0.35841983852364473 0.9210526315789473 0.29959630911188007 0.9210526315789473 0.29959630911188007 0.9970760233918129
0 0.2436562860438293 0.9945175438596491 0.29959630911188007 0.9945175438596491 0.29959630911188007 0.9236111111111112 0.2436562860438293 0.9236111111111112 0.2436562860438293 0.9945175438596491
0 0.41810841983852365 0.8048245614035088 0.4936562860438293 0.8048245614035088 0.4936562860438293 0.7288011695906432 0.41810841983852365 0.7288011695906432 0.41810841983852365 0.8048245614035088