0 0.7413494809688581 0.7616959064327485 0.8295847750865052 0.7616959064327485 0.8295847750865052 0.6710526315789473 0.7413494809688581 0.6710526315789473 0.7413494809688581 0.7616959064327485
0 0.856401384083045 0.19444444444444445 0.9405997693194925 0.19444444444444445 0.9405997693194925 0.10964912280701754 0.856401384083045 0.10964912280701754 0.856401384083045 0.19444444444444445
0 0.6943483275663207 0.4586988304093567 0.7750865051903114 0.4586988304093567 0.7750865051903114 0.3702485380116959 0.6943483275663207 0.3702485380116959 0.6943483275663207 0.4586988304093567
0 0.7722029988465975 0.09210526315789473 0.8540945790080738 0.09210526315789473 0.8540945790080738 0.0021929824561403508 0.7722029988465975 0.0021929824561403508 0.7722029988465975 0.09210526315789473
0 0.6681084198385236 0.8921783625730995 0.755767012687428 0.8921783625730995 0.755767012687428 0.7964181286549707 0.6681084198385236 0.7964181286549707 0.6681084198385236 0.8921783625730995
0 0.773356401384083 0.5120614035087719 0.8604382929642446 0.5120614035087719 0.8604382929642446 0.42580409356725146 0.773356401384083 0.42580409356725146 0.773356401384083 0.5120614035087719
0 0.7693194925028836 0.2682748538011696 0.8529411764705882 0.2682748538011696 0.8529411764705882 0.18128654970760233 0.7693194925028836 0.18128654970760233 0.7693194925028836 0.2682748538011696
0 0.6882929642445214 0.21929824561403508 0.7742214532871973 0.21929824561403508 0.7742214532871973 0.12792397660818713 0.6882929642445214 0.12792397660818713 0.6882929642445214 0.21929824561403508
0 0.23529411764705882 0.6034356725146199 0.31949250288350634 0.6034356725146199 0.31949250288350634 0.528874269005848 0.23529411764705882 0.528874269005848 0.23529411764705882 0.6034356725146199
0 0.2632641291810842 0.8925438596491229 0.3509227220299885 0.8925438596491229 0.3509227220299885 0.8099415204678363 0.2632641291810842 0.8099415204678363 0.2632641291810842 0.8925438596491229
0 0.20530565167243367 0.2803362573099415 0.2837370242214533 0.2803362573099415 0.2837370242214533 0.20358187134502925 0.20530565167243367 0.20358187134502925 0.20530565167243367 0.2803362573099415
0 0.5446943483275664 0.64546783625731 0.6294694348327566 0.64546783625731 0.6294694348327566 0.5665204678362573 0.5446943483275664 0.5665204678362573 0.5446943483275664 0.64546783625731
0 0.3073817762399077 0.3746345029239766 0.3881199538638985 0.3746345029239766 0.3881199538638985 0.2978801169590643 0.3073817762399077 0.2978801169590643 0.3073817762399077 0.3746345029239766
0 0.4835640138408305 0.5917397660818714 0.5660322952710496 0.5917397660818714 0.5660322952710496 0.508406432748538 0.4835640138408305 0.508406432748538 0.4835640138408305 0.5917397660818714
0 0.10178777393310265 0.7240497076023392 0.1767589388696655 0.7240497076023392 0.1767589388696655 0.6502192982456141 0.10178777393310265 0.6502192982456141 0.10178777393310265 0.7240497076023392
0 0.8405420991926182 0.5654239766081871 0.9276239907727797 0.5654239766081871 0.9276239907727797 0.4857456140350877 0.8405420991926182 0.4857456140350877 0.8405420991926182 0.5654239766081871
0 0.31632064590542097 0.21052631578947367 0.396482122260669 0.21052631578947367 0.396482122260669 0.12938596491228072 0.31632064590542097 0.12938596491228072 0.31632064590542097 0.21052631578947367
0 0.211361014994233 0.16191520467836257 0.2897923875432526 0.16191520467836257 0.2897923875432526 0.08735380116959064 0.211361014994233 0.08735380116959064 0.211361014994233 0.16191520467836257
0 0.17272202998846597 0.4448099415204678 0.24826989619377163 0.4448099415204678 0.24826989619377163 0.36878654970760233 0.17272202998846597 0.36878654970760233 0.17272202998846597 0.4448099415204678
0 0.1522491349480969 0.12390350877192982 0.2306805074971165 0.12390350877192982 0.2306805074971165 0.04203216374269006 0.1522491349480969 0.04203216374269006 0.1522491349480969 0.12390350877192982
0 0.3685121107266436 0.14619883040935672 0.4457900807381776 0.14619883040935672 0.4457900807381776 0.06359649122807018 0.3685121107266436 0.06359649122807018 0.3685121107266436 0.14619883040935672
0 0.2889273356401384 0.6589912280701754 0.370242214532872 0.6589912280701754 0.370242214532872 0.5815058479532164 0.2889273356401384 0.5815058479532164 0.2889273356401384 0.6589912280701754
0 0.157439446366782 0.8943713450292398 0.2433679354094579 0.8943713450292398 0.2433679354094579 0.8132309941520468 0.157439446366782 0.8132309941520468 0.157439446366782 0.8943713450292398
0 0 0.14656432748538012 0.06286043829296424 0.14656432748538012 0.06286043829296424 0.07346491228070176 0 0.07346491228070176 0 0.14656432748538012
0 0.1242791234140715 0.39437134502923976 0.1980968858131488 0.39437134502923976 0.1980968858131488 0.3198099415204678 0.1242791234140715 0.3198099415204678 0.1242791234140715 0.39437134502923976
0 0.802479815455594 1 0.802479815455594 0.9232456140350878 0.7159746251441753 0.9232456140350878 0.7159746251441753 1 0.802479815455594 1
0 0.25720876585928487 0.32456140350877194 0.3356401384083045 0.32456140350877194 0.3356401384083045 0.2507309941520468 0.25720876585928487 0.2507309941520468 0.25720876585928487 0.32456140350877194
0 0.49048442906574397 0.9455409356725146 0.5671856978085352 0.9455409356725146 0.5671856978085352 0.8644005847953217 0.49048442906574397 0.8644005847953217 0.49048442906574397 0.9455409356725146
0 0.16262975778546712 1 0.16262975778546712 0.9261695906432749 0.07958477508650519 0.9261695906432749 0.07958477508650519 1 0.16262975778546712 1
0 0.5536332179930796 0.4093567251461988 0.6337946943483276 0.4093567251461988 0.6337946943483276 0.32748538011695905 0.5536332179930796 0.32748538011695905 0.5536332179930796 0.4093567251461988
0 0 0.2997076023391813 0.0651672433679354 0.2997076023391813 0.0651672433679354 0.22880116959064328 0 0.22880116959064328 0 0.2997076023391813
0 0.24653979238754326 0.43603801169590645 0.32324106113033446 0.43603801169590645 0.32324106113033446 0.3570906432748538 0.24653979238754326 0.3570906432748538 0.24653979238754326 0.43603801169590645
0 0.4881776239907728 0.24305555555555555 0.5666089965397924 0.24305555555555555 0.5666089965397924 0.1611842105263158 0.4881776239907728 0.1611842105263158 0.4881776239907728 0.24305555555555555
0 0.09948096885813149 0.8355263157894737 0.17618223760092272 0.8355263157894737 0.17618223760092272 0.7595029239766082 0.09948096885813149 0.7595029239766082 0.09948096885813149 0.8355263157894737
0 0.4091695501730104 0.6524122807017544 0.4852941176470588 0.6524122807017544 0.4852941176470588 0.5712719298245614 0.4091695501730104 0.5712719298245614 0.4091695501730104 0.6524122807017544
0 0.5608419838523645 0.8918128654970761 0.6421568627450981 0.8918128654970761 0.6421568627450981 0.7997076023391813 0.5608419838523645 0.7997076023391813 0.5608419838523645 0.8918128654970761
0 0.06286043829296424 0.29385964912280704 0.1384083044982699 0.29385964912280704 0.1384083044982699 0.22002923976608188 0.06286043829296424 0.22002923976608188 0.06286043829296424 0.29385964912280704
0 0.15282583621683968 0.23501461988304093 0.23125720876585928 0.23501461988304093 0.23125720876585928 0.1516812865497076 0.15282583621683968 0.1516812865497076 0.15282583621683968 0.23501461988304093
0 0.036043829296424454 0.18603801169590642 0.10178777393310265 0.18603801169590642 0.10178777393310265 0.11732456140350878 0.036043829296424454 0.11732456140350878 0.036043829296424454 0.18603801169590642
0 0.6346597462514417 1 0.6346597462514417 0.9232456140350878 0.5470011534025375 0.9232456140350878 0.5470011534025375 1 0.6346597462514417 1
0 0.09948096885813149 0.18530701754385964 0.17272202998846597 0.18530701754385964 0.17272202998846597 0.10197368421052631 0.09948096885813149 0.10197368421052631 0.09948096885813149 0.18530701754385964
0 0.010668973471741637 0.9996345029239766 0.07641291810841984 0.9996345029239766 0.07641291810841984 0.9258040935672515 0.010668973471741637 0.9258040935672515 0.010668973471741637 0.9996345029239766
0 0.6141868512110726 0.3428362573099415 0.6891580161476355 0.3428362573099415 0.6891580161476355 0.2536549707602339 0.6141868512110726 0.2536549707602339 0.6141868512110726 0.3428362573099415
0 0.0002883506343713956 0 0.0002883506343713956 0.0402046783625731 0.07929642445213379 0.0402046783625731 0.07929642445213379 0 0.0002883506343713956 0
0 0.047001153402537486 0.7847222222222222 0.1242791234140715 0.7847222222222222 0.1242791234140715 0.70796783625731 0.047001153402537486 0.70796783625731 0.047001153402537486 0.7847222222222222
0 0.4083044982698962 0 0.4083044982698962 0.029970760233918127 0.4855824682814302 0.029970760233918127 0.4855824682814302 0 0.4083044982698962 0
0 0.9786620530565168 1 0.9786620530565168 0.9788011695906432 0.9094579008073818 0.9788011695906432 0.9094579008073818 1 0.9786620530565168 1
0 0 0.9466374269005848 0.020761245674740483 0.9466374269005848 0.020761245674740483 0.8406432748538012 0 0.8406432748538012 0 0.9466374269005848