0 0.9021587743732591 0.6706293706293707 0.9996518105849582 0.6706293706293707 0.9996518105849582 0.5958041958041959 0.9021587743732591 0.5958041958041959 0.9021587743732591 0.6706293706293707
0 0.8433147632311978 0.49755244755244754 0.9324512534818942 0.49755244755244754 0.9324512534818942 0.4241258741258741 0.8433147632311978 0.4241258741258741 0.8433147632311978 0.49755244755244754
0 0.37987465181058494 0.09825174825174825 0.4557799442896936 0.09825174825174825 0.4557799442896936 0.031818181818181815 0.37987465181058494 0.031818181818181815 0.37987465181058494 0.09825174825174825
0 0.5978412256267409 0.8576923076923076 0.6848885793871866 0.8576923076923076 0.6848885793871866 0.7842657342657343 0.5978412256267409 0.7842657342657343 0.5978412256267409 0.8576923076923076
0 0.15633704735376044 0.3576923076923077 0.23084958217270196 0.3576923076923077 0.23084958217270196 0.30034965034965033 0.15633704735376044 0.30034965034965033 0.15633704735376044 0.3576923076923077
0 0.7754178272980501 0.9702797202797203 0.8687325905292479 0.9702797202797203 0.8687325905292479 0.8947552447552447 0.7754178272980501 0.8947552447552447 0.7754178272980501 0.9702797202797203
0 0.21204735376044567 0.5503496503496503 0.28307799442896936 0.5503496503496503 0.28307799442896936 0.4881118881118881 0.21204735376044567 0.4881118881118881 0.21204735376044567 0.5503496503496503
0 0.15598885793871867 0.9181818181818182 0.23537604456824512 0.9181818181818182 0.23537604456824512 0.848951048951049 0.15598885793871867 0.848951048951049 0.15598885793871867 0.9181818181818182
0 0.28725626740947074 0.08496503496503496 0.35967966573816157 0.08496503496503496 0.35967966573816157 0.022727272727272728 0.28725626740947074 0.022727272727272728 0.28725626740947074 0.08496503496503496
0 0.2552228412256267 0.6160839160839161 0.3325208913649025 0.6160839160839161 0.3325208913649025 0.5468531468531469 0.2552228412256267 0.5468531468531469 0.2552228412256267 0.6160839160839161
0 0.1772284122562674 0.2793706293706294 0.2621866295264624 0.2793706293706294 0.2621866295264624 0.22132867132867132 0.1772284122562674 0.22132867132867132 0.1772284122562674 0.2793706293706294
0 0.33948467966573814 0.7325174825174825 0.42096100278551535 0.7325174825174825 0.42096100278551535 0.6632867132867133 0.33948467966573814 0.6632867132867133 0.33948467966573814 0.7325174825174825
0 0.23293871866295265 0.46013986013986014 0.30675487465181056 0.46013986013986014 0.30675487465181056 0.3993006993006993 0.23293871866295265 0.3993006993006993 0.23293871866295265 0.46013986013986014
0 0.39275766016713093 0.4527972027972028 0.4735376044568245 0.4527972027972028 0.4735376044568245 0.38636363636363635 0.39275766016713093 0.38636363636363635 0.39275766016713093 0.4527972027972028
0 0.5546657381615598 0.6954545454545454 0.6444986072423399 0.6954545454545454 0.6444986072423399 0.6199300699300699 0.5546657381615598 0.6199300699300699 0.5546657381615598 0.6954545454545454
0 0.19185236768802227 0.4087412587412587 0.2642757660167131 0.4087412587412587 0.2642757660167131 0.3479020979020979 0.19185236768802227 0.3479020979020979 0.19185236768802227 0.4087412587412587
0 0 0.6293706293706294 0.06754874651810584 0.6293706293706294 0.06754874651810584 0.5706293706293706 0 0.5706293706293706 0 0.6293706293706294
0 0.46901114206128136 0.4681818181818182 0.5456128133704735 0.4681818181818182 0.5456128133704735 0.40454545454545454 0.46901114206128136 0.40454545454545454 0.46901114206128136 0.4681818181818182
0 0.02158774373259053 0.5031468531468531 0.09261838440111421 0.5031468531468531 0.09261838440111421 0.4423076923076923 0.02158774373259053 0.4423076923076923 0.02158774373259053 0.5031468531468531
0 0.38753481894150416 0.7933566433566434 0.47318941504178275 0.7933566433566434 0.47318941504178275 0.7199300699300699 0.38753481894150416 0.7199300699300699 0.38753481894150416 0.7933566433566434
0 0.2705431754874652 0.7541958041958042 0.35480501392757663 0.7541958041958042 0.35480501392757663 0.6891608391608391 0.2705431754874652 0.6891608391608391 0.2705431754874652 0.7541958041958042
0 0.5421309192200557 0.9989510489510489 0.6256963788300836 0.9989510489510489 0.6256963788300836 0.9276223776223776 0.5421309192200557 0.9276223776223776 0.5421309192200557 0.9989510489510489
0 0.22910863509749305 0.6954545454545454 0.3043175487465181 0.6954545454545454 0.3043175487465181 0.629020979020979 0.22910863509749305 0.629020979020979 0.22910863509749305 0.6954545454545454
0 0.026462395543175487 0.7769230769230769 0.10376044568245125 0.7769230769230769 0.10376044568245125 0.7111888111888112 0.026462395543175487 0.7111888111888112 0.026462395543175487 0.7769230769230769
0 0.12848189415041783 0.44300699300699303 0.20229805013927576 0.44300699300699303 0.20229805013927576 0.3765734265734266 0.12848189415041783 0.3765734265734266 0.12848189415041783 0.44300699300699303
0 0.43697771587743733 0.8601398601398601 0.5226323119777159 0.8601398601398601 0.5226323119777159 0.7902097902097902 0.43697771587743733 0.7902097902097902 0.43697771587743733 0.8601398601398601
0 0.2879526462395543 0.4286713286713287 0.3659470752089137 0.4286713286713287 0.3659470752089137 0.36433566433566433 0.2879526462395543 0.36433566433566433 0.2879526462395543 0.4286713286713287
0 0.08112813370473537 0.8951048951048951 0.16260445682451252 0.8951048951048951 0.16260445682451252 0.8237762237762237 0.08112813370473537 0.8237762237762237 0.08112813370473537 0.8951048951048951
0 0.044916434540389974 0.5986013986013986 0.11942896935933148 0.5986013986013986 0.11942896935933148 0.5370629370629371 0.044916434540389974 0.5370629370629371 0.044916434540389974 0.5986013986013986
0 0.35236768802228413 0.39755244755244756 0.4254874651810585 0.39755244755244756 0.4254874651810585 0.33181818181818185 0.35236768802228413 0.33181818181818185 0.35236768802228413 0.39755244755244756
0 0.6451949860724234 0.9311188811188811 0.7399025069637883 0.9311188811188811 0.7399025069637883 0.8534965034965035 0.6451949860724234 0.8534965034965035 0.6451949860724234 0.9311188811188811
0 0.35967966573816157 0.3129370629370629 0.4321030640668524 0.3129370629370629 0.4321030640668524 0.2506993006993007 0.35967966573816157 0.2506993006993007 0.35967966573816157 0.3129370629370629
0 0.4961699164345404 0.28846153846153844 0.5692896935933147 0.28846153846153844 0.5692896935933147 0.22202797202797203 0.4961699164345404 0.22202797202797203 0.4961699164345404 0.28846153846153844
0 0.19045961002785516 0.6395104895104895 0.2698467966573816 0.6395104895104895 0.2698467966573816 0.5744755244755245 0.19045961002785516 0.5744755244755245 0.19045961002785516 0.6395104895104895
0 0.08495821727019498 0.5192307692307693 0.15529247910863508 0.5192307692307693 0.15529247910863508 0.4597902097902098 0.08495821727019498 0.4597902097902098 0.08495821727019498 0.5192307692307693
0 0.20090529247910863 0.7888111888111888 0.28586350974930363 0.7888111888111888 0.28586350974930363 0.7174825174825175 0.20090529247910863 0.7174825174825175 0.20090529247910863 0.7888111888111888
0 0.47701949860724235 0.19055944055944055 0.5522284122562674 0.19055944055944055 0.5522284122562674 0.13041958041958043 0.47701949860724235 0.13041958041958043 0.47701949860724235 0.19055944055944055
0 0.7287604456824512 0.8972027972027972 0.8206824512534819 0.8972027972027972 0.8206824512534819 0.8216783216783217 0.7287604456824512 0.8216783216783217 0.7287604456824512 0.8972027972027972
0 0.4717966573816156 0.6671328671328671 0.5567548746518106 0.6671328671328671 0.5567548746518106 0.5972027972027972 0.4717966573816156 0.5972027972027972 0.4717966573816156 0.6671328671328671
0 0.7454735376044568 0.479020979020979 0.8290389972144847 0.479020979020979 0.8290389972144847 0.4062937062937063 0.7454735376044568 0.4062937062937063 0.7454735376044568 0.479020979020979
0 0.5163649025069638 0.8283216783216784 0.5971448467966574 0.8283216783216784 0.5971448467966574 0.7583916083916084 0.5163649025069638 0.7583916083916084 0.5163649025069638 0.8283216783216784
0 0.3199860724233983 0.8241258741258741 0.40006963788300837 0.8241258741258741 0.40006963788300837 0.7555944055944056 0.3199860724233983 0.7555944055944056 0.3199860724233983 0.8241258741258741
0 0.4188718662952646 0.27412587412587414 0.4961699164345404 0.27412587412587414 0.4961699164345404 0.2097902097902098 0.4188718662952646 0.2097902097902098 0.4188718662952646 0.27412587412587414
0 0.11420612813370473 0.6132867132867132 0.18662952646239556 0.6132867132867132 0.18662952646239556 0.5559440559440559 0.11420612813370473 0.5559440559440559 0.11420612813370473 0.6132867132867132
0 0.08112813370473537 0.7475524475524475 0.16260445682451252 0.7475524475524475 0.16260445682451252 0.6846153846153846 0.08112813370473537 0.6846153846153846 0.08112813370473537 0.7475524475524475
0 0.11350974930362116 0.8059440559440559 0.19428969359331477 0.8059440559440559 0.19428969359331477 0.7395104895104895 0.11350974930362116 0.7395104895104895 0.11350974930362116 0.8059440559440559
0 0.06267409470752089 0.4244755244755245 0.13231197771587744 0.4244755244755245 0.13231197771587744 0.3657342657342657 0.06267409470752089 0.3657342657342657 0.06267409470752089 0.4244755244755245
0 0.37952646239554316 0.22587412587412586 0.45403899721448465 0.22587412587412586 0.45403899721448465 0.16013986013986015 0.37952646239554316 0.16013986013986015 0.37952646239554316 0.22587412587412586
0 0.34784122562674097 0.9367132867132867 0.43558495821727017 0.9367132867132867 0.43558495821727017 0.8646853146853147 0.34784122562674097 0.8646853146853147 0.34784122562674097 0.9367132867132867
0 0.48746518105849584 0.926923076923077 0.5738161559888579 0.926923076923077 0.5738161559888579 0.8576923076923076 0.48746518105849584 0.8576923076923076 0.48746518105849584 0.926923076923077
0 0.4763231197771588 0.7674825174825175 0.5571030640668524 0.7674825174825175 0.5571030640668524 0.7038461538461539 0.4763231197771588 0.7038461538461539 0.4763231197771588 0.7674825174825175
0 0.40842618384401114 0.6982517482517483 0.49129526462395545 0.6982517482517483 0.49129526462395545 0.6297202797202798 0.40842618384401114 0.6297202797202798 0.40842618384401114 0.6982517482517483
0 0.01288300835654596 0.8657342657342657 0.0866991643454039 0.8657342657342657 0.0866991643454039 0.8013986013986014 0.01288300835654596 0.8013986013986014 0.01288300835654596 0.8657342657342657
0 0.6525069637883009 0.2202797202797203 0.7353760445682451 0.2202797202797203 0.7353760445682451 0.15104895104895105 0.6525069637883009 0.15104895104895105 0.6525069637883009 0.2202797202797203
0 0.026114206128133706 0.9744755244755244 0.11176880222841226 0.9744755244755244 0.11176880222841226 0.9038461538461539 0.026114206128133706 0.9038461538461539 0.026114206128133706 0.9744755244755244
0 0.6061977715877437 0.40034965034965037 0.6869777158774373 0.40034965034965037 0.6869777158774373 0.32902097902097904 0.6061977715877437 0.32902097902097904 0.6061977715877437 0.40034965034965037
0 0.2775069637883008 0.972027972027972 0.35967966573816157 0.972027972027972 0.35967966573816157 0.8874125874125874 0.2775069637883008 0.8874125874125874 0.2775069637883008 0.972027972027972
0 0.14658774373259054 0.5332167832167832 0.22458217270194986 0.5332167832167832 0.22458217270194986 0.4723776223776224 0.14658774373259054 0.4723776223776224 0.14658774373259054 0.5332167832167832
0 0.7385097493036211 0.2332167832167832 0.8241643454038997 0.2332167832167832 0.8241643454038997 0.16398601398601398 0.7385097493036211 0.16398601398601398 0.7385097493036211 0.2332167832167832
0 0.33391364902506965 0.18181818181818182 0.40424791086350975 0.18181818181818182 0.40424791086350975 0.11188811188811189 0.33391364902506965 0.11188811188811189 0.33391364902506965 0.18181818181818182
0 0.25 0.3765734265734266 0.3266016713091922 0.3765734265734266 0.3266016713091922 0.31713286713286715 0.25 0.31713286713286715 0.25 0.3765734265734266
0 0.23259052924791088 0.8954545454545455 0.3126740947075209 0.8954545454545455 0.3126740947075209 0.8269230769230769 0.23259052924791088 0.8269230769230769 0.23259052924791088 0.8954545454545455
0 0.20299442896935932 0.1972027972027972 0.2747214484679666 0.1972027972027972 0.2747214484679666 0.13706293706293707 0.20299442896935932 0.13706293706293707 0.20299442896935932 0.1972027972027972
0 0.4881615598885794 0.37727272727272726 0.5612813370473537 0.37727272727272726 0.5612813370473537 0.3129370629370629 0.4881615598885794 0.3129370629370629 0.4881615598885794 0.37727272727272726
0 0.5282033426183844 0.43356643356643354 0.6173398328690808 0.43356643356643354 0.6173398328690808 0.3706293706293706 0.5282033426183844 0.3706293706293706 0.5282033426183844 0.43356643356643354
0 0.5574512534818942 0.25244755244755246 0.6340529247910863 0.25244755244755246 0.6340529247910863 0.1811188811188811 0.5574512534818942 0.1811188811188811 0.5574512534818942 0.25244755244755246
0 0.28725626740947074 0.2993006993006993 0.36176880222841223 0.2993006993006993 0.36176880222841223 0.23496503496503496 0.28725626740947074 0.23496503496503496 0.28725626740947074 0.2993006993006993
0 0.8356545961002786 0.19755244755244755 0.9254874651810585 0.19755244755244755 0.9254874651810585 0.12762237762237763 0.8356545961002786 0.12762237762237763 0.8356545961002786 0.19755244755244755
0 0.6142061281337048 0.30804195804195805 0.6963788300835655 0.30804195804195805 0.6963788300835655 0.2409090909090909 0.6142061281337048 0.2409090909090909 0.6142061281337048 0.30804195804195805
0 0.19498607242339833 0.9891608391608392 0.2903899721448468 0.9891608391608392 0.2903899721448468 0.9164335664335664 0.19498607242339833 0.9164335664335664 0.19498607242339833 0.9891608391608392
0 0.6713091922005571 0.8276223776223777 0.7541782729805014 0.8276223776223777 0.7541782729805014 0.7520979020979021 0.6713091922005571 0.7520979020979021 0.6713091922005571 0.8276223776223777
0 0.29491643454038996 0.66993006993007 0.37569637883008355 0.66993006993007 0.37569637883008355 0.6006993006993007 0.29491643454038996 0.6006993006993007 0.29491643454038996 0.66993006993007
0 0.666782729805014 0 0.666782729805014 0.04055944055944056 0.7447771587743732 0.04055944055944056 0.7447771587743732 0 0.666782729805014 0
0 0.657033426183844 0.4604895104895105 0.7433844011142061 0.4604895104895105 0.7433844011142061 0.38846153846153847 0.657033426183844 0.38846153846153847 0.657033426183844 0.4604895104895105
0 0.40459610027855153 0.36258741258741256 0.483983286908078 0.36258741258741256 0.483983286908078 0.3010489510489511 0.40459610027855153 0.3010489510489511 0.40459610027855153 0.36258741258741256
0 0.00034818941504178273 0.7597902097902098 0.03655988857938719 0.7597902097902098 0.03655988857938719 0.6940559440559441 0.00034818941504178273 0.6940559440559441 0.00034818941504178273 0.7597902097902098
0 0.9536908077994429 0.36293706293706296 0.9996518105849582 0.36293706293706296 0.9996518105849582 0.2923076923076923 0.9536908077994429 0.2923076923076923 0.9536908077994429 0.36293706293706296
0 0.24233983286908078 0.24895104895104894 0.31337047353760444 0.24895104895104894 0.31337047353760444 0.1853146853146853 0.24233983286908078 0.1853146853146853 0.24233983286908078 0.24895104895104894
0 0.5665041782729805 0.15594405594405594 0.6493732590529248 0.15594405594405594 0.6493732590529248 0.1006993006993007 0.5665041782729805 0.1006993006993007 0.5665041782729805 0.15594405594405594
0 0.5543175487465181 0.34265734265734266 0.6357938718662952 0.34265734265734266 0.6357938718662952 0.28251748251748254 0.5543175487465181 0.28251748251748254 0.5543175487465181 0.34265734265734266
0 0.9321030640668524 1 0.9321030640668524 0.9692307692307692 0.8346100278551533 0.9692307692307692 0.8346100278551533 1 0.9321030640668524 1
0 0.15877437325905291 0 0.15877437325905291 0.03146853146853147 0.22214484679665739 0.03146853146853147 0.22214484679665739 0 0.15877437325905291 0
0 0 0.8405594405594405 0.025069637883008356 0.8405594405594405 0.025069637883008356 0.7832167832167832 0 0.7832167832167832 0 0.8405594405594405
0 0.8816155988857939 0.3395104895104895 0.9213091922005571 0.3395104895104895 0.9213091922005571 0.30874125874125874 0.8816155988857939 0.30874125874125874 0.8816155988857939 0.3395104895104895
0 0.0403899721448468 1 0.0403899721448468 0.9797202797202798 0 0.9797202797202798 0 1 0.0403899721448468 1
0 0.8401810584958217 0.13216783216783218 0.8882311977715878 0.13216783216783218 0.8882311977715878 0.1062937062937063 0.8401810584958217 0.1062937062937063 0.8401810584958217 0.13216783216783218
0 0.41852367688022285 0 0.41852367688022285 0.016783216783216783 0.4818941504178273 0.016783216783216783 0.4818941504178273 0 0.41852367688022285 0
0 0.8098885793871866 0.7276223776223776 0.8530640668523677 0.7276223776223776 0.8530640668523677 0.6912587412587412 0.8098885793871866 0.6912587412587412 0.8098885793871866 0.7276223776223776