0 0.5956848030018762 0.9989939637826962 0.7045028142589118 0.9989939637826962 0.7045028142589118 0.8802816901408451 0.5956848030018762 0.8802816901408451 0.5956848030018762 0.9989939637826962
0 0.9132270168855535 0.9984909456740443 0.9995309568480301 0.9984909456740443 0.9995309568480301 0.8777665995975855 0.9132270168855535 0.8777665995975855 0.9132270168855535 0.9984909456740443
0 0.8588180112570356 0.687625754527163 0.9545028142589118 0.687625754527163 0.9545028142589118 0.5598591549295775 0.8588180112570356 0.5598591549295775 0.8588180112570356 0.687625754527163
0 0.10600375234521577 0.5165995975855131 0.21482176360225141 0.5165995975855131 0.21482176360225141 0.39688128772635817 0.10600375234521577 0.39688128772635817 0.10600375234521577 0.5165995975855131
0 0.2349906191369606 0.3656941649899396 0.3334896810506567 0.3656941649899396 0.3334896810506567 0.24698189134808854 0.2349906191369606 0.24698189134808854 0.2349906191369606 0.3656941649899396
0 0.3822701688555347 0.9134808853118712 0.4948405253283302 0.9134808853118712 0.4948405253283302 0.7746478873239436 0.3822701688555347 0.7746478873239436 0.3822701688555347 0.9134808853118712
0 0.449812382739212 0.5487927565392354 0.5530018761726079 0.5487927565392354 0.5530018761726079 0.42806841046277666 0.449812382739212 0.42806841046277666 0.449812382739212 0.5487927565392354
0 0 0.8983903420523138 0.12382739212007504 0.8983903420523138 0.12382739212007504 0.7575452716297787 0 0.7575452716297787 0 0.8983903420523138
0 0.5272045028142589 0.48541247484909456 0.6275797373358349 0.48541247484909456 0.6275797373358349 0.35865191146881287 0.5272045028142589 0.35865191146881287 0.5272045028142589 0.48541247484909456
0 0.4268292682926829 0.3903420523138833 0.525328330206379 0.3903420523138833 0.525328330206379 0.2676056338028169 0.4268292682926829 0.2676056338028169 0.4268292682926829 0.3903420523138833
0 0.5590994371482176 0.783702213279678 0.6613508442776735 0.783702213279678 0.6613508442776735 0.6428571428571429 0.5590994371482176 0.6428571428571429 0.5590994371482176 0.783702213279678
0 0.8456848030018762 0.2857142857142857 0.9376172607879925 0.2857142857142857 0.9376172607879925 0.16498993963782696 0.8456848030018762 0.16498993963782696 0.8456848030018762 0.2857142857142857
0 0.8710131332082551 0.4351106639839034 0.9648217636022514 0.4351106639839034 0.9648217636022514 0.3163983903420523 0.8710131332082551 0.3163983903420523 0.8710131332082551 0.4351106639839034
0 0 0.23893360160965796 0.08911819887429644 0.23893360160965796 0.08911819887429644 0.13329979879275655 0 0.13329979879275655 0 0.23893360160965796
0 0.2969043151969981 0.28420523138833 0.3954033771106942 0.28420523138833 0.3954033771106942 0.16549295774647887 0.2969043151969981 0.16549295774647887 0.2969043151969981 0.28420523138833
0 0.017823639774859287 0.3460764587525151 0.1294559099437148 0.3460764587525151 0.1294559099437148 0.22032193158953722 0.017823639774859287 0.22032193158953722 0.017823639774859287 0.3460764587525151
0 0.15431519699812382 0.6277665995975855 0.2603189493433396 0.6277665995975855 0.2603189493433396 0.5020120724346077 0.15431519699812382 0.5020120724346077 0.15431519699812382 0.6277665995975855
0 0.5351782363977486 0.93158953722334 0.6430581613508443 0.93158953722334 0.6430581613508443 0.7977867203219315 0.5351782363977486 0.7977867203219315 0.5351782363977486 0.93158953722334
0 0.7565666041275797 0.3938631790744467 0.850375234521576 0.3938631790744467 0.850375234521576 0.28319919517102615 0.7565666041275797 0.28319919517102615 0.7565666041275797 0.3938631790744467
0 0.6524390243902439 0.5694164989939637 0.7528142589118199 0.5694164989939637 0.7528142589118199 0.4416498993963783 0.6524390243902439 0.4416498993963783 0.6524390243902439 0.5694164989939637
0 0.10412757973733583 0.7942655935613682 0.22326454033771106 0.7942655935613682 0.22326454033771106 0.6634808853118712 0.10412757973733583 0.6634808853118712 0.10412757973733583 0.7942655935613682
0 0.8044090056285178 0.18611670020120724 0.8935272045028143 0.18611670020120724 0.8935272045028143 0.07545271629778671 0.8044090056285178 0.07545271629778671 0.8044090056285178 0.18611670020120724
0 0.7795497185741088 0.7625754527162978 0.8818011257035647 0.7625754527162978 0.8818011257035647 0.6267605633802817 0.7795497185741088 0.6267605633802817 0.7795497185741088 0.7625754527162978
0 0.3424015009380863 0.18611670020120724 0.4437148217636023 0.18611670020120724 0.4437148217636023 0.060362173038229376 0.3424015009380863 0.060362173038229376 0.3424015009380863 0.18611670020120724
0 0 0.5010060362173038 0.09099437148217636 0.5010060362173038 0.09099437148217636 0.3641851106639839 0 0.3641851106639839 0 0.5010060362173038
0 0.05909943714821764 0.6991951710261569 0.1697936210131332 0.6991951710261569 0.1697936210131332 0.56841046277666 0.05909943714821764 0.56841046277666 0.05909943714821764 0.6991951710261569
0 0.8696060037523452 0.5658953722334004 0.9596622889305816 0.5658953722334004 0.9596622889305816 0.45925553319919515 0.8696060037523452 0.45925553319919515 0.8696060037523452 0.5658953722334004
0 0.6932457786116323 0.8797786720321932 0.797373358348968 0.8797786720321932 0.797373358348968 0.7379275653923542 0.6932457786116323 0.7379275653923542 0.6932457786116323 0.8797786720321932
0 0.5717636022514071 0.647887323943662 0.676829268292683 0.647887323943662 0.676829268292683 0.5311871227364185 0.5717636022514071 0.5311871227364185 0.5717636022514071 0.647887323943662
0 0.10600375234521577 0.27565392354124746 0.1951219512195122 0.27565392354124746 0.1951219512195122 0.16096579476861167 0.10600375234521577 0.16096579476861167 0.10600375234521577 0.27565392354124746
0 0.9479362101313321 0.2716297786720322 0.9995309568480301 0.2716297786720322 0.9995309568480301 0.15191146881287726 0.9479362101313321 0.15191146881287726 0.9479362101313321 0.2716297786720322
0 0.5478424015009381 0.37525150905432597 0.6435272045028143 0.37525150905432597 0.6435272045028143 0.2605633802816901 0.5478424015009381 0.2605633802816901 0.5478424015009381 0.37525150905432597
0 0.5206378986866792 0.2193158953722334 0.6144465290806754 0.2193158953722334 0.6144465290806754 0.10462776659959759 0.5206378986866792 0.10462776659959759 0.5206378986866792 0.2193158953722334
0 0.9413696060037523 0.5065392354124748 0.9995309568480301 0.5065392354124748 0.9995309568480301 0.3948692152917505 0.9413696060037523 0.3948692152917505 0.9413696060037523 0.5065392354124748
0 0.39165103189493433 0.2796780684104628 0.48545966228893056 0.2796780684104628 0.48545966228893056 0.17002012072434608 0.39165103189493433 0.17002012072434608 0.39165103189493433 0.2796780684104628
0 0 0.14738430583501005 0.0600375234521576 0.14738430583501005 0.0600375234521576 0.05482897384305835 0 0.05482897384305835 0 0.14738430583501005
0 0.6974671669793621 0.20372233400402415 0.7931519699812383 0.20372233400402415 0.7931519699812383 0.08601609657947686 0.6974671669793621 0.08601609657947686 0.6974671669793621 0.20372233400402415
0 0.6336772983114447 0.2676056338028169 0.7190431519699813 0.2676056338028169 0.7190431519699813 0.15090543259557343 0.6336772983114447 0.15090543259557343 0.6336772983114447 0.2676056338028169
0 0.7560975609756098 0.2791750503018109 0.8452157598499062 0.2791750503018109 0.8452157598499062 0.16549295774647887 0.7560975609756098 0.16549295774647887 0.7560975609756098 0.2791750503018109
0 0.6683864915572233 0.4461770623742455 0.7640712945590994 0.4461770623742455 0.7640712945590994 0.3335010060362173 0.6683864915572233 0.3335010060362173 0.6683864915572233 0.4461770623742455
0 0.34662288930581614 0.3817907444668008 0.43198874296435275 0.3817907444668008 0.43198874296435275 0.2731388329979879 0.34662288930581614 0.2731388329979879 0.34662288930581614 0.3817907444668008
0 0.948874296435272 0.386317907444668 0.9995309568480301 0.386317907444668 0.9995309568480301 0.2746478873239437 0.948874296435272 0.2746478873239437 0.948874296435272 0.386317907444668
0 0.6815196998123827 0.33853118712273644 0.7762664165103189 0.33853118712273644 0.7762664165103189 0.22686116700201206 0.6815196998123827 0.22686116700201206 0.6815196998123827 0.33853118712273644
0 0.18574108818011256 0.27515090543259557 0.2898686679174484 0.27515090543259557 0.2898686679174484 0.16549295774647887 0.18574108818011256 0.16549295774647887 0.18574108818011256 0.27515090543259557
0 0.1425891181988743 0.38329979879275655 0.2354596622889306 0.38329979879275655 0.2354596622889306 0.2575452716297787 0.1425891181988743 0.2575452716297787 0.1425891181988743 0.38329979879275655
0 0.14634146341463414 0.1805835010060362 0.24765478424015008 0.1805835010060362 0.24765478424015008 0.07193158953722334 0.14634146341463414 0.07193158953722334 0.14634146341463414 0.1805835010060362
0 0.4530956848030019 0.17857142857142858 0.5403377110694184 0.17857142857142858 0.5403377110694184 0.07394366197183098 0.4530956848030019 0.07394366197183098 0.4530956848030019 0.17857142857142858
0 0.06613508442776736 0.18561368209255533 0.14962476547842402 0.18561368209255533 0.14962476547842402 0.08501006036217304 0.06613508442776736 0.08501006036217304 0.06613508442776736 0.18561368209255533
0 0.8949343339587242 0.19416498993963782 0.9784240150093808 0.19416498993963782 0.9784240150093808 0.08953722334004025 0.8949343339587242 0.08953722334004025 0.8949343339587242 0.19416498993963782
0 0.4878048780487805 0.31237424547283704 0.5872420262664165 0.31237424547283704 0.5872420262664165 0.19466800804828974 0.4878048780487805 0.19466800804828974 0.4878048780487805 0.31237424547283704
0 0.2551594746716698 0.1851106639839034 0.34615384615384615 0.1851106639839034 0.34615384615384615 0.07746478873239436 0.2551594746716698 0.07746478873239436 0.2551594746716698 0.1851106639839034
0 0 0.6986921529175051 0.025328330206378986 0.6986921529175051 0.025328330206378986 0.6061368209255533 0 0.6061368209255533 0 0.6986921529175051
0 0 0.9864185110663984 0.016885553470919325 0.9864185110663984 0.016885553470919325 0.9029175050301811 0 0.9029175050301811 0 0.9864185110663984
0 0.9047842401500938 0.3345070422535211 0.952626641651032 0.3345070422535211 0.952626641651032 0.2580482897384306 0.9047842401500938 0.2580482897384306 0.9047842401500938 0.3345070422535211
0 0.9882739212007504 0.8998993963782697 0.9995309568480301 0.8998993963782697 0.9995309568480301 0.8103621730382293 0.9882739212007504 0.8103621730382293 0.9882739212007504 0.8998993963782697