0 0.5820526893523601 0.713150289017341 0.6857848518111965 0.713150289017341 0.6857848518111965 0.5859826589595376 0.5820526893523601 0.5859826589595376 0.5820526893523601 0.713150289017341
0 0.6819429198682766 0.2727601156069364 0.785126234906696 0.2727601156069364 0.785126234906696 0.15570809248554912 0.6819429198682766 0.15570809248554912 0.6819429198682766 0.2727601156069364
0 0.36086717892425907 0.22507225433526012 0.4349615806805708 0.22507225433526012 0.4349615806805708 0.10585260115606937 0.36086717892425907 0.10585260115606937 0.36086717892425907 0.22507225433526012
0 0.7371020856201976 0.14559248554913296 0.8424807903402854 0.14559248554913296 0.8424807903402854 0.026372832369942197 0.7371020856201976 0.026372832369942197 0.7371020856201976 0.14559248554913296
0 0.5625686059275521 0.3106936416184971 0.6553238199780461 0.3106936416184971 0.6553238199780461 0.19147398843930635 0.5625686059275521 0.19147398843930635 0.5625686059275521 0.3106936416184971
0 0.5260702524698134 0.19978323699421965 0.6177277716794731 0.19978323699421965 0.6177277716794731 0.08923410404624277 0.5260702524698134 0.08923410404624277 0.5260702524698134 0.19978323699421965
0 0.4349615806805708 0.45195086705202314 0.5238748627881449 0.45195086705202314 0.5238748627881449 0.34645953757225434 0.4349615806805708 0.34645953757225434 0.4349615806805708 0.45195086705202314
0 0.35153677277716794 0.4552023121387283 0.43166849615806807 0.4552023121387283 0.43166849615806807 0.3432080924855491 0.35153677277716794 0.3432080924855491 0.35153677277716794 0.4552023121387283
0 0.20005488474204172 0.8659682080924855 0.27579582875960484 0.8659682080924855 0.27579582875960484 0.7460260115606936 0.20005488474204172 0.7460260115606936 0.20005488474204172 0.8659682080924855
0 0.687980241492865 0.9992774566473989 0.7774423710208562 0.9992774566473989 0.7774423710208562 0.8916184971098265 0.687980241492865 0.8916184971098265 0.687980241492865 0.9992774566473989
0 0.36443468715697036 0.7023121387283237 0.43798024149286496 0.7023121387283237 0.43798024149286496 0.5816473988439307 0.36443468715697036 0.5816473988439307 0.36443468715697036 0.7023121387283237
0 0.21871569703622393 0.368135838150289 0.29939626783754114 0.368135838150289 0.29939626783754114 0.2713150289017341 0.21871569703622393 0.2713150289017341 0.21871569703622393 0.368135838150289
0 0.27936333699231614 0.4497832369942196 0.35510428100987923 0.4497832369942196 0.35510428100987923 0.34140173410404623 0.27936333699231614 0.34140173410404623 0.27936333699231614 0.4497832369942196
0 0.27936333699231614 0.6203034682080925 0.3677277716794731 0.6203034682080925 0.3677277716794731 0.5198699421965318 0.27936333699231614 0.5198699421965318 0.27936333699231614 0.6203034682080925
0 0.5354006586169044 0 0.5354006586169044 0.08815028901734104 0.6259604829857299 0.08815028901734104 0.6259604829857299 0 0.5354006586169044 0
0 0.21926454445664106 0.25939306358381503 0.2906147091108672 0.25939306358381503 0.2906147091108672 0.16329479768786126 0.21926454445664106 0.16329479768786126 0.21926454445664106 0.25939306358381503
0 0.2535675082327113 0.715679190751445 0.3391877058177827 0.715679190751445 0.3391877058177827 0.6152456647398844 0.2535675082327113 0.6152456647398844 0.2535675082327113 0.715679190751445
0 0.00027442371020856203 0.4916907514450867 0.06394072447859495 0.4916907514450867 0.06394072447859495 0.38403179190751446 0.00027442371020856203 0.38403179190751446 0.00027442371020856203 0.4916907514450867
0 0.45554335894621295 0 0.45554335894621295 0.09393063583815028 0.5296377607025247 0.09393063583815028 0.5296377607025247 0 0.45554335894621295 0
0 0.14544456641053788 0.3908959537572254 0.2233809001097695 0.3908959537572254 0.2233809001097695 0.3041907514450867 0.14544456641053788 0.3041907514450867 0.14544456641053788 0.3908959537572254
0 0.1523051591657519 0.17015895953757226 0.22530186608122943 0.17015895953757226 0.22530186608122943 0.06322254335260116 0.1523051591657519 0.06322254335260116 0.1523051591657519 0.17015895953757226
0 0.12897914379802414 0.2966040462427746 0.21185510428100987 0.2966040462427746 0.21185510428100987 0.20267341040462428 0.12897914379802414 0.20267341040462428 0.12897914379802414 0.2966040462427746
0 0.2897914379802415 0.22615606936416185 0.35949506037321627 0.22615606936416185 0.35949506037321627 0.11705202312138728 0.2897914379802415 0.11705202312138728 0.2897914379802415 0.22615606936416185
0 0.09083424807903402 0.48121387283236994 0.15998902305159166 0.48121387283236994 0.15998902305159166 0.38222543352601157 0.09083424807903402 0.38222543352601157 0.09083424807903402 0.48121387283236994
0 0.2615257958287596 0 0.2615257958287596 0.06647398843930635 0.3394621295279912 0.06647398843930635 0.3394621295279912 0 0.2615257958287596 0
0 0.0672338090010977 0.38583815028901736 0.14571899012074643 0.38583815028901736 0.14571899012074643 0.282514450867052 0.0672338090010977 0.282514450867052 0.0672338090010977 0.38583815028901736
0 0.09549945115257959 0.20664739884393063 0.16245883644346873 0.20664739884393063 0.16245883644346873 0.10621387283236994 0.09549945115257959 0.10621387283236994 0.09549945115257959 0.20664739884393063
0 0.3605927552140505 0 0.3605927552140505 0.028179190751445087 0.4242590559824369 0.028179190751445087 0.4242590559824369 0 0.3605927552140505 0
0 0.00027442371020856203 0.9985549132947977 0.05461031833150384 0.9985549132947977 0.05461031833150384 0.9812138728323699 0.00027442371020856203 0.9812138728323699 0.00027442371020856203 0.9985549132947977