0 0.8208 0.22747747747747749 0.8832 0.22747747747747749 0.8832 0.10045045045045045 0.8208 0.10045045045045045 0.8208 0.22747747747747749
0 0.8368 0.36486486486486486 0.898 0.36486486486486486 0.898 0.22792792792792793 0.8368 0.22792792792792793 0.8368 0.36486486486486486
0 0.5678 0.19594594594594594 0.6306 0.19594594594594594 0.6306 0.07612612612612613 0.5678 0.07612612612612613 0.5678 0.19594594594594594
0 0.804 0.581981981981982 0.8708 0.581981981981982 0.8708 0.44684684684684683 0.804 0.44684684684684683 0.804 0.581981981981982
0 0.6606 0.29144144144144146 0.713 0.29144144144144146 0.713 0.1481981981981982 0.6606 0.1481981981981982 0.6606 0.29144144144144146
0 0.718 0.30405405405405406 0.77 0.30405405405405406 0.77 0.1518018018018018 0.718 0.1518018018018018 0.718 0.30405405405405406
0 0.5592 0.8567567567567568 0.6132 0.8567567567567568 0.6132 0.7162162162162162 0.5592 0.7162162162162162 0.5592 0.8567567567567568
0 0.8804 0.7792792792792793 0.9428 0.7792792792792793 0.9428 0.6459459459459459 0.8804 0.6459459459459459 0.8804 0.7792792792792793
0 0.755 0.18963963963963965 0.8206 0.18963963963963965 0.8206 0.06801801801801802 0.755 0.06801801801801802 0.755 0.18963963963963965
0 0.868 0.6382882882882883 0.9292 0.6382882882882883 0.9292 0.5085585585585586 0.868 0.5085585585585586 0.868 0.6382882882882883
0 0.6596 0.43873873873873875 0.7148 0.43873873873873875 0.7148 0.2963963963963964 0.6596 0.2963963963963964 0.6596 0.43873873873873875
0 0.7846 0.440990990990991 0.855 0.440990990990991 0.855 0.31486486486486487 0.7846 0.31486486486486487 0.7846 0.440990990990991
0 0.8972 0.9144144144144144 0.9552 0.9144144144144144 0.9552 0.7873873873873873 0.8972 0.7873873873873873 0.8972 0.9144144144144144
0 0.6074 0.4540540540540541 0.6602 0.4540540540540541 0.6602 0.3171171171171171 0.6074 0.3171171171171171 0.6074 0.4540540540540541
0 0.7034 0.1527027027027027 0.7558 0.1527027027027027 0.7558 0.003153153153153153 0.7034 0.003153153153153153 0.7034 0.1527027027027027
0 0.2992 0.2527027027027027 0.3596 0.2527027027027027 0.3596 0.13018018018018018 0.2992 0.13018018018018018 0.2992 0.2527027027027027
0 0.7382 0.6617117117117117 0.8126 0.6617117117117117 0.8126 0.5310810810810811 0.7382 0.5310810810810811 0.7382 0.6617117117117117
0 0.8254 0.8576576576576577 0.8982 0.8576576576576577 0.8982 0.7126126126126127 0.8254 0.7126126126126127 0.8254 0.8576576576576577
0 0.723 0.7855855855855856 0.7866 0.7855855855855856 0.7866 0.654054054054054 0.723 0.654054054054054 0.723 0.7855855855855856
0 0.8542 0.4954954954954955 0.9122 0.4954954954954955 0.9122 0.37207207207207205 0.8542 0.37207207207207205 0.8542 0.4954954954954955
0 0.5294 0.2842342342342342 0.5918 0.2842342342342342 0.5918 0.1752252252252252 0.5294 0.1752252252252252 0.5294 0.2842342342342342
0 0.738 0.5283783783783784 0.8036 0.5283783783783784 0.8036 0.39234234234234233 0.738 0.39234234234234233 0.738 0.5283783783783784
0 0.6386 0.1545045045045045 0.6982 0.1545045045045045 0.6982 0.025675675675675677 0.6386 0.025675675675675677 0.6386 0.1545045045045045
0 0.7726 0.31216216216216214 0.8398 0.31216216216216214 0.8398 0.19414414414414413 0.7726 0.19414414414414413 0.7726 0.31216216216216214
0 0.7604 0.8923423423423423 0.8312 0.8923423423423423 0.8312 0.7635135135135135 0.7604 0.7635135135135135 0.7604 0.8923423423423423
0 0.805 0.10315315315315315 0.867 0.10315315315315315 0.867 0.00045045045045045046 0.805 0.00045045045045045046 0.805 0.10315315315315315
0 0.5608 0.3900900900900901 0.6168 0.3900900900900901 0.6168 0.26306306306306304 0.5608 0.26306306306306304 0.5608 0.3900900900900901
0 0.6088 0.3081081081081081 0.662 0.3081081081081081 0.662 0.16936936936936936 0.6088 0.16936936936936936 0.6088 0.3081081081081081
0 0.8142 0.7117117117117117 0.8814 0.7117117117117117 0.8814 0.5855855855855856 0.8142 0.5855855855855856 0.8142 0.7117117117117117
0 0.5198 0.1527027027027027 0.575 0.1527027027027027 0.575 0.008558558558558558 0.5198 0.008558558558558558 0.5198 0.1527027027027027
0 0.4574 0.16486486486486487 0.517 0.16486486486486487 0.517 0.04054054054054054 0.4574 0.04054054054054054 0.4574 0.16486486486486487
0 0.8242 0.9873873873873874 0.8954 0.9873873873873874 0.8954 0.8594594594594595 0.8242 0.8594594594594595 0.8242 0.9873873873873874
0 0.1614 0.3063063063063063 0.2114 0.3063063063063063 0.2114 0.20270270270270271 0.1614 0.20270270270270271 0.1614 0.3063063063063063
0 0.5976 0.08108108108108109 0.65 0.08108108108108109 0.65 0.0009009009009009009 0.5976 0.0009009009009009009 0.5976 0.08108108108108109
0 0.1136 0.2626126126126126 0.1632 0.2626126126126126 0.1632 0.17072072072072073 0.1136 0.17072072072072073 0.1136 0.2626126126126126
0 0.254 0 0.254 0.07747747747747748 0.3068 0.07747747747747748 0.3068 0 0.254 0
0 0.0776 0.26306306306306304 0.1152 0.26306306306306304 0.1152 0.17477477477477477 0.0776 0.17477477477477477 0.0776 0.26306306306306304
0 0.3036 0 0.3036 0.06936936936936937 0.358 0.06936936936936937 0.358 0 0.3036 0
0 0.7446 0 0.7446 0.06036036036036036 0.8102 0.06036036036036036 0.8102 0 0.7446 0
0 0.13 0 0.13 0.07477477477477477 0.1744 0.07477477477477477 0.1744 0 0.13 0
0 0.2186 0.1752252252252252 0.279 0.1752252252252252 0.279 0.05990990990990991 0.2186 0.05990990990990991 0.2186 0.1752252252252252
0 0.109 0.16171171171171173 0.1502 0.16171171171171173 0.1502 0.06261261261261261 0.109 0.06261261261261261 0.109 0.16171171171171173
0 0 0.1 0.024 0.1 0.024 0.006306306306306306 0 0.006306306306306306 0 0.1
0 0.3916 0.05045045045045045 0.4472 0.05045045045045045 0.4472 0.0009009009009009009 0.3916 0.0009009009009009009 0.3916 0.05045045045045045
0 0.959 1 0.959 0.918018018018018 0.8954 0.918018018018018 0.8954 1 0.959 1
0 0.1728 0 0.1728 0.07027027027027027 0.2116 0.07027027027027027 0.2116 0 0.1728 0
0 0.147 0.18828828828828828 0.185 0.18828828828828828 0.185 0.07297297297297298 0.147 0.07297297297297298 0.147 0.18828828828828828
0 0.1804 0.18783783783783783 0.2292 0.18783783783783783 0.2292 0.06171171171171171 0.1804 0.06171171171171171 0.1804 0.18783783783783783
0 0.209 0 0.209 0.06396396396396396 0.2546 0.06396396396396396 0.2546 0 0.209 0
0 0.3506 0 0.3506 0.036036036036036036 0.393 0.036036036036036036 0.393 0 0.3506 0
0 0.0894 0.07567567567567568 0.131 0.07567567567567568 0.131 0.0018018018018018018 0.0894 0.0018018018018018018 0.0894 0.07567567567567568
0 0.1104 0.3644144144144144 0.17 0.3644144144144144 0.17 0.27072072072072073 0.1104 0.27072072072072073 0.1104 0.3644144144144144
0 0.0316 0.15900900900900902 0.0752 0.15900900900900902 0.0752 0.07702702702702703 0.0316 0.07702702702702703 0.0316 0.15900900900900902
0 0.4992 0 0.4992 0.025225225225225224 0.5516 0.025225225225225224 0.5516 0 0.4992 0
0 0.064 0.5 0.0972 0.5 0.0972 0.42162162162162165 0.064 0.42162162162162165 0.064 0.5
0 0.5598 0 0.5598 0.01891891891891892 0.5982 0.01891891891891892 0.5982 0 0.5598 0
0 0.0726 0.15990990990990991 0.1118 0.15990990990990991 0.1118 0.08333333333333333 0.0726 0.08333333333333333 0.0726 0.15990990990990991
0 0.4534 0 0.4534 0.014414414414414415 0.495 0.014414414414414415 0.495 0 0.4534 0