0 0.674807903402854 0.694364161849711 0.7664654226125137 0.694364161849711 0.7664654226125137 0.5592485549132948 0.674807903402854 0.5592485549132948 0.674807903402854 0.694364161849711
0 0.5710757409440176 0.38764450867052025 0.6731613611416026 0.38764450867052025 0.6731613611416026 0.26697976878612717 0.5710757409440176 0.26697976878612717 0.5710757409440176 0.38764450867052025
0 0.4267288693743139 0.15173410404624277 0.5139956092206367 0.15173410404624277 0.5139956092206367 0.04696531791907514 0.4267288693743139 0.04696531791907514 0.4267288693743139 0.15173410404624277
0 0.3690998902305159 0.8370664739884393 0.44264544456641053 0.8370664739884393 0.44264544456641053 0.7171242774566474 0.3690998902305159 0.7171242774566474 0.3690998902305159 0.8370664739884393
0 0.21514818880351264 0.09573699421965318 0.29473106476399563 0.09573699421965318 0.29473106476399563 0.000361271676300578 0.21514818880351264 0.000361271676300578 0.21514818880351264 0.09573699421965318
0 0.00027442371020856203 0.8063583815028902 0.055159165751920966 0.8063583815028902 0.055159165751920966 0.7189306358381503 0.00027442371020856203 0.7189306358381503 0.00027442371020856203 0.8063583815028902
0 0.023874862788144897 0.888728323699422 0.10236004390779363 0.888728323699422 0.10236004390779363 0.7926300578034682 0.023874862788144897 0.7926300578034682 0.023874862788144897 0.888728323699422
0 0.3575740944017563 0.4028179190751445 0.4311196487376509 0.4028179190751445 0.4311196487376509 0.2879335260115607 0.3575740944017563 0.2879335260115607 0.3575740944017563 0.4028179190751445
0 0.24972557628979145 0.42666184971098264 0.33424807903402853 0.42666184971098264 0.33424807903402853 0.3327312138728324 0.24972557628979145 0.3327312138728324 0.24972557628979145 0.42666184971098264
0 0.1978594950603732 0.5751445086705202 0.27414928649835346 0.5751445086705202 0.27414928649835346 0.46315028901734107 0.1978594950603732 0.46315028901734107 0.1978594950603732 0.5751445086705202
0 0.07327113062568606 0.9877167630057804 0.14626783754116357 0.9877167630057804 0.14626783754116357 0.8872832369942196 0.07327113062568606 0.8872832369942196 0.07327113062568606 0.9877167630057804
0 0.27469813391877057 0.16726878612716764 0.34714599341383096 0.16726878612716764 0.34714599341383096 0.06105491329479769 0.27469813391877057 0.06105491329479769 0.27469813391877057 0.16726878612716764
0 0.09165751920965971 0.21820809248554912 0.15916575192096596 0.21820809248554912 0.15916575192096596 0.11921965317919075 0.09165751920965971 0.11921965317919075 0.09165751920965971 0.21820809248554912
0 0.3454994511525796 0.16546242774566475 0.4234357848518112 0.16546242774566475 0.4234357848518112 0.05563583815028902 0.3454994511525796 0.05563583815028902 0.3454994511525796 0.16546242774566475
0 0.3260153677277717 0.9172687861271677 0.40120746432491766 0.9172687861271677 0.40120746432491766 0.7958815028901735 0.3260153677277717 0.7958815028901735 0.3260153677277717 0.9172687861271677
0 0.14407244785949505 0.12427745664739884 0.2203622392974753 0.12427745664739884 0.2203622392974753 0.041184971098265896 0.14407244785949505 0.041184971098265896 0.14407244785949505 0.12427745664739884
0 0.27414928649835346 0.3291184971098266 0.36251372118551045 0.3291184971098266 0.36251372118551045 0.233742774566474 0.27414928649835346 0.233742774566474 0.27414928649835346 0.3291184971098266
0 0.06942919868276619 0.1282514450867052 0.1429747530186608 0.1282514450867052 0.1429747530186608 0.02565028901734104 0.06942919868276619 0.02565028901734104 0.06942919868276619 0.1282514450867052
0 0 0.23952312138728324 0.06586169045005488 0.23952312138728324 0.06586169045005488 0.1311416184971098 0 0.1311416184971098 0 0.23952312138728324
0 0.12925356750823272 0 0.12925356750823272 0.03395953757225433 0.21103183315038418 0.03395953757225433 0.21103183315038418 0 0.12925356750823272 0
0 0.9925905598243688 0.0675578034682081 0.9997255762897914 0.0675578034682081 0.9997255762897914 0.001083815028901734 0.9925905598243688 0.001083815028901734 0.9925905598243688 0.0675578034682081