0 0.7140896614821592 0.6932565789473685 0.8156450137236962 0.6932565789473685 0.8156450137236962 0.5337171052631579 0.7140896614821592 0.5337171052631579 0.7140896614821592 0.6932565789473685
0 0.330512351326624 0.17064144736842105 0.42063129002744737 0.17064144736842105 0.42063129002744737 0.031661184210526314 0.330512351326624 0.031661184210526314 0.330512351326624 0.17064144736842105
0 0.4087374199451052 0.26726973684210525 0.5029734675205856 0.26726973684210525 0.5029734675205856 0.12664473684210525 0.4087374199451052 0.12664473684210525 0.4087374199451052 0.26726973684210525
0 0.5054894784995425 0.5756578947368421 0.6038426349496798 0.5756578947368421 0.6038426349496798 0.4284539473684211 0.5054894784995425 0.4284539473684211 0.5054894784995425 0.5756578947368421
0 0.14341262580054895 0.2590460526315789 0.23536139066788656 0.2590460526315789 0.23536139066788656 0.12664473684210525 0.14341262580054895 0.12664473684210525 0.14341262580054895 0.2590460526315789
0 0.2081427264409881 0.6476151315789473 0.2959743824336688 0.6476151315789473 0.2959743824336688 0.5004111842105263 0.2081427264409881 0.5004111842105263 0.2081427264409881 0.6476151315789473
0 0.42086001829826164 0.4777960526315789 0.5205855443732845 0.4777960526315789 0.5205855443732845 0.3190789473684211 0.42086001829826164 0.3190789473684211 0.42086001829826164 0.4777960526315789
0 0.43595608417200366 0.9638157894736842 0.5279048490393413 0.9638157894736842 0.5279048490393413 0.8092105263157895 0.43595608417200366 0.8092105263157895 0.43595608417200366 0.9638157894736842
0 0.07456541628545288 0.1669407894736842 0.16925892040256177 0.1669407894736842 0.16925892040256177 0.033717105263157895 0.07456541628545288 0.033717105263157895 0.07456541628545288 0.1669407894736842
0 0.31473010064043916 0.563733552631579 0.41354071363220496 0.563733552631579 0.41354071363220496 0.41324013157894735 0.31473010064043916 0.41324013157894735 0.31473010064043916 0.563733552631579
0 0.04528819762122598 0.6402138157894737 0.13860933211344922 0.6402138157894737 0.13860933211344922 0.5004111842105263 0.04528819762122598 0.5004111842105263 0.04528819762122598 0.6402138157894737
0 0.009835315645013724 0.2578125 0.10681610247026532 0.2578125 0.10681610247026532 0.12212171052631579 0.009835315645013724 0.12212171052631579 0.009835315645013724 0.2578125
0 0.17749313815187556 0 0.17749313815187556 0.06661184210526316 0.25709057639524246 0.06661184210526316 0.25709057639524246 0 0.17749313815187556 0
0 0.26395242451967066 0 0.26395242451967066 0.06332236842105263 0.35315645013723695 0.06332236842105263 0.35315645013723695 0 0.26395242451967066 0
0 0.1212259835315645 0.9991776315789473 0.21043000914913082 0.9991776315789473 0.21043000914913082 0.8610197368421053 0.1212259835315645 0.8610197368421053 0.1212259835315645 0.9991776315789473
0 0.01555352241537054 0.4428453947368421 0.1171088746569076 0.4428453947368421 0.1171088746569076 0.31537828947368424 0.01555352241537054 0.31537828947368424 0.01555352241537054 0.4428453947368421
0 0 0.53125 0.06907593778591034 0.53125 0.06907593778591034 0.3980263157894737 0 0.3980263157894737 0 0.53125
0 0 0.15625 0.03293687099725526 0.15625 0.03293687099725526 0.038651315789473686 0 0.038651315789473686 0 0.15625
0 0.320448307410796 1 0.320448307410796 0.9613486842105263 0.24405306495882892 0.9613486842105263 0.24405306495882892 1 0.320448307410796 1