0 0.6956671251719395 0.5736130867709816 0.8400962861072903 0.5736130867709816 0.8400962861072903 0.4270981507823613 0.6956671251719395 0.4270981507823613 0.6956671251719395 0.5736130867709816
0 0.6915405777166438 0.3111664295874822 0.8242778541953233 0.3111664295874822 0.8242778541953233 0.17603129445234708 0.6915405777166438 0.17603129445234708 0.6915405777166438 0.3111664295874822
0 0.7273039889958735 0.8865576102418208 0.8655433287482807 0.8865576102418208 0.8655433287482807 0.7329302987197724 0.7273039889958735 0.7329302987197724 0.7273039889958735 0.8865576102418208
0 0.6839752407152683 0.16571834992887624 0.8084594222833562 0.16571834992887624 0.8084594222833562 0.050497866287339974 0.6839752407152683 0.050497866287339974 0.6839752407152683 0.16571834992887624
0 0.5804676753782668 0.1931009957325747 0.6891334250343879 0.1931009957325747 0.6891334250343879 0.07361308677098151 0.5804676753782668 0.07361308677098151 0.5804676753782668 0.1931009957325747
0 0.14270976616231087 0.5931721194879089 0.24449793672627235 0.5931721194879089 0.24449793672627235 0.4786628733997155 0.14270976616231087 0.4786628733997155 0.14270976616231087 0.5931721194879089
0 0.3827372764786795 0.18812233285917496 0.4810866574965612 0.18812233285917496 0.4810866574965612 0.09352773826458037 0.3827372764786795 0.09352773826458037 0.3827372764786795 0.18812233285917496
0 0.3672627235213205 0.6440256045519204 0.4931224209078404 0.6440256045519204 0.4931224209078404 0.5053342816500711 0.3672627235213205 0.5053342816500711 0.3672627235213205 0.6440256045519204
0 0.03679504814305364 0.9861308677098151 0.13651994497936726 0.9861308677098151 0.13651994497936726 0.8652204836415363 0.03679504814305364 0.8652204836415363 0.03679504814305364 0.9861308677098151
0 0.06946354883081156 0.6714082503556188 0.16299862448418156 0.6714082503556188 0.16299862448418156 0.5689900426742532 0.06946354883081156 0.5689900426742532 0.06946354883081156 0.6714082503556188
0 0.32324621733149933 0.4174964438122333 0.42434662998624484 0.4174964438122333 0.42434662998624484 0.317923186344239 0.32324621733149933 0.317923186344239 0.32324621733149933 0.4174964438122333
0 0.47248968363136173 0.1852773826458037 0.5749656121045392 0.1852773826458037 0.5749656121045392 0.0693456614509246 0.47248968363136173 0.0693456614509246 0.47248968363136173 0.1852773826458037
0 0.11348005502063274 0.9093172119487909 0.2125171939477304 0.9093172119487909 0.2125171939477304 0.7798719772403983 0.11348005502063274 0.7798719772403983 0.11348005502063274 0.9093172119487909
0 0.10419532324621733 0.39509246088193456 0.187414030261348 0.39509246088193456 0.187414030261348 0.29480796586059743 0.10419532324621733 0.29480796586059743 0.10419532324621733 0.39509246088193456
0 0.2111416781292985 0.36770981507823614 0.30536451169188444 0.36770981507823614 0.30536451169188444 0.2652916073968706 0.2111416781292985 0.2652916073968706 0.2111416781292985 0.36770981507823614
0 0.1764099037138927 0.7734708392603129 0.27751031636863827 0.7734708392603129 0.27751031636863827 0.653271692745377 0.1764099037138927 0.653271692745377 0.1764099037138927 0.7734708392603129
0 0.2575653370013755 0.6735419630156472 0.3579779917469051 0.6735419630156472 0.3579779917469051 0.5583214793741109 0.2575653370013755 0.5583214793741109 0.2575653370013755 0.6735419630156472
0 0.07015130674002751 0.7933854907539118 0.16162310866574967 0.7933854907539118 0.16162310866574967 0.6753200568990043 0.07015130674002751 0.6753200568990043 0.07015130674002751 0.7933854907539118
0 0.22696011004126548 0.5081792318634424 0.32393397524071527 0.5081792318634424 0.32393397524071527 0.39438122332859177 0.22696011004126548 0.39438122332859177 0.22696011004126548 0.5081792318634424
0 0.29504814305364513 0.17887624466571836 0.38651994497936726 0.17887624466571836 0.38651994497936726 0.08499288762446658 0.29504814305364513 0.08499288762446658 0.29504814305364513 0.17887624466571836
0 0 0.7688477951635846 0.09009628610729023 0.7688477951635846 0.09009628610729023 0.6522048364153628 0 0.6522048364153628 0 0.7688477951635846
0 0.21045392022008252 0.17958748221906118 0.2998624484181568 0.17958748221906118 0.2998624484181568 0.07432432432432433 0.21045392022008252 0.07432432432432433 0.21045392022008252 0.17958748221906118
0 0.3160247592847318 0.5305832147937412 0.421939477303989 0.5305832147937412 0.421939477303989 0.41963015647226176 0.3160247592847318 0.41963015647226176 0.3160247592847318 0.5305832147937412
0 0.140646492434663 0.24893314366998578 0.2218019257221458 0.24893314366998578 0.2218019257221458 0.15860597439544807 0.140646492434663 0.15860597439544807 0.140646492434663 0.24893314366998578
0 0.328060522696011 0.31436699857752487 0.42847317744154056 0.31436699857752487 0.42847317744154056 0.22119487908961594 0.328060522696011 0.22119487908961594 0.328060522696011 0.31436699857752487
0 0.28473177441540576 1 0.28473177441540576 0.9288762446657184 0.1815680880330124 0.9288762446657184 0.1815680880330124 1 0.28473177441540576 1
0 0.8029573590096286 0 0.8029573590096286 0.05903271692745377 0.9308803301237965 0.05903271692745377 0.9308803301237965 0 0.8029573590096286 0
0 0.3844566712517194 0.09139402560455193 0.4718019257221458 0.09139402560455193 0.4718019257221458 0.00035561877667140827 0.3844566712517194 0.00035561877667140827 0.3844566712517194 0.09139402560455193
0 0.06361760660247592 0.13193456614509247 0.13995873452544705 0.13193456614509247 0.13995873452544705 0.04871977240398293 0.06361760660247592 0.04871977240398293 0.06361760660247592 0.13193456614509247
0 0 0.1639402560455192 0.05295735900962861 0.1639402560455192 0.05295735900962861 0.08428165007112376 0 0.08428165007112376 0 0.1639402560455192
0 0.15337001375515819 0.4726173541963016 0.23727647867950483 0.4726173541963016 0.23727647867950483 0.3837126600284495 0.15337001375515819 0.3837126600284495 0.15337001375515819 0.4726173541963016
0 0.002407152682255846 0.631578947368421 0.08700137551581844 0.631578947368421 0.08700137551581844 0.542674253200569 0.002407152682255846 0.542674253200569 0.002407152682255846 0.631578947368421
0 0.2861072902338377 0.09281650071123755 0.38239339752407153 0.09281650071123755 0.38239339752407153 0.00035561877667140827 0.2861072902338377 0.00035561877667140827 0.2861072902338377 0.09281650071123755
0 0.000343878954607978 0.2371977240398293 0.04573590096286107 0.2371977240398293 0.04573590096286107 0.1603840682788051 0.000343878954607978 0.1603840682788051 0.000343878954607978 0.2371977240398293
0 0.5680880330123796 0 0.5680880330123796 0.06970128022759602 0.6733149931224209 0.06970128022759602 0.6733149931224209 0 0.5680880330123796 0
0 0 0.46621621621621623 0.0577716643741403 0.46621621621621623 0.0577716643741403 0.3872688477951636 0 0.3872688477951636 0 0.46621621621621623
0 0.0718707015130674 0.5568990042674253 0.15508940852819808 0.5568990042674253 0.15508940852819808 0.4694167852062589 0.0718707015130674 0.4694167852062589 0.0718707015130674 0.5568990042674253
0 0 0.3808677098150782 0.06258596973865199 0.3808677098150782 0.06258596973865199 0.3012091038406828 0 0.3012091038406828 0 0.3808677098150782
0 0.05055020632737277 0.38975817923186346 0.1110729023383769 0.38975817923186346 0.1110729023383769 0.29943100995732574 0.05055020632737277 0.29943100995732574 0.05055020632737277 0.38975817923186346
0 0.000343878954607978 0.5604551920341394 0.05674002751031637 0.5604551920341394 0.05674002751031637 0.46372688477951635 0.000343878954607978 0.46372688477951635 0.000343878954607978 0.5604551920341394
0 0.000343878954607978 0.8620199146514936 0.03266850068775791 0.8620199146514936 0.03266850068775791 0.7617354196301565 0.000343878954607978 0.7617354196301565 0.000343878954607978 0.8620199146514936
0 0.46286107290233836 0 0.46286107290233836 0.06685633001422475 0.561898211829436 0.06685633001422475 0.561898211829436 0 0.46286107290233836 0
0 0.04470426409903714 0.49893314366998576 0.13067400275103164 0.49893314366998576 0.13067400275103164 0.40291607396870555 0.04470426409903714 0.40291607396870555 0.04470426409903714 0.49893314366998576
0 0.16815680880330125 0.11308677098150782 0.24449793672627235 0.11308677098150782 0.24449793672627235 0.017780938833570414 0.16815680880330125 0.017780938833570414 0.16815680880330125 0.11308677098150782
0 0.000343878954607978 0.9815078236130867 0.03404401650618982 0.9815078236130867 0.03404401650618982 0.884068278805121 0.000343878954607978 0.884068278805121 0.000343878954607978 0.9815078236130867
0 0.1172627235213205 0 0.1172627235213205 0.0476529160739687 0.1936038514442916 0.0476529160739687 0.1936038514442916 0 0.1172627235213205 0
0 0.6753782668500687 0.04871977240398293 0.7922971114167813 0.04871977240398293 0.7922971114167813 0.00035561877667140827 0.6753782668500687 0.00035561877667140827 0.6753782668500687 0.04871977240398293
0 0 0.30938833570412516 0.0405777166437414 0.30938833570412516 0.0405777166437414 0.24324324324324326 0 0.24324324324324326 0 0.30938833570412516
0 0.171595598349381 1 0.171595598349381 0.9743954480796586 0.09044016506189821 0.9743954480796586 0.09044016506189821 1 0.171595598349381 1
0 0 0.6959459459459459 0.018569463548830812 0.6959459459459459 0.018569463548830812 0.6539829302987198 0 0.6539829302987198 0 0.6959459459459459
0 0.25206327372764786 0 0.25206327372764786 0.03556187766714083 0.31121045392022006 0.03556187766714083 0.31121045392022006 0 0.25206327372764786 0
0 0.06052269601100413 1 0.06052269601100413 0.9800853485064012 0 0.9800853485064012 0 1 0.06052269601100413 1