0 0.7692992874109263 0.7589605734767025 0.8607482185273159 0.7589605734767025 0.8607482185273159 0.6433691756272402 0.7692992874109263 0.6433691756272402 0.7692992874109263 0.7589605734767025
0 0.2173396674584323 0.9973118279569892 0.29691211401425177 0.9973118279569892 0.29691211401425177 0.8682795698924731 0.2173396674584323 0.8682795698924731 0.2173396674584323 0.9973118279569892
0 0.7378266033254157 0.9471326164874552 0.8274940617577197 0.9471326164874552 0.8274940617577197 0.818100358422939 0.7378266033254157 0.818100358422939 0.7378266033254157 0.9471326164874552
0 0.543646080760095 0.18906810035842295 0.6083729216152018 0.18906810035842295 0.6083729216152018 0.08602150537634409 0.543646080760095 0.08602150537634409 0.543646080760095 0.18906810035842295
0 0.8978622327790974 0.9498207885304659 0.9851543942992874 0.9498207885304659 0.9851543942992874 0.8172043010752689 0.8978622327790974 0.8172043010752689 0.8978622327790974 0.9498207885304659
0 0.8536223277909739 0.9991039426523297 0.9438836104513064 0.9991039426523297 0.9438836104513064 0.9229390681003584 0.8536223277909739 0.9229390681003584 0.8536223277909739 0.9991039426523297
0 0.03770783847980998 0.3131720430107527 0.10005938242280285 0.3131720430107527 0.10005938242280285 0.20385304659498207 0.03770783847980998 0.20385304659498207 0.03770783847980998 0.3131720430107527
0 0.6377672209026128 0.2992831541218638 0.7078384798099763 0.2992831541218638 0.7078384798099763 0.17921146953405018 0.6377672209026128 0.17921146953405018 0.6377672209026128 0.2992831541218638
0 0.21288598574821851 0.24014336917562723 0.28236342042755347 0.24014336917562723 0.28236342042755347 0.13978494623655913 0.21288598574821851 0.13978494623655913 0.21288598574821851 0.24014336917562723
0 0.1760688836104513 0.7163978494623656 0.24317102137767221 0.7163978494623656 0.24317102137767221 0.5900537634408602 0.1760688836104513 0.5900537634408602 0.1760688836104513 0.7163978494623656
0 0.0002969121140142518 0.27732974910394265 0.04661520190023753 0.27732974910394265 0.04661520190023753 0.1832437275985663 0.0002969121140142518 0.1832437275985663 0.0002969121140142518 0.27732974910394265
0 0.6846793349168646 0.16218637992831542 0.748812351543943 0.16218637992831542 0.748812351543943 0.04838709677419355 0.6846793349168646 0.04838709677419355 0.6846793349168646 0.16218637992831542
0 0.7108076009501187 0.6689068100358423 0.7975059382422803 0.6689068100358423 0.7975059382422803 0.5434587813620072 0.7108076009501187 0.5434587813620072 0.7108076009501187 0.6689068100358423
0 0.16211401425178149 0.910394265232975 0.24228028503562946 0.910394265232975 0.24228028503562946 0.7741935483870968 0.16211401425178149 0.7741935483870968 0.16211401425178149 0.910394265232975
0 0.16062945368171022 0.5344982078853047 0.23426365795724466 0.5344982078853047 0.23426365795724466 0.42338709677419356 0.16062945368171022 0.42338709677419356 0.16062945368171022 0.5344982078853047
0 0.09619952494061758 0.36514336917562723 0.16270783847980996 0.36514336917562723 0.16270783847980996 0.2531362007168459 0.09619952494061758 0.2531362007168459 0.09619952494061758 0.36514336917562723
0 0.5442399049881235 0.4578853046594982 0.6178741092636579 0.4578853046594982 0.6178741092636579 0.34050179211469533 0.5442399049881235 0.34050179211469533 0.5442399049881235 0.4578853046594982
0 0.10154394299287411 0.5936379928315412 0.167458432304038 0.5936379928315412 0.167458432304038 0.4852150537634409 0.10154394299287411 0.4852150537634409 0.10154394299287411 0.5936379928315412
0 0.2583135391923991 0.628584229390681 0.334916864608076 0.628584229390681 0.334916864608076 0.5094086021505376 0.2583135391923991 0.5094086021505376 0.2583135391923991 0.628584229390681
0 0.32660332541567694 0.2867383512544803 0.4014251781472684 0.2867383512544803 0.4014251781472684 0.17383512544802868 0.32660332541567694 0.17383512544802868 0.32660332541567694 0.2867383512544803
0 0.11193586698337292 0.2661290322580645 0.1748812351543943 0.2661290322580645 0.1748812351543943 0.15591397849462366 0.11193586698337292 0.15591397849462366 0.11193586698337292 0.2661290322580645
0 0.7482185273159145 0.13172043010752688 0.8218527315914489 0.13172043010752688 0.8218527315914489 0.024193548387096774 0.7482185273159145 0.024193548387096774 0.7482185273159145 0.13172043010752688
0 0.8378859857482185 0.5972222222222222 0.9067695961995249 0.5972222222222222 0.9067695961995249 0.4753584229390681 0.8378859857482185 0.4753584229390681 0.8378859857482185 0.5972222222222222
0 0.6077790973871734 0.15725806451612903 0.6766627078384798 0.15725806451612903 0.6766627078384798 0.05152329749103943 0.6077790973871734 0.05152329749103943 0.6077790973871734 0.15725806451612903
0 0.45338479809976245 0.4103942652329749 0.5311757719714965 0.4103942652329749 0.5311757719714965 0.300179211469534 0.45338479809976245 0.300179211469534 0.45338479809976245 0.4103942652329749
0 0.5552256532066508 0.9995519713261649 0.6353919239904988 0.9995519713261649 0.6353919239904988 0.8982974910394266 0.5552256532066508 0.8982974910394266 0.5552256532066508 0.9995519713261649
0 0.47862232779097386 0.9995519713261649 0.5593824228028503 0.9995519713261649 0.5593824228028503 0.8884408602150538 0.47862232779097386 0.8884408602150538 0.47862232779097386 0.9995519713261649
0 0.12203087885985749 0.47446236559139787 0.1915083135391924 0.47446236559139787 0.1915083135391924 0.378584229390681 0.12203087885985749 0.378584229390681 0.12203087885985749 0.47446236559139787
0 0.22802850356294538 0.40636200716845877 0.2992874109263658 0.40636200716845877 0.2992874109263658 0.2925627240143369 0.22802850356294538 0.2925627240143369 0.22802850356294538 0.40636200716845877
0 0.540083135391924 0.34946236559139787 0.6054038004750594 0.34946236559139787 0.6054038004750594 0.257168458781362 0.540083135391924 0.257168458781362 0.540083135391924 0.34946236559139787
0 0.4323040380047506 0.267921146953405 0.5005938242280285 0.267921146953405 0.5005938242280285 0.14068100358422939 0.4323040380047506 0.14068100358422939 0.4323040380047506 0.267921146953405
0 0.15290973871733968 0.13261648745519714 0.21644893111638955 0.13261648745519714 0.21644893111638955 0.027777777777777776 0.15290973871733968 0.027777777777777776 0.15290973871733968 0.13261648745519714
0 0.5620546318289786 0.2692652329749104 0.6392517814726841 0.2692652329749104 0.6392517814726841 0.16263440860215053 0.5620546318289786 0.16263440860215053 0.5620546318289786 0.2692652329749104
0 0.4815914489311164 0.3140681003584229 0.5469121140142518 0.3140681003584229 0.5469121140142518 0.2110215053763441 0.4815914489311164 0.2110215053763441 0.4815914489311164 0.3140681003584229
0 0.502375296912114 0.13485663082437277 0.5671021377672208 0.13485663082437277 0.5671021377672208 0.03270609318996416 0.502375296912114 0.03270609318996416 0.502375296912114 0.13485663082437277
0 0.16508313539192399 0.21550179211469533 0.22565320665083136 0.21550179211469533 0.22565320665083136 0.10887096774193548 0.16508313539192399 0.10887096774193548 0.16508313539192399 0.21550179211469533
0 0.3601543942992874 0.3920250896057348 0.44566508313539194 0.3920250896057348 0.44566508313539194 0.2647849462365591 0.3601543942992874 0.2647849462365591 0.3601543942992874 0.3920250896057348
0 0.5706650831353919 0.09811827956989247 0.6252969121140143 0.09811827956989247 0.6252969121140143 0.00044802867383512545 0.5706650831353919 0.00044802867383512545 0.5706650831353919 0.09811827956989247
0 0.0002969121140142518 0.40725806451612906 0.03414489311163896 0.40725806451612906 0.03414489311163896 0.29435483870967744 0.0002969121140142518 0.29435483870967744 0.0002969121140142518 0.40725806451612906
0 0.10421615201900238 0.8870967741935484 0.17725653206650832 0.8870967741935484 0.17725653206650832 0.7544802867383512 0.10421615201900238 0.7544802867383512 0.10421615201900238 0.8870967741935484
0 0.013657957244655582 0.1460573476702509 0.06294536817102138 0.1460573476702509 0.06294536817102138 0.06362007168458782 0.013657957244655582 0.06362007168458782 0.013657957244655582 0.1460573476702509
0 0.9605106888361045 0.21818996415770608 0.9997030878859857 0.21818996415770608 0.9997030878859857 0.09094982078853046 0.9605106888361045 0.09094982078853046 0.9605106888361045 0.21818996415770608
0 0.26989311163895485 0.3207885304659498 0.32808788598574823 0.3207885304659498 0.32808788598574823 0.21057347670250895 0.26989311163895485 0.21057347670250895 0.26989311163895485 0.3207885304659498
0 0.6926959619952494 0.9995519713261649 0.7681116389548693 0.9995519713261649 0.7681116389548693 0.9637096774193549 0.6926959619952494 0.9637096774193549 0.6926959619952494 0.9995519713261649
0 0.33165083135391926 0.5394265232974911 0.41538004750593827 0.5394265232974911 0.41538004750593827 0.42383512544802865 0.33165083135391926 0.42383512544802865 0.33165083135391926 0.5394265232974911
0 0.7752375296912114 0.9995519713261649 0.8536223277909739 0.9995519713261649 0.8536223277909739 0.9484767025089605 0.7752375296912114 0.9484767025089605 0.7752375296912114 0.9995519713261649
0 0.26217339667458434 0.1478494623655914 0.3251187648456057 0.1478494623655914 0.3251187648456057 0.03853046594982079 0.26217339667458434 0.03853046594982079 0.26217339667458434 0.1478494623655914
0 0.06799287410926366 0.08960573476702509 0.12262470308788599 0.08960573476702509 0.12262470308788599 0.0008960573476702509 0.06799287410926366 0.0008960573476702509 0.06799287410926366 0.08960573476702509
0 0.03800475059382423 0.2056451612903226 0.10332541567695962 0.2056451612903226 0.10332541567695962 0.128584229390681 0.03800475059382423 0.128584229390681 0.03800475059382423 0.2056451612903226
0 0.3016627078384798 0.44399641577060933 0.3652019002375297 0.44399641577060933 0.3652019002375297 0.335573476702509 0.3016627078384798 0.335573476702509 0.3016627078384798 0.44399641577060933
0 0.9723871733966746 0.7419354838709677 0.9997030878859857 0.7419354838709677 0.9997030878859857 0.6388888888888888 0.9723871733966746 0.6388888888888888 0.9723871733966746 0.7419354838709677
0 0.24346793349168647 0 0.24346793349168647 0.06630824372759857 0.3016627078384798 0.06630824372759857 0.3016627078384798 0 0.24346793349168647 0
0 0.37054631828978624 0.18369175627240145 0.44358669833729214 0.18369175627240145 0.44358669833729214 0.0913978494623656 0.37054631828978624 0.0913978494623656 0.37054631828978624 0.18369175627240145
0 0.6820071258907363 0 0.6820071258907363 0.05913978494623656 0.7592042755344418 0.05913978494623656 0.7592042755344418 0 0.6820071258907363 0
0 0.29661520190023755 0.2110215053763441 0.3589667458432304 0.2110215053763441 0.3589667458432304 0.12231182795698925 0.29661520190023755 0.12231182795698925 0.29661520190023755 0.2110215053763441
0 0.19328978622327792 0 0.19328978622327792 0.05465949820788531 0.24495249406175773 0.05465949820788531 0.24495249406175773 0 0.19328978622327792 0
0 0.09768408551068884 0.16084229390681004 0.15350356294536818 0.16084229390681004 0.15350356294536818 0.053315412186379925 0.09768408551068884 0.053315412186379925 0.09768408551068884 0.16084229390681004
0 0.4248812351543943 0.06944444444444445 0.47891923990498814 0.06944444444444445 0.47891923990498814 0.00044802867383512545 0.4248812351543943 0.00044802867383512545 0.4248812351543943 0.06944444444444445
0 0.9824821852731591 0.8548387096774194 0.9997030878859857 0.8548387096774194 0.9997030878859857 0.7616487455197133 0.9824821852731591 0.7616487455197133 0.9824821852731591 0.8548387096774194
0 0 0.9632616487455197 0.015439429928741092 0.9632616487455197 0.015439429928741092 0.8781362007168458 0 0.8781362007168458 0 0.9632616487455197
0 0 0.08154121863799284 0.050475059382422804 0.08154121863799284 0.050475059382422804 0.0062724014336917565 0 0.0062724014336917565 0 0.08154121863799284
0 0.47387173396674587 0 0.47387173396674587 0.06989247311827956 0.5290973871733967 0.06989247311827956 0.5290973871733967 0 0.47387173396674587 0
0 0 0.1922043010752688 0.011876484560570071 0.1922043010752688 0.011876484560570071 0.11514336917562724 0 0.11514336917562724 0 0.1922043010752688
0 0.6258907363420427 0 0.6258907363420427 0.04838709677419355 0.6852731591448931 0.04838709677419355 0.6852731591448931 0 0.6258907363420427 0
0 0.7600950118764845 0 0.7600950118764845 0.02867383512544803 0.8194774346793349 0.02867383512544803 0.8194774346793349 0 0.7600950118764845 0
0 0.8758907363420427 0.0721326164874552 0.9394299287410927 0.0721326164874552 0.9394299287410927 0.00044802867383512545 0.8758907363420427 0.00044802867383512545 0.8758907363420427 0.0721326164874552