0 0.5722145804676754 0.41607396870554764 0.7104539202200826 0.41607396870554764 0.7104539202200826 0.2759601706970128 0.5722145804676754 0.2759601706970128 0.5722145804676754 0.41607396870554764
0 0.2579092159559835 0.9345661450924608 0.36657496561210456 0.9345661450924608 0.36657496561210456 0.7965860597439545 0.2579092159559835 0.7965860597439545 0.2579092159559835 0.9345661450924608
0 0.44394773039889956 0.466927453769559 0.5526134800550206 0.466927453769559 0.5526134800550206 0.3488620199146515 0.44394773039889956 0.3488620199146515 0.44394773039889956 0.466927453769559
0 0.3046767537826685 0.40042674253200566 0.40990371389270974 0.40042674253200566 0.40990371389270974 0.2852062588904694 0.3046767537826685 0.2852062588904694 0.3046767537826685 0.40042674253200566
0 0.5030949105914718 0.19523470839260312 0.6151994497936726 0.19523470839260312 0.6151994497936726 0.09352773826458037 0.5030949105914718 0.09352773826458037 0.5030949105914718 0.19523470839260312
0 0.37620357634112794 0.8826458036984353 0.4903713892709766 0.8826458036984353 0.4903713892709766 0.7368421052631579 0.37620357634112794 0.7368421052631579 0.37620357634112794 0.8826458036984353
0 0.5030949105914718 0.3147226173541963 0.6179504814305364 0.3147226173541963 0.6179504814305364 0.19879089615931722 0.5030949105914718 0.19879089615931722 0.5030949105914718 0.3147226173541963
0 0.13204951856946354 0.9391891891891891 0.23521320495185694 0.9391891891891891 0.23521320495185694 0.8189900426742532 0.13204951856946354 0.8189900426742532 0.13204951856946354 0.9391891891891891
0 0.39752407152682256 0.3029871977240398 0.5034387895460798 0.3029871977240398 0.5034387895460798 0.18705547652916074 0.39752407152682256 0.18705547652916074 0.39752407152682256 0.3029871977240398
0 0.08665749656121045 0.7062588904694168 0.1767537826685007 0.7062588904694168 0.1767537826685007 0.5924608819345661 0.08665749656121045 0.5924608819345661 0.08665749656121045 0.7062588904694168
0 0.22936726272352131 0.6116642958748222 0.3235900962861073 0.6116642958748222 0.3235900962861073 0.492176386913229 0.22936726272352131 0.492176386913229 0.22936726272352131 0.6116642958748222
0 0 0.8531294452347084 0.08253094910591471 0.8531294452347084 0.08253094910591471 0.7443100995732574 0 0.7443100995732574 0 0.8531294452347084
0 0.36932599724896836 0.16963015647226173 0.4718019257221458 0.16963015647226173 0.4718019257221458 0.06152204836415363 0.36932599724896836 0.06152204836415363 0.36932599724896836 0.16963015647226173
0 0.14718019257221457 0.5970839260312945 0.2393397524071527 0.5970839260312945 0.2393397524071527 0.4775960170697013 0.14718019257221457 0.4775960170697013 0.14718019257221457 0.5970839260312945
0 0.09181568088033012 0.8339260312944523 0.18603851444291608 0.8339260312944523 0.18603851444291608 0.7208392603129445 0.09181568088033012 0.7208392603129445 0.09181568088033012 0.8339260312944523
0 0.24793672627235214 0.2112375533428165 0.3345942228335626 0.2112375533428165 0.3345942228335626 0.10668563300142248 0.24793672627235214 0.10668563300142248 0.24793672627235214 0.2112375533428165
0 0.04573590096286107 0.998221906116643 0.140646492434663 0.998221906116643 0.140646492434663 0.8766002844950214 0.04573590096286107 0.8766002844950214 0.04573590096286107 0.998221906116643
0 0.3545392022008253 0.5782361308677099 0.4604539202200825 0.5782361308677099 0.4604539202200825 0.45590327169274536 0.3545392022008253 0.45590327169274536 0.3545392022008253 0.5782361308677099
0 0.22558459422283356 0.4868421052631579 0.32393397524071527 0.4868421052631579 0.32393397524071527 0.3815789473684211 0.22558459422283356 0.3815789473684211 0.22558459422283356 0.4868421052631579
0 0.28817056396148555 0.7236842105263158 0.39339752407152684 0.7236842105263158 0.39339752407152684 0.594950213371266 0.28817056396148555 0.594950213371266 0.28817056396148555 0.7236842105263158
0 0.30949105914718017 0.27524893314367 0.40027510316368636 0.27524893314367 0.40027510316368636 0.18847795163584638 0.30949105914718017 0.18847795163584638 0.30949105914718017 0.27524893314367
0 0.2200825309491059 0.3741109530583215 0.30880330123796423 0.3741109530583215 0.30880330123796423 0.2852062588904694 0.2200825309491059 0.2852062588904694 0.2200825309491059 0.3741109530583215
0 0.5041265474552957 0.09246088193456614 0.6121045392022009 0.09246088193456614 0.6121045392022009 0.0007112375533428165 0.5041265474552957 0.0007112375533428165 0.5041265474552957 0.09246088193456614
0 0.0453920220082531 0.48897581792318634 0.1361760660247593 0.48897581792318634 0.1361760660247593 0.40362731152204834 0.0453920220082531 0.40362731152204834 0.0453920220082531 0.48897581792318634
0 0.18672627235213204 0.21443812233285917 0.2568775790921596 0.21443812233285917 0.2568775790921596 0.12624466571834994 0.18672627235213204 0.12624466571834994 0.18672627235213204 0.21443812233285917
0 0.2823246217331499 0 0.2823246217331499 0.06401137980085349 0.36348005502063274 0.06401137980085349 0.36348005502063274 0 0.2823246217331499 0
0 0.1454607977991747 0.4601706970128023 0.23211829436038514 0.4601706970128023 0.23211829436038514 0.3691322901849218 0.1454607977991747 0.3691322901849218 0.1454607977991747 0.4601706970128023
0 0 0.46372688477951635 0.057083906464924346 0.46372688477951635 0.057083906464924346 0.3812233285917496 0 0.3812233285917496 0 0.46372688477951635
0 0.1997936726272352 0.8129445234708392 0.30364511691884455 0.8129445234708392 0.30364511691884455 0.6877667140825036 0.1997936726272352 0.6877667140825036 0.1997936726272352 0.8129445234708392
0 0.11141678129298486 0.29694167852062586 0.18982118294360384 0.29694167852062586 0.18982118294360384 0.2194167852062589 0.11141678129298486 0.2194167852062589 0.11141678129298486 0.29694167852062586
0 0 0.6493598862019915 0.055020632737276476 0.6493598862019915 0.055020632737276476 0.5590327169274538 0 0.5590327169274538 0 0.6493598862019915
0 0.035075653370013754 0.5789473684210527 0.10591471801925723 0.5789473684210527 0.10591471801925723 0.4914651493598862 0.035075653370013754 0.4914651493598862 0.035075653370013754 0.5789473684210527
0 0.2266162310866575 1 0.2266162310866575 0.9324324324324325 0.12001375515818431 0.9324324324324325 0.12001375515818431 1 0.2266162310866575 1
0 0.0405777166437414 0.2709815078236131 0.12310866574965612 0.2709815078236131 0.12310866574965612 0.19559032716927455 0.0405777166437414 0.19559032716927455 0.0405777166437414 0.2709815078236131
0 0.029917469050894086 0.6963015647226174 0.09938101788170564 0.6963015647226174 0.09938101788170564 0.5896159317211949 0.029917469050894086 0.5896159317211949 0.029917469050894086 0.6963015647226174
0 0.08356258596973865 0.07645803698435277 0.1626547455295736 0.07645803698435277 0.1626547455295736 0.00035561877667140827 0.08356258596973865 0.00035561877667140827 0.08356258596973865 0.07645803698435277
0 0 0.3741109530583215 0.039889958734525444 0.3741109530583215 0.039889958734525444 0.2894736842105263 0 0.2894736842105263 0 0.3741109530583215
0 0.12138927097661623 0.2119487908961593 0.1956671251719395 0.2119487908961593 0.1956671251719395 0.13086770981507823 0.12138927097661623 0.13086770981507823 0.12138927097661623 0.2119487908961593
0 0.000343878954607978 0.7546230440967283 0.04160935350756534 0.7546230440967283 0.04160935350756534 0.6543385490753911 0.000343878954607978 0.6543385490753911 0.000343878954607978 0.7546230440967283
0 0.08459422283356259 0.1682076813655761 0.16368638239339753 0.1682076813655761 0.16368638239339753 0.07859174964438122 0.08459422283356259 0.07859174964438122 0.08459422283356259 0.1682076813655761
0 0 0.9089615931721194 0.030949105914718018 0.9089615931721194 0.030949105914718018 0.8385490753911806 0 0.8385490753911806 0 0.9089615931721194
0 0.000343878954607978 0.1593172119487909 0.042297111416781295 0.1593172119487909 0.042297111416781295 0.07681365576102418 0.000343878954607978 0.07681365576102418 0.000343878954607978 0.1593172119487909
0 0.09766162310866575 0.39082503556187764 0.1939477303988996 0.39082503556187764 0.1939477303988996 0.30049786628734 0.09766162310866575 0.30049786628734 0.09766162310866575 0.39082503556187764
0 0.09766162310866575 0.5800142247510669 0.15818431911966988 0.5800142247510669 0.15818431911966988 0.48826458036984355 0.09766162310866575 0.48826458036984355 0.09766162310866575 0.5800142247510669
0 0.18500687757909215 0.32432432432432434 0.2737276478679505 0.32432432432432434 0.2737276478679505 0.2240398293029872 0.18500687757909215 0.2240398293029872 0.18500687757909215 0.32432432432432434
0 0.035419532324621736 0.3744665718349929 0.1076341127922971 0.3744665718349929 0.1076341127922971 0.27702702702702703 0.035419532324621736 0.27702702702702703 0.035419532324621736 0.3744665718349929
0 0.000343878954607978 0.5494310099573257 0.04986244841815681 0.5494310099573257 0.04986244841815681 0.47190611664295873 0.000343878954607978 0.47190611664295873 0.000343878954607978 0.5494310099573257
0 0.9577028885832187 0.27347083926031296 0.999656121045392 0.27347083926031296 0.999656121045392 0.14473684210526316 0.9577028885832187 0.14473684210526316 0.9577028885832187 0.27347083926031296
0 0.008940852819807428 0.21799431009957326 0.08528198074277854 0.21799431009957326 0.08528198074277854 0.13549075391180654 0.008940852819807428 0.13549075391180654 0.008940852819807428 0.21799431009957326
0 0 0.2923186344238976 0.030949105914718018 0.2923186344238976 0.030949105914718018 0.22688477951635846 0 0.22688477951635846 0 0.2923186344238976
0 0.05949105914718019 1 0.05949105914718019 0.9772403982930299 0.000343878954607978 0.9772403982930299 0.000343878954607978 1 0.05949105914718019 1
0 0.9411966987620357 0 0.9411966987620357 0.032005689900426744 0.999656121045392 0.032005689900426744 0.999656121045392 0 0.9411966987620357 0
0 0 0.039473684210526314 0.027510316368638238 0.039473684210526314 0.027510316368638238 0.00035561877667140827 0 0.00035561877667140827 0 0.039473684210526314