0 0.7030735455543359 0.8825867052023122 0.7941822173435785 0.8825867052023122 0.7941822173435785 0.743135838150289 0.7030735455543359 0.743135838150289 0.7030735455543359 0.8825867052023122
0 0.5911086717892426 0.7583092485549133 0.6800219538968166 0.7583092485549133 0.6800219538968166 0.618135838150289 0.5911086717892426 0.618135838150289 0.5911086717892426 0.7583092485549133
0 0.5417124039517014 0 0.5417124039517014 0.1069364161849711 0.6383095499451152 0.1069364161849711 0.6383095499451152 0 0.5417124039517014 0
0 0.5864434687156971 0.9996387283236994 0.6819429198682766 0.9996387283236994 0.6819429198682766 0.8963150289017341 0.5864434687156971 0.8963150289017341 0.5864434687156971 0.9996387283236994
0 0.21158068057080132 0.46098265895953755 0.2851262349066959 0.46098265895953755 0.2851262349066959 0.34971098265895956 0.21158068057080132 0.34971098265895956 0.21158068057080132 0.46098265895953755
0 0.4747530186608123 0.9945809248554913 0.5532381997804611 0.9945809248554913 0.5532381997804611 0.8601878612716763 0.4747530186608123 0.8601878612716763 0.4747530186608123 0.9945809248554913
0 0.221185510428101 0.8171965317919075 0.30735455543358947 0.8171965317919075 0.30735455543358947 0.713150289017341 0.221185510428101 0.713150289017341 0.221185510428101 0.8171965317919075
0 0.3814489571899012 1 0.3814489571899012 0.9154624277456648 0.29418221734357847 0.9154624277456648 0.29418221734357847 1 0.3814489571899012 1
0 0.29198682766191 0.5686416184971098 0.36169045005488476 0.5686416184971098 0.36169045005488476 0.4602601156069364 0.29198682766191 0.4602601156069364 0.29198682766191 0.5686416184971098
0 0.2478046103183315 0.9216040462427746 0.33342480790340284 0.9216040462427746 0.33342480790340284 0.817557803468208 0.2478046103183315 0.817557803468208 0.2478046103183315 0.9216040462427746
0 0.22200878155872666 0.5924855491329479 0.2982985729967069 0.5924855491329479 0.2982985729967069 0.47471098265895956 0.22200878155872666 0.47471098265895956 0.22200878155872666 0.5924855491329479
0 0.8161361141602634 1 0.8161361141602634 0.916907514450867 0.7266739846322722 0.916907514450867 0.7266739846322722 1 0.8161361141602634 1
0 0.3995609220636663 0.9992774566473989 0.47585071350164654 0.9992774566473989 0.47585071350164654 0.8952312138728323 0.3995609220636663 0.8952312138728323 0.3995609220636663 0.9992774566473989
0 0.212403951701427 0.21856936416184972 0.29637760702524696 0.21856936416184972 0.29637760702524696 0.11596820809248555 0.212403951701427 0.11596820809248555 0.212403951701427 0.21856936416184972
0 0.19895718990120748 0.3475433526011561 0.27689352360043906 0.3475433526011561 0.27689352360043906 0.2565028901734104 0.19895718990120748 0.2565028901734104 0.19895718990120748 0.3475433526011561
0 0.108397365532382 0.42377167630057805 0.1857848518111965 0.42377167630057805 0.1857848518111965 0.3370664739884393 0.108397365532382 0.3370664739884393 0.108397365532382 0.42377167630057805
0 0.02030735455543359 0.2702312138728324 0.09769484083424808 0.2702312138728324 0.09769484083424808 0.1676300578034682 0.02030735455543359 0.1676300578034682 0.02030735455543359 0.2702312138728324
0 0.043084522502744235 0 0.043084522502744235 0.04985549132947977 0.12376509330406148 0.04985549132947977 0.12376509330406148 0 0.043084522502744235 0
0 0.18194291986827663 0.9996387283236994 0.241218441273326 0.9996387283236994 0.241218441273326 0.9678468208092486 0.18194291986827663 0.9678468208092486 0.18194291986827663 0.9996387283236994
0 0.4322173435784852 0 0.4322173435784852 0.016618497109826588 0.4871020856201976 0.016618497109826588 0.4871020856201976 0 0.4322173435784852 0