0 0.8765859284890427 0.7536549707602339 0.9700115340253749 0.7536549707602339 0.9700115340253749 0.6622807017543859 0.8765859284890427 0.6622807017543859 0.8765859284890427 0.7536549707602339
0 0.7191464821222606 0.2671783625730994 0.8062283737024222 0.2671783625730994 0.8062283737024222 0.18092105263157895 0.7191464821222606 0.18092105263157895 0.7191464821222606 0.2671783625730994
0 0.8722606689734718 0.5668859649122807 0.9691464821222606 0.5668859649122807 0.9691464821222606 0.4718567251461988 0.8722606689734718 0.4718567251461988 0.8722606689734718 0.5668859649122807
0 0.6931949250288351 0.5120614035087719 0.7756632064590542 0.5120614035087719 0.7756632064590542 0.4294590643274854 0.6931949250288351 0.4294590643274854 0.6931949250288351 0.5120614035087719
0 0.7110726643598616 0.6330409356725146 0.7946943483275664 0.6330409356725146 0.7946943483275664 0.5511695906432749 0.7110726643598616 0.5511695906432749 0.7110726643598616 0.6330409356725146
0 0.8186274509803921 0 0.8186274509803921 0.07383040935672515 0.9016724336793541 0.07383040935672515 0.9016724336793541 0 0.8186274509803921 0
0 0.6485005767012687 0.3983918128654971 0.7326989619377162 0.3983918128654971 0.7326989619377162 0.31140350877192985 0.6485005767012687 0.31140350877192985 0.6485005767012687 0.3983918128654971
0 0.07179930795847751 0.5508040935672515 0.15253748558246827 0.5508040935672515 0.15253748558246827 0.4784356725146199 0.07179930795847751 0.4784356725146199 0.07179930795847751 0.5508040935672515
0 0.0922722029988466 0.3881578947368421 0.16724336793540945 0.3881578947368421 0.16724336793540945 0.31432748538011696 0.0922722029988466 0.31432748538011696 0.0922722029988466 0.3881578947368421
0 0.22058823529411764 0.8252923976608187 0.30594002306805074 0.8252923976608187 0.30594002306805074 0.7448830409356725 0.22058823529411764 0.7448830409356725 0.22058823529411764 0.8252923976608187
0 0.3373702422145329 0.6494883040935673 0.4129181084198385 0.6494883040935673 0.4129181084198385 0.5683479532163743 0.3373702422145329 0.5683479532163743 0.3373702422145329 0.6494883040935673
0 0.2710495963091119 0.7101608187134503 0.34486735870818913 0.7101608187134503 0.34486735870818913 0.6319444444444444 0.2710495963091119 0.6319444444444444 0.2710495963091119 0.7101608187134503
0 0.5769896193771626 0.6396198830409356 0.6634948096885813 0.6396198830409356 0.6634948096885813 0.5548245614035088 0.5769896193771626 0.5548245614035088 0.5769896193771626 0.6396198830409356
0 0.46856978085351786 0.12646198830409358 0.5504613610149942 0.12646198830409358 0.5504613610149942 0.04312865497076023 0.46856978085351786 0.04312865497076023 0.46856978085351786 0.12646198830409358
0 0.6496539792387543 0.7002923976608187 0.7338523644752019 0.7002923976608187 0.7338523644752019 0.6118421052631579 0.6496539792387543 0.6118421052631579 0.6496539792387543 0.7002923976608187
0 0.5297001153402537 0.17068713450292397 0.6092848904267589 0.17068713450292397 0.6092848904267589 0.09173976608187134 0.5297001153402537 0.09173976608187134 0.5297001153402537 0.17068713450292397
0 0.27854671280276816 0.2054093567251462 0.356401384083045 0.2054093567251462 0.356401384083045 0.12280701754385964 0.27854671280276816 0.12280701754385964 0.27854671280276816 0.2054093567251462
0 0.22779700115340254 0.1608187134502924 0.30853517877739334 0.1608187134502924 0.30853517877739334 0.0804093567251462 0.22779700115340254 0.0804093567251462 0.22779700115340254 0.1608187134502924
0 0.49855824682814304 0.9992690058479532 0.5752595155709342 0.9992690058479532 0.5752595155709342 0.9203216374269005 0.49855824682814304 0.9203216374269005 0.49855824682814304 0.9992690058479532
0 0.14878892733564014 0.4371345029239766 0.23356401384083045 0.4371345029239766 0.23356401384083045 0.3603801169590643 0.14878892733564014 0.3603801169590643 0.14878892733564014 0.4371345029239766
0 0.5449826989619377 0.8201754385964912 0.6182237600922722 0.8201754385964912 0.6182237600922722 0.7339181286549707 0.5449826989619377 0.7339181286549707 0.5449826989619377 0.8201754385964912
0 0.5121107266435986 0.7035818713450293 0.5905420991926182 0.7035818713450293 0.5905420991926182 0.6151315789473685 0.5121107266435986 0.6151315789473685 0.5121107266435986 0.7035818713450293
0 0.004901960784313725 0.5548245614035088 0.07179930795847751 0.5548245614035088 0.07179930795847751 0.48391812865497075 0.004901960784313725 0.48391812865497075 0.004901960784313725 0.5548245614035088
0 0.31314878892733566 0.8256578947368421 0.39850057670126876 0.8256578947368421 0.39850057670126876 0.7408625730994152 0.31314878892733566 0.7408625730994152 0.31314878892733566 0.8256578947368421
0 0.4913494809688581 0.8841374269005848 0.5749711649365629 0.8841374269005848 0.5749711649365629 0.7971491228070176 0.4913494809688581 0.7971491228070176 0.4913494809688581 0.8841374269005848
0 0.5415224913494809 0.40752923976608185 0.6222606689734718 0.40752923976608185 0.6222606689734718 0.32127192982456143 0.5415224913494809 0.32127192982456143 0.5415224913494809 0.40752923976608185
0 0.4720299884659746 0.47076023391812866 0.5504613610149942 0.47076023391812866 0.5504613610149942 0.3881578947368421 0.4720299884659746 0.3881578947368421 0.4720299884659746 0.47076023391812866
0 0.14936562860438293 0.7152777777777778 0.23414071510957324 0.7152777777777778 0.23414071510957324 0.6370614035087719 0.14936562860438293 0.6370614035087719 0.14936562860438293 0.7152777777777778
0 0.5279700115340253 0.5241228070175439 0.6167820069204152 0.5241228070175439 0.6167820069204152 0.4451754385964912 0.5279700115340253 0.4451754385964912 0.5279700115340253 0.5241228070175439
0 0.09717416378316032 0.6597222222222222 0.1715686274509804 0.6597222222222222 0.1715686274509804 0.5836988304093568 0.09717416378316032 0.5836988304093568 0.09717416378316032 0.6597222222222222
0 0.19925028835063438 0.6546052631578947 0.28517877739331027 0.6546052631578947 0.28517877739331027 0.5785818713450293 0.19925028835063438 0.5785818713450293 0.19925028835063438 0.6546052631578947
0 0.4359861591695502 0.702485380116959 0.5126874279123415 0.702485380116959 0.5126874279123415 0.6235380116959064 0.4359861591695502 0.6235380116959064 0.4359861591695502 0.702485380116959
0 0.03835063437139562 0.339546783625731 0.11735870818915801 0.339546783625731 0.11735870818915801 0.2635233918128655 0.03835063437139562 0.2635233918128655 0.03835063437139562 0.339546783625731
0 0.6681084198385236 0.9437134502923976 0.7517301038062284 0.9437134502923976 0.7517301038062284 0.8494152046783626 0.6681084198385236 0.8494152046783626 0.6681084198385236 0.9437134502923976
0 0.2511534025374856 0.4301900584795322 0.3359284890426759 0.4301900584795322 0.3359284890426759 0.3541666666666667 0.2511534025374856 0.3541666666666667 0.2511534025374856 0.4301900584795322
0 0.14186851211072665 0.6034356725146199 0.21972318339100347 0.6034356725146199 0.21972318339100347 0.5281432748538012 0.14186851211072665 0.5281432748538012 0.14186851211072665 0.6034356725146199
0 0.09486735870818916 0.2810672514619883 0.17329873125720877 0.2810672514619883 0.17329873125720877 0.20796783625730994 0.09486735870818916 0.20796783625730994 0.09486735870818916 0.2810672514619883
0 0.12312572087658592 0.8808479532163743 0.19982698961937717 0.8808479532163743 0.19982698961937717 0.8062865497076024 0.12312572087658592 0.8062865497076024 0.12312572087658592 0.8808479532163743
0 0.39590542099192616 0.1926169590643275 0.47145328719723184 0.1926169590643275 0.47145328719723184 0.10489766081871345 0.39590542099192616 0.10489766081871345 0.39590542099192616 0.1926169590643275
0 0.6280276816608996 0.8201754385964912 0.7087658592848904 0.8201754385964912 0.7087658592848904 0.7331871345029239 0.6280276816608996 0.7331871345029239 0.6280276816608996 0.8201754385964912
0 0.6447520184544406 0.5727339181286549 0.7185697808535179 0.5727339181286549 0.7185697808535179 0.4959795321637427 0.6447520184544406 0.4959795321637427 0.6447520184544406 0.5727339181286549
0 0.006055363321799308 0.6633771929824561 0.07987312572087658 0.6633771929824561 0.07987312572087658 0.5880847953216374 0.006055363321799308 0.5880847953216374 0.006055363321799308 0.6633771929824561
0 0.3771626297577855 0.8793859649122807 0.4544405997693195 0.8793859649122807 0.4544405997693195 0.8011695906432749 0.3771626297577855 0.8011695906432749 0.3771626297577855 0.8793859649122807
0 0.05392156862745098 0.714546783625731 0.13581314878892733 0.714546783625731 0.13581314878892733 0.6458333333333334 0.05392156862745098 0.6458333333333334 0.05392156862745098 0.714546783625731
0 0.3197808535178777 0.9353070175438597 0.39186851211072665 0.9353070175438597 0.39186851211072665 0.8570906432748538 0.3197808535178777 0.8570906432748538 0.3197808535178777 0.9353070175438597
0 0.43281430219146483 0.9451754385964912 0.5141291810841984 0.9451754385964912 0.5141291810841984 0.8567251461988304 0.43281430219146483 0.8567251461988304 0.43281430219146483 0.9451754385964912
0 0.11447520184544406 1 0.11447520184544406 0.966374269005848 0.037773933102652826 0.966374269005848 0.037773933102652826 1 0.11447520184544406 1
0 0.7554786620530565 0 0.7554786620530565 0.031432748538011694 0.8379469434832757 0.031432748538011694 0.8379469434832757 0 0.7554786620530565 0
0 0.9786620530565168 0.6988304093567251 0.9994232987312572 0.6988304093567251 0.9994232987312572 0.5723684210526315 0.9786620530565168 0.5723684210526315 0.9786620530565168 0.6988304093567251
0 0 0.6140350877192983 0.01441753171856978 0.6140350877192983 0.01441753171856978 0.5328947368421053 0 0.5328947368421053 0 0.6140350877192983
0 0.9175317185697809 1 0.9175317185697809 0.9788011695906432 0.8344867358708189 0.9788011695906432 0.8344867358708189 1 0.9175317185697809 1
0 0.9881776239907728 0.8146929824561403 0.9997116493656286 0.8146929824561403 0.9997116493656286 0.7627923976608187 0.9881776239907728 0.7627923976608187 0.9881776239907728 0.8146929824561403