0 0.7535714285714286 0.7181372549019608 0.8923469387755102 0.7181372549019608 0.8923469387755102 0.6274509803921569 0.7535714285714286 0.6274509803921569 0.7535714285714286 0.7181372549019608
0 0.6326530612244898 0.20833333333333334 0.7724489795918368 0.20833333333333334 0.7724489795918368 0.09722222222222222 0.6326530612244898 0.09722222222222222 0.6326530612244898 0.20833333333333334
0 0.8005102040816326 0.48284313725490197 0.914795918367347 0.48284313725490197 0.914795918367347 0.3831699346405229 0.8005102040816326 0.3831699346405229 0.8005102040816326 0.48284313725490197
0 0.6198979591836735 0.7524509803921569 0.7188775510204082 0.7524509803921569 0.7188775510204082 0.6666666666666666 0.6198979591836735 0.6666666666666666 0.6198979591836735 0.7524509803921569
0 0.36581632653061225 0.10416666666666667 0.4903061224489796 0.10416666666666667 0.4903061224489796 0.0004084967320261438 0.36581632653061225 0.0004084967320261438 0.36581632653061225 0.10416666666666667
0 0.7642857142857142 0.38357843137254904 0.8816326530612245 0.38357843137254904 0.8816326530612245 0.2651143790849673 0.7642857142857142 0.2651143790849673 0.7642857142857142 0.38357843137254904
0 0.7035714285714286 0.8145424836601307 0.8076530612244898 0.8145424836601307 0.8076530612244898 0.7197712418300654 0.7035714285714286 0.7197712418300654 0.7035714285714286 0.8145424836601307
0 1 0.5543300653594772 0.8908163265306123 0.5543300653594772 0.8908163265306123 0.6564542483660131 1 0.6564542483660131 1 0.5543300653594772
0 0.8091836734693878 0.8378267973856209 0.9438775510204082 0.8378267973856209 0.9438775510204082 0.7373366013071896 0.8091836734693878 0.7373366013071896 0.8091836734693878 0.8378267973856209
0 0.6454081632653061 0.9064542483660131 0.7484693877551021 0.9064542483660131 0.7484693877551021 0.8190359477124183 0.6454081632653061 0.8190359477124183 0.6454081632653061 0.9064542483660131
0 0.8061224489795918 0.5661764705882353 0.9204081632653062 0.5661764705882353 0.9204081632653062 0.4869281045751634 0.8061224489795918 0.4869281045751634 0.8061224489795918 0.5661764705882353
0 0.6566326530612245 0.3668300653594771 0.7678571428571429 0.3668300653594771 0.7678571428571429 0.24428104575163398 0.6566326530612245 0.24428104575163398 0.6566326530612245 0.3668300653594771
0 0.5408163265306123 0.5122549019607843 0.6316326530612245 0.5122549019607843 0.6316326530612245 0.4117647058823529 0.5408163265306123 0.4117647058823529 0.5408163265306123 0.5122549019607843
0 0.5316326530612245 0.6564542483660131 0.6336734693877552 0.6564542483660131 0.6336734693877552 0.5723039215686274 0.5316326530612245 0.5723039215686274 0.5316326530612245 0.6564542483660131
0 0.37295918367346936 0.21568627450980393 0.48214285714285715 0.21568627450980393 0.48214285714285715 0.12336601307189543 0.37295918367346936 0.12336601307189543 0.37295918367346936 0.21568627450980393
0 0.7 0.4636437908496732 0.7979591836734694 0.4636437908496732 0.7979591836734694 0.3909313725490196 0.7 0.3909313725490196 0.7 0.4636437908496732
0 0.5877551020408164 0.4673202614379085 0.6989795918367347 0.4673202614379085 0.6989795918367347 0.3839869281045752 0.5877551020408164 0.3839869281045752 0.5877551020408164 0.4673202614379085
0 0.4290816326530612 0.511437908496732 0.5045918367346939 0.511437908496732 0.5045918367346939 0.4264705882352941 0.4290816326530612 0.4264705882352941 0.4290816326530612 0.511437908496732
0 0.6311224489795918 0.5866013071895425 0.7556122448979592 0.5866013071895425 0.7556122448979592 0.49836601307189543 0.6311224489795918 0.49836601307189543 0.6311224489795918 0.5866013071895425
0 0.6040816326530613 0.4027777777777778 0.7112244897959183 0.4027777777777778 0.7112244897959183 0.30637254901960786 0.6040816326530613 0.30637254901960786 0.6040816326530613 0.4027777777777778
0 0.9056122448979592 0.5629084967320261 0.9994897959183674 0.5629084967320261 0.9994897959183674 0.4591503267973856 0.9056122448979592 0.4591503267973856 0.9056122448979592 0.5629084967320261
0 0.5066326530612245 0.5588235294117647 0.5994897959183674 0.5588235294117647 0.5994897959183674 0.4869281045751634 0.5066326530612245 0.4869281045751634 0.5066326530612245 0.5588235294117647
0 0.43112244897959184 0.8415032679738562 0.5209183673469387 0.8415032679738562 0.5209183673469387 0.7704248366013072 0.43112244897959184 0.7704248366013072 0.43112244897959184 0.8415032679738562
0 0.826530612244898 0.9979575163398693 0.9326530612244898 0.9979575163398693 0.9326530612244898 0.9023692810457516 0.826530612244898 0.9023692810457516 0.826530612244898 0.9979575163398693
0 0.35816326530612247 0.46772875816993464 0.45102040816326533 0.46772875816993464 0.45102040816326533 0.38848039215686275 0.35816326530612247 0.38848039215686275 0.35816326530612247 0.46772875816993464
0 0.6760204081632653 0.5408496732026143 0.8005102040816326 0.5408496732026143 0.8005102040816326 0.45588235294117646 0.6760204081632653 0.45588235294117646 0.6760204081632653 0.5408496732026143
0 0.9392857142857143 0.9791666666666666 0.9994897959183674 0.9791666666666666 0.9994897959183674 0.8786764705882353 0.9392857142857143 0.8786764705882353 0.9392857142857143 0.9791666666666666
0 0.6076530612244898 0.6323529411764706 0.7188775510204082 0.6323529411764706 0.7188775510204082 0.5522875816993464 0.6076530612244898 0.5522875816993464 0.6076530612244898 0.6323529411764706
0 0.8367346938775511 1 0.8367346938775511 0.9428104575163399 0.736734693877551 0.9428104575163399 0.736734693877551 1 0.8367346938775511 1
0 0.9091836734693878 0.4681372549019608 0.9989795918367347 0.4681372549019608 0.9989795918367347 0.35784313725490197 0.9091836734693878 0.35784313725490197 0.9091836734693878 0.4681372549019608
0 0.4663265306122449 0.4709967320261438 0.5561224489795918 0.4709967320261438 0.5561224489795918 0.36968954248366015 0.4663265306122449 0.36968954248366015 0.4663265306122449 0.4709967320261438
0 0.3122448979591837 0.7013888888888888 0.39693877551020407 0.7013888888888888 0.39693877551020407 0.6450163398692811 0.3122448979591837 0.6450163398692811 0.3122448979591837 0.7013888888888888
0 0.8448979591836735 0.34681372549019607 0.9520408163265306 0.34681372549019607 0.9520408163265306 0.2201797385620915 0.8448979591836735 0.2201797385620915 0.8448979591836735 0.34681372549019607
0 0 0.24223856209150327 0.0836734693877551 0.24223856209150327 0.0836734693877551 0.1736111111111111 0 0.1736111111111111 0 0.24223856209150327
0 0.4556122448979592 0.8995098039215687 0.5280612244897959 0.8995098039215687 0.5280612244897959 0.8406862745098039 0.4556122448979592 0.8406862745098039 0.4556122448979592 0.8995098039215687
0 0.3678571428571429 0.9170751633986928 0.4576530612244898 0.9170751633986928 0.4576530612244898 0.8378267973856209 0.3678571428571429 0.8378267973856209 0.3678571428571429 0.9170751633986928
0 0.511734693877551 0.9656862745098039 0.585204081632653 0.9656862745098039 0.585204081632653 0.8995098039215687 0.511734693877551 0.8995098039215687 0.511734693877551 0.9656862745098039
0 0.7428571428571429 0.9248366013071896 0.8336734693877551 0.9248366013071896 0.8336734693877551 0.8415032679738562 0.7428571428571429 0.8415032679738562 0.7428571428571429 0.9248366013071896
0 0.06683673469387755 0.13480392156862744 0.1556122448979592 0.13480392156862744 0.1556122448979592 0.05392156862745098 0.06683673469387755 0.05392156862745098 0.06683673469387755 0.13480392156862744
0 0.33418367346938777 0.5093954248366013 0.4035714285714286 0.5093954248366013 0.4035714285714286 0.4497549019607843 0.33418367346938777 0.4497549019607843 0.33418367346938777 0.5093954248366013
0 0.9739795918367347 0.7937091503267973 0.9994897959183674 0.7937091503267973 0.9994897959183674 0.7071078431372549 0.9739795918367347 0.7071078431372549 0.9739795918367347 0.7937091503267973
0 0.7933673469387755 0.8884803921568627 0.9056122448979592 0.8884803921568627 0.9056122448979592 0.8141339869281046 0.7933673469387755 0.8141339869281046 0.7933673469387755 0.8884803921568627
0 0.09795918367346938 0.42769607843137253 0.15612244897959185 0.42769607843137253 0.15612244897959185 0.372140522875817 0.09795918367346938 0.372140522875817 0.09795918367346938 0.42769607843137253
0 0.10510204081632653 0.10988562091503268 0.25 0.10988562091503268 0.25 0.0004084967320261438 0.10510204081632653 0.0004084967320261438 0.10510204081632653 0.10988562091503268
0 0.23469387755102042 0.3888888888888889 0.3306122448979592 0.3888888888888889 0.3306122448979592 0.29330065359477125 0.23469387755102042 0.29330065359477125 0.23469387755102042 0.3888888888888889
0 0.3795918367346939 0.5931372549019608 0.47346938775510206 0.5931372549019608 0.47346938775510206 0.5343137254901961 0.3795918367346939 0.5343137254901961 0.3795918367346939 0.5931372549019608
0 0.14489795918367346 0.48856209150326796 0.19693877551020408 0.48856209150326796 0.19693877551020408 0.44362745098039214 0.14489795918367346 0.44362745098039214 0.14489795918367346 0.48856209150326796
0 0.0163265306122449 0.18178104575163398 0.07448979591836735 0.18178104575163398 0.07448979591836735 0.11233660130718955 0.0163265306122449 0.11233660130718955 0.0163265306122449 0.18178104575163398
0 0.49183673469387756 0.9897875816993464 0.560204081632653 0.9897875816993464 0.560204081632653 0.9375 0.49183673469387756 0.9375 0.49183673469387756 0.9897875816993464
0 0.28469387755102044 0.6102941176470589 0.35918367346938773 0.6102941176470589 0.35918367346938773 0.5441176470588235 0.28469387755102044 0.5441176470588235 0.28469387755102044 0.6102941176470589
0 0.3280612244897959 0.8329248366013072 0.4229591836734694 0.8329248366013072 0.4229591836734694 0.7602124183006536 0.3280612244897959 0.7602124183006536 0.3280612244897959 0.8329248366013072
0 0.4045918367346939 0.5559640522875817 0.5015306122448979 0.5559640522875817 0.5015306122448979 0.48570261437908496 0.4045918367346939 0.48570261437908496 0.4045918367346939 0.5559640522875817
0 0.11020408163265306 0.36070261437908496 0.19183673469387755 0.36070261437908496 0.19183673469387755 0.29534313725490197 0.11020408163265306 0.29534313725490197 0.11020408163265306 0.36070261437908496
0 0.15306122448979592 0.4411764705882353 0.20204081632653062 0.4411764705882353 0.20204081632653062 0.37663398692810457 0.15306122448979592 0.37663398692810457 0.15306122448979592 0.4411764705882353
0 0.251530612244898 0.5253267973856209 0.3107142857142857 0.5253267973856209 0.3107142857142857 0.4795751633986928 0.251530612244898 0.4795751633986928 0.251530612244898 0.5253267973856209
0 0.19642857142857142 0.5290032679738562 0.2566326530612245 0.5290032679738562 0.2566326530612245 0.46691176470588236 0.19642857142857142 0.46691176470588236 0.19642857142857142 0.5290032679738562
0 0.6158163265306122 0.9456699346405228 0.7066326530612245 0.9456699346405228 0.7066326530612245 0.8705065359477124 0.6158163265306122 0.8705065359477124 0.6158163265306122 0.9456699346405228
0 0.5418367346938775 0.9178921568627451 0.6255102040816326 0.9178921568627451 0.6255102040816326 0.8443627450980392 0.5418367346938775 0.8443627450980392 0.5418367346938775 0.9178921568627451
0 0.07346938775510205 0.19444444444444445 0.16224489795918368 0.19444444444444445 0.16224489795918368 0.1323529411764706 0.07346938775510205 0.1323529411764706 0.07346938775510205 0.19444444444444445
0 0.5204081632653061 1 0.5204081632653061 0.9575163398692811 0.4602040816326531 0.9575163398692811 0.4602040816326531 1 0.5204081632653061 1
0 0.1663265306122449 0.5563725490196079 0.23061224489795917 0.5563725490196079 0.23061224489795917 0.5089869281045751 0.1663265306122449 0.5089869281045751 0.1663265306122449 0.5563725490196079
0 0.7372448979591837 1 0.7372448979591837 0.9632352941176471 0.6423469387755102 0.9632352941176471 0.6423469387755102 1 0.7372448979591837 1
0 0.029081632653061223 0.30106209150326796 0.07806122448979592 0.30106209150326796 0.07806122448979592 0.25040849673202614 0.029081632653061223 0.25040849673202614 0.029081632653061223 0.30106209150326796
0 0.058673469387755105 0.35947712418300654 0.1239795918367347 0.35947712418300654 0.1239795918367347 0.3104575163398693 0.058673469387755105 0.3104575163398693 0.058673469387755105 0.35947712418300654
0 0.21428571428571427 0.6866830065359477 0.2642857142857143 0.6866830065359477 0.2642857142857143 0.6474673202614379 0.21428571428571427 0.6474673202614379 0.21428571428571427 0.6866830065359477
0 0.3081632653061224 0.5359477124183006 0.3816326530612245 0.5359477124183006 0.3816326530612245 0.48284313725490197 0.3081632653061224 0.48284313725490197 0.3081632653061224 0.5359477124183006
0 0.24846938775510205 0.47344771241830064 0.3056122448979592 0.47344771241830064 0.3056122448979592 0.4293300653594771 0.24846938775510205 0.4293300653594771 0.24846938775510205 0.47344771241830064
0 0.9984693877551021 1 0.9984693877551021 0.9705882352941176 0.9178571428571428 0.9705882352941176 0.9178571428571428 1 0.9984693877551021 1
0 0.6576530612244897 1 0.6576530612244897 0.9419934640522876 0.5841836734693877 0.9419934640522876 0.5841836734693877 1 0.6576530612244897 1
0 0.14540816326530612 0.6172385620915033 0.21479591836734693 0.6172385620915033 0.21479591836734693 0.5486111111111112 0.14540816326530612 0.5486111111111112 0.14540816326530612 0.6172385620915033
0 0.34591836734693876 0.6086601307189542 0.4142857142857143 0.6086601307189542 0.4142857142857143 0.5498366013071896 0.34591836734693876 0.5498366013071896 0.34591836734693876 0.6086601307189542
0 0.29591836734693877 0.8619281045751634 0.3693877551020408 0.8619281045751634 0.3693877551020408 0.7998366013071896 0.29591836734693877 0.7998366013071896 0.29591836734693877 0.8619281045751634
0 0.21479591836734693 0.7185457516339869 0.2596938775510204 0.7185457516339869 0.2596938775510204 0.6850490196078431 0.21479591836734693 0.6850490196078431 0.21479591836734693 0.7185457516339869
0 0.0770408163265306 0.2949346405228758 0.14948979591836734 0.2949346405228758 0.14948979591836734 0.23284313725490197 0.0770408163265306 0.23284313725490197 0.0770408163265306 0.2949346405228758
0 0.0760204081632653 0.9452614379084967 0.14438775510204083 0.9452614379084967 0.14438775510204083 0.863562091503268 0.0760204081632653 0.863562091503268 0.0760204081632653 0.9452614379084967
0 0 0.7242647058823529 0.015306122448979591 0.7242647058823529 0.015306122448979591 0.6638071895424836 0 0.6638071895424836 0 0.7242647058823529
0 0.20204081632653062 0.443218954248366 0.25612244897959185 0.443218954248366 0.25612244897959185 0.3917483660130719 0.20204081632653062 0.3917483660130719 0.20204081632653062 0.443218954248366
0 0.21989795918367347 0.6499183006535948 0.2811224489795918 0.6499183006535948 0.2811224489795918 0.5992647058823529 0.21989795918367347 0.5992647058823529 0.21989795918367347 0.6499183006535948
0 0.001530612244897959 0.9758986928104575 0.09030612244897959 0.9758986928104575 0.09030612244897959 0.8884803921568627 0.001530612244897959 0.8884803921568627 0.001530612244897959 0.9758986928104575
0 0.29846938775510207 0.4236111111111111 0.3943877551020408 0.4236111111111111 0.3943877551020408 0.3272058823529412 0.29846938775510207 0.3272058823529412 0.29846938775510207 0.4236111111111111
0 0.2596938775510204 0.6323529411764706 0.3392857142857143 0.6323529411764706 0.3392857142857143 0.5874183006535948 0.2596938775510204 0.5874183006535948 0.2596938775510204 0.6323529411764706
0 0 0.8145424836601307 0.08571428571428572 0.8145424836601307 0.08571428571428572 0.7254901960784313 0 0.7254901960784313 0 0.8145424836601307
0 0.26785714285714285 0.7369281045751634 0.37704081632653064 0.7369281045751634 0.37704081632653064 0.6805555555555556 0.26785714285714285 0.6805555555555556 0.26785714285714285 0.7369281045751634
0 0.002551020408163265 0.8786764705882353 0.08214285714285714 0.8786764705882353 0.08214285714285714 0.8296568627450981 0.002551020408163265 0.8296568627450981 0.002551020408163265 0.8786764705882353
0 0.2872448979591837 0.44607843137254904 0.3464285714285714 0.44607843137254904 0.3464285714285714 0.40032679738562094 0.2872448979591837 0.40032679738562094 0.2872448979591837 0.44607843137254904
0 0.025 0.09681372549019608 0.08112244897959184 0.09681372549019608 0.08112244897959184 0.0298202614379085 0.025 0.0298202614379085 0.025 0.09681372549019608
0 0 0 0 0.05800653594771242 0.0336734693877551 0.05800653594771242 0.0336734693877551 0 0 0
0 0.12653061224489795 0.6180555555555556 0.2153061224489796 0.6180555555555556 0.2153061224489796 0.5232843137254902 0.12653061224489795 0.5232843137254902 0.12653061224489795 0.6180555555555556