0 0.754874651810585 0.6576923076923077 0.846100278551532 0.6576923076923077 0.846100278551532 0.5814685314685315 0.754874651810585 0.5814685314685315 0.754874651810585 0.6576923076923077
0 0.1068941504178273 0.13776223776223775 0.18488857938718664 0.13776223776223775 0.18488857938718664 0.06853146853146853 0.1068941504178273 0.06853146853146853 0.1068941504178273 0.13776223776223775
0 0.8053621169916435 0 0.8053621169916435 0.07272727272727272 0.8917130919220055 0.07272727272727272 0.8917130919220055 0 0.8053621169916435 0
0 0.8948467966573816 0.17342657342657342 0.983983286908078 0.17342657342657342 0.983983286908078 0.1020979020979021 0.8948467966573816 0.1020979020979021 0.8948467966573816 0.17342657342657342
0 0.5783426183844012 0.8793706293706294 0.661908077994429 0.8793706293706294 0.661908077994429 0.8038461538461539 0.5783426183844012 0.8038461538461539 0.5783426183844012 0.8793706293706294
0 0.34435933147632314 0.2909090909090909 0.4174791086350975 0.2909090909090909 0.4174791086350975 0.22517482517482518 0.34435933147632314 0.22517482517482518 0.34435933147632314 0.2909090909090909
0 0.8001392757660167 0.884965034965035 0.8948467966573816 0.884965034965035 0.8948467966573816 0.8101398601398602 0.8001392757660167 0.8101398601398602 0.8001392757660167 0.884965034965035
0 0.4115598885793872 0.8828671328671329 0.4972144846796657 0.8828671328671329 0.4972144846796657 0.808041958041958 0.4115598885793872 0.808041958041958 0.4115598885793872 0.8828671328671329
0 0.653899721448468 0.8479020979020979 0.7486072423398329 0.8479020979020979 0.7486072423398329 0.7730769230769231 0.653899721448468 0.7730769230769231 0.653899721448468 0.8479020979020979
0 0.6723537604456824 0.6881118881118881 0.7594011142061281 0.6881118881118881 0.7594011142061281 0.6181818181818182 0.6723537604456824 0.6181818181818182 0.6723537604456824 0.6881118881118881
0 0.3165041782729805 0.3797202797202797 0.3917130919220056 0.3797202797202797 0.3917130919220056 0.3111888111888112 0.3165041782729805 0.3111888111888112 0.3165041782729805 0.3797202797202797
0 0.6949860724233984 0.5895104895104896 0.782033426183844 0.5895104895104896 0.782033426183844 0.5216783216783217 0.6949860724233984 0.5216783216783217 0.6949860724233984 0.5895104895104896
0 0.14240947075208912 0.30174825174825176 0.2155292479108635 0.30174825174825176 0.2155292479108635 0.24160839160839162 0.14240947075208912 0.24160839160839162 0.14240947075208912 0.30174825174825176
0 0.8071030640668524 0.30874125874125874 0.8955431754874652 0.30874125874125874 0.8955431754874652 0.23391608391608393 0.8071030640668524 0.23391608391608393 0.8071030640668524 0.30874125874125874
0 0.5759052924791086 0.7727272727272727 0.6636490250696379 0.7727272727272727 0.6636490250696379 0.7020979020979021 0.5759052924791086 0.7020979020979021 0.5759052924791086 0.7727272727272727
0 0.6469359331476323 0.5304195804195804 0.7325905292479109 0.5304195804195804 0.7325905292479109 0.4618881118881119 0.6469359331476323 0.4618881118881119 0.6469359331476323 0.5304195804195804
0 0.7308495821727019 0.8125874125874126 0.8262534818941504 0.8125874125874126 0.8262534818941504 0.7391608391608392 0.7308495821727019 0.7391608391608392 0.7308495821727019 0.8125874125874126
0 0.6532033426183844 0.10454545454545454 0.7325905292479109 0.10454545454545454 0.7325905292479109 0.03391608391608392 0.6532033426183844 0.03391608391608392 0.6532033426183844 0.10454545454545454
0 0.5905292479108635 0.47202797202797203 0.6768802228412256 0.47202797202797203 0.6768802228412256 0.4027972027972028 0.5905292479108635 0.4027972027972028 0.5905292479108635 0.47202797202797203
0 0.4801532033426184 0.8482517482517482 0.5588440111420613 0.8482517482517482 0.5588440111420613 0.7769230769230769 0.4801532033426184 0.7769230769230769 0.4801532033426184 0.8482517482517482
0 0.23328690807799443 0.4916083916083916 0.30571030640668523 0.4916083916083916 0.30571030640668523 0.4342657342657343 0.23328690807799443 0.4342657342657343 0.23328690807799443 0.4916083916083916
0 0.13022284122562675 0 0.13022284122562675 0.06013986013986014 0.19846796657381616 0.06013986013986014 0.19846796657381616 0 0.13022284122562675 0
0 0.3332172701949861 0.9125874125874126 0.4167827298050139 0.9125874125874126 0.4167827298050139 0.8433566433566434 0.3332172701949861 0.8433566433566434 0.3332172701949861 0.9125874125874126
0 0.3697771587743733 0.2111888111888112 0.4456824512534819 0.2111888111888112 0.4456824512534819 0.14405594405594405 0.3697771587743733 0.14405594405594405 0.3697771587743733 0.2111888111888112
0 0.3770891364902507 0.5751748251748252 0.45856545961002787 0.5751748251748252 0.45856545961002787 0.5038461538461538 0.3770891364902507 0.5038461538461538 0.3770891364902507 0.5751748251748252
0 0.42653203342618384 0.7835664335664335 0.5094011142061281 0.7835664335664335 0.5094011142061281 0.7122377622377623 0.42653203342618384 0.7122377622377623 0.42653203342618384 0.7835664335664335
0 0.7078690807799443 0.15629370629370629 0.7893454038997214 0.15629370629370629 0.7893454038997214 0.08286713286713286 0.7078690807799443 0.08286713286713286 0.7078690807799443 0.15629370629370629
0 0.7496518105849582 0.45034965034965035 0.8394846796657381 0.45034965034965035 0.8394846796657381 0.37622377622377623 0.7496518105849582 0.37622377622377623 0.7496518105849582 0.45034965034965035
0 0.5870473537604457 0.993006993006993 0.66991643454039 0.993006993006993 0.66991643454039 0.916083916083916 0.5870473537604457 0.916083916083916 0.5870473537604457 0.993006993006993
0 0.6601671309192201 0.43566433566433566 0.7444289693593314 0.43566433566433566 0.7444289693593314 0.36643356643356645 0.6601671309192201 0.36643356643356645 0.6601671309192201 0.43566433566433566
0 0.4592618384401114 0.9531468531468531 0.5421309192200557 0.9531468531468531 0.5421309192200557 0.8783216783216783 0.4592618384401114 0.8783216783216783 0.4592618384401114 0.9531468531468531
0 0.9296657381615598 0.08146853146853147 0.9993036211699164 0.08146853146853147 0.9993036211699164 0.01013986013986014 0.9296657381615598 0.01013986013986014 0.9296657381615598 0.08146853146853147
0 0.36385793871866295 0.42832167832167833 0.4397632311977716 0.42832167832167833 0.4397632311977716 0.36538461538461536 0.36385793871866295 0.36538461538461536 0.36385793871866295 0.42832167832167833
0 0.3318245125348189 0.5146853146853146 0.4181754874651811 0.5146853146853146 0.4181754874651811 0.45174825174825173 0.3318245125348189 0.45174825174825173 0.3318245125348189 0.5146853146853146
0 0.6159470752089137 0.6335664335664336 0.7043871866295265 0.6335664335664336 0.7043871866295265 0.5538461538461539 0.6159470752089137 0.5538461538461539 0.6159470752089137 0.6335664335664336
0 0.1758356545961003 0.5311188811188812 0.25731197771587744 0.5311188811188812 0.25731197771587744 0.46398601398601397 0.1758356545961003 0.46398601398601397 0.1758356545961003 0.5311188811188812
0 0.44986072423398327 0.16888111888111887 0.5292479108635098 0.16888111888111887 0.5292479108635098 0.10594405594405594 0.44986072423398327 0.10594405594405594 0.44986072423398327 0.16888111888111887
0 0.4014623955431755 0.48146853146853147 0.48224233983286907 0.48146853146853147 0.48224233983286907 0.4178321678321678 0.4014623955431755 0.4178321678321678 0.4014623955431755 0.48146853146853147
0 0.7639275766016713 0.21083916083916085 0.8523676880222841 0.21083916083916085 0.8523676880222841 0.13391608391608392 0.7639275766016713 0.13391608391608392 0.7639275766016713 0.21083916083916085
0 0.520891364902507 0.5052447552447552 0.5995821727019499 0.5052447552447552 0.5995821727019499 0.4381118881118881 0.520891364902507 0.4381118881118881 0.520891364902507 0.5052447552447552
0 0.32764623955431754 0.1597902097902098 0.40006963788300837 0.1597902097902098 0.40006963788300837 0.09335664335664336 0.32764623955431754 0.09335664335664336 0.32764623955431754 0.1597902097902098
0 0.16887186629526463 0.7576923076923077 0.24268802228412256 0.7576923076923077 0.24268802228412256 0.6961538461538461 0.16887186629526463 0.6961538461538461 0.16887186629526463 0.7576923076923077
0 0.6016713091922006 0 0.6016713091922006 0.056643356643356645 0.6817548746518106 0.056643356643356645 0.6817548746518106 0 0.6016713091922006 0
0 0.18523676880222842 0.6727272727272727 0.26880222841225626 0.6727272727272727 0.26880222841225626 0.6055944055944056 0.18523676880222842 0.6055944055944056 0.18523676880222842 0.6727272727272727
0 0.2524373259052925 0.15174825174825174 0.3283426183844011 0.15174825174825174 0.3283426183844011 0.08181818181818182 0.2524373259052925 0.08181818181818182 0.2524373259052925 0.15174825174825174
0 0.282033426183844 0.07237762237762238 0.3551532033426184 0.07237762237762238 0.3551532033426184 0.004545454545454545 0.282033426183844 0.004545454545454545 0.282033426183844 0.07237762237762238
0 0.20995821727019498 0.31433566433566434 0.2837743732590529 0.31433566433566434 0.2837743732590529 0.2506993006993007 0.20995821727019498 0.2506993006993007 0.20995821727019498 0.31433566433566434
0 0.5661559888579387 0.563986013986014 0.6511142061281338 0.563986013986014 0.6511142061281338 0.49755244755244754 0.5661559888579387 0.49755244755244754 0.5661559888579387 0.563986013986014
0 0.18523676880222842 0.9688811188811188 0.26740947075208915 0.9688811188811188 0.26740947075208915 0.894055944055944 0.18523676880222842 0.894055944055944 0.18523676880222842 0.9688811188811188
0 0.4516016713091922 0.31363636363636366 0.540041782729805 0.31363636363636366 0.540041782729805 0.23741258741258742 0.4516016713091922 0.23741258741258742 0.4516016713091922 0.31363636363636366
0 0.6733983286908078 0.3374125874125874 0.7576601671309192 0.3374125874125874 0.7576601671309192 0.26958041958041956 0.6733983286908078 0.26958041958041956 0.6733983286908078 0.3374125874125874
0 0.1392757660167131 0.9038461538461539 0.21866295264623956 0.9038461538461539 0.21866295264623956 0.833916083916084 0.1392757660167131 0.833916083916084 0.1392757660167131 0.9038461538461539
0 0.4449860724233983 0.5367132867132867 0.5250696378830083 0.5367132867132867 0.5250696378830083 0.47307692307692306 0.4449860724233983 0.47307692307692306 0.4449860724233983 0.5367132867132867
0 0.8210306406685237 0.4111888111888112 0.9052924791086351 0.4111888111888112 0.9052924791086351 0.334965034965035 0.8210306406685237 0.334965034965035 0.8210306406685237 0.4111888111888112
0 0.2378133704735376 0.7328671328671329 0.3206824512534819 0.7328671328671329 0.3206824512534819 0.6671328671328671 0.2378133704735376 0.6671328671328671 0.2378133704735376 0.7328671328671329
0 0.18419220055710306 0.1395104895104895 0.25452646239554316 0.1395104895104895 0.25452646239554316 0.07727272727272727 0.18419220055710306 0.07727272727272727 0.18419220055710306 0.1395104895104895
0 0.2576601671309192 0.6444055944055944 0.3384401114206128 0.6444055944055944 0.3384401114206128 0.577972027972028 0.2576601671309192 0.577972027972028 0.2576601671309192 0.6444055944055944
0 0.5170612813370473 0.13636363636363635 0.5978412256267409 0.13636363636363635 0.5978412256267409 0.07062937062937064 0.5170612813370473 0.07062937062937064 0.5170612813370473 0.13636363636363635
0 0.100974930362117 0.4234265734265734 0.17548746518105848 0.4234265734265734 0.17548746518105848 0.3646853146853147 0.100974930362117 0.3646853146853147 0.100974930362117 0.4234265734265734
0 0.604108635097493 0.37727272727272726 0.6800139275766016 0.37727272727272726 0.6800139275766016 0.30734265734265737 0.604108635097493 0.30734265734265737 0.604108635097493 0.37727272727272726
0 0.2924791086350975 0.4604895104895105 0.366991643454039 0.4604895104895105 0.366991643454039 0.40104895104895105 0.2924791086350975 0.40104895104895105 0.2924791086350975 0.4604895104895105
0 0.13857938718662952 0.6132867132867132 0.217966573816156 0.6132867132867132 0.217966573816156 0.5503496503496503 0.13857938718662952 0.5503496503496503 0.13857938718662952 0.6132867132867132
0 0.483983286908078 0 0.483983286908078 0.044755244755244755 0.5564066852367688 0.044755244755244755 0.5564066852367688 0 0.483983286908078 0
0 0.3850974930362117 0.7241258741258741 0.4610027855153203 0.7241258741258741 0.4610027855153203 0.656993006993007 0.3850974930362117 0.656993006993007 0.3850974930362117 0.7241258741258741
0 0.3081476323119777 0.7020979020979021 0.38753481894150416 0.7020979020979021 0.38753481894150416 0.637062937062937 0.3081476323119777 0.637062937062937 0.3081476323119777 0.7020979020979021
0 0.8819637883008357 0.791958041958042 0.9787604456824512 0.791958041958042 0.9787604456824512 0.7143356643356643 0.8819637883008357 0.7143356643356643 0.8819637883008357 0.791958041958042
0 0.20299442896935932 0.2276223776223776 0.2802924791086351 0.2276223776223776 0.2802924791086351 0.16678321678321678 0.20299442896935932 0.16678321678321678 0.20299442896935932 0.2276223776223776
0 0.21657381615598886 0.8751748251748251 0.3043175487465181 0.8751748251748251 0.3043175487465181 0.8066433566433566 0.21657381615598886 0.8066433566433566 0.21657381615598886 0.8751748251748251
0 0.5452646239554317 0.4171328671328671 0.6204735376044568 0.4171328671328671 0.6204735376044568 0.3465034965034965 0.5452646239554317 0.3465034965034965 0.5452646239554317 0.4171328671328671
0 0.17444289693593315 0.39475524475524476 0.24825905292479108 0.39475524475524476 0.24825905292479108 0.3311188811188811 0.17444289693593315 0.3311188811188811 0.17444289693593315 0.39475524475524476
0 0.41086350974930363 1 0.41086350974930363 0.9405594405594405 0.3279944289693593 0.9405594405594405 0.3279944289693593 1 0.41086350974930363 1
0 0 0.8451048951048951 0.032729805013927575 0.8451048951048951 0.032729805013927575 0.777972027972028 0 0.777972027972028 0 0.8451048951048951
0 0.13997214484679665 0.4751748251748252 0.21866295264623956 0.4751748251748252 0.21866295264623956 0.415034965034965 0.13997214484679665 0.415034965034965 0.13997214484679665 0.4751748251748252
0 0.23920612813370473 0.365034965034965 0.32137883008356544 0.365034965034965 0.32137883008356544 0.2993006993006993 0.23920612813370473 0.2993006993006993 0.23920612813370473 0.365034965034965
0 0.29526462395543174 0.8503496503496504 0.3788300835654596 0.8503496503496504 0.3788300835654596 0.7776223776223776 0.29526462395543174 0.7776223776223776 0.29526462395543174 0.8503496503496504
0 0.06824512534818941 0.3730769230769231 0.14415041782729804 0.3730769230769231 0.14415041782729804 0.31643356643356646 0.06824512534818941 0.31643356643356646 0.06824512534818941 0.3730769230769231
0 0.5038300835654597 0.36013986013986016 0.5866991643454039 0.36013986013986016 0.5866991643454039 0.2923076923076923 0.5038300835654597 0.2923076923076923 0.5038300835654597 0.36013986013986016
0 0.19568245125348188 0.06503496503496503 0.26880222841225626 0.06503496503496503 0.26880222841225626 0.0006993006993006993 0.19568245125348188 0.0006993006993006993 0.19568245125348188 0.06503496503496503
0 0.6061977715877437 1 0.6061977715877437 0.951048951048951 0.5156685236768802 0.951048951048951 0.5156685236768802 1 0.6061977715877437 1
0 0.03377437325905292 0.9646853146853147 0.11316155988857939 0.9646853146853147 0.11316155988857939 0.8954545454545455 0.03377437325905292 0.8954545454545455 0.03377437325905292 0.9646853146853147
0 0.262883008356546 0.9465034965034965 0.3506267409470752 0.9465034965034965 0.3506267409470752 0.8702797202797202 0.262883008356546 0.8702797202797202 0.262883008356546 0.9465034965034965
0 0.4648328690807799 0.4493006993006993 0.54491643454039 0.4493006993006993 0.54491643454039 0.3814685314685315 0.4648328690807799 0.3814685314685315 0.4648328690807799 0.4493006993006993
0 0.40285515320334264 0.12447552447552447 0.47597493036211697 0.12447552447552447 0.47597493036211697 0.057342657342657345 0.40285515320334264 0.057342657342657345 0.40285515320334264 0.12447552447552447
0 0.5724233983286908 0.27517482517482517 0.653899721448468 0.27517482517482517 0.653899721448468 0.19965034965034964 0.5724233983286908 0.19965034965034964 0.5724233983286908 0.27517482517482517
0 0.36768802228412256 0 0.36768802228412256 0.032867132867132866 0.44428969359331477 0.032867132867132866 0.44428969359331477 0 0.36768802228412256 0
0 0.41469359331476324 0.2562937062937063 0.4878133704735376 0.2562937062937063 0.4878133704735376 0.19195804195804195 0.41469359331476324 0.19195804195804195 0.41469359331476324 0.2562937062937063
0 0.03516713091922006 0.45384615384615384 0.11525069637883008 0.45384615384615384 0.11525069637883008 0.3895104895104895 0.03516713091922006 0.3895104895104895 0.03516713091922006 0.45384615384615384
0 0.7559192200557103 0 0.7559192200557103 0.023776223776223775 0.8318245125348189 0.023776223776223775 0.8318245125348189 0 0.7559192200557103 0
0 0.8844011142061281 0 0.8844011142061281 0.028671328671328673 0.9686629526462396 0.028671328671328673 0.9686629526462396 0 0.8844011142061281 0
0 0.5198467966573816 1 0.5198467966573816 0.9769230769230769 0.4474233983286908 0.9769230769230769 0.4474233983286908 1 0.5198467966573816 1
0 0.19881615598885793 1 0.19881615598885793 0.9776223776223776 0.13126740947075208 0.9776223776223776 0.13126740947075208 1 0.19881615598885793 1
0 0.24825905292479108 0 0.24825905292479108 0.025874125874125874 0.3185933147632312 0.025874125874125874 0.3185933147632312 0 0.24825905292479108 0
0 0.6772284122562674 0 0.6772284122562674 0.016083916083916083 0.7405988857938719 0.016083916083916083 0.7405988857938719 0 0.6772284122562674 0
0 0.5658077994428969 0 0.5658077994428969 0.008391608391608392 0.6138579387186629 0.008391608391608392 0.6138579387186629 0 0.5658077994428969 0
0 0.9923398328690808 0.10594405594405594 0.9993036211699164 0.10594405594405594 0.9993036211699164 0.08216783216783216 0.9923398328690808 0.08216783216783216 0.9923398328690808 0.10594405594405594