0 0.8584172003659652 0.32730263157894735 0.9714089661482159 0.32730263157894735 0.9714089661482159 0.17434210526315788 0.8584172003659652 0.17434210526315788 0.8584172003659652 0.32730263157894735
0 0.8924977127172918 0.6504934210526315 0.9990850869167429 0.6504934210526315 0.9990850869167429 0.49506578947368424 0.8924977127172918 0.49506578947368424 0.8924977127172918 0.6504934210526315
0 0.8181610247026533 0.75 0.9284080512351327 0.75 0.9284080512351327 0.5822368421052632 0.8181610247026533 0.5822368421052632 0.8181610247026533 0.75
0 0.30306495882891127 0.21258223684210525 0.3954711802378774 0.21258223684210525 0.3954711802378774 0.07771381578947369 0.30306495882891127 0.07771381578947369 0.30306495882891127 0.21258223684210525
0 0.6452424519670631 0.9346217105263158 0.744053064958829 0.9346217105263158 0.744053064958829 0.7652138157894737 0.6452424519670631 0.7652138157894737 0.6452424519670631 0.9346217105263158
0 0.22987191216834402 0.3026315789473684 0.32868252516010976 0.3026315789473684 0.32868252516010976 0.16529605263157895 0.22987191216834402 0.16529605263157895 0.22987191216834402 0.3026315789473684
0 0.38174748398902103 0.7027138157894737 0.47506861848124426 0.7027138157894737 0.47506861848124426 0.5464638157894737 0.38174748398902103 0.5464638157894737 0.38174748398902103 0.7027138157894737
0 0.1605672461116194 0.4029605263157895 0.26486733760292774 0.4029605263157895 0.26486733760292774 0.26398026315789475 0.1605672461116194 0.26398026315789475 0.1605672461116194 0.4029605263157895
0 0.7486276303751144 0.842516447368421 0.845608417200366 0.842516447368421 0.845608417200366 0.6821546052631579 0.7486276303751144 0.6821546052631579 0.7486276303751144 0.842516447368421
0 0.30809698078682524 0.6056743421052632 0.3986733760292772 0.6056743421052632 0.3986733760292772 0.4543585526315789 0.30809698078682524 0.4543585526315789 0.30809698078682524 0.6056743421052632
0 0.10315645013723697 0.29769736842105265 0.19693504117108876 0.29769736842105265 0.19693504117108876 0.16776315789473684 0.10315645013723697 0.16776315789473684 0.10315645013723697 0.29769736842105265
0 0.23215919487648673 0.6788651315789473 0.31495882891125343 0.6788651315789473 0.31495882891125343 0.5464638157894737 0.23215919487648673 0.5464638157894737 0.23215919487648673 0.6788651315789473
0 0.039569990850869166 0.20435855263157895 0.12602927721866422 0.20435855263157895 0.12602927721866422 0.07935855263157894 0.039569990850869166 0.07935855263157894 0.039569990850869166 0.20435855263157895
0 0.16171088746569076 0.5855263157894737 0.2522872827081427 0.5855263157894737 0.2522872827081427 0.45148026315789475 0.16171088746569076 0.45148026315789475 0.16171088746569076 0.5855263157894737
0 0.11390667886550777 0.954358552631579 0.20265324794144557 0.954358552631579 0.20265324794144557 0.8096217105263158 0.11390667886550777 0.8096217105263158 0.11390667886550777 0.954358552631579
0 0.24908508691674291 0.4909539473684211 0.3419487648673376 0.4909539473684211 0.3419487648673376 0.36019736842105265 0.24908508691674291 0.36019736842105265 0.24908508691674291 0.4909539473684211
0 0.11550777676120769 0.7664473684210527 0.20837145471180238 0.7664473684210527 0.20837145471180238 0.6282894736842105 0.11550777676120769 0.6282894736842105 0.11550777676120769 0.7664473684210527
0 0.09629460201280879 0 0.09629460201280879 0.1118421052631579 0.1914455626715462 0.1118421052631579 0.1914455626715462 0 0.09629460201280879 0
0 0.09515096065873742 0.4761513157894737 0.18344007319304667 0.4761513157894737 0.18344007319304667 0.3511513157894737 0.09515096065873742 0.3511513157894737 0.09515096065873742 0.4761513157894737
0 0.0004574565416285453 0.29194078947368424 0.06221408966148216 0.29194078947368424 0.06221408966148216 0.16529605263157895 0.0004574565416285453 0.16529605263157895 0.0004574565416285453 0.29194078947368424
0 0.007319304666056725 0.4839638157894737 0.09423604757548033 0.4839638157894737 0.09423604757548033 0.35320723684210525 0.007319304666056725 0.35320723684210525 0.007319304666056725 0.4839638157894737
0 0.040027447392497716 0.8532072368421053 0.14158279963403478 0.8532072368421053 0.14158279963403478 0.7092927631578947 0.040027447392497716 0.7092927631578947 0.040027447392497716 0.8532072368421053
0 0.00022872827081427266 0.7479440789473685 0.06564501372369624 0.7479440789473685 0.06564501372369624 0.6221217105263158 0.00022872827081427266 0.6221217105263158 0.00022872827081427266 0.7479440789473685
0 0 0.9321546052631579 0.0736505032021958 0.9321546052631579 0.0736505032021958 0.8022203947368421 0 0.8022203947368421 0 0.9321546052631579
0 0 0.5662006578947368 0.0535224153705398 0.5662006578947368 0.0535224153705398 0.4387335526315789 0 0.4387335526315789 0 0.5662006578947368