0 0.7909215955983494 0.23079658605974396 0.9360385144429161 0.23079658605974396 0.9360385144429161 0.10135135135135136 0.7909215955983494 0.10135135135135136 0.7909215955983494 0.23079658605974396
0 0.5367950481430537 0.5689900426742532 0.6674690508940853 0.5689900426742532 0.6674690508940853 0.44096728307254623 0.5367950481430537 0.44096728307254623 0.5367950481430537 0.5689900426742532
0 0.8094910591471802 0.38015647226173543 0.9442916093535075 0.38015647226173543 0.9442916093535075 0.2371977240398293 0.8094910591471802 0.2371977240398293 0.8094910591471802 0.38015647226173543
0 0.5337001375515819 0.3232574679943101 0.656121045392022 0.3232574679943101 0.656121045392022 0.20021337126600283 0.5337001375515819 0.20021337126600283 0.5337001375515819 0.3232574679943101
0 0.6179504814305364 0.6714082503556188 0.7376203576341128 0.6714082503556188 0.7376203576341128 0.5369843527738265 0.6179504814305364 0.5369843527738265 0.6179504814305364 0.6714082503556188
0 0.6547455295735901 0.3381934566145092 0.782668500687758 0.3381934566145092 0.782668500687758 0.20945945945945946 0.6547455295735901 0.20945945945945946 0.6547455295735901 0.3381934566145092
0 0.703576341127923 0.8079658605974396 0.8390646492434664 0.8079658605974396 0.8390646492434664 0.647226173541963 0.703576341127923 0.647226173541963 0.703576341127923 0.8079658605974396
0 0.037138927097661624 0.89900426742532 0.13204951856946354 0.89900426742532 0.13204951856946354 0.7752489331436699 0.037138927097661624 0.7752489331436699 0.037138927097661624 0.89900426742532
0 0.563273727647868 0.8790896159317212 0.6980742778541953 0.8790896159317212 0.6980742778541953 0.7347083926031295 0.563273727647868 0.7347083926031295 0.563273727647868 0.8790896159317212
0 0.7757909215955984 1 0.7757909215955984 0.8655761024182077 0.6458046767537826 0.8655761024182077 0.6458046767537826 1 0.7757909215955984 1
0 0.5354195323246217 0 0.5354195323246217 0.09317211948790896 0.6427097661623109 0.09317211948790896 0.6427097661623109 0 0.5354195323246217 0
0 0.6550894085281981 0.20128022759601708 0.7857634112792297 0.20128022759601708 0.7857634112792297 0.0945945945945946 0.6550894085281981 0.0945945945945946 0.6550894085281981 0.20128022759601708
0 0.17916093535075653 0.7044807965860598 0.280949105914718 0.7044807965860598 0.280949105914718 0.5913940256045519 0.17916093535075653 0.5913940256045519 0.17916093535075653 0.7044807965860598
0 0.48246217331499314 0.47617354196301565 0.5904401650618982 0.47617354196301565 0.5904401650618982 0.35455192034139404 0.48246217331499314 0.35455192034139404 0.48246217331499314 0.47617354196301565
0 0.90646492434663 0 0.90646492434663 0.09815078236130868 0.9993122420907841 0.09815078236130868 0.9993122420907841 0 0.90646492434663 0
0 0.39752407152682256 0.3307254623044097 0.4951856946354883 0.3307254623044097 0.4951856946354883 0.22475106685633 0.39752407152682256 0.22475106685633 0.39752407152682256 0.3307254623044097
0 0.19429160935350756 0.4850640113798009 0.28713892709766164 0.4850640113798009 0.28713892709766164 0.37695590327169276 0.19429160935350756 0.37695590327169276 0.19429160935350756 0.4850640113798009
0 0.3689821182943604 0.567923186344239 0.4859009628610729 0.567923186344239 0.4859009628610729 0.43776671408250356 0.3689821182943604 0.43776671408250356 0.3689821182943604 0.567923186344239
0 0.37276478679504815 0.4310099573257468 0.4828060522696011 0.4310099573257468 0.4828060522696011 0.3364153627311522 0.37276478679504815 0.3364153627311522 0.37276478679504815 0.4310099573257468
0 0.000343878954607978 0.7443100995732574 0.07530949105914718 0.7443100995732574 0.07530949105914718 0.6461593172119487 0.000343878954607978 0.6461593172119487 0.000343878954607978 0.7443100995732574
0 0.2689133425034388 0.2805832147937411 0.3500687757909216 0.2805832147937411 0.3500687757909216 0.17034139402560455 0.2689133425034388 0.17034139402560455 0.2689133425034388 0.2805832147937411
0 0.1062585969738652 0.680298719772404 0.19635488308115542 0.680298719772404 0.19635488308115542 0.567923186344239 0.1062585969738652 0.567923186344239 0.1062585969738652 0.680298719772404
0 0.19497936726272352 0.3705547652916074 0.28713892709766164 0.3705547652916074 0.28713892709766164 0.27453769559032715 0.19497936726272352 0.27453769559032715 0.19497936726272352 0.3705547652916074
0 0.21217331499312242 0.1116642958748222 0.3063961485557084 0.1116642958748222 0.3063961485557084 0.017780938833570414 0.21217331499312242 0.017780938833570414 0.21217331499312242 0.1116642958748222
0 0.2592847317744154 0.6063300142247511 0.3562585969738652 0.6063300142247511 0.3562585969738652 0.4946657183499289 0.2592847317744154 0.4946657183499289 0.2592847317744154 0.6063300142247511
0 0.3504126547455296 0.1678520625889047 0.44325997248968363 0.1678520625889047 0.44325997248968363 0.08463726884779517 0.3504126547455296 0.08463726884779517 0.3504126547455296 0.1678520625889047
0 0.11588720770288859 0.5579658605974396 0.21217331499312242 0.5579658605974396 0.21217331499312242 0.466927453769559 0.11588720770288859 0.466927453769559 0.11588720770288859 0.5579658605974396
0 0.31361760660247595 0.7165718349928877 0.41815680880330125 0.7165718349928877 0.41815680880330125 0.5814366998577525 0.31361760660247595 0.5814366998577525 0.31361760660247595 0.7165718349928877
0 0 0.10526315789473684 0.06671251719394773 0.10526315789473684 0.06671251719394773 0.031294452347083924 0 0.031294452347083924 0 0.10526315789473684
0 0.4762723521320495 0.23790896159317212 0.577372764786795 0.23790896159317212 0.577372764786795 0.12837837837837837 0.4762723521320495 0.12837837837837837 0.4762723521320495 0.23790896159317212
0 0.14924346629986246 0.19985775248933144 0.24346629986244842 0.19985775248933144 0.24346629986244842 0.11308677098150782 0.14924346629986246 0.11308677098150782 0.14924346629986246 0.19985775248933144
0 0 0.2773826458036984 0.06464924346629987 0.2773826458036984 0.06464924346629987 0.1934566145092461 0 0.1934566145092461 0 0.2773826458036984
0 0.34353507565337 0.2798719772403983 0.43363136176066025 0.2798719772403983 0.43363136176066025 0.1717638691322902 0.34353507565337 0.1717638691322902 0.34353507565337 0.2798719772403983
0 0.09834938101788171 0.3015647226173542 0.17950481430536452 0.3015647226173542 0.17950481430536452 0.20483641536273114 0.09834938101788171 0.20483641536273114 0.09834938101788171 0.3015647226173542
0 0.06155433287482806 0.43776671408250356 0.13858321870701512 0.43776671408250356 0.13858321870701512 0.3538406827880512 0.06155433287482806 0.3538406827880512 0.06155433287482806 0.43776671408250356
0 0.000343878954607978 0.8541963015647226 0.05949105914718019 0.8541963015647226 0.05949105914718019 0.7411095305832148 0.000343878954607978 0.7411095305832148 0.000343878954607978 0.8541963015647226
0 0.0484869325997249 0.5284495021337127 0.1358321870701513 0.5284495021337127 0.1358321870701513 0.4388335704125178 0.0484869325997249 0.4388335704125178 0.0484869325997249 0.5284495021337127
0 0.1887895460797799 0.26102418207681366 0.2733837689133425 0.26102418207681366 0.2733837689133425 0.1728307254623044 0.1887895460797799 0.1728307254623044 0.1887895460797799 0.26102418207681366
0 0.08390646492434663 0.08961593172119488 0.16299862448418156 0.08961593172119488 0.16299862448418156 0.0021337126600284497 0.08390646492434663 0.0021337126600284497 0.08390646492434663 0.08961593172119488
0 0.030605226960110043 0.37304409672830724 0.12207702888583219 0.37304409672830724 0.12207702888583219 0.2884068278805121 0.030605226960110043 0.2884068278805121 0.030605226960110043 0.37304409672830724
0 0.12826685006877578 0.46799431009957326 0.203232462173315 0.46799431009957326 0.203232462173315 0.3712660028449502 0.12826685006877578 0.3712660028449502 0.12826685006877578 0.46799431009957326
0 0.27269601100412655 0.1632290184921764 0.3511004126547455 0.1632290184921764 0.3511004126547455 0.07859174964438122 0.27269601100412655 0.07859174964438122 0.27269601100412655 0.1632290184921764
0 0.038170563961485555 0.6362019914651493 0.12757909215955984 0.6362019914651493 0.12757909215955984 0.5309388335704125 0.038170563961485555 0.5309388335704125 0.038170563961485555 0.6362019914651493
0 0.05983493810178817 0.2414651493598862 0.14305364511691884 0.2414651493598862 0.14305364511691884 0.1504267425320057 0.05983493810178817 0.1504267425320057 0.05983493810178817 0.2414651493598862
0 0.6378954607977991 1 0.6378954607977991 0.9587482219061166 0.5223521320495186 0.9587482219061166 0.5223521320495186 1 0.6378954607977991 1
0 0.12379642365887207 0.13726884779516357 0.20082530949105915 0.13726884779516357 0.20082530949105915 0.060455192034139404 0.12379642365887207 0.060455192034139404 0.12379642365887207 0.13726884779516357
0 0.13858321870701512 0.36237553342816503 0.2046079779917469 0.36237553342816503 0.2046079779917469 0.27844950213371267 0.13858321870701512 0.27844950213371267 0.13858321870701512 0.36237553342816503
0 0.9405089408528198 0.39082503556187764 0.9989683631361761 0.39082503556187764 0.9989683631361761 0.22724039829302986 0.9405089408528198 0.22724039829302986 0.9405089408528198 0.39082503556187764
0 0 0.5184921763869133 0.06464924346629987 0.5184921763869133 0.06464924346629987 0.4217638691322902 0 0.4217638691322902 0 0.5184921763869133
0 0.000343878954607978 0.19914651493598862 0.028541953232462173 0.19914651493598862 0.028541953232462173 0.13157894736842105 0.000343878954607978 0.13157894736842105 0.000343878954607978 0.19914651493598862
0 0 0.4516358463726885 0.048143053645116916 0.4516358463726885 0.048143053645116916 0.3662873399715505 0 0.3662873399715505 0 0.4516358463726885
0 0.18191196698762035 0.051564722617354196 0.2465612104539202 0.051564722617354196 0.2465612104539202 0.00035561877667140827 0.18191196698762035 0.00035561877667140827 0.18191196698762035 0.051564722617354196
0 0 0.36522048364153625 0.018569463548830812 0.36522048364153625 0.018569463548830812 0.3140113798008535 0 0.3140113798008535 0 0.36522048364153625
0 0 0.9498577524893315 0.01031636863823934 0.9498577524893315 0.01031636863823934 0.8758890469416786 0 0.8758890469416786 0 0.9498577524893315
0 0.9597661623108665 0.798719772403983 0.999656121045392 0.798719772403983 0.999656121045392 0.6948790896159317 0.9597661623108665 0.6948790896159317 0.9597661623108665 0.798719772403983