0 0.40588760035682425 0.5912828947368421 0.48349687778768957 0.5912828947368421 0.48349687778768957 0.43832236842105265 0.40588760035682425 0.43832236842105265 0.40588760035682425 0.5912828947368421
0 0.44179304192685104 0.32319078947368424 0.5287689562890276 0.32319078947368424 0.5287689562890276 0.17927631578947367 0.44179304192685104 0.17927631578947367 0.44179304192685104 0.32319078947368424
0 0.7689562890276539 0.24095394736842105 0.8501338090990187 0.24095394736842105 0.8501338090990187 0.08634868421052631 0.7689562890276539 0.08634868421052631 0.7689562890276539 0.24095394736842105
0 0.5595450490633364 0.8129111842105263 0.6326940231935771 0.8129111842105263 0.6326940231935771 0.6492598684210527 0.5595450490633364 0.6492598684210527 0.5595450490633364 0.8129111842105263
0 0.26360392506690455 0.6307565789473685 0.3416592328278323 0.6307565789473685 0.3416592328278323 0.4901315789473684 0.26360392506690455 0.4901315789473684 0.26360392506690455 0.6307565789473685
0 0.6351471900089206 0.46381578947368424 0.7261373773416593 0.46381578947368424 0.7261373773416593 0.32894736842105265 0.6351471900089206 0.32894736842105265 0.6351471900089206 0.46381578947368424
0 0.4495985727029438 0.7705592105263158 0.5307760927743087 0.7705592105263158 0.5307760927743087 0.631578947368421 0.4495985727029438 0.631578947368421 0.4495985727029438 0.7705592105263158
0 0.20606601248884923 0.30386513157894735 0.28991971454058874 0.30386513157894735 0.28991971454058874 0.17310855263157895 0.20606601248884923 0.17310855263157895 0.20606601248884923 0.30386513157894735
0 0.3597234611953613 0.4995888157894737 0.4284121320249777 0.4995888157894737 0.4284121320249777 0.35074013157894735 0.3597234611953613 0.35074013157894735 0.3597234611953613 0.4995888157894737
0 0.5773862622658341 0.3495065789473684 0.6594558429973238 0.3495065789473684 0.6594558429973238 0.21628289473684212 0.5773862622658341 0.21628289473684212 0.5773862622658341 0.3495065789473684
0 0.29571810883140054 0.21258223684210525 0.3728813559322034 0.21258223684210525 0.3728813559322034 0.05879934210526316 0.29571810883140054 0.05879934210526316 0.29571810883140054 0.21258223684210525
0 0.09121320249776985 0.3157894736842105 0.1764049955396967 0.3157894736842105 0.1764049955396967 0.17516447368421054 0.09121320249776985 0.17516447368421054 0.09121320249776985 0.3157894736842105
0 0.7390722569134701 0.7898848684210527 0.8300624442462088 0.7898848684210527 0.8300624442462088 0.655016447368421 0.7390722569134701 0.655016447368421 0.7390722569134701 0.7898848684210527
0 0.68978590544157 0.34662828947368424 0.7794380017841214 0.34662828947368424 0.7794380017841214 0.21669407894736842 0.68978590544157 0.21669407894736842 0.68978590544157 0.34662828947368424
0 0.3278322925958965 0.33182565789473684 0.40767172167707405 0.33182565789473684 0.40767172167707405 0.2002467105263158 0.3278322925958965 0.2002467105263158 0.3278322925958965 0.33182565789473684
0 0.24018733273862622 0.7606907894736842 0.32716324710080286 0.7606907894736842 0.32716324710080286 0.6381578947368421 0.24018733273862622 0.6381578947368421 0.24018733273862622 0.7606907894736842
0 0.4933095450490633 0.90625 0.5718108831400536 0.90625 0.5718108831400536 0.7516447368421053 0.4933095450490633 0.7516447368421053 0.4933095450490633 0.90625
0 0.8195807314897413 0.7549342105263158 0.9029884032114184 0.7549342105263158 0.9029884032114184 0.6011513157894737 0.8195807314897413 0.6011513157894737 0.8195807314897413 0.7549342105263158
0 0.7169937555753791 0.9991776315789473 0.8004014272970562 0.9991776315789473 0.8004014272970562 0.8807565789473685 0.7169937555753791 0.8807565789473685 0.7169937555753791 0.9991776315789473
0 0.20941123996431757 0.5308388157894737 0.2758697591436218 0.5308388157894737 0.2758697591436218 0.37787828947368424 0.20941123996431757 0.37787828947368424 0.20941123996431757 0.5308388157894737
0 0.613514719000892 0.21751644736842105 0.6893398751115076 0.21751644736842105 0.6893398751115076 0.05962171052631579 0.613514719000892 0.05962171052631579 0.613514719000892 0.21751644736842105
0 0.3458965209634255 0 0.3458965209634255 0.125 0.4172613737734166 0.125 0.4172613737734166 0 0.3458965209634255 0
0 0.2752007136485281 0.49383223684210525 0.3496877787689563 0.49383223684210525 0.3496877787689563 0.35567434210526316 0.2752007136485281 0.35567434210526316 0.2752007136485281 0.49383223684210525
0 0.22413024085637823 0.1069078947368421 0.3070918822479929 0.1069078947368421 0.3070918822479929 0.0008223684210526315 0.22413024085637823 0.0008223684210526315 0.22413024085637823 0.1069078947368421
0 0.1853256021409456 1 0.1853256021409456 0.8552631578947368 0.1059322033898305 0.8552631578947368 0.1059322033898305 1 0.1853256021409456 1
0 0.7734165923282783 0.9420230263157895 0.8559322033898306 0.9420230263157895 0.8559322033898306 0.7972861842105263 0.7734165923282783 0.7972861842105263 0.7734165923282783 0.9420230263157895
0 0.00022301516503122213 0.4449013157894737 0.0483942908117752 0.4449013157894737 0.0483942908117752 0.32730263157894735 0.00022301516503122213 0.32730263157894735 0.00022301516503122213 0.4449013157894737
0 0.6942462087421944 0.21628289473684212 0.7665031222123104 0.21628289473684212 0.7665031222123104 0.08223684210526316 0.6942462087421944 0.08223684210526316 0.6942462087421944 0.21628289473684212
0 0.8586083853702052 0.9950657894736842 0.9241748438893844 0.9950657894736842 0.9241748438893844 0.834703947368421 0.8586083853702052 0.834703947368421 0.8586083853702052 0.9950657894736842
0 0 0.21504934210526316 0.04415700267618198 0.21504934210526316 0.04415700267618198 0.062088815789473686 0 0.062088815789473686 0 0.21504934210526316
0 0.7065120428189117 0 0.7065120428189117 0.08963815789473684 0.7992863514719001 0.08963815789473684 0.7992863514719001 0 0.7065120428189117 0
0 0.042149866190900984 0.9995888157894737 0.11128456735057984 0.9995888157894737 0.11128456735057984 0.9296875 0.042149866190900984 0.9296875 0.042149866190900984 0.9995888157894737
0 0.4455842997323818 0 0.4455842997323818 0.04276315789473684 0.5196253345227475 0.04276315789473684 0.5196253345227475 0 0.4455842997323818 0
0 0.8084299732381802 0.9995888157894737 0.8539250669045495 0.9995888157894737 0.8539250669045495 0.9502467105263158 0.8084299732381802 0.9502467105263158 0.8084299732381802 0.9995888157894737