0 0.6997804610318331 0.8211705202312138 0.7908891328210758 0.8211705202312138 0.7908891328210758 0.6838872832369942 0.6997804610318331 0.6838872832369942 0.6997804610318331 0.8211705202312138
0 0.4725576289791438 0.9360549132947977 0.5499451152579583 0.9360549132947977 0.5499451152579583 0.8052745664739884 0.4725576289791438 0.8052745664739884 0.4725576289791438 0.9360549132947977
0 0.58397365532382 0.9642341040462428 0.6783754116355654 0.9642341040462428 0.6783754116355654 0.8385115606936416 0.58397365532382 0.8385115606936416 0.58397365532382 0.9642341040462428
0 0.5886388583973655 0.6972543352601156 0.6770032930845225 0.6972543352601156 0.6770032930845225 0.5621387283236994 0.5886388583973655 0.5621387283236994 0.5886388583973655 0.6972543352601156
0 0.2933589462129528 0.9761560693641619 0.38062568605927555 0.9761560693641619 0.38062568605927555 0.8598265895953757 0.2933589462129528 0.8598265895953757 0.2933589462129528 0.9761560693641619
0 0.3973655323819978 0.9566473988439307 0.4725576289791438 0.9566473988439307 0.4725576289791438 0.8410404624277457 0.3973655323819978 0.8410404624277457 0.3973655323819978 0.9566473988439307
0 0.21048298572996707 0.41076589595375723 0.2840285400658617 0.41076589595375723 0.2840285400658617 0.3002167630057804 0.21048298572996707 0.3002167630057804 0.21048298572996707 0.41076589595375723
0 0.24643249176728868 0.8674132947976878 0.33205268935236004 0.8674132947976878 0.33205268935236004 0.7669797687861272 0.24643249176728868 0.7669797687861272 0.24643249176728868 0.8674132947976878
0 0.2203622392974753 0.7640895953757225 0.3065312843029638 0.7640895953757225 0.3065312843029638 0.6614884393063584 0.2203622392974753 0.6614884393063584 0.2203622392974753 0.7640895953757225
0 0.2911635565312843 0.516257225433526 0.3603183315038419 0.516257225433526 0.3603183315038419 0.4093208092485549 0.2911635565312843 0.4093208092485549 0.2911635565312843 0.516257225433526
0 0.7228320526893524 0.9985549132947977 0.8128430296377607 0.9985549132947977 0.8128430296377607 0.8562138728323699 0.7228320526893524 0.8562138728323699 0.7228320526893524 0.9985549132947977
0 0.221185510428101 0.5404624277456648 0.29857299670691545 0.5404624277456648 0.29857299670691545 0.4241329479768786 0.221185510428101 0.4241329479768786 0.221185510428101 0.5404624277456648
0 0.21158068057080132 0.16979768786127167 0.29445664105378705 0.16979768786127167 0.29445664105378705 0.06864161849710983 0.21158068057080132 0.06864161849710983 0.21158068057080132 0.16979768786127167
0 0.020581778265642153 0.2236271676300578 0.09742041712403952 0.2236271676300578 0.09742041712403952 0.12319364161849711 0.020581778265642153 0.12319364161849711 0.020581778265642153 0.2236271676300578
0 0.17535675082327112 0.9996387283236994 0.24725576289791437 0.9996387283236994 0.24725576289791437 0.9179913294797688 0.17535675082327112 0.9179913294797688 0.17535675082327112 0.9996387283236994
0 0.10867178924259056 0.37427745664739887 0.18605927552140505 0.37427745664739887 0.18605927552140505 0.2904624277456647 0.10867178924259056 0.2904624277456647 0.10867178924259056 0.37427745664739887
0 0.1978594950603732 0.2958815028901734 0.27579582875960484 0.2958815028901734 0.27579582875960484 0.20773121387283236 0.1978594950603732 0.20773121387283236 0.1978594950603732 0.2958815028901734
0 0.5905598243688255 1 0.5905598243688255 0.9364161849710982 0.5016465422612514 0.9364161849710982 0.5016465422612514 1 0.5905598243688255 1
0 0.5381448957189902 0 0.5381448957189902 0.05346820809248555 0.634742041712404 0.05346820809248555 0.634742041712404 0 0.5381448957189902 0
0 0.17590559824368826 1 0.17590559824368826 0.9450867052023122 0.11443468715697036 0.9450867052023122 0.11443468715697036 1 0.17590559824368826 1
0 0.5965971459934138 0.9996387283236994 0.6833150384193194 0.9996387283236994 0.6833150384193194 0.9642341040462428 0.5965971459934138 0.9642341040462428 0.5965971459934138 0.9996387283236994