0 0.7857142857142857 0.2945261437908497 0.886734693877551 0.2945261437908497 0.886734693877551 0.21609477124183007 0.7857142857142857 0.21609477124183007 0.7857142857142857 0.2945261437908497
0 0.32653061224489793 0.5379901960784313 0.43979591836734694 0.5379901960784313 0.43979591836734694 0.4693627450980392 0.32653061224489793 0.4693627450980392 0.32653061224489793 0.5379901960784313
0 0.3346938775510204 0.20261437908496732 0.4387755102040816 0.20261437908496732 0.4387755102040816 0.12336601307189543 0.3346938775510204 0.12336601307189543 0.3346938775510204 0.20261437908496732
0 0.6372448979591837 0.5216503267973857 0.7362244897959184 0.5216503267973857 0.7362244897959184 0.443218954248366 0.6372448979591837 0.443218954248366 0.6372448979591837 0.5216503267973857
0 0.1923469387755102 0.18504901960784315 0.3076530612244898 0.18504901960784315 0.3076530612244898 0.11805555555555555 0.1923469387755102 0.11805555555555555 0.1923469387755102 0.18504901960784315
0 0.6188775510204082 0.2340686274509804 0.7260204081632653 0.2340686274509804 0.7260204081632653 0.15727124183006536 0.6188775510204082 0.15727124183006536 0.6188775510204082 0.2340686274509804
0 0.5790816326530612 0.3799019607843137 0.6790816326530612 0.3799019607843137 0.6790816326530612 0.29248366013071897 0.5790816326530612 0.29248366013071897 0.5790816326530612 0.3799019607843137
0 0.4556122448979592 0.3991013071895425 0.5576530612244898 0.3991013071895425 0.5576530612244898 0.318218954248366 0.4556122448979592 0.318218954248366 0.4556122448979592 0.3991013071895425
0 0.3326530612244898 0.7058823529411765 0.42346938775510207 0.7058823529411765 0.42346938775510207 0.6233660130718954 0.3326530612244898 0.6233660130718954 0.3326530612244898 0.7058823529411765
0 0.37857142857142856 0.47549019607843135 0.48673469387755103 0.47549019607843135 0.48673469387755103 0.40032679738562094 0.37857142857142856 0.40032679738562094 0.37857142857142856 0.47549019607843135
0 0.1336734693877551 0.24836601307189543 0.2510204081632653 0.24836601307189543 0.2510204081632653 0.1830065359477124 0.1336734693877551 0.1830065359477124 0.1336734693877551 0.24836601307189543
0 0.6153061224489796 0.16053921568627452 0.7255102040816327 0.16053921568627452 0.7255102040816327 0.09844771241830065 0.6153061224489796 0.09844771241830065 0.6153061224489796 0.16053921568627452
0 0.685204081632653 0.4562908496732026 0.7852040816326531 0.4562908496732026 0.7852040816326531 0.3762254901960784 0.685204081632653 0.3762254901960784 0.685204081632653 0.4562908496732026
0 0.3551020408163265 0.28145424836601307 0.45408163265306123 0.28145424836601307 0.45408163265306123 0.20302287581699346 0.3551020408163265 0.20302287581699346 0.3551020408163265 0.28145424836601307
0 0.251530612244898 0.29697712418300654 0.3576530612244898 0.29697712418300654 0.3576530612244898 0.20874183006535948 0.251530612244898 0.20874183006535948 0.251530612244898 0.29697712418300654
0 0.0826530612244898 0.18831699346405228 0.19183673469387755 0.18831699346405228 0.19183673469387755 0.11723856209150327 0.0826530612244898 0.11723856209150327 0.0826530612244898 0.18831699346405228
0 0.16224489795918368 0.5612745098039216 0.2785714285714286 0.5612745098039216 0.2785714285714286 0.4918300653594771 0.16224489795918368 0.4918300653594771 0.16224489795918368 0.5612745098039216
0 0.225 0.6474673202614379 0.3311224489795918 0.6474673202614379 0.3311224489795918 0.5714869281045751 0.225 0.5714869281045751 0.225 0.6474673202614379
0 0.1270408163265306 0.38848039215686275 0.24744897959183673 0.38848039215686275 0.24744897959183673 0.3035130718954248 0.1270408163265306 0.3035130718954248 0.1270408163265306 0.38848039215686275
0 0.8913265306122449 0.25939542483660133 0.9872448979591837 0.25939542483660133 0.9872448979591837 0.1875 0.8913265306122449 0.1875 0.8913265306122449 0.25939542483660133
0 0.44846938775510203 0.25245098039215685 0.5586734693877551 0.25245098039215685 0.5586734693877551 0.16993464052287582 0.44846938775510203 0.16993464052287582 0.44846938775510203 0.25245098039215685
0 0.33316326530612245 0.36070261437908496 0.42397959183673467 0.36070261437908496 0.42397959183673467 0.28308823529411764 0.33316326530612245 0.28308823529411764 0.33316326530612245 0.36070261437908496
0 0.6862244897959183 0.35947712418300654 0.7841836734693878 0.35947712418300654 0.7841836734693878 0.2785947712418301 0.6862244897959183 0.2785947712418301 0.6862244897959183 0.35947712418300654
0 0.11785714285714285 0.6437908496732027 0.21989795918367347 0.6437908496732027 0.21989795918367347 0.565359477124183 0.11785714285714285 0.565359477124183 0.11785714285714285 0.6437908496732027
0 0.5255102040816326 0.5040849673202614 0.6234693877551021 0.5040849673202614 0.6234693877551021 0.41748366013071897 0.5255102040816326 0.41748366013071897 0.5255102040816326 0.5040849673202614
0 0.19489795918367347 0.4897875816993464 0.32040816326530613 0.4897875816993464 0.32040816326530613 0.4195261437908497 0.19489795918367347 0.4195261437908497 0.19489795918367347 0.4897875816993464
0 0.7545918367346939 0.39215686274509803 0.835204081632653 0.39215686274509803 0.835204081632653 0.3194444444444444 0.7545918367346939 0.3194444444444444 0.7545918367346939 0.39215686274509803
0 0.2193877551020408 0.4178921568627451 0.32551020408163267 0.4178921568627451 0.32551020408163267 0.335375816993464 0.2193877551020408 0.335375816993464 0.2193877551020408 0.4178921568627451
0 0.4785714285714286 0.8325163398692811 0.5816326530612245 0.8325163398692811 0.5816326530612245 0.7483660130718954 0.4785714285714286 0.7483660130718954 0.4785714285714286 0.8325163398692811
0 0.09183673469387756 0.926062091503268 0.19693877551020408 0.926062091503268 0.19693877551020408 0.8402777777777778 0.09183673469387756 0.8402777777777778 0.09183673469387756 0.926062091503268
0 0.8479591836734693 0.3909313725490196 0.9377551020408164 0.3909313725490196 0.9377551020408164 0.31985294117647056 0.8479591836734693 0.31985294117647056 0.8479591836734693 0.3909313725490196
0 0.8066326530612244 0.45465686274509803 0.8913265306122449 0.45465686274509803 0.8913265306122449 0.38112745098039214 0.8066326530612244 0.38112745098039214 0.8066326530612244 0.45465686274509803
0 0.5336734693877551 0.6924019607843137 0.6489795918367347 0.6924019607843137 0.6489795918367347 0.616421568627451 0.5336734693877551 0.616421568627451 0.5336734693877551 0.6924019607843137
0 0.8892857142857142 0.3394607843137255 0.9903061224489796 0.3394607843137255 0.9903061224489796 0.2618464052287582 0.8892857142857142 0.2618464052287582 0.8892857142857142 0.3394607843137255
0 0.4301020408163265 0.7152777777777778 0.5107142857142857 0.7152777777777778 0.5107142857142857 0.6270424836601307 0.4301020408163265 0.6270424836601307 0.4301020408163265 0.7152777777777778
0 0.07448979591836735 0.3206699346405229 0.17857142857142858 0.3206699346405229 0.17857142857142858 0.23651960784313725 0.07448979591836735 0.23651960784313725 0.07448979591836735 0.3206699346405229
0 0.13520408163265307 0.7222222222222222 0.23418367346938776 0.7222222222222222 0.23418367346938776 0.6478758169934641 0.13520408163265307 0.6478758169934641 0.13520408163265307 0.7222222222222222
0 0.7979591836734694 0.5347222222222222 0.8969387755102041 0.5347222222222222 0.8969387755102041 0.45302287581699346 0.7979591836734694 0.45302287581699346 0.7979591836734694 0.5347222222222222
0 0.8020408163265306 0.7589869281045751 0.8918367346938776 0.7589869281045751 0.8918367346938776 0.6830065359477124 0.8020408163265306 0.6830065359477124 0.8020408163265306 0.7589869281045751
0 0.8229591836734694 0.8909313725490197 0.9096938775510204 0.8909313725490197 0.9096938775510204 0.8084150326797386 0.8229591836734694 0.8084150326797386 0.8229591836734694 0.8909313725490197
0 0.9035714285714286 0.47467320261437906 0.9933673469387755 0.47467320261437906 0.9933673469387755 0.39869281045751637 0.9035714285714286 0.39869281045751637 0.9035714285714286 0.47467320261437906
0 0.045408163265306126 0.556781045751634 0.1576530612244898 0.556781045751634 0.1576530612244898 0.4660947712418301 0.045408163265306126 0.4660947712418301 0.045408163265306126 0.556781045751634
0 0.1377551020408163 0.8300653594771242 0.2316326530612245 0.8300653594771242 0.2316326530612245 0.7475490196078431 0.1377551020408163 0.7475490196078431 0.1377551020408163 0.8300653594771242
0 0.8510204081632653 0.5743464052287581 0.9489795918367347 0.5743464052287581 0.9489795918367347 0.5065359477124183 0.8510204081632653 0.5065359477124183 0.8510204081632653 0.5743464052287581
0 0.2602040816326531 1 0.2602040816326531 0.9477124183006536 0.16224489795918368 0.9477124183006536 0.16224489795918368 1 0.2602040816326531 1
0 0.9494897959183674 0.41911764705882354 0.9994897959183674 0.41911764705882354 0.9994897959183674 0.3480392156862745 0.9494897959183674 0.3480392156862745 0.9494897959183674 0.41911764705882354
0 0.44846938775510203 0.17116013071895425 0.5545918367346939 0.17116013071895425 0.5545918367346939 0.11397058823529412 0.44846938775510203 0.11397058823529412 0.44846938775510203 0.17116013071895425
0 0.8765306122448979 0.7430555555555556 0.9530612244897959 0.7430555555555556 0.9530612244897959 0.6793300653594772 0.8765306122448979 0.6793300653594772 0.8765306122448979 0.7430555555555556
0 0.23826530612244898 0.7949346405228758 0.3433673469387755 0.7949346405228758 0.3433673469387755 0.7181372549019608 0.23826530612244898 0.7181372549019608 0.23826530612244898 0.7949346405228758
0 0.9443877551020409 0.5616830065359477 0.9994897959183674 0.5616830065359477 0.9994897959183674 0.4840686274509804 0.9443877551020409 0.4840686274509804 0.9443877551020409 0.5616830065359477
0 1 0.7879901960784313 0.9173469387755102 0.7879901960784313 0.9173469387755102 0.877859477124183 1 0.877859477124183 1 0.7879901960784313
0 0.29846938775510207 0.8419117647058824 0.3943877551020408 0.8419117647058824 0.3943877551020408 0.7618464052287581 0.29846938775510207 0.7618464052287581 0.29846938775510207 0.8419117647058824
0 0.5438775510204081 0.7651143790849673 0.6346938775510204 0.7651143790849673 0.6346938775510204 0.6899509803921569 0.5438775510204081 0.6899509803921569 0.5438775510204081 0.7651143790849673
0 0.0005102040816326531 0.9991830065359477 0.07397959183673469 0.9991830065359477 0.07397959183673469 0.9264705882352942 0.0005102040816326531 0.9264705882352942 0.0005102040816326531 0.9991830065359477
0 0.8673469387755102 0.6548202614379085 0.9459183673469388 0.6548202614379085 0.9459183673469388 0.5853758169934641 0.8673469387755102 0.5853758169934641 0.8673469387755102 0.6548202614379085
0 0 0.5220588235294118 0.04183673469387755 0.5220588235294118 0.04183673469387755 0.45588235294117646 0 0.45588235294117646 0 0.5220588235294118
0 0.24081632653061225 0.7246732026143791 0.3193877551020408 0.7246732026143791 0.3193877551020408 0.6486928104575164 0.24081632653061225 0.6486928104575164 0.24081632653061225 0.7246732026143791
0 0.5596938775510204 0.9174836601307189 0.6443877551020408 0.9174836601307189 0.6443877551020408 0.8325163398692811 0.5596938775510204 0.8325163398692811 0.5596938775510204 0.9174836601307189
0 0.9607142857142857 0.6388888888888888 0.9994897959183674 0.6388888888888888 0.9994897959183674 0.5727124183006536 0.9607142857142857 0.5727124183006536 0.9607142857142857 0.6388888888888888
0 0.34438775510204084 0.9648692810457516 0.4556122448979592 0.9648692810457516 0.4556122448979592 0.8831699346405228 0.34438775510204084 0.8831699346405228 0.34438775510204084 0.9648692810457516
0 0.32346938775510203 0.8995098039215687 0.413265306122449 0.8995098039215687 0.413265306122449 0.8276143790849673 0.32346938775510203 0.8276143790849673 0.32346938775510203 0.8995098039215687
0 0.15612244897959185 1 0.15612244897959185 0.9754901960784313 0.09285714285714286 0.9754901960784313 0.09285714285714286 1 0.15612244897959185 1
0 0.20408163265306123 0.8897058823529411 0.286734693877551 0.8897058823529411 0.286734693877551 0.8063725490196079 0.20408163265306123 0.8063725490196079 0.20408163265306123 0.8897058823529411
0 0.8775510204081632 0.9579248366013072 0.9612244897959183 0.9579248366013072 0.9612244897959183 0.8868464052287581 0.8775510204081632 0.8868464052287581 0.8775510204081632 0.9579248366013072
0 0.3596938775510204 1 0.3596938775510204 0.9379084967320261 0.2770408163265306 0.9379084967320261 0.2770408163265306 1 0.3596938775510204 1
0 0.925 0.7034313725490197 0.9994897959183674 0.7034313725490197 0.9994897959183674 0.6290849673202614 0.925 0.6290849673202614 0.925 0.7034313725490197
0 0.4142857142857143 1 0.4142857142857143 0.9861111111111112 0.3663265306122449 0.9861111111111112 0.3663265306122449 1 0.4142857142857143 1
0 0.23520408163265305 0.9485294117647058 0.31581632653061226 0.9485294117647058 0.31581632653061226 0.8921568627450981 0.23520408163265305 0.8921568627450981 0.23520408163265305 0.9485294117647058
0 0.6346938775510204 0.9816176470588235 0.7 0.9816176470588235 0.7 0.9007352941176471 0.6346938775510204 0.9007352941176471 0.6346938775510204 0.9816176470588235
0 0.4923469387755102 1 0.4923469387755102 0.988562091503268 0.44846938775510203 0.988562091503268 0.44846938775510203 1 0.4923469387755102 1
0 0.6566326530612245 0.8872549019607843 0.7515306122448979 0.8872549019607843 0.7515306122448979 0.803921568627451 0.6566326530612245 0.803921568627451 0.6566326530612245 0.8872549019607843
0 0.9892857142857143 0.27941176470588236 0.9994897959183674 0.27941176470588236 0.9994897959183674 0.2312091503267974 0.9892857142857143 0.2312091503267974 0.9892857142857143 0.27941176470588236
0 0.6469387755102041 0.928921568627451 0.7979591836734694 0.928921568627451 0.7979591836734694 0.8055555555555556 0.6469387755102041 0.8055555555555556 0.6469387755102041 0.928921568627451
0 0.7423469387755102 1 0.7423469387755102 0.9681372549019608 0.6780612244897959 0.9681372549019608 0.6780612244897959 1 0.7423469387755102 1
0 0.7061224489795919 0.9816176470588235 0.7969387755102041 0.9816176470588235 0.7969387755102041 0.9048202614379085 0.7061224489795919 0.9048202614379085 0.7061224489795919 0.9816176470588235
0 0.33163265306122447 0.024918300653594773 0.4204081632653061 0.024918300653594773 0.4204081632653061 0.0004084967320261438 0.33163265306122447 0.0004084967320261438 0.33163265306122447 0.024918300653594773
0 0.7413265306122448 0.9089052287581699 0.7994897959183673 0.9089052287581699 0.7994897959183673 0.8451797385620915 0.7413265306122448 0.8451797385620915 0.7413265306122448 0.9089052287581699