0 0.5902854006586169 0.8883670520231214 0.6912733260153677 0.8883670520231214 0.6912733260153677 0.7691473988439307 0.5902854006586169 0.7691473988439307 0.5902854006586169 0.8883670520231214
0 0.5817782656421515 0.5877890173410405 0.6712403951701427 0.5877890173410405 0.6712403951701427 0.43822254335260113 0.5817782656421515 0.43822254335260113 0.5817782656421515 0.5877890173410405
0 0.6344676180021954 0.22687861271676302 0.7310647639956093 0.22687861271676302 0.7310647639956093 0.1069364161849711 0.6344676180021954 0.1069364161849711 0.6344676180021954 0.22687861271676302
0 0.24533479692645443 0.9288294797687862 0.32985729967069155 0.9288294797687862 0.32985729967069155 0.8132225433526011 0.24533479692645443 0.8132225433526011 0.24533479692645443 0.9288294797687862
0 0.45252469813391877 0.7611994219653179 0.5392425905598244 0.7611994219653179 0.5392425905598244 0.6376445086705202 0.45252469813391877 0.6376445086705202 0.45252469813391877 0.7611994219653179
0 0.0433589462129528 0.9378612716763006 0.1207464324917673 0.9378612716763006 0.1207464324917673 0.8208092485549133 0.0433589462129528 0.8208092485549133 0.0433589462129528 0.9378612716763006
0 0.4950603732162459 0.6083815028901735 0.575192096597146 0.6083815028901735 0.575192096597146 0.49060693641618497 0.4950603732162459 0.49060693641618497 0.4950603732162459 0.6083815028901735
0 0.06997804610318331 0.7030346820809249 0.1495609220636663 0.7030346820809249 0.1495609220636663 0.6026011560693642 0.06997804610318331 0.6026011560693642 0.06997804610318331 0.7030346820809249
0 0.4176728869374314 0.1936416184971098 0.5021953896816685 0.1936416184971098 0.5021953896816685 0.1069364161849711 0.4176728869374314 0.1069364161849711 0.4176728869374314 0.1936416184971098
0 0.43715697036223927 0.45195086705202314 0.528814489571899 0.45195086705202314 0.528814489571899 0.34934971098265893 0.43715697036223927 0.34934971098265893 0.43715697036223927 0.45195086705202314
0 0.19923161361141603 0.1398121387283237 0.2810098792535675 0.1398121387283237 0.2810098792535675 0.039378612716763 0.19923161361141603 0.039378612716763 0.19923161361141603 0.1398121387283237
0 0.19346871569703622 0.24747109826589594 0.2725027442371021 0.24747109826589594 0.2725027442371021 0.14053468208092484 0.19346871569703622 0.14053468208092484 0.19346871569703622 0.24747109826589594
0 0.11800219538968167 0.3038294797687861 0.203622392974753 0.3038294797687861 0.203622392974753 0.21495664739884393 0.11800219538968167 0.21495664739884393 0.11800219538968167 0.3038294797687861
0 0.3729418221734358 0.3634393063583815 0.462403951701427 0.3634393063583815 0.462403951701427 0.2658959537572254 0.3729418221734358 0.2658959537572254 0.3729418221734358 0.3634393063583815
0 0.08342480790340286 0.13403179190751446 0.1619099890230516 0.13403179190751446 0.1619099890230516 0.034320809248554913 0.08342480790340286 0.034320809248554913 0.08342480790340286 0.13403179190751446
0 0.033754116355653126 0 0.033754116355653126 0.0708092485549133 0.10949506037321624 0.0708092485549133 0.10949506037321624 0 0.033754116355653126 0
0 0.09275521405049396 0.5484104046242775 0.16794731064763996 0.5484104046242775 0.16794731064763996 0.4508670520231214 0.09275521405049396 0.4508670520231214 0.09275521405049396 0.5484104046242775
0 0.24506037321624588 0 0.24506037321624588 0.046242774566473986 0.31037321624588365 0.046242774566473986 0.31037321624588365 0 0.24506037321624588 0
0 0.3578485181119649 0 0.3578485181119649 0.03684971098265896 0.4407244785949506 0.03684971098265896 0.4407244785949506 0 0.3578485181119649 0
0 0.22886937431394072 0.9992774566473989 0.31009879253567507 0.9992774566473989 0.31009879253567507 0.9501445086705202 0.22886937431394072 0.9501445086705202 0.22886937431394072 0.9992774566473989
0 0 0.101878612716763 0.018660812294182216 0.101878612716763 0.018660812294182216 0.030346820809248554 0 0.030346820809248554 0 0.101878612716763
0 0 0 0 0.02023121387283237 0.03677277716794731 0.02023121387283237 0.03677277716794731 0 0 0