0 0.71 0.9486486486486486 0.7684 0.9486486486486486 0.7684 0.8063063063063063 0.71 0.8063063063063063 0.71 0.9486486486486486
0 0.8904 0.33378378378378376 0.9484 0.33378378378378376 0.9484 0.17882882882882883 0.8904 0.17882882882882883 0.8904 0.33378378378378376
0 0.5378 0.13963963963963963 0.595 0.13963963963963963 0.595 0.008108108108108109 0.5378 0.008108108108108109 0.5378 0.13963963963963963
0 0.8994 0.6477477477477478 0.9714 0.6477477477477478 0.9714 0.4990990990990991 0.8994 0.4990990990990991 0.8994 0.6477477477477478
0 0.9012 0.4927927927927928 0.9604 0.4927927927927928 0.9604 0.34324324324324323 0.9012 0.34324324324324323 0.9012 0.4927927927927928
0 0.8228 0.2833333333333333 0.8852 0.2833333333333333 0.8852 0.1436936936936937 0.8228 0.1436936936936937 0.8228 0.2833333333333333
0 0.938 0.2418918918918919 0.998 0.2418918918918919 0.998 0.10495495495495495 0.938 0.10495495495495495 0.938 0.2418918918918919
0 0.818 0.8855855855855855 0.8832 0.8855855855855855 0.8832 0.7405405405405405 0.818 0.7405405405405405 0.818 0.8855855855855855
0 0.8032 0.6797297297297298 0.8584 0.6797297297297298 0.8584 0.540990990990991 0.8032 0.540990990990991 0.8032 0.6797297297297298
0 0.85 0.7747747747747747 0.9136 0.7747747747747747 0.9136 0.6162162162162163 0.85 0.6162162162162163 0.85 0.7747747747747747
0 0.8134 0.5351351351351351 0.873 0.5351351351351351 0.873 0.390990990990991 0.8134 0.390990990990991 0.8134 0.5351351351351351
0 0.7056 0.2045045045045045 0.7652 0.2045045045045045 0.7652 0.07477477477477477 0.7056 0.07477477477477477 0.7056 0.2045045045045045
0 0.904 0.9225225225225225 0.9724 0.9225225225225225 0.9724 0.7882882882882883 0.904 0.7882882882882883 0.904 0.9225225225225225
0 0.8638 0.17927927927927928 0.931 0.17927927927927928 0.931 0.05225225225225225 0.8638 0.05225225225225225 0.8638 0.17927927927927928
0 0.6234 0.15 0.685 0.15 0.685 0.016666666666666666 0.6234 0.016666666666666666 0.6234 0.15
0 0.7298 0.37342342342342344 0.7854 0.37342342342342344 0.7854 0.24549549549549549 0.7298 0.24549549549549549 0.7298 0.37342342342342344
0 0.9472 0.3981981981981982 0.9996 0.3981981981981982 0.9996 0.25135135135135134 0.9472 0.25135135135135134 0.9472 0.3981981981981982
0 0.7906 0.3963963963963964 0.8446 0.3963963963963964 0.8446 0.24954954954954955 0.7906 0.24954954954954955 0.7906 0.3963963963963964
0 0.721 0.4954954954954955 0.7878 0.4954954954954955 0.7878 0.37207207207207205 0.721 0.37207207207207205 0.721 0.4954954954954955
0 0.7992 0.14324324324324325 0.8616 0.14324324324324325 0.8616 0.0018018018018018018 0.7992 0.0018018018018018018 0.7992 0.14324324324324325
0 0.8486 0.4153153153153153 0.9038 0.4153153153153153 0.9038 0.2873873873873874 0.8486 0.2873873873873874 0.8486 0.4153153153153153
0 0.9222 0.7932432432432432 0.9802 0.7932432432432432 0.9802 0.6509009009009009 0.9222 0.6509009009009009 0.9222 0.7932432432432432
0 0.7608 0.2608108108108108 0.8184 0.2608108108108108 0.8184 0.10855855855855856 0.7608 0.10855855855855856 0.7608 0.2608108108108108
0 0.7636 0.7738738738738739 0.8196 0.7738738738738739 0.8196 0.6324324324324324 0.7636 0.6324324324324324 0.7636 0.7738738738738739
0 0.6478 0.2747747747747748 0.7034 0.2747747747747748 0.7034 0.13333333333333333 0.6478 0.13333333333333333 0.6478 0.2747747747747748
0 0.297 0.2391891891891892 0.3602 0.2391891891891892 0.3602 0.12387387387387387 0.297 0.12387387387387387 0.297 0.2391891891891892
0 0.9196 0 0.9196 0.10540540540540541 0.9832 0.10540540540540541 0.9832 0 0.9196 0
0 0.6686 1 0.6686 0.881981981981982 0.6154 0.881981981981982 0.6154 1 0.6686 1
0 0.9588 0.5585585585585585 0.9996 0.5585585585585585 0.9996 0.4099099099099099 0.9588 0.4099099099099099 0.9588 0.5585585585585585
0 0.6538 0.409009009009009 0.7098 0.409009009009009 0.7098 0.27297297297297296 0.6538 0.27297297297297296 0.6538 0.409009009009009
0 0.68 0.08513513513513514 0.7432 0.08513513513513514 0.7432 0.00045045045045045046 0.68 0.00045045045045045046 0.68 0.08513513513513514
0 0.1892 0.85 0.2488 0.85 0.2488 0.7490990990990991 0.1892 0.7490990990990991 0.1892 0.85
0 0.2188 0.22747747747747749 0.2736 0.22747747747747749 0.2736 0.11126126126126126 0.2188 0.11126126126126126 0.2188 0.22747747747747749
0 0.9386 1 0.9386 0.8936936936936937 0.867 0.8936936936936937 0.867 1 0.9386 1
0 0.97 0.7036036036036036 0.9996 0.7036036036036036 0.9996 0.5675675675675675 0.97 0.5675675675675675 0.97 0.7036036036036036
0 0.4872 0 0.4872 0.07207207207207207 0.5504 0.07207207207207207 0.5504 0 0.4872 0
0 0.0922 0.44684684684684683 0.1458 0.44684684684684683 0.1458 0.3504504504504504 0.0922 0.3504504504504504 0.0922 0.44684684684684683
0 0.1674 0.1481981981981982 0.2258 0.1481981981981982 0.2258 0.024774774774774775 0.1674 0.024774774774774775 0.1674 0.1481981981981982
0 0.104 0.32297297297297295 0.1552 0.32297297297297295 0.1552 0.20585585585585586 0.104 0.20585585585585586 0.104 0.32297297297297295
0 0.7204 1 0.7204 0.9054054054054054 0.6688 0.9054054054054054 0.6688 1 0.7204 1
0 0.7466 0 0.7466 0.06396396396396396 0.8018 0.06396396396396396 0.8018 0 0.7466 0
0 0.9996 1 0.9996 0.9225225225225225 0.948 0.9225225225225225 0.948 1 0.9996 1
0 0.2138 0 0.2138 0.07387387387387387 0.2638 0.07387387387387387 0.2638 0 0.2138 0
0 0.8056 0.9995495495495496 0.8632 0.9995495495495496 0.8632 0.922972972972973 0.8056 0.922972972972973 0.8056 0.9995495495495496
0 0.98 0.8373873873873874 0.9996 0.8373873873873874 0.9996 0.7265765765765766 0.98 0.7265765765765766 0.98 0.8373873873873874
0 0.1328 0.23378378378378378 0.19 0.23378378378378378 0.19 0.13018018018018018 0.1328 0.13018018018018018 0.1328 0.23378378378378378
0 0.5624 0.9995495495495496 0.6128 0.9995495495495496 0.6128 0.9103603603603604 0.5624 0.9103603603603604 0.5624 0.9995495495495496
0 0.3194 0 0.3194 0.06756756756756757 0.3874 0.06756756756756757 0.3874 0 0.3194 0
0 0.8474 0 0.8474 0.04594594594594595 0.9214 0.04594594594594595 0.9214 0 0.8474 0
0 0.1048 0.12072072072072072 0.162 0.12072072072072072 0.162 0.03153153153153153 0.1048 0.03153153153153153 0.1048 0.12072072072072072
0 0.5816 0 0.5816 0.03873873873873874 0.6296 0.03873873873873874 0.6296 0 0.5816 0
0 0.9876 0.9531531531531532 0.9996 0.9531531531531532 0.9996 0.863063063063063 0.9876 0.863063063063063 0.9876 0.9531531531531532
0 0.1346 0.4261261261261261 0.1818 0.4261261261261261 0.1818 0.3162162162162162 0.1346 0.3162162162162162 0.1346 0.4261261261261261
0 0.0784 0.22387387387387386 0.124 0.22387387387387386 0.124 0.1481981981981982 0.0784 0.1481981981981982 0.0784 0.22387387387387386
0 0.057 0.32657657657657657 0.1022 0.32657657657657657 0.1022 0.2445945945945946 0.057 0.2445945945945946 0.057 0.32657657657657657
0 0.0546 0.4981981981981982 0.0906 0.4981981981981982 0.0906 0.4198198198198198 0.0546 0.4198198198198198 0.0546 0.4981981981981982