0 0.047725245316681535 0.30962171052631576 0.1320249776984835 0.30962171052631576 0.1320249776984835 0.18955592105263158 0.047725245316681535 0.18955592105263158 0.047725245316681535 0.30962171052631576
0 0.28902765388046386 0.3980263157894737 0.3617305976806423 0.3980263157894737 0.3617305976806423 0.24753289473684212 0.28902765388046386 0.24753289473684212 0.28902765388046386 0.3980263157894737
0 0.19536128456735058 0.9481907894736842 0.27074041034790364 0.9481907894736842 0.27074041034790364 0.7853618421052632 0.19536128456735058 0.7853618421052632 0.19536128456735058 0.9481907894736842
0 0.3626226583407672 0.7442434210526315 0.4504906333630687 0.7442434210526315 0.4504906333630687 0.6110197368421053 0.3626226583407672 0.6110197368421053 0.3626226583407672 0.7442434210526315
0 0.7850133809099019 0.33963815789473684 0.8626226583407671 0.33963815789473684 0.8626226583407671 0.2138157894736842 0.7850133809099019 0.2138157894736842 0.7850133809099019 0.33963815789473684
0 0.743978590544157 0.22861842105263158 0.8385370205173952 0.22861842105263158 0.8385370205173952 0.09210526315789473 0.743978590544157 0.09210526315789473 0.743978590544157 0.22861842105263158
0 0.7111953612845674 0.40254934210526316 0.7865744870651205 0.40254934210526316 0.7865744870651205 0.23231907894736842 0.7111953612845674 0.23231907894736842 0.7111953612845674 0.40254934210526316
0 0.3499107939339875 0.9473684210526315 0.42082961641391614 0.9473684210526315 0.42082961641391614 0.7886513157894737 0.3499107939339875 0.7886513157894737 0.3499107939339875 0.9473684210526315
0 0.40744870651204285 0.6208881578947368 0.489964317573595 0.6208881578947368 0.489964317573595 0.49506578947368424 0.40744870651204285 0.49506578947368424 0.40744870651204285 0.6208881578947368
0 0.5787243532560215 0.3001644736842105 0.6558876003568243 0.3001644736842105 0.6558876003568243 0.16858552631578946 0.5787243532560215 0.16858552631578946 0.5787243532560215 0.3001644736842105
0 0.6262265834076717 0.40625 0.7082961641391614 0.40625 0.7082961641391614 0.2631578947368421 0.6262265834076717 0.2631578947368421 0.6262265834076717 0.40625
0 0.6322479928635147 0.9412006578947368 0.7040588760035682 0.9412006578947368 0.7040588760035682 0.7931743421052632 0.6322479928635147 0.7931743421052632 0.6322479928635147 0.9412006578947368
0 0.7466547725245317 0.8675986842105263 0.8376449598572703 0.8675986842105263 0.8376449598572703 0.7286184210526315 0.7466547725245317 0.7286184210526315 0.7466547725245317 0.8675986842105263
0 0.6376003568242641 0.5316611842105263 0.7290365744870652 0.5316611842105263 0.7290365744870652 0.3926809210526316 0.6376003568242641 0.3926809210526316 0.6376003568242641 0.5316611842105263
0 0.5202943800178412 0.9958881578947368 0.5907671721677074 0.9958881578947368 0.5907671721677074 0.8256578947368421 0.5202943800178412 0.8256578947368421 0.5202943800178412 0.9958881578947368
0 0.41280107047279213 0.4765625 0.489964317573595 0.4765625 0.489964317573595 0.3359375 0.41280107047279213 0.3359375 0.41280107047279213 0.4765625
0 0.83942908117752 0.9436677631578947 0.9299732381801963 0.9436677631578947 0.9299732381801963 0.8104440789473685 0.83942908117752 0.8104440789473685 0.83942908117752 0.9436677631578947
0 0.44803746654772525 0.9568256578947368 0.5162801070472792 0.9568256578947368 0.5162801070472792 0.8030427631578947 0.44803746654772525 0.8030427631578947 0.44803746654772525 0.9568256578947368
0 0.033229259589652095 0.18955592105263158 0.12332738626226583 0.18955592105263158 0.12332738626226583 0.06373355263157894 0.033229259589652095 0.06373355263157894 0.033229259589652095 0.18955592105263158
0 0.7326048171275646 0.7257401315789473 0.8115521855486173 0.7257401315789473 0.8115521855486173 0.5933388157894737 0.7326048171275646 0.5933388157894737 0.7326048171275646 0.7257401315789473
0 0.83028545941124 0.8079769736842105 0.9123550401427297 0.8079769736842105 0.9123550401427297 0.657483552631579 0.83028545941124 0.657483552631579 0.83028545941124 0.8079769736842105
0 0.7651650312221231 0.9995888157894737 0.8557091882247992 0.9995888157894737 0.8557091882247992 0.8811677631578947 0.7651650312221231 0.8811677631578947 0.7651650312221231 0.9995888157894737
0 0.6462979482604817 0.13815789473684212 0.7332738626226584 0.13815789473684212 0.7332738626226584 0.001644736842105263 0.6462979482604817 0.001644736842105263 0.6462979482604817 0.13815789473684212
0 0.8177966101694916 0.655016447368421 0.8940677966101694 0.655016447368421 0.8940677966101694 0.4954769736842105 0.8177966101694916 0.4954769736842105 0.8177966101694916 0.655016447368421
0 0.727921498661909 0.5892269736842105 0.7983942908117752 0.5892269736842105 0.7983942908117752 0.4354440789473684 0.727921498661909 0.4354440789473684 0.727921498661909 0.5892269736842105
0 0.5254237288135594 0.5472861842105263 0.5932203389830508 0.5472861842105263 0.5932203389830508 0.4017269736842105 0.5254237288135594 0.4017269736842105 0.5254237288135594 0.5472861842105263
0 0.4997769848349688 0.3149671052631579 0.5702497769848349 0.3149671052631579 0.5702497769848349 0.15707236842105263 0.4997769848349688 0.15707236842105263 0.4997769848349688 0.3149671052631579
0 0.007582515611061552 0.9263980263157895 0.08831400535236396 0.9263980263157895 0.08831400535236396 0.7783717105263158 0.007582515611061552 0.7783717105263158 0.007582515611061552 0.9263980263157895
0 0.6599018733273863 0.6883223684210527 0.7384032114183765 0.6883223684210527 0.7384032114183765 0.5328947368421053 0.6599018733273863 0.5328947368421053 0.6599018733273863 0.6883223684210527
0 0.776092774308653 0.4876644736842105 0.8715432649420161 0.4876644736842105 0.8715432649420161 0.3560855263157895 0.776092774308653 0.3560855263157895 0.776092774308653 0.4876644736842105
0 0.6601248884924175 0.25082236842105265 0.7430865298840321 0.25082236842105265 0.7430865298840321 0.13404605263157895 0.6601248884924175 0.13404605263157895 0.6601248884924175 0.25082236842105265
0 0.20182872435325602 0 0.20182872435325602 0.06825657894736842 0.2803300624442462 0.06825657894736842 0.2803300624442462 0 0.20182872435325602 0
0 0.7642729705619982 0 0.7642729705619982 0.08552631578947369 0.8356378233719893 0.08552631578947369 0.8356378233719893 0 0.7642729705619982 0
0 0.7555753791257805 1 0.7555753791257805 0.9399671052631579 0.6721677074041035 0.9399671052631579 0.6721677074041035 1 0.7555753791257805 1
0 0.6634701159678859 1 0.6634701159678859 0.9235197368421053 0.5827386262265835 0.9235197368421053 0.5827386262265835 1 0.6634701159678859 1
0 0 0.21710526315789475 0.024977698483496878 0.21710526315789475 0.024977698483496878 0.08470394736842106 0 0.08470394736842106 0 0.21710526315789475
0 0.4950936663693131 1 0.4950936663693131 0.953125 0.42105263157894735 0.953125 0.42105263157894735 1 0.4950936663693131 1
0 0.04861730597680642 0.07689144736842106 0.13336306868867082 0.07689144736842106 0.13336306868867082 0.00041118421052631577 0.04861730597680642 0.00041118421052631577 0.04861730597680642 0.07689144736842106
0 0.9386708296164139 1 0.9386708296164139 0.9473684210526315 0.8668599464763604 0.9473684210526315 0.8668599464763604 1 0.9386708296164139 1
0 0 0.9078947368421053 0.012934879571810883 0.9078947368421053 0.012934879571810883 0.7845394736842105 0 0.7845394736842105 0 0.9078947368421053
0 0.6155218554861731 0 0.6155218554861731 0.03536184210526316 0.6761819803746655 0.03536184210526316 0.6761819803746655 0 0.6155218554861731 0