0 0.48886138613861385 0.8506944444444444 0.5754950495049505 0.8506944444444444 0.5754950495049505 0.7170138888888888 0.48886138613861385 0.7170138888888888 0.48886138613861385 0.8506944444444444
0 0.8217821782178217 0.3046875 0.8824257425742574 0.3046875 0.8824257425742574 0.20399305555555555 0.8217821782178217 0.20399305555555555 0.8217821782178217 0.3046875
0 0.5136138613861386 0.6371527777777778 0.5767326732673267 0.6371527777777778 0.5767326732673267 0.53125 0.5136138613861386 0.53125 0.5136138613861386 0.6371527777777778
0 0.31683168316831684 0.7152777777777778 0.375 0.7152777777777778 0.375 0.6197916666666666 0.31683168316831684 0.6197916666666666 0.31683168316831684 0.7152777777777778
0 0.7883663366336634 0.21875 0.8514851485148515 0.21875 0.8514851485148515 0.12152777777777778 0.7883663366336634 0.12152777777777778 0.7883663366336634 0.21875
0 0.6423267326732673 0.6753472222222222 0.7103960396039604 0.6753472222222222 0.7103960396039604 0.5590277777777778 0.6423267326732673 0.5590277777777778 0.6423267326732673 0.6753472222222222
0 0.7623762376237624 0.453125 0.8329207920792079 0.453125 0.8329207920792079 0.3489583333333333 0.7623762376237624 0.3489583333333333 0.7623762376237624 0.453125
0 0.879950495049505 0.2144097222222222 0.9443069306930693 0.2144097222222222 0.9443069306930693 0.11371527777777778 0.879950495049505 0.11371527777777778 0.879950495049505 0.2144097222222222
0 0.5705445544554455 0.6814236111111112 0.6435643564356436 0.6814236111111112 0.6435643564356436 0.5529513888888888 0.5705445544554455 0.5529513888888888 0.5705445544554455 0.6814236111111112
0 0.5847772277227723 0.4939236111111111 0.6540841584158416 0.4939236111111111 0.6540841584158416 0.3914930555555556 0.5847772277227723 0.3914930555555556 0.5847772277227723 0.4939236111111111
0 0.6652227722772277 0.17100694444444445 0.7308168316831684 0.17100694444444445 0.7308168316831684 0.0842013888888889 0.6652227722772277 0.0842013888888889 0.6652227722772277 0.17100694444444445
0 0.7246287128712872 0.19618055555555555 0.7902227722772277 0.19618055555555555 0.7902227722772277 0.09722222222222222 0.7246287128712872 0.09722222222222222 0.7246287128712872 0.19618055555555555
0 0.23948019801980197 0.9965277777777778 0.30754950495049505 0.9965277777777778 0.30754950495049505 0.8940972222222222 0.23948019801980197 0.8940972222222222 0.23948019801980197 0.9965277777777778
0 0.5556930693069307 0.7795138888888888 0.6225247524752475 0.7795138888888888 0.6225247524752475 0.6684027777777778 0.5556930693069307 0.6684027777777778 0.5556930693069307 0.7795138888888888
0 0.3725247524752475 0.7300347222222222 0.4381188118811881 0.7300347222222222 0.4381188118811881 0.6189236111111112 0.3725247524752475 0.6189236111111112 0.3725247524752475 0.7300347222222222
0 0.6745049504950495 0.5902777777777778 0.7438118811881188 0.5902777777777778 0.7438118811881188 0.484375 0.6745049504950495 0.484375 0.6745049504950495 0.5902777777777778
0 0.38551980198019803 0.8567708333333334 0.4535891089108911 0.8567708333333334 0.4535891089108911 0.7456597222222222 0.38551980198019803 0.7456597222222222 0.38551980198019803 0.8567708333333334
0 0.6893564356435643 0.2855902777777778 0.75 0.2855902777777778 0.75 0.1970486111111111 0.6893564356435643 0.1970486111111111 0.6893564356435643 0.2855902777777778
0 0.44801980198019803 0.9965277777777778 0.5210396039603961 0.9965277777777778 0.5210396039603961 0.8767361111111112 0.44801980198019803 0.8767361111111112 0.44801980198019803 0.9965277777777778
0 0.5210396039603961 0.4557291666666667 0.5915841584158416 0.4557291666666667 0.5915841584158416 0.3498263888888889 0.5210396039603961 0.3498263888888889 0.5210396039603961 0.4557291666666667
0 0.6082920792079208 0.1484375 0.6652227722772277 0.1484375 0.6652227722772277 0.06684027777777778 0.6082920792079208 0.06684027777777778 0.6082920792079208 0.1484375
0 0.6113861386138614 0.5755208333333334 0.6732673267326733 0.5755208333333334 0.6732673267326733 0.4904513888888889 0.6113861386138614 0.4904513888888889 0.6113861386138614 0.5755208333333334
0 0.6714108910891089 0.4470486111111111 0.7407178217821783 0.4470486111111111 0.7407178217821783 0.3515625 0.6714108910891089 0.3515625 0.6714108910891089 0.4470486111111111
0 0.4381188118811881 0.8932291666666666 0.5086633663366337 0.8932291666666666 0.5086633663366337 0.8046875 0.4381188118811881 0.8046875 0.4381188118811881 0.8932291666666666
0 0.6101485148514851 0.3741319444444444 0.6794554455445545 0.3741319444444444 0.6794554455445545 0.2769097222222222 0.6101485148514851 0.2769097222222222 0.6101485148514851 0.3741319444444444
0 0.3415841584158416 0.9973958333333334 0.4158415841584158 0.9973958333333334 0.4158415841584158 0.9019097222222222 0.3415841584158416 0.9019097222222222 0.3415841584158416 0.9973958333333334
0 0.42698019801980197 0.7821180555555556 0.49504950495049505 0.7821180555555556 0.49504950495049505 0.6623263888888888 0.42698019801980197 0.6623263888888888 0.42698019801980197 0.7821180555555556
0 0.32673267326732675 0.828125 0.38613861386138615 0.828125 0.38613861386138615 0.7430555555555556 0.32673267326732675 0.7430555555555556 0.32673267326732675 0.828125
0 0.7481435643564357 0.3142361111111111 0.8112623762376238 0.3142361111111111 0.8112623762376238 0.22569444444444445 0.7481435643564357 0.22569444444444445 0.7481435643564357 0.3142361111111111
0 0.33663366336633666 0.9166666666666666 0.4034653465346535 0.9166666666666666 0.4034653465346535 0.8177083333333334 0.33663366336633666 0.8177083333333334 0.33663366336633666 0.9166666666666666
0 0.6478960396039604 0.4973958333333333 0.7147277227722773 0.4973958333333333 0.7147277227722773 0.4279513888888889 0.6478960396039604 0.4279513888888889 0.6478960396039604 0.4973958333333333
0 0.034653465346534656 0.9982638888888888 0.10024752475247525 0.9982638888888888 0.10024752475247525 0.9427083333333334 0.034653465346534656 0.9427083333333334 0.034653465346534656 0.9982638888888888
0 0.6788366336633663 0.3637152777777778 0.7332920792079208 0.3637152777777778 0.7332920792079208 0.2664930555555556 0.6788366336633663 0.2664930555555556 0.6788366336633663 0.3637152777777778
0 0.9139851485148515 0.14583333333333334 0.9721534653465347 0.14583333333333334 0.9721534653465347 0.050347222222222224 0.9139851485148515 0.050347222222222224 0.9139851485148515 0.14583333333333334
0 0.630569306930693 0.2916666666666667 0.6862623762376238 0.2916666666666667 0.6862623762376238 0.2048611111111111 0.630569306930693 0.2048611111111111 0.630569306930693 0.2916666666666667
0 0.8162128712871287 0.10850694444444445 0.8706683168316832 0.10850694444444445 0.8706683168316832 0.019965277777777776 0.8162128712871287 0.019965277777777776 0.8162128712871287 0.10850694444444445
0 0.8917079207920792 0 0.8917079207920792 0.0642361111111111 0.9511138613861386 0.0642361111111111 0.9511138613861386 0 0.8917079207920792 0
0 0.12066831683168316 0.9670138888888888 0.18626237623762376 0.9670138888888888 0.18626237623762376 0.8663194444444444 0.12066831683168316 0.8663194444444444 0.12066831683168316 0.9670138888888888
0 0.7339108910891089 0.3732638888888889 0.7982673267326733 0.3732638888888889 0.7982673267326733 0.2934027777777778 0.7339108910891089 0.2934027777777778 0.7339108910891089 0.3732638888888889
0 0.7543316831683168 0.12239583333333333 0.8211633663366337 0.12239583333333333 0.8211633663366337 0.04079861111111111 0.7543316831683168 0.04079861111111111 0.7543316831683168 0.12239583333333333
0 0.8397277227722773 0.15538194444444445 0.906559405940594 0.15538194444444445 0.906559405940594 0.06510416666666667 0.8397277227722773 0.06510416666666667 0.8397277227722773 0.15538194444444445
0 0.12747524752475248 0.9991319444444444 0.18811881188118812 0.9991319444444444 0.18811881188118812 0.9522569444444444 0.12747524752475248 0.9522569444444444 0.12747524752475248 0.9991319444444444
0 0.7747524752475248 0 0.7747524752475248 0.041666666666666664 0.8353960396039604 0.041666666666666664 0.8353960396039604 0 0.7747524752475248 0
0 0.19245049504950495 0.9973958333333334 0.2431930693069307 0.9973958333333334 0.2431930693069307 0.9661458333333334 0.19245049504950495 0.9661458333333334 0.19245049504950495 0.9973958333333334
0 0.8403465346534653 0 0.8403465346534653 0.04513888888888889 0.8898514851485149 0.04513888888888889 0.8898514851485149 0 0.8403465346534653 0