0 0.4863861386138614 0.7960069444444444 0.5581683168316832 0.7960069444444444 0.5581683168316832 0.6831597222222222 0.4863861386138614 0.6831597222222222 0.4863861386138614 0.7960069444444444
0 0.6429455445544554 0.5347222222222222 0.7110148514851485 0.5347222222222222 0.7110148514851485 0.4288194444444444 0.6429455445544554 0.4288194444444444 0.6429455445544554 0.5347222222222222
0 0.4251237623762376 0.9809027777777778 0.4969059405940594 0.9809027777777778 0.4969059405940594 0.8576388888888888 0.4251237623762376 0.8576388888888888 0.4251237623762376 0.9809027777777778
0 0.48205445544554454 0.6675347222222222 0.5488861386138614 0.6675347222222222 0.5488861386138614 0.5616319444444444 0.48205445544554454 0.5616319444444444 0.48205445544554454 0.6675347222222222
0 0.7128712871287128 0.5251736111111112 0.7797029702970297 0.5251736111111112 0.7797029702970297 0.4157986111111111 0.7128712871287128 0.4157986111111111 0.7128712871287128 0.5251736111111112
0 0.2370049504950495 0.9982638888888888 0.30383663366336633 0.9982638888888888 0.30383663366336633 0.9097222222222222 0.2370049504950495 0.9097222222222222 0.2370049504950495 0.9982638888888888
0 0.7017326732673267 0.9722222222222222 0.7735148514851485 0.9722222222222222 0.7735148514851485 0.8576388888888888 0.7017326732673267 0.8576388888888888 0.7017326732673267 0.9722222222222222
0 0.5872524752475248 0.6397569444444444 0.6528465346534653 0.6397569444444444 0.6528465346534653 0.5269097222222222 0.5872524752475248 0.5269097222222222 0.5872524752475248 0.6397569444444444
0 0.452970297029703 0.4461805555555556 0.5185643564356436 0.4461805555555556 0.5185643564356436 0.3524305555555556 0.452970297029703 0.3524305555555556 0.452970297029703 0.4461805555555556
0 0.46720297029702973 0.8923611111111112 0.536509900990099 0.8923611111111112 0.536509900990099 0.78125 0.46720297029702973 0.78125 0.46720297029702973 0.8923611111111112
0 0.557549504950495 0.7916666666666666 0.630569306930693 0.7916666666666666 0.630569306930693 0.6788194444444444 0.557549504950495 0.6788194444444444 0.557549504950495 0.7916666666666666
0 0.6782178217821783 0.7083333333333334 0.7524752475247525 0.7083333333333334 0.7524752475247525 0.6024305555555556 0.6782178217821783 0.6024305555555556 0.6782178217821783 0.7083333333333334
0 0.3162128712871287 0.8559027777777778 0.3842821782178218 0.8559027777777778 0.3842821782178218 0.7378472222222222 0.3162128712871287 0.7378472222222222 0.3162128712871287 0.8559027777777778
0 0.2568069306930693 0.9097222222222222 0.31992574257425743 0.9097222222222222 0.31992574257425743 0.7951388888888888 0.2568069306930693 0.7951388888888888 0.2568069306930693 0.9097222222222222
0 0.551980198019802 0.4288194444444444 0.6163366336633663 0.4288194444444444 0.6163366336633663 0.3298611111111111 0.551980198019802 0.3298611111111111 0.551980198019802 0.4288194444444444
0 0.3681930693069307 0.9105902777777778 0.4337871287128713 0.9105902777777778 0.4337871287128713 0.7994791666666666 0.3681930693069307 0.7994791666666666 0.3681930693069307 0.9105902777777778
0 0.43626237623762376 0.6310763888888888 0.4969059405940594 0.6310763888888888 0.4969059405940594 0.5182291666666666 0.43626237623762376 0.5182291666666666 0.43626237623762376 0.6310763888888888
0 0.7561881188118812 0.4496527777777778 0.8279702970297029 0.4496527777777778 0.8279702970297029 0.3402777777777778 0.7561881188118812 0.3402777777777778 0.7561881188118812 0.4496527777777778
0 0.35767326732673266 0.9982638888888888 0.42945544554455445 0.9982638888888888 0.42945544554455445 0.9270833333333334 0.35767326732673266 0.9270833333333334 0.35767326732673266 0.9982638888888888
0 0.30507425742574257 0.9730902777777778 0.37066831683168316 0.9730902777777778 0.37066831683168316 0.8602430555555556 0.30507425742574257 0.8602430555555556 0.30507425742574257 0.9730902777777778
0 0.781559405940594 0.3628472222222222 0.8409653465346535 0.3628472222222222 0.8409653465346535 0.2777777777777778 0.781559405940594 0.2777777777777778 0.781559405940594 0.3628472222222222
0 0.6707920792079208 0.8802083333333334 0.7413366336633663 0.8802083333333334 0.7413366336633663 0.7743055555555556 0.6707920792079208 0.7743055555555556 0.6707920792079208 0.8802083333333334
0 0.8904702970297029 0.3862847222222222 0.9709158415841584 0.3862847222222222 0.9709158415841584 0.2838541666666667 0.8904702970297029 0.2838541666666667 0.8904702970297029 0.3862847222222222
0 0.8428217821782178 0.3637152777777778 0.8997524752475248 0.3637152777777778 0.8997524752475248 0.2664930555555556 0.8428217821782178 0.2664930555555556 0.8428217821782178 0.3637152777777778
0 0.5321782178217822 0.6970486111111112 0.6051980198019802 0.6970486111111112 0.6051980198019802 0.6032986111111112 0.5321782178217822 0.6032986111111112 0.5321782178217822 0.6970486111111112
0 0.5891089108910891 0.2873263888888889 0.655940594059406 0.2873263888888889 0.655940594059406 0.1814236111111111 0.5891089108910891 0.1814236111111111 0.5891089108910891 0.2873263888888889
0 0.656559405940594 0.6362847222222222 0.7271039603960396 0.6362847222222222 0.7271039603960396 0.5321180555555556 0.656559405940594 0.5321180555555556 0.656559405940594 0.6362847222222222
0 0.7153465346534653 0.3645833333333333 0.775990099009901 0.3645833333333333 0.775990099009901 0.2829861111111111 0.7153465346534653 0.2829861111111111 0.7153465346534653 0.3645833333333333
0 0.6113861386138614 0.4609375 0.6831683168316832 0.4609375 0.6831683168316832 0.3654513888888889 0.6113861386138614 0.3654513888888889 0.6113861386138614 0.4609375
0 0.869430693069307 0.1762152777777778 0.9362623762376238 0.1762152777777778 0.9362623762376238 0.07725694444444445 0.869430693069307 0.07725694444444445 0.869430693069307 0.1762152777777778
0 0.42326732673267325 0.7934027777777778 0.4863861386138614 0.7934027777777778 0.4863861386138614 0.6840277777777778 0.42326732673267325 0.6840277777777778 0.42326732673267325 0.7934027777777778
0 0.7469059405940595 0.2855902777777778 0.8038366336633663 0.2855902777777778 0.8038366336633663 0.22135416666666666 0.7469059405940595 0.22135416666666666 0.7469059405940595 0.2855902777777778
0 0.681930693069307 0.4314236111111111 0.7475247524752475 0.4314236111111111 0.7475247524752475 0.3550347222222222 0.681930693069307 0.3550347222222222 0.681930693069307 0.4314236111111111
0 0.8186881188118812 0.2690972222222222 0.8867574257425742 0.2690972222222222 0.8867574257425742 0.18229166666666666 0.8186881188118812 0.18229166666666666 0.8186881188118812 0.2690972222222222
0 0.7314356435643564 0.12586805555555555 0.7858910891089109 0.12586805555555555 0.7858910891089109 0.04079861111111111 0.7314356435643564 0.04079861111111111 0.7314356435643564 0.12586805555555555
0 0.7858910891089109 0.21788194444444445 0.8564356435643564 0.21788194444444445 0.8564356435643564 0.12239583333333333 0.7858910891089109 0.12239583333333333 0.7858910891089109 0.21788194444444445
0 0.7611386138613861 0.17100694444444445 0.823019801980198 0.17100694444444445 0.823019801980198 0.07899305555555555 0.7611386138613861 0.07899305555555555 0.7611386138613861 0.17100694444444445
0 0.6175742574257426 0.3342013888888889 0.6782178217821783 0.3342013888888889 0.6782178217821783 0.24739583333333334 0.6175742574257426 0.24739583333333334 0.6175742574257426 0.3342013888888889
0 0.6875 0 0.6875 0.050347222222222224 0.7407178217821783 0.050347222222222224 0.7407178217821783 0 0.6875 0
0 0.7073019801980198 0.234375 0.7716584158415841 0.234375 0.7716584158415841 0.1701388888888889 0.7073019801980198 0.1701388888888889 0.7073019801980198 0.234375
0 0.6460396039603961 0.3671875 0.7128712871287128 0.3671875 0.7128712871287128 0.2873263888888889 0.6460396039603961 0.2873263888888889 0.6460396039603961 0.3671875
0 0.682549504950495 0.2925347222222222 0.7456683168316832 0.2925347222222222 0.7456683168316832 0.2282986111111111 0.682549504950495 0.2282986111111111 0.682549504950495 0.2925347222222222
0 0.7846534653465347 0.10503472222222222 0.8452970297029703 0.10503472222222222 0.8452970297029703 0.021701388888888888 0.7846534653465347 0.021701388888888888 0.7846534653465347 0.10503472222222222
0 0.1150990099009901 0.8463541666666666 0.1782178217821782 0.8463541666666666 0.1782178217821782 0.7196180555555556 0.1150990099009901 0.7196180555555556 0.1150990099009901 0.8463541666666666
0 0.7462871287128713 0 0.7462871287128713 0.03993055555555555 0.7957920792079208 0.03993055555555555 0.7957920792079208 0 0.7462871287128713 0
0 0 0.8532986111111112 0.02599009900990099 0.8532986111111112 0.02599009900990099 0.7491319444444444 0 0.7491319444444444 0 0.8532986111111112
0 0.8471534653465347 0.1284722222222222 0.906559405940594 0.1284722222222222 0.906559405940594 0.036458333333333336 0.8471534653465347 0.036458333333333336 0.8471534653465347 0.1284722222222222
0 0.5340346534653465 0.3585069444444444 0.5922029702970297 0.3585069444444444 0.5922029702970297 0.2751736111111111 0.5340346534653465 0.2751736111111111 0.5340346534653465 0.3585069444444444
0 0.8595297029702971 0 0.8595297029702971 0.0642361111111111 0.9461633663366337 0.0642361111111111 0.9461633663366337 0 0.8595297029702971 0
0 0.9486386138613861 0.3038194444444444 0.9981435643564357 0.3038194444444444 0.9981435643564357 0.22569444444444445 0.9486386138613861 0.22569444444444445 0.9486386138613861 0.3038194444444444
0 0.7976485148514851 0.03211805555555555 0.8595297029702971 0.03211805555555555 0.8595297029702971 0.0008680555555555555 0.7976485148514851 0.0008680555555555555 0.7976485148514851 0.03211805555555555