0 0.5247524752475248 0.7430555555555556 0.599009900990099 0.7430555555555556 0.599009900990099 0.6319444444444444 0.5247524752475248 0.6319444444444444 0.5247524752475248 0.7430555555555556
0 0.4566831683168317 0.7378472222222222 0.5247524752475248 0.7378472222222222 0.5247524752475248 0.625 0.4566831683168317 0.625 0.4566831683168317 0.7378472222222222
0 0.6336633663366337 0.3315972222222222 0.6856435643564357 0.3315972222222222 0.6856435643564357 0.23958333333333334 0.6336633663366337 0.23958333333333334 0.6336633663366337 0.3315972222222222
0 0.5037128712871287 0.5164930555555556 0.5618811881188119 0.5164930555555556 0.5618811881188119 0.4140625 0.5037128712871287 0.4140625 0.5037128712871287 0.5164930555555556
0 0.7487623762376238 0.3489583333333333 0.8118811881188119 0.3489583333333333 0.8118811881188119 0.24479166666666666 0.7487623762376238 0.24479166666666666 0.7487623762376238 0.3489583333333333
0 0.5767326732673267 0.6692708333333334 0.6448019801980198 0.6692708333333334 0.6448019801980198 0.5564236111111112 0.5767326732673267 0.5564236111111112 0.5767326732673267 0.6692708333333334
0 0.4412128712871287 0.5234375 0.5030940594059405 0.5234375 0.5030940594059405 0.4157986111111111 0.4412128712871287 0.4157986111111111 0.4412128712871287 0.5234375
0 0.6454207920792079 0.6657986111111112 0.7147277227722773 0.6657986111111112 0.7147277227722773 0.5598958333333334 0.6454207920792079 0.5598958333333334 0.6454207920792079 0.6657986111111112
0 0.7209158415841584 0.4644097222222222 0.7877475247524752 0.4644097222222222 0.7877475247524752 0.3654513888888889 0.7209158415841584 0.3654513888888889 0.7209158415841584 0.4644097222222222
0 0.8762376237623762 0.1623263888888889 0.931930693069307 0.1623263888888889 0.931930693069307 0.0703125 0.8762376237623762 0.0703125 0.8762376237623762 0.1623263888888889
0 0.4542079207920792 0.6241319444444444 0.5148514851485149 0.6241319444444444 0.5148514851485149 0.5234375 0.4542079207920792 0.5234375 0.4542079207920792 0.6241319444444444
0 0.8087871287128713 0.3307291666666667 0.8657178217821783 0.3307291666666667 0.8657178217821783 0.23524305555555555 0.8087871287128713 0.23524305555555555 0.8087871287128713 0.3307291666666667
0 0.744430693069307 0.1935763888888889 0.8100247524752475 0.1935763888888889 0.8100247524752475 0.1015625 0.744430693069307 0.1015625 0.744430693069307 0.1935763888888889
0 0.29455445544554454 0.8480902777777778 0.3589108910891089 0.8480902777777778 0.3589108910891089 0.7456597222222222 0.29455445544554454 0.7456597222222222 0.29455445544554454 0.8480902777777778
0 0.14665841584158415 0.8628472222222222 0.2073019801980198 0.8628472222222222 0.2073019801980198 0.7552083333333334 0.14665841584158415 0.7552083333333334 0.14665841584158415 0.8628472222222222
0 0.8316831683168316 0.2508680555555556 0.8898514851485149 0.2508680555555556 0.8898514851485149 0.1605902777777778 0.8316831683168316 0.1605902777777778 0.8316831683168316 0.2508680555555556
0 0.6837871287128713 0.3637152777777778 0.7506188118811881 0.3637152777777778 0.7506188118811881 0.2595486111111111 0.6837871287128713 0.2595486111111111 0.6837871287128713 0.3637152777777778
0 0.3712871287128713 0.9427083333333334 0.4443069306930693 0.9427083333333334 0.4443069306930693 0.8385416666666666 0.3712871287128713 0.8385416666666666 0.3712871287128713 0.9427083333333334
0 0.8125 0.17447916666666666 0.8731435643564357 0.17447916666666666 0.8731435643564357 0.08072916666666667 0.8125 0.08072916666666667 0.8125 0.17447916666666666
0 0.3502475247524752 0.75 0.41707920792079206 0.75 0.41707920792079206 0.6475694444444444 0.3502475247524752 0.6475694444444444 0.3502475247524752 0.75
0 0.23886138613861385 0.9956597222222222 0.2995049504950495 0.9956597222222222 0.2995049504950495 0.8810763888888888 0.23886138613861385 0.8810763888888888 0.23886138613861385 0.9956597222222222
0 0.3997524752475248 0.8029513888888888 0.46905940594059403 0.8029513888888888 0.46905940594059403 0.6918402777777778 0.3997524752475248 0.6918402777777778 0.3997524752475248 0.8029513888888888
0 0.45792079207920794 0.8489583333333334 0.5272277227722773 0.8489583333333334 0.5272277227722773 0.7447916666666666 0.45792079207920794 0.7447916666666666 0.45792079207920794 0.8489583333333334
0 0.5563118811881188 0.5546875 0.6231435643564357 0.5546875 0.6231435643564357 0.4505208333333333 0.5563118811881188 0.4505208333333333 0.5563118811881188 0.5546875
0 0.39851485148514854 0.6857638888888888 0.46410891089108913 0.6857638888888888 0.46410891089108913 0.578125 0.39851485148514854 0.578125 0.39851485148514854 0.6857638888888888
0 0.4752475247524752 0.9366319444444444 0.5482673267326733 0.9366319444444444 0.5482673267326733 0.8237847222222222 0.4752475247524752 0.8237847222222222 0.4752475247524752 0.9366319444444444
0 0.19245049504950495 0.9270833333333334 0.24938118811881188 0.9270833333333334 0.24938118811881188 0.8159722222222222 0.19245049504950495 0.8159722222222222 0.19245049504950495 0.9270833333333334
0 0.3056930693069307 0.9487847222222222 0.3712871287128713 0.9487847222222222 0.3712871287128713 0.8394097222222222 0.3056930693069307 0.8394097222222222 0.3056930693069307 0.9487847222222222
0 0.719059405940594 0.1154513888888889 0.775990099009901 0.1154513888888889 0.775990099009901 0.026909722222222224 0.719059405940594 0.026909722222222224 0.719059405940594 0.1154513888888889
0 0.2295792079207921 0.8498263888888888 0.29517326732673266 0.8498263888888888 0.29517326732673266 0.7508680555555556 0.2295792079207921 0.7508680555555556 0.2295792079207921 0.8498263888888888
0 0.7753712871287128 0.2482638888888889 0.8347772277227723 0.2482638888888889 0.8347772277227723 0.18229166666666666 0.7753712871287128 0.18229166666666666 0.7753712871287128 0.2482638888888889
0 0.36014851485148514 0.8541666666666666 0.42698019801980197 0.8541666666666666 0.42698019801980197 0.7708333333333334 0.36014851485148514 0.7708333333333334 0.36014851485148514 0.8541666666666666
0 0.22153465346534654 0.7664930555555556 0.2896039603960396 0.7664930555555556 0.2896039603960396 0.6657986111111112 0.22153465346534654 0.6657986111111112 0.22153465346534654 0.7664930555555556
0 0.8372524752475248 0.08506944444444445 0.9040841584158416 0.08506944444444445 0.9040841584158416 0.022569444444444444 0.8372524752475248 0.022569444444444444 0.8372524752475248 0.08506944444444445
0 0.775990099009901 0.10503472222222222 0.8353960396039604 0.10503472222222222 0.8353960396039604 0.044270833333333336 0.775990099009901 0.044270833333333336 0.775990099009901 0.10503472222222222
0 0.5074257425742574 0.6467013888888888 0.5742574257425742 0.6467013888888888 0.5742574257425742 0.5633680555555556 0.5074257425742574 0.5633680555555556 0.5074257425742574 0.6467013888888888
0 0.3780940594059406 0.9973958333333334 0.4498762376237624 0.9973958333333334 0.4498762376237624 0.9366319444444444 0.3780940594059406 0.9366319444444444 0.3780940594059406 0.9973958333333334
0 0.6150990099009901 0.5703125 0.6905940594059405 0.5703125 0.6905940594059405 0.4887152777777778 0.6150990099009901 0.4887152777777778 0.6150990099009901 0.5703125
0 0.286509900990099 0.9982638888888888 0.35086633663366334 0.9982638888888888 0.35086633663366334 0.9479166666666666 0.286509900990099 0.9479166666666666 0.286509900990099 0.9982638888888888
0 0.7091584158415841 0.2638888888888889 0.7735148514851485 0.2638888888888889 0.7735148514851485 0.1996527777777778 0.7091584158415841 0.1996527777777778 0.7091584158415841 0.2638888888888889
0 0.8050742574257426 0 0.8050742574257426 0.04513888888888889 0.8620049504950495 0.04513888888888889 0.8620049504950495 0 0.8050742574257426 0
0 0.7419554455445545 0 0.7419554455445545 0.050347222222222224 0.8038366336633663 0.050347222222222224 0.8038366336633663 0 0.7419554455445545 0
0 0.44863861386138615 0.9982638888888888 0.510519801980198 0.9982638888888888 0.510519801980198 0.9166666666666666 0.44863861386138615 0.9166666666666666 0.44863861386138615 0.9982638888888888