0 0.4158415841584158 0.8993055555555556 0.48267326732673266 0.8993055555555556 0.48267326732673266 0.7847222222222222 0.4158415841584158 0.7847222222222222 0.4158415841584158 0.8993055555555556
0 0.7698019801980198 0.6675347222222222 0.8452970297029703 0.6675347222222222 0.8452970297029703 0.5616319444444444 0.7698019801980198 0.5616319444444444 0.7698019801980198 0.6675347222222222
0 0.4931930693069307 0.7916666666666666 0.5587871287128713 0.7916666666666666 0.5587871287128713 0.6857638888888888 0.4931930693069307 0.6857638888888888 0.4931930693069307 0.7916666666666666
0 0.5600247524752475 0.7994791666666666 0.630569306930693 0.7994791666666666 0.630569306930693 0.6814236111111112 0.5600247524752475 0.6814236111111112 0.5600247524752475 0.7994791666666666
0 0.655940594059406 0.25 0.7128712871287128 0.25 0.7128712871287128 0.1527777777777778 0.655940594059406 0.1527777777777778 0.655940594059406 0.25
0 0.7524752475247525 0.1484375 0.818069306930693 0.1484375 0.818069306930693 0.0546875 0.7524752475247525 0.0546875 0.7524752475247525 0.1484375
0 0.504950495049505 0.9965277777777778 0.5767326732673267 0.9965277777777778 0.5767326732673267 0.8888888888888888 0.504950495049505 0.8888888888888888 0.504950495049505 0.9965277777777778
0 0.6150990099009901 0.7222222222222222 0.6881188118811881 0.7222222222222222 0.6881188118811881 0.6041666666666666 0.6150990099009901 0.6041666666666666 0.6150990099009901 0.7222222222222222
0 0.2995049504950495 0.9982638888888888 0.36633663366336633 0.9982638888888888 0.36633663366336633 0.9340277777777778 0.2995049504950495 0.9340277777777778 0.2995049504950495 0.9982638888888888
0 0.3087871287128713 0.9140625 0.3780940594059406 0.9140625 0.3780940594059406 0.7994791666666666 0.3087871287128713 0.7994791666666666 0.3087871287128713 0.9140625
0 0.23824257425742573 0.9982638888888888 0.2988861386138614 0.9982638888888888 0.2988861386138614 0.9201388888888888 0.23824257425742573 0.9201388888888888 0.23824257425742573 0.9982638888888888
0 0.3180693069306931 0.6727430555555556 0.37376237623762376 0.6727430555555556 0.37376237623762376 0.5685763888888888 0.3180693069306931 0.5685763888888888 0.3180693069306931 0.6727430555555556
0 0.5946782178217822 0.2526041666666667 0.6540841584158416 0.2526041666666667 0.6540841584158416 0.1657986111111111 0.5946782178217822 0.1657986111111111 0.5946782178217822 0.2526041666666667
0 0.650990099009901 0.640625 0.7165841584158416 0.640625 0.7165841584158416 0.5347222222222222 0.650990099009901 0.5347222222222222 0.650990099009901 0.640625
0 0.7784653465346535 0.3046875 0.8613861386138614 0.3046875 0.8613861386138614 0.18836805555555555 0.7784653465346535 0.18836805555555555 0.7784653465346535 0.3046875
0 0.8323019801980198 0.5963541666666666 0.8917079207920792 0.5963541666666666 0.8917079207920792 0.4956597222222222 0.8323019801980198 0.4956597222222222 0.8323019801980198 0.5963541666666666
0 0.2685643564356436 0.8585069444444444 0.3316831683168317 0.8585069444444444 0.3316831683168317 0.7491319444444444 0.2685643564356436 0.7491319444444444 0.2685643564356436 0.8585069444444444
0 0.8780940594059405 0.13975694444444445 0.9362623762376238 0.13975694444444445 0.9362623762376238 0.042534722222222224 0.8780940594059405 0.042534722222222224 0.8780940594059405 0.13975694444444445
0 0.4659653465346535 0.7057291666666666 0.536509900990099 0.7057291666666666 0.536509900990099 0.6050347222222222 0.4659653465346535 0.6050347222222222 0.4659653465346535 0.7057291666666666
0 0.6225247524752475 0.5407986111111112 0.6831683168316832 0.5407986111111112 0.6831683168316832 0.4661458333333333 0.6225247524752475 0.4661458333333333 0.6225247524752475 0.5407986111111112
0 0.48514851485148514 0.9027777777777778 0.5594059405940595 0.9027777777777778 0.5594059405940595 0.8055555555555556 0.48514851485148514 0.8055555555555556 0.48514851485148514 0.9027777777777778
0 0.7079207920792079 0.5277777777777778 0.7784653465346535 0.5277777777777778 0.7784653465346535 0.4340277777777778 0.7079207920792079 0.4340277777777778 0.7079207920792079 0.5277777777777778
0 0.7704207920792079 0.421875 0.8409653465346535 0.421875 0.8409653465346535 0.3211805555555556 0.7704207920792079 0.3211805555555556 0.7704207920792079 0.421875
0 0.7172029702970297 0.6284722222222222 0.7827970297029703 0.6284722222222222 0.7827970297029703 0.5277777777777778 0.7172029702970297 0.5277777777777778 0.7172029702970297 0.6284722222222222
0 0.35705445544554454 0.9522569444444444 0.4275990099009901 0.9522569444444444 0.4275990099009901 0.8567708333333334 0.35705445544554454 0.8567708333333334 0.35705445544554454 0.9522569444444444
0 0.463490099009901 0.5 0.5340346534653465 0.5 0.5340346534653465 0.4079861111111111 0.463490099009901 0.4079861111111111 0.463490099009901 0.5
0 0.3966584158415842 0.5902777777777778 0.4573019801980198 0.5902777777777778 0.4573019801980198 0.4982638888888889 0.3966584158415842 0.4982638888888889 0.3966584158415842 0.5902777777777778
0 0.5377475247524752 0.6909722222222222 0.6033415841584159 0.6909722222222222 0.6033415841584159 0.6111111111111112 0.5377475247524752 0.6111111111111112 0.5377475247524752 0.6909722222222222
0 0.41089108910891087 0.6640625 0.47648514851485146 0.6640625 0.47648514851485146 0.5616319444444444 0.41089108910891087 0.5616319444444444 0.41089108910891087 0.6640625
0 0.594059405940594 0.4748263888888889 0.655940594059406 0.4748263888888889 0.655940594059406 0.4071180555555556 0.594059405940594 0.4071180555555556 0.594059405940594 0.4748263888888889
0 0.8898514851485149 0 0.8898514851485149 0.06597222222222222 0.9517326732673267 0.06597222222222222 0.9517326732673267 0 0.8898514851485149 0
0 0.692450495049505 0.3394097222222222 0.755569306930693 0.3394097222222222 0.755569306930693 0.2404513888888889 0.692450495049505 0.2404513888888889 0.692450495049505 0.3394097222222222
0 0.6782178217821783 0.4618055555555556 0.7524752475247525 0.4618055555555556 0.7524752475247525 0.3611111111111111 0.6782178217821783 0.3611111111111111 0.6782178217821783 0.4618055555555556
0 0.6336633663366337 0.3446180555555556 0.6905940594059405 0.3446180555555556 0.6905940594059405 0.2560763888888889 0.6336633663366337 0.2560763888888889 0.6336633663366337 0.3446180555555556
0 0.5550742574257426 0.5373263888888888 0.619430693069307 0.5373263888888888 0.619430693069307 0.4678819444444444 0.5550742574257426 0.4678819444444444 0.5550742574257426 0.5373263888888888
0 0.8304455445544554 0.07291666666666667 0.8910891089108911 0.07291666666666667 0.8910891089108911 0.001736111111111111 0.8304455445544554 0.001736111111111111 0.8304455445544554 0.07291666666666667
0 0.7085396039603961 0.2664930555555556 0.7766089108910891 0.2664930555555556 0.7766089108910891 0.1796875 0.7085396039603961 0.1796875 0.7085396039603961 0.2664930555555556
0 0.6577970297029703 0.4001736111111111 0.7233910891089109 0.4001736111111111 0.7233910891089109 0.3064236111111111 0.6577970297029703 0.3064236111111111 0.6577970297029703 0.4001736111111111
0 0.8199257425742574 0.16493055555555555 0.8842821782178217 0.16493055555555555 0.8842821782178217 0.06597222222222222 0.8199257425742574 0.06597222222222222 0.8199257425742574 0.16493055555555555
0 0.5798267326732673 0.6206597222222222 0.6429455445544554 0.6206597222222222 0.6429455445544554 0.5338541666666666 0.5798267326732673 0.5338541666666666 0.5798267326732673 0.6206597222222222
0 0.7512376237623762 0.3637152777777778 0.8168316831683168 0.3637152777777778 0.8168316831683168 0.2630208333333333 0.7512376237623762 0.2630208333333333 0.7512376237623762 0.3637152777777778
0 0.5099009900990099 0.6241319444444444 0.5767326732673267 0.6241319444444444 0.5767326732673267 0.5234375 0.5099009900990099 0.5234375 0.5099009900990099 0.6241319444444444
0 0.37314356435643564 0.9982638888888888 0.4375 0.9982638888888888 0.4375 0.9427083333333334 0.37314356435643564 0.9427083333333334 0.37314356435643564 0.9982638888888888
0 0.8254950495049505 0.2361111111111111 0.8849009900990099 0.2361111111111111 0.8849009900990099 0.1527777777777778 0.8254950495049505 0.1527777777777778 0.8254950495049505 0.2361111111111111
0 0.47648514851485146 0.5685763888888888 0.5532178217821783 0.5685763888888888 0.5532178217821783 0.4765625 0.47648514851485146 0.4765625 0.47648514851485146 0.5685763888888888
0 0.12871287128712872 0.9982638888888888 0.18193069306930693 0.9982638888888888 0.18193069306930693 0.9652777777777778 0.12871287128712872 0.9652777777777778 0.12871287128712872 0.9982638888888888
0 0.7840346534653465 0 0.7840346534653465 0.026041666666666668 0.8471534653465347 0.026041666666666668 0.8471534653465347 0 0.7840346534653465 0