0 0.6652227722772277 0.6197916666666666 0.7320544554455446 0.6197916666666666 0.7320544554455446 0.5069444444444444 0.6652227722772277 0.5069444444444444 0.6652227722772277 0.6197916666666666
0 0.4251237623762376 0.8828125 0.49566831683168316 0.8828125 0.49566831683168316 0.7699652777777778 0.4251237623762376 0.7699652777777778 0.4251237623762376 0.8828125
0 0.4251237623762376 0.7552083333333334 0.4944306930693069 0.7552083333333334 0.4944306930693069 0.6423611111111112 0.4251237623762376 0.6423611111111112 0.4251237623762376 0.7552083333333334
0 0.5272277227722773 0.734375 0.5977722772277227 0.734375 0.5977722772277227 0.6215277777777778 0.5272277227722773 0.6215277777777778 0.5272277227722773 0.734375
0 0.620049504950495 0.8098958333333334 0.6943069306930693 0.8098958333333334 0.6943069306930693 0.7022569444444444 0.620049504950495 0.7022569444444444 0.620049504950495 0.8098958333333334
0 0.8539603960396039 0.4800347222222222 0.931930693069307 0.4800347222222222 0.931930693069307 0.3776041666666667 0.8539603960396039 0.3776041666666667 0.8539603960396039 0.4800347222222222
0 0.30198019801980197 0.9965277777777778 0.3688118811881188 0.9965277777777778 0.3688118811881188 0.8871527777777778 0.30198019801980197 0.8871527777777778 0.30198019801980197 0.9965277777777778
0 0.505569306930693 0.5095486111111112 0.5724009900990099 0.5095486111111112 0.5724009900990099 0.4088541666666667 0.505569306930693 0.4088541666666667 0.505569306930693 0.5095486111111112
0 0.2530940594059406 0.9357638888888888 0.31992574257425743 0.9357638888888888 0.31992574257425743 0.8229166666666666 0.2530940594059406 0.8229166666666666 0.2530940594059406 0.9357638888888888
0 0.8038366336633663 0.4479166666666667 0.8632425742574258 0.4479166666666667 0.8632425742574258 0.3524305555555556 0.8038366336633663 0.3524305555555556 0.8038366336633663 0.4479166666666667
0 0.4040841584158416 0.9852430555555556 0.4709158415841584 0.9852430555555556 0.4709158415841584 0.8706597222222222 0.4040841584158416 0.8706597222222222 0.4040841584158416 0.9852430555555556
0 0.49504950495049505 0.8871527777777778 0.568069306930693 0.8871527777777778 0.568069306930693 0.7725694444444444 0.49504950495049505 0.7725694444444444 0.49504950495049505 0.8871527777777778
0 0.6540841584158416 0.12065972222222222 0.7159653465346535 0.12065972222222222 0.7159653465346535 0.025173611111111112 0.6540841584158416 0.025173611111111112 0.6540841584158416 0.12065972222222222
0 0.19306930693069307 0.9930555555555556 0.2524752475247525 0.9930555555555556 0.2524752475247525 0.8767361111111112 0.19306930693069307 0.8767361111111112 0.19306930693069307 0.9930555555555556
0 0.40779702970297027 0.5243055555555556 0.4709158415841584 0.5243055555555556 0.4709158415841584 0.4201388888888889 0.40779702970297027 0.4201388888888889 0.40779702970297027 0.5243055555555556
0 0.7153465346534653 0.1111111111111111 0.7698019801980198 0.1111111111111111 0.7698019801980198 0.012152777777777778 0.7153465346534653 0.012152777777777778 0.7153465346534653 0.1111111111111111
0 0.5959158415841584 0.625 0.6627475247524752 0.625 0.6627475247524752 0.5173611111111112 0.5959158415841584 0.5173611111111112 0.5959158415841584 0.625
0 0.5488861386138614 0.3567708333333333 0.6181930693069307 0.3567708333333333 0.6181930693069307 0.2664930555555556 0.5488861386138614 0.2664930555555556 0.5488861386138614 0.3567708333333333
0 0.3626237623762376 0.8758680555555556 0.4245049504950495 0.8758680555555556 0.4245049504950495 0.7682291666666666 0.3626237623762376 0.7682291666666666 0.3626237623762376 0.8758680555555556
0 0.8372524752475248 0.2586805555555556 0.906559405940594 0.2586805555555556 0.906559405940594 0.1579861111111111 0.8372524752475248 0.1579861111111111 0.8372524752475248 0.2586805555555556
0 0.7103960396039604 0.5460069444444444 0.7834158415841584 0.5460069444444444 0.7834158415841584 0.4296875 0.7103960396039604 0.4296875 0.7103960396039604 0.5460069444444444
0 0.058787128712871284 0.9097222222222222 0.11695544554455446 0.9097222222222222 0.11695544554455446 0.7986111111111112 0.058787128712871284 0.7986111111111112 0.058787128712871284 0.9097222222222222
0 0.7827970297029703 0.3550347222222222 0.8545792079207921 0.3550347222222222 0.8545792079207921 0.2682291666666667 0.7827970297029703 0.2682291666666667 0.7827970297029703 0.3550347222222222
0 0.47586633663366334 0.7821180555555556 0.5464108910891089 0.7821180555555556 0.5464108910891089 0.6866319444444444 0.47586633663366334 0.6866319444444444 0.47586633663366334 0.7821180555555556
0 0.3780940594059406 0.7126736111111112 0.4436881188118812 0.7126736111111112 0.4436881188118812 0.6015625 0.3780940594059406 0.6015625 0.3780940594059406 0.7126736111111112
0 0.7079207920792079 0.3732638888888889 0.7660891089108911 0.3732638888888889 0.7660891089108911 0.3038194444444444 0.7079207920792079 0.3038194444444444 0.7079207920792079 0.3732638888888889
0 0.739480198019802 0.4609375 0.8001237623762376 0.4609375 0.8001237623762376 0.3654513888888889 0.739480198019802 0.3654513888888889 0.739480198019802 0.4609375
0 0.6027227722772277 0.7265625 0.6732673267326733 0.7265625 0.6732673267326733 0.6310763888888888 0.6027227722772277 0.6310763888888888 0.6027227722772277 0.7265625
0 0.6726485148514851 0.4505208333333333 0.7345297029702971 0.4505208333333333 0.7345297029702971 0.3689236111111111 0.6726485148514851 0.3689236111111111 0.6726485148514851 0.4505208333333333
0 0.5631188118811881 0.5451388888888888 0.6373762376237624 0.5451388888888888 0.6373762376237624 0.4461805555555556 0.5631188118811881 0.4461805555555556 0.5631188118811881 0.5451388888888888
0 0.7518564356435643 0.3020833333333333 0.8261138613861386 0.3020833333333333 0.8261138613861386 0.203125 0.7518564356435643 0.203125 0.7518564356435643 0.3020833333333333
0 0.5977722772277227 0.9895833333333334 0.6782178217821783 0.9895833333333334 0.6782178217821783 0.8732638888888888 0.5977722772277227 0.8732638888888888 0.5977722772277227 0.9895833333333334
0 0.6051980198019802 0.4505208333333333 0.6670792079207921 0.4505208333333333 0.6670792079207921 0.3689236111111111 0.6051980198019802 0.3689236111111111 0.6051980198019802 0.4505208333333333
0 0.6361386138613861 0.5208333333333334 0.7029702970297029 0.5208333333333334 0.7029702970297029 0.4409722222222222 0.6361386138613861 0.4409722222222222 0.6361386138613861 0.5208333333333334
0 0.23391089108910892 0.9973958333333334 0.297029702970297 0.9973958333333334 0.297029702970297 0.9401041666666666 0.23391089108910892 0.9401041666666666 0.23391089108910892 0.9973958333333334
0 0.8360148514851485 0.1440972222222222 0.9164603960396039 0.1440972222222222 0.9164603960396039 0.03125 0.8360148514851485 0.03125 0.8360148514851485 0.1440972222222222
0 0.7295792079207921 0.24739583333333334 0.7914603960396039 0.24739583333333334 0.7914603960396039 0.15538194444444445 0.7295792079207921 0.15538194444444445 0.7295792079207921 0.24739583333333334
0 0.7011138613861386 0.20052083333333334 0.755569306930693 0.20052083333333334 0.755569306930693 0.11371527777777778 0.7011138613861386 0.11371527777777778 0.7011138613861386 0.20052083333333334
0 0.4876237623762376 0.4348958333333333 0.5507425742574258 0.4348958333333333 0.5507425742574258 0.3585069444444444 0.4876237623762376 0.3585069444444444 0.4876237623762376 0.4348958333333333
0 0.5736386138613861 0.4123263888888889 0.6379950495049505 0.4123263888888889 0.6379950495049505 0.3255208333333333 0.5736386138613861 0.3255208333333333 0.5736386138613861 0.4123263888888889
0 0.6417079207920792 0.375 0.7048267326732673 0.375 0.7048267326732673 0.3090277777777778 0.6417079207920792 0.3090277777777778 0.6417079207920792 0.375
0 0.6646039603960396 0.3168402777777778 0.7351485148514851 0.3168402777777778 0.7351485148514851 0.2456597222222222 0.6646039603960396 0.2456597222222222 0.6646039603960396 0.3168402777777778
0 0.755569306930693 0.1857638888888889 0.8186881188118812 0.1857638888888889 0.8186881188118812 0.0954861111111111 0.755569306930693 0.0954861111111111 0.755569306930693 0.1857638888888889
0 0.8725247524752475 0.08246527777777778 0.9344059405940595 0.08246527777777778 0.9344059405940595 0.0008680555555555555 0.8725247524752475 0.0008680555555555555 0.8725247524752475 0.08246527777777778
0 0.7704207920792079 0.11458333333333333 0.8335396039603961 0.11458333333333333 0.8335396039603961 0.036458333333333336 0.7704207920792079 0.036458333333333336 0.7704207920792079 0.11458333333333333
0 0.3558168316831683 0.9982638888888888 0.42883663366336633 0.9982638888888888 0.42883663366336633 0.9565972222222222 0.3558168316831683 0.9565972222222222 0.3558168316831683 0.9982638888888888
0 0.817450495049505 0.2065972222222222 0.880569306930693 0.2065972222222222 0.880569306930693 0.11284722222222222 0.817450495049505 0.11284722222222222 0.817450495049505 0.2065972222222222
0 0.9102722772277227 0.3975694444444444 0.9696782178217822 0.3975694444444444 0.9696782178217822 0.3159722222222222 0.9102722772277227 0.3159722222222222 0.9102722772277227 0.3975694444444444