0 0.6918316831683168 0.5859375 0.7561881188118812 0.5859375 0.7561881188118812 0.4696180555555556 0.6918316831683168 0.4696180555555556 0.6918316831683168 0.5859375
0 0.556930693069307 0.5555555555555556 0.6262376237623762 0.5555555555555556 0.6262376237623762 0.4496527777777778 0.556930693069307 0.4496527777777778 0.556930693069307 0.5555555555555556
0 0.8508663366336634 0.22395833333333334 0.911509900990099 0.22395833333333334 0.911509900990099 0.125 0.8508663366336634 0.125 0.8508663366336634 0.22395833333333334
0 0.4275990099009901 0.6519097222222222 0.49195544554455445 0.6519097222222222 0.49195544554455445 0.5390625 0.4275990099009901 0.5390625 0.4275990099009901 0.6519097222222222
0 0.5433168316831684 0.7612847222222222 0.6349009900990099 0.7612847222222222 0.6349009900990099 0.6258680555555556 0.5433168316831684 0.6258680555555556 0.5433168316831684 0.7612847222222222
0 0.37623762376237624 0.640625 0.42945544554455445 0.640625 0.42945544554455445 0.546875 0.37623762376237624 0.546875 0.37623762376237624 0.640625
0 0.6379950495049505 0.0842013888888889 0.6949257425742574 0.0842013888888889 0.6949257425742574 0.0008680555555555555 0.6379950495049505 0.0008680555555555555 0.6379950495049505 0.0842013888888889
0 0.6943069306930693 0.10503472222222222 0.7574257425742574 0.10503472222222222 0.7574257425742574 0.019965277777777776 0.6943069306930693 0.019965277777777776 0.6943069306930693 0.10503472222222222
0 0.8162128712871287 0.14583333333333334 0.8780940594059405 0.14583333333333334 0.8780940594059405 0.046875 0.8162128712871287 0.046875 0.8162128712871287 0.14583333333333334
0 0.7215346534653465 0.5052083333333334 0.7896039603960396 0.5052083333333334 0.7896039603960396 0.3975694444444444 0.7215346534653465 0.3975694444444444 0.7215346534653465 0.5052083333333334
0 0.573019801980198 0.3784722222222222 0.6336633663366337 0.3784722222222222 0.6336633663366337 0.28125 0.573019801980198 0.28125 0.573019801980198 0.3784722222222222
0 0.905940594059406 0.13541666666666666 0.969059405940594 0.13541666666666666 0.969059405940594 0.036458333333333336 0.905940594059406 0.036458333333333336 0.905940594059406 0.13541666666666666
0 0.6219059405940595 0.4149305555555556 0.6949257425742574 0.4149305555555556 0.6949257425742574 0.3125 0.6219059405940595 0.3125 0.6219059405940595 0.4149305555555556
0 0.7995049504950495 0.3689236111111111 0.8688118811881188 0.3689236111111111 0.8688118811881188 0.2664930555555556 0.7995049504950495 0.2664930555555556 0.7995049504950495 0.3689236111111111
0 0.48205445544554454 0.6979166666666666 0.5513613861386139 0.6979166666666666 0.5513613861386139 0.5902777777777778 0.48205445544554454 0.5902777777777778 0.48205445544554454 0.6979166666666666
0 0.7827970297029703 0.2361111111111111 0.8446782178217822 0.2361111111111111 0.8446782178217822 0.15104166666666666 0.7827970297029703 0.15104166666666666 0.7827970297029703 0.2361111111111111
0 0.7227722772277227 0.20833333333333334 0.780940594059406 0.20833333333333334 0.780940594059406 0.12152777777777778 0.7227722772277227 0.12152777777777778 0.7227722772277227 0.20833333333333334
0 0.32054455445544555 0.9973958333333334 0.38613861386138615 0.9973958333333334 0.38613861386138615 0.9088541666666666 0.32054455445544555 0.9088541666666666 0.32054455445544555 0.9973958333333334
0 0.755569306930693 0.12413194444444445 0.817450495049505 0.12413194444444445 0.817450495049505 0.028645833333333332 0.755569306930693 0.028645833333333332 0.755569306930693 0.12413194444444445
0 0.619430693069307 0.5963541666666666 0.692450495049505 0.5963541666666666 0.692450495049505 0.4852430555555556 0.619430693069307 0.4852430555555556 0.619430693069307 0.5963541666666666
0 0.29764851485148514 0.9166666666666666 0.3719059405940594 0.9166666666666666 0.3719059405940594 0.8194444444444444 0.29764851485148514 0.8194444444444444 0.29764851485148514 0.9166666666666666
0 0.6132425742574258 0.6892361111111112 0.6763613861386139 0.6892361111111112 0.6763613861386139 0.5850694444444444 0.6132425742574258 0.5850694444444444 0.6132425742574258 0.6892361111111112
0 0.18378712871287128 0.8854166666666666 0.2506188118811881 0.8854166666666666 0.2506188118811881 0.7899305555555556 0.18378712871287128 0.7899305555555556 0.18378712871287128 0.8854166666666666
0 0.4975247524752475 0.8107638888888888 0.568069306930693 0.8107638888888888 0.568069306930693 0.7170138888888888 0.4975247524752475 0.7170138888888888 0.4975247524752475 0.8107638888888888
0 0.42017326732673266 0.9973958333333334 0.4931930693069307 0.9973958333333334 0.4931930693069307 0.9019097222222222 0.42017326732673266 0.9019097222222222 0.42017326732673266 0.9973958333333334
0 0.09962871287128713 0.9618055555555556 0.16027227722772278 0.9618055555555556 0.16027227722772278 0.875 0.09962871287128713 0.875 0.09962871287128713 0.9618055555555556
0 0.6534653465346535 0.2977430555555556 0.7153465346534653 0.2977430555555556 0.7153465346534653 0.20052083333333334 0.6534653465346535 0.20052083333333334 0.6534653465346535 0.2977430555555556
0 0.4443069306930693 0.7769097222222222 0.5185643564356436 0.7769097222222222 0.5185643564356436 0.6605902777777778 0.4443069306930693 0.6605902777777778 0.4443069306930693 0.7769097222222222
0 0.38366336633663367 0.7508680555555556 0.4443069306930693 0.7508680555555556 0.4443069306930693 0.6675347222222222 0.38366336633663367 0.6675347222222222 0.38366336633663367 0.7508680555555556
0 0.510519801980198 0.9019097222222222 0.5823019801980198 0.9019097222222222 0.5823019801980198 0.7890625 0.510519801980198 0.7890625 0.510519801980198 0.9019097222222222
0 0.7110148514851485 0.3654513888888889 0.7790841584158416 0.3654513888888889 0.7790841584158416 0.2699652777777778 0.7110148514851485 0.2699652777777778 0.7110148514851485 0.3654513888888889
0 0.3972772277227723 0.8307291666666666 0.4665841584158416 0.8307291666666666 0.4665841584158416 0.7369791666666666 0.3972772277227723 0.7369791666666666 0.3972772277227723 0.8307291666666666
0 0.0024752475247524753 0.9973958333333334 0.06435643564356436 0.9973958333333334 0.06435643564356436 0.9175347222222222 0.0024752475247524753 0.9175347222222222 0.0024752475247524753 0.9973958333333334
0 0.4034653465346535 0.9079861111111112 0.4801980198019802 0.9079861111111112 0.4801980198019802 0.8107638888888888 0.4034653465346535 0.8107638888888888 0.4034653465346535 0.9079861111111112
0 0.25433168316831684 0.9930555555555556 0.3186881188118812 0.9930555555555556 0.3186881188118812 0.890625 0.25433168316831684 0.890625 0.25433168316831684 0.9930555555555556
0 0.6528465346534653 0.4904513888888889 0.718440594059406 0.4904513888888889 0.718440594059406 0.4105902777777778 0.6528465346534653 0.4105902777777778 0.6528465346534653 0.4904513888888889
0 0.6602722772277227 0.21180555555555555 0.718440594059406 0.21180555555555555 0.718440594059406 0.1284722222222222 0.6602722772277227 0.1284722222222222 0.6602722772277227 0.21180555555555555
0 0.9375 0 0.9375 0.06597222222222222 0.994430693069307 0.06597222222222222 0.994430693069307 0 0.9375 0
0 0.7147277227722773 0.2769097222222222 0.7679455445544554 0.2769097222222222 0.7679455445544554 0.18836805555555555 0.7147277227722773 0.18836805555555555 0.7147277227722773 0.2769097222222222
0 0.09777227722772278 0.9982638888888888 0.1608910891089109 0.9982638888888888 0.1608910891089109 0.953125 0.09777227722772278 0.953125 0.09777227722772278 0.9982638888888888
0 0.6893564356435643 0.4131944444444444 0.754950495049505 0.4131944444444444 0.754950495049505 0.3489583333333333 0.6893564356435643 0.3489583333333333 0.6893564356435643 0.4131944444444444
0 0.19801980198019803 0.9982638888888888 0.25866336633663367 0.9982638888888888 0.25866336633663367 0.953125 0.19801980198019803 0.953125 0.19801980198019803 0.9982638888888888
0 0.8576732673267327 0 0.8576732673267327 0.08159722222222222 0.9294554455445545 0.08159722222222222 0.9294554455445545 0 0.8576732673267327 0
0 0.19306930693069307 0.9626736111111112 0.25495049504950495 0.9626736111111112 0.25495049504950495 0.8793402777777778 0.19306930693069307 0.8793402777777778 0.19306930693069307 0.9626736111111112
0 0.7685643564356436 0.2960069444444444 0.8279702970297029 0.2960069444444444 0.8279702970297029 0.2092013888888889 0.7685643564356436 0.2092013888888889 0.7685643564356436 0.2960069444444444
0 0.7920792079207921 0.049479166666666664 0.8465346534653465 0.049479166666666664 0.8465346534653465 0.0008680555555555555 0.7920792079207921 0.0008680555555555555 0.7920792079207921 0.049479166666666664