0 0.31992574257425743 0.9973958333333334 0.390470297029703 0.9973958333333334 0.390470297029703 0.9053819444444444 0.31992574257425743 0.9053819444444444 0.31992574257425743 0.9973958333333334
0 0.5841584158415841 0.7769097222222222 0.6571782178217822 0.7769097222222222 0.6571782178217822 0.6553819444444444 0.5841584158415841 0.6553819444444444 0.5841584158415841 0.7769097222222222
0 0.739480198019802 0.18836805555555555 0.8025990099009901 0.18836805555555555 0.8025990099009901 0.09635416666666667 0.739480198019802 0.09635416666666667 0.739480198019802 0.18836805555555555
0 0.6361386138613861 0.2925347222222222 0.693069306930693 0.2925347222222222 0.693069306930693 0.1918402777777778 0.6361386138613861 0.1918402777777778 0.6361386138613861 0.2925347222222222
0 0.5266089108910891 0.8489583333333334 0.5983910891089109 0.8489583333333334 0.5983910891089109 0.734375 0.5266089108910891 0.734375 0.5266089108910891 0.8489583333333334
0 0.2753712871287129 0.9574652777777778 0.34344059405940597 0.9574652777777778 0.34344059405940597 0.8428819444444444 0.2753712871287129 0.8428819444444444 0.2753712871287129 0.9574652777777778
0 0.7506188118811881 0.4704861111111111 0.8199257425742574 0.4704861111111111 0.8199257425742574 0.3680555555555556 0.7506188118811881 0.3680555555555556 0.7506188118811881 0.4704861111111111
0 0.3849009900990099 0.9487847222222222 0.44801980198019803 0.9487847222222222 0.44801980198019803 0.8359375 0.3849009900990099 0.8359375 0.3849009900990099 0.9487847222222222
0 0.4344059405940594 0.5434027777777778 0.5086633663366337 0.5434027777777778 0.5086633663366337 0.4427083333333333 0.4344059405940594 0.4427083333333333 0.4344059405940594 0.5434027777777778
0 0.27970297029702973 0.7109375 0.34405940594059403 0.7109375 0.34405940594059403 0.6015625 0.27970297029702973 0.6015625 0.27970297029702973 0.7109375
0 0.7332920792079208 0.7230902777777778 0.8199257425742574 0.7230902777777778 0.8199257425742574 0.6137152777777778 0.7332920792079208 0.6137152777777778 0.7332920792079208 0.7230902777777778
0 0.2376237623762376 0.9010416666666666 0.29826732673267325 0.9010416666666666 0.29826732673267325 0.796875 0.2376237623762376 0.796875 0.2376237623762376 0.9010416666666666
0 0.4337871287128713 0.7482638888888888 0.5043316831683168 0.7482638888888888 0.5043316831683168 0.6510416666666666 0.4337871287128713 0.6510416666666666 0.4337871287128713 0.7482638888888888
0 0.6225247524752475 0.6866319444444444 0.6893564356435643 0.6866319444444444 0.6893564356435643 0.5842013888888888 0.6225247524752475 0.5842013888888888 0.6225247524752475 0.6866319444444444
0 0.8038366336633663 0.6553819444444444 0.8669554455445545 0.6553819444444444 0.8669554455445545 0.5494791666666666 0.8038366336633663 0.5494791666666666 0.8038366336633663 0.6553819444444444
0 0.8638613861386139 0.18229166666666666 0.9220297029702971 0.18229166666666666 0.9220297029702971 0.08506944444444445 0.8638613861386139 0.08506944444444445 0.8638613861386139 0.18229166666666666
0 0.5061881188118812 0.7404513888888888 0.5717821782178217 0.7404513888888888 0.5717821782178217 0.6605902777777778 0.5061881188118812 0.6605902777777778 0.5061881188118812 0.7404513888888888
0 0.5946782178217822 0.5894097222222222 0.656559405940594 0.5894097222222222 0.656559405940594 0.5147569444444444 0.5946782178217822 0.5147569444444444 0.5946782178217822 0.5894097222222222
0 0.4511138613861386 0.9522569444444444 0.5253712871287128 0.9522569444444444 0.5253712871287128 0.8515625 0.4511138613861386 0.8515625 0.4511138613861386 0.9522569444444444
0 0.6875 0.6805555555555556 0.755569306930693 0.6805555555555556 0.755569306930693 0.578125 0.6875 0.578125 0.6875 0.6805555555555556
0 0.5767326732673267 0.2942708333333333 0.6349009900990099 0.2942708333333333 0.6349009900990099 0.2074652777777778 0.5767326732673267 0.2074652777777778 0.5767326732673267 0.2942708333333333
0 0.6918316831683168 0.3159722222222222 0.7574257425742574 0.3159722222222222 0.7574257425742574 0.2204861111111111 0.6918316831683168 0.2204861111111111 0.6918316831683168 0.3159722222222222
0 0.7599009900990099 0.3498263888888889 0.8428217821782178 0.3498263888888889 0.8428217821782178 0.23524305555555555 0.7599009900990099 0.23524305555555555 0.7599009900990099 0.3498263888888889
0 0.6089108910891089 0.390625 0.6707920792079208 0.390625 0.6707920792079208 0.3003472222222222 0.6089108910891089 0.3003472222222222 0.6089108910891089 0.390625
0 0.45792079207920794 0.8402777777777778 0.525990099009901 0.8402777777777778 0.525990099009901 0.7361111111111112 0.45792079207920794 0.7361111111111112 0.45792079207920794 0.8402777777777778
0 0.6534653465346535 0.5095486111111112 0.7264851485148515 0.5095486111111112 0.7264851485148515 0.4088541666666667 0.6534653465346535 0.4088541666666667 0.6534653465346535 0.5095486111111112
0 0.6720297029702971 0.3828125 0.7339108910891089 0.3828125 0.7339108910891089 0.2786458333333333 0.6720297029702971 0.2786458333333333 0.6720297029702971 0.3828125
0 0.38675742574257427 0.7083333333333334 0.44492574257425743 0.7083333333333334 0.44492574257425743 0.609375 0.38675742574257427 0.609375 0.38675742574257427 0.7083333333333334
0 0.635519801980198 0.4461805555555556 0.6998762376237624 0.4461805555555556 0.6998762376237624 0.3524305555555556 0.635519801980198 0.3524305555555556 0.635519801980198 0.4461805555555556
0 0.7778465346534653 0 0.7778465346534653 0.0625 0.8397277227722773 0.0625 0.8397277227722773 0 0.7778465346534653 0
0 0.8787128712871287 0.10416666666666667 0.9405940594059405 0.10416666666666667 0.9405940594059405 0.026041666666666668 0.8787128712871287 0.026041666666666668 0.8787128712871287 0.10416666666666667
0 0.681930693069307 0.578125 0.7537128712871287 0.578125 0.7537128712871287 0.484375 0.681930693069307 0.484375 0.681930693069307 0.578125
0 0.8025990099009901 0.20052083333333334 0.8681930693069307 0.20052083333333334 0.8681930693069307 0.10850694444444445 0.8025990099009901 0.10850694444444445 0.8025990099009901 0.20052083333333334
0 0.46472772277227725 0.9982638888888888 0.5389851485148515 0.9982638888888888 0.5389851485148515 0.9427083333333334 0.46472772277227725 0.9427083333333334 0.46472772277227725 0.9982638888888888
0 0.8186881188118812 0.11197916666666667 0.8768564356435643 0.11197916666666667 0.8768564356435643 0.042534722222222224 0.8186881188118812 0.042534722222222224 0.8186881188118812 0.11197916666666667
0 0.4573019801980198 0.6189236111111112 0.5266089108910891 0.6189236111111112 0.5266089108910891 0.5217013888888888 0.4573019801980198 0.5217013888888888 0.4573019801980198 0.6189236111111112
0 0.713490099009901 0 0.713490099009901 0.04513888888888889 0.7778465346534653 0.04513888888888889 0.7778465346534653 0 0.713490099009901 0
0 0.36695544554455445 0.6319444444444444 0.43254950495049505 0.6319444444444444 0.43254950495049505 0.5399305555555556 0.36695544554455445 0.5399305555555556 0.36695544554455445 0.6319444444444444
0 0.48205445544554454 0.6692708333333334 0.5476485148514851 0.6692708333333334 0.5476485148514851 0.5737847222222222 0.48205445544554454 0.5737847222222222 0.48205445544554454 0.6692708333333334
0 0.5266089108910891 0.5833333333333334 0.5909653465346535 0.5833333333333334 0.5909653465346535 0.5121527777777778 0.5266089108910891 0.5121527777777778 0.5266089108910891 0.5833333333333334
0 0.5662128712871287 0.5199652777777778 0.630569306930693 0.5199652777777778 0.630569306930693 0.4470486111111111 0.5662128712871287 0.4470486111111111 0.5662128712871287 0.5199652777777778
0 0.5507425742574258 0.6805555555555556 0.6163366336633663 0.6805555555555556 0.6163366336633663 0.5833333333333334 0.5507425742574258 0.5833333333333334 0.5507425742574258 0.6805555555555556
0 0.8094059405940595 0.2786458333333333 0.8675742574257426 0.2786458333333333 0.8675742574257426 0.1970486111111111 0.8094059405940595 0.1970486111111111 0.8094059405940595 0.2786458333333333
0 0.7301980198019802 0.4114583333333333 0.7957920792079208 0.4114583333333333 0.7957920792079208 0.3055555555555556 0.7301980198019802 0.3055555555555556 0.7301980198019802 0.4114583333333333
0 0.8403465346534653 0 0.8403465346534653 0.046875 0.8985148514851485 0.046875 0.8985148514851485 0 0.8403465346534653 0
0 0.20358910891089108 0.9982638888888888 0.25185643564356436 0.9982638888888888 0.25185643564356436 0.9652777777777778 0.20358910891089108 0.9652777777777778 0.20358910891089108 0.9982638888888888