0 0.4859894921190893 0.629054054054054 0.5683012259194395 0.629054054054054 0.5683012259194395 0.5209459459459459 0.4859894921190893 0.5209459459459459 0.4859894921190893 0.629054054054054
0 0.2640105078809107 0.2445945945945946 0.345446584938704 0.2445945945945946 0.345446584938704 0.14324324324324325 0.2640105078809107 0.14324324324324325 0.2640105078809107 0.2445945945945946
0 0.5394045534150613 0.40202702702702703 0.6182136602451839 0.40202702702702703 0.6182136602451839 0.29662162162162165 0.5394045534150613 0.29662162162162165 0.5394045534150613 0.40202702702702703
0 0.2521891418563923 0.10202702702702703 0.3318739054290718 0.10202702702702703 0.3318739054290718 0.006081081081081081 0.2521891418563923 0.006081081081081081 0.2521891418563923 0.10202702702702703
0 0.30779334500875655 0.8412162162162162 0.3892294220665499 0.8412162162162162 0.3892294220665499 0.7412162162162163 0.30779334500875655 0.7412162162162163 0.30779334500875655 0.8412162162162162
0 0.46628721541155865 0.3256756756756757 0.5494746059544658 0.3256756756756757 0.5494746059544658 0.21891891891891893 0.46628721541155865 0.21891891891891893 0.46628721541155865 0.3256756756756757
0 0.3331873905429072 0.17432432432432432 0.4146234676007005 0.17432432432432432 0.4146234676007005 0.07567567567567568 0.3331873905429072 0.07567567567567568 0.3331873905429072 0.17432432432432432
0 0.2635726795096322 0.5445945945945946 0.3432574430823117 0.5445945945945946 0.3432574430823117 0.4472972972972973 0.2635726795096322 0.4472972972972973 0.2635726795096322 0.5445945945945946
0 0.22591943957968477 0.6939189189189189 0.30385288966725044 0.6939189189189189 0.30385288966725044 0.5912162162162162 0.22591943957968477 0.5912162162162162 0.22591943957968477 0.6939189189189189
0 0.330122591943958 0.31824324324324327 0.4089316987740806 0.31824324324324327 0.4089316987740806 0.2222972972972973 0.330122591943958 0.2222972972972973 0.330122591943958 0.31824324324324327
0 0.19702276707530647 0.32297297297297295 0.2714535901926445 0.32297297297297295 0.2714535901926445 0.21891891891891893 0.19702276707530647 0.21891891891891893 0.19702276707530647 0.32297297297297295
0 0.276707530647986 0.9817567567567568 0.3555166374781086 0.9817567567567568 0.3555166374781086 0.8817567567567568 0.276707530647986 0.8817567567567568 0.276707530647986 0.9817567567567568
0 0.2596322241681261 0.3972972972972973 0.3375656742556918 0.3972972972972973 0.3375656742556918 0.2918918918918919 0.2596322241681261 0.2918918918918919 0.2596322241681261 0.3972972972972973
0 0.22591943957968477 0.8405405405405405 0.3064798598949212 0.8405405405405405 0.3064798598949212 0.7432432432432432 0.22591943957968477 0.7432432432432432 0.22591943957968477 0.8405405405405405
0 0.3957968476357268 0.3972972972972973 0.4754816112084063 0.3972972972972973 0.4754816112084063 0.2918918918918919 0.3957968476357268 0.2918918918918919 0.3957968476357268 0.3972972972972973
0 0.3279334500875657 0.4756756756756757 0.4102451838879159 0.4756756756756757 0.4102451838879159 0.36486486486486486 0.3279334500875657 0.36486486486486486 0.3279334500875657 0.4756756756756757
0 0.2031523642732049 0.17635135135135135 0.27495621716287216 0.17635135135135135 0.27495621716287216 0.0804054054054054 0.2031523642732049 0.0804054054054054 0.2031523642732049 0.17635135135135135
0 0.18345008756567427 0.9648648648648649 0.2578809106830123 0.9648648648648649 0.2578809106830123 0.8756756756756757 0.18345008756567427 0.8756756756756757 0.18345008756567427 0.9648648648648649
0 0.3905429071803853 0.8445945945945946 0.47373029772329245 0.8445945945945946 0.47373029772329245 0.745945945945946 0.3905429071803853 0.745945945945946 0.3905429071803853 0.8445945945945946
0 0.39535901926444833 0.9851351351351352 0.4724168126094571 0.9851351351351352 0.4724168126094571 0.8945945945945946 0.39535901926444833 0.8945945945945946 0.39535901926444833 0.9851351351351352
0 0.4321366024518389 0 0.4321366024518389 0.03783783783783784 0.5126970227670753 0.03783783783783784 0.5126970227670753 0 0.4321366024518389 0
0 0.3498248686514886 0 0.3498248686514886 0.03513513513513514 0.4268826619964974 0.03513513513513514 0.4268826619964974 0 0.3498248686514886 0
0 0.4106830122591944 1 0.4106830122591944 0.9513513513513514 0.3380035026269702 0.9513513513513514 0.3380035026269702 1 0.4106830122591944 1