0 0.20665499124343256 0.22702702702702704 0.28283712784588444 0.22702702702702704 0.28283712784588444 0.11891891891891893 0.20665499124343256 0.11891891891891893 0.20665499124343256 0.22702702702702704
0 0.46409807355516636 0.602027027027027 0.5464098073555166 0.602027027027027 0.5464098073555166 0.4939189189189189 0.46409807355516636 0.4939189189189189 0.46409807355516636 0.602027027027027
0 0.4859894921190893 0.8966216216216216 0.5647985989492119 0.8966216216216216 0.5647985989492119 0.7885135135135135 0.4859894921190893 0.7885135135135135 0.4859894921190893 0.8966216216216216
0 0.3261821366024518 0.44324324324324327 0.4102451838879159 0.44324324324324327 0.4102451838879159 0.34459459459459457 0.3261821366024518 0.34459459459459457 0.3261821366024518 0.44324324324324327
0 0.2679509632224168 0 0.2679509632224168 0.08108108108108109 0.3458844133099825 0.08108108108108109 0.3458844133099825 0 0.2679509632224168 0
0 0.19264448336252188 0.595945945945946 0.2679509632224168 0.595945945945946 0.2679509632224168 0.4918918918918919 0.19264448336252188 0.4918918918918919 0.19264448336252188 0.595945945945946
0 0.2565674255691769 0.6695945945945946 0.3353765323992995 0.6695945945945946 0.3353765323992995 0.5682432432432433 0.2565674255691769 0.5682432432432433 0.2565674255691769 0.6695945945945946
0 0.3905429071803853 0 0.3905429071803853 0.08108108108108109 0.47197898423817863 0.08108108108108109 0.47197898423817863 0 0.3905429071803853 0
0 0.2425569176882662 0.36824324324324326 0.3222416812609457 0.36824324324324326 0.3222416812609457 0.26554054054054055 0.2425569176882662 0.26554054054054055 0.2425569176882662 0.36824324324324326
0 0.5359019264448336 0.677027027027027 0.6164623467600701 0.677027027027027 0.6164623467600701 0.5716216216216217 0.5359019264448336 0.5716216216216217 0.5359019264448336 0.677027027027027
0 0.3279334500875657 0.7513513513513513 0.409369527145359 0.7513513513513513 0.409369527145359 0.6432432432432432 0.3279334500875657 0.6432432432432432 0.3279334500875657 0.7513513513513513
0 0.4264448336252189 0.297972972972973 0.5087565674255692 0.297972972972973 0.5087565674255692 0.1912162162162162 0.4264448336252189 0.1912162162162162 0.4264448336252189 0.297972972972973
0 0.3401926444833625 0.2972972972972973 0.4242556917688266 0.2972972972972973 0.4242556917688266 0.1864864864864865 0.3401926444833625 0.1864864864864865 0.3401926444833625 0.2972972972972973
0 0.4868651488616462 0.22635135135135134 0.574430823117338 0.22635135135135134 0.574430823117338 0.11824324324324324 0.4868651488616462 0.11824324324324324 0.4868651488616462 0.22635135135135134
0 0.3936077057793345 0.6736486486486486 0.473292469352014 0.6736486486486486 0.473292469352014 0.5682432432432433 0.3936077057793345 0.5682432432432433 0.3936077057793345 0.6736486486486486
0 0.19483362521891417 0.4418918918918919 0.26663747810858146 0.4418918918918919 0.26663747810858146 0.34324324324324323 0.19483362521891417 0.34324324324324323 0.19483362521891417 0.4418918918918919
0 0.3261821366024518 0.5945945945945946 0.4049912434325744 0.5945945945945946 0.4049912434325744 0.4972972972972973 0.3261821366024518 0.4972972972972973 0.3261821366024518 0.5945945945945946
0 0.2583187390542907 0.5168918918918919 0.3415061295971979 0.5168918918918919 0.3415061295971979 0.4141891891891892 0.2583187390542907 0.4141891891891892 0.2583187390542907 0.5168918918918919
0 0.2850262697022767 0.2195945945945946 0.36471103327495624 0.2195945945945946 0.36471103327495624 0.1195945945945946 0.2850262697022767 0.1195945945945946 0.2850262697022767 0.2195945945945946
0 0.2640105078809107 0.8155405405405406 0.3428196147110333 0.8155405405405406 0.3428196147110333 0.7222972972972973 0.2640105078809107 0.7222972972972973 0.2640105078809107 0.8155405405405406
0 0.2329246935201401 0.952027027027027 0.3108581436077058 0.952027027027027 0.3108581436077058 0.8547297297297297 0.2329246935201401 0.8547297297297297 0.2329246935201401 0.952027027027027
0 0.21147110332749564 0 0.21147110332749564 0.016216216216216217 0.27189141856392296 0.016216216216216217 0.27189141856392296 0 0.21147110332749564 0
0 0.37084063047285465 1 0.37084063047285465 0.9905405405405405 0.3314360770577933 0.9905405405405405 0.3314360770577933 1 0.37084063047285465 1