0 0.3261821366024518 0.8837837837837837 0.4067425569176883 0.8837837837837837 0.4067425569176883 0.7783783783783784 0.3261821366024518 0.7783783783783784 0.3261821366024518 0.8837837837837837
0 0.13879159369527144 0.3601351351351351 0.21322241681260945 0.3601351351351351 0.21322241681260945 0.2574324324324324 0.13879159369527144 0.2574324324324324 0.13879159369527144 0.3601351351351351
0 0.4216287215411559 0.43648648648648647 0.5091943957968477 0.43648648648648647 0.5091943957968477 0.3324324324324324 0.4216287215411559 0.3324324324324324 0.4216287215411559 0.43648648648648647
0 0.239492119089317 0.14121621621621622 0.3183012259194396 0.14121621621621622 0.3183012259194396 0.04256756756756757 0.239492119089317 0.04256756756756757 0.239492119089317 0.14121621621621622
0 0.35157618213660247 0.28175675675675677 0.4330122591943958 0.28175675675675677 0.4330122591943958 0.17905405405405406 0.35157618213660247 0.17905405405405406 0.35157618213660247 0.28175675675675677
0 0.22416812609457093 0.5891891891891892 0.3064798598949212 0.5891891891891892 0.3064798598949212 0.4810810810810811 0.22416812609457093 0.4810810810810811 0.22416812609457093 0.5891891891891892
0 0.40148861646234674 0.9554054054054054 0.4829246935201401 0.9554054054054054 0.4829246935201401 0.8513513513513513 0.40148861646234674 0.8513513513513513 0.40148861646234674 0.9554054054054054
0 0.3397548161120841 0.4337837837837838 0.4176882661996497 0.4337837837837838 0.4176882661996497 0.3324324324324324 0.3397548161120841 0.3324324324324324 0.3397548161120841 0.4337837837837838
0 0.28590192644483364 0.6601351351351351 0.36295971978984237 0.6601351351351351 0.36295971978984237 0.5560810810810811 0.28590192644483364 0.5560810810810811 0.28590192644483364 0.6601351351351351
0 0.19089316987740806 0.8027027027027027 0.2670753064798599 0.8027027027027027 0.2670753064798599 0.7 0.19089316987740806 0.7 0.19089316987740806 0.8027027027027027
0 0.436077057793345 0.28716216216216217 0.521891418563923 0.28716216216216217 0.521891418563923 0.17635135135135135 0.436077057793345 0.17635135135135135 0.436077057793345 0.28716216216216217
0 0.28108581436077057 0.3608108108108108 0.35901926444833626 0.3608108108108108 0.35901926444833626 0.2554054054054054 0.28108581436077057 0.2554054054054054 0.28108581436077057 0.3608108108108108
0 0.4365148861646235 0.5966216216216216 0.526707530647986 0.5966216216216216 0.526707530647986 0.4871621621621622 0.4365148861646235 0.4871621621621622 0.4365148861646235 0.5966216216216216
0 0.4925569176882662 0 0.4925569176882662 0.07567567567567568 0.5827495621716288 0.07567567567567568 0.5827495621716288 0 0.4925569176882662 0
0 0.3607705779334501 0 0.3607705779334501 0.06891891891891892 0.44395796847635727 0.06891891891891892 0.44395796847635727 0 0.3607705779334501 0
0 0.5407180385288967 0.6114864864864865 0.6090192644483362 0.6114864864864865 0.6090192644483362 0.47905405405405405 0.5407180385288967 0.47905405405405405 0.5407180385288967 0.6114864864864865
0 0.3489492119089317 0.5878378378378378 0.4338879159369527 0.5878378378378378 0.4338879159369527 0.4851351351351351 0.3489492119089317 0.4851351351351351 0.3489492119089317 0.5878378378378378
0 0.1646234676007005 0.5054054054054054 0.24080560420315236 0.5054054054054054 0.24080560420315236 0.4027027027027027 0.1646234676007005 0.4027027027027027 0.1646234676007005 0.5054054054054054
0 0.4211908931698774 0.13986486486486485 0.500875656742557 0.13986486486486485 0.500875656742557 0.038513513513513516 0.4211908931698774 0.038513513513513516 0.4211908931698774 0.13986486486486485
0 0.21847635726795098 0.2831081081081081 0.29640980735551664 0.2831081081081081 0.29640980735551664 0.18445945945945946 0.21847635726795098 0.18445945945945946 0.21847635726795098 0.2831081081081081
0 0.5021891418563923 0.8094594594594594 0.5809982486865148 0.8094594594594594 0.5809982486865148 0.7094594594594594 0.5021891418563923 0.7094594594594594 0.5021891418563923 0.8094594594594594
0 0.165061295971979 0.6554054054054054 0.24299474605954466 0.6554054054054054 0.24299474605954466 0.5567567567567567 0.165061295971979 0.5567567567567567 0.165061295971979 0.6554054054054054
0 0.3607705779334501 0.7371621621621621 0.4395796847635727 0.7371621621621621 0.4395796847635727 0.6412162162162162 0.3607705779334501 0.6412162162162162 0.3607705779334501 0.7371621621621621
0 0.4457092819614711 0.7418918918918919 0.5262697022767076 0.7418918918918919 0.5262697022767076 0.6432432432432432 0.4457092819614711 0.6432432432432432 0.4457092819614711 0.7418918918918919
0 0.2683887915936953 0.8060810810810811 0.3480735551663748 0.8060810810810811 0.3480735551663748 0.7074324324324325 0.2683887915936953 0.7074324324324325 0.2683887915936953 0.8060810810810811
0 0.29728546409807355 0.20945945945945946 0.37609457092819615 0.20945945945945946 0.37609457092819615 0.10945945945945947 0.29728546409807355 0.10945945945945947 0.29728546409807355 0.20945945945945946
0 0.21978984238178634 0.4304054054054054 0.30035026269702275 0.4304054054054054 0.30035026269702275 0.3331081081081081 0.21978984238178634 0.3331081081081081 0.21978984238178634 0.4304054054054054
0 0.22679509632224168 0.9391891891891891 0.3021015761821366 0.9391891891891891 0.3021015761821366 0.8472972972972973 0.22679509632224168 0.8472972972972973 0.22679509632224168 0.9391891891891891
0 0.3073555166374781 0.9993243243243243 0.38441330998248685 0.9993243243243243 0.38441330998248685 0.9209459459459459 0.3073555166374781 0.9209459459459459 0.3073555166374781 0.9993243243243243
0 0.31129597197898423 1 0.31129597197898423 0.9824324324324324 0.2613835376532399 0.9824324324324324 0.2613835376532399 1 0.31129597197898423 1