0 0.4338879159369527 0.5648648648648649 0.5179509632224168 0.5648648648648649 0.5179509632224168 0.4554054054054054 0.4338879159369527 0.4554054054054054 0.4338879159369527 0.5648648648648649
0 0.2000875656742557 0.2614864864864865 0.2788966725043783 0.2614864864864865 0.2788966725043783 0.15878378378378377 0.2000875656742557 0.15878378378378377 0.2000875656742557 0.2614864864864865
0 0.4912434325744308 0.3385135135135135 0.5814360770577933 0.3385135135135135 0.5814360770577933 0.23310810810810811 0.4912434325744308 0.23310810810810811 0.4912434325744308 0.3385135135135135
0 0.34851138353765326 0.5608108108108109 0.4308231173380035 0.5608108108108109 0.4308231173380035 0.4554054054054054 0.34851138353765326 0.4554054054054054 0.34851138353765326 0.5608108108108109
0 0.419877408056042 0.7162162162162162 0.5074430823117339 0.7162162162162162 0.5074430823117339 0.6108108108108108 0.419877408056042 0.6108108108108108 0.419877408056042 0.7162162162162162
0 0.27714535901926446 0.6398648648648648 0.35595446584938706 0.6398648648648648 0.35595446584938706 0.5331081081081082 0.27714535901926446 0.5331081081081082 0.27714535901926446 0.6398648648648648
0 0.28108581436077057 0.2594594594594595 0.36777583187390545 0.2594594594594595 0.36777583187390545 0.15675675675675677 0.28108581436077057 0.15675675675675677 0.28108581436077057 0.2594594594594595
0 0.5385288966725044 0.8777027027027027 0.6050788091068301 0.8777027027027027 0.6050788091068301 0.7520270270270271 0.5385288966725044 0.7520270270270271 0.5385288966725044 0.8777027027027027
0 0.23073555166374782 0.40675675675675677 0.31129597197898423 0.40675675675675677 0.31129597197898423 0.3054054054054054 0.23073555166374782 0.3054054054054054 0.23073555166374782 0.40675675675675677
0 0.35595446584938706 0.1858108108108108 0.4391418563922942 0.1858108108108108 0.4391418563922942 0.08445945945945946 0.35595446584938706 0.08445945945945946 0.35595446584938706 0.1858108108108108
0 0.4181260945709282 0.40945945945945944 0.4978108581436077 0.40945945945945944 0.4978108581436077 0.30675675675675673 0.4181260945709282 0.30675675675675673 0.4181260945709282 0.40945945945945944
0 0.29159369527145357 0.48445945945945945 0.37040280210157617 0.48445945945945945 0.37040280210157617 0.3804054054054054 0.29159369527145357 0.3804054054054054 0.29159369527145357 0.48445945945945945
0 0.13528896672504379 0.6283783783783784 0.2105954465849387 0.6283783783783784 0.2105954465849387 0.5256756756756756 0.13528896672504379 0.5256756756756756 0.13528896672504379 0.6283783783783784
0 0.29071803852889666 0.925 0.3660245183887916 0.925 0.3660245183887916 0.8236486486486486 0.29071803852889666 0.8236486486486486 0.29071803852889666 0.925
0 0.16549912434325745 0.7756756756756756 0.2425569176882662 0.7756756756756756 0.2425569176882662 0.672972972972973 0.16549912434325745 0.672972972972973 0.16549912434325745 0.7756756756756756
0 0.4308231173380035 0.2574324324324324 0.5026269702276708 0.2574324324324324 0.5026269702276708 0.15878378378378377 0.4308231173380035 0.15878378378378377 0.4308231173380035 0.2574324324324324
0 0.3542031523642732 0.33175675675675675 0.4382661996497373 0.33175675675675675 0.4382661996497373 0.23310810810810811 0.3542031523642732 0.23310810810810811 0.3542031523642732 0.33175675675675675
0 0.2513134851138354 0.12094594594594595 0.330122591943958 0.12094594594594595 0.330122591943958 0.0222972972972973 0.2513134851138354 0.0222972972972973 0.2513134851138354 0.12094594594594595
0 0.436077057793345 0.8635135135135135 0.5245183887915937 0.8635135135135135 0.5245183887915937 0.7621621621621621 0.436077057793345 0.7621621621621621 0.436077057793345 0.8635135135135135
0 0.22723292469352013 0.8554054054054054 0.30779334500875655 0.8554054054054054 0.30779334500875655 0.754054054054054 0.22723292469352013 0.754054054054054 0.22723292469352013 0.8554054054054054
0 0.3393169877408056 0.7108108108108108 0.4172504378283713 0.7108108108108108 0.4172504378283713 0.6135135135135135 0.3393169877408056 0.6135135135135135 0.3393169877408056 0.7108108108108108
0 0.21234676007005254 0.5567567567567567 0.29115586690017514 0.5567567567567567 0.29115586690017514 0.45675675675675675 0.21234676007005254 0.45675675675675675 0.21234676007005254 0.5567567567567567
0 0.35070052539404556 0.8581081081081081 0.4338879159369527 0.8581081081081081 0.4338879159369527 0.7621621621621621 0.35070052539404556 0.7621621621621621 0.35070052539404556 0.8581081081081081
0 0.21935201401050788 0.7033783783783784 0.30078809106830123 0.7033783783783784 0.30078809106830123 0.6087837837837838 0.21935201401050788 0.6087837837837838 0.21935201401050788 0.7033783783783784
0 0.1725043782837128 0.9128378378378378 0.2478108581436077 0.9128378378378378 0.2478108581436077 0.8168918918918919 0.1725043782837128 0.8168918918918919 0.1725043782837128 0.9128378378378378
0 0.36339754816112085 0.9966216216216216 0.4404553415061296 0.9966216216216216 0.4404553415061296 0.9101351351351351 0.36339754816112085 0.9101351351351351 0.36339754816112085 0.9966216216216216
0 0.44658493870402804 0.9986486486486487 0.5245183887915937 0.9986486486486487 0.5245183887915937 0.9094594594594595 0.44658493870402804 0.9094594594594595 0.44658493870402804 0.9986486486486487
0 0.2732049036777583 1 0.2732049036777583 0.9554054054054054 0.19964973730297722 0.9554054054054054 0.19964973730297722 1 0.2732049036777583 1
0 0.3458844133099825 1 0.3458844133099825 0.9675675675675676 0.27408056042031526 0.9675675675675676 0.27408056042031526 1 0.3458844133099825 1
0 0.5739929947460596 1 0.5739929947460596 0.9662162162162162 0.5118213660245184 0.9662162162162162 0.5118213660245184 1 0.5739929947460596 1