0 0.2591943957968476 0.727027027027027 0.3450087565674256 0.727027027027027 0.3450087565674256 0.6189189189189189 0.2591943957968476 0.6189189189189189 0.2591943957968476 0.727027027027027
0 0.2723292469352014 0.35202702702702704 0.35464098073555167 0.35202702702702704 0.35464098073555167 0.24256756756756756 0.2723292469352014 0.24256756756756756 0.2723292469352014 0.35202702702702704
0 0.3336252189141856 0.802027027027027 0.4176882661996497 0.802027027027027 0.4176882661996497 0.6966216216216217 0.3336252189141856 0.6966216216216217 0.3336252189141856 0.802027027027027
0 0.2180385288966725 0.13243243243243244 0.29422066549912435 0.13243243243243244 0.29422066549912435 0.033783783783783786 0.2180385288966725 0.033783783783783786 0.2180385288966725 0.13243243243243244
0 0.12915936952714535 0.27837837837837837 0.2053415061295972 0.27837837837837837 0.2053415061295972 0.17432432432432432 0.12915936952714535 0.17432432432432432 0.12915936952714535 0.27837837837837837
0 0.340630472854641 0.27635135135135136 0.4185639229422067 0.27635135135135136 0.4185639229422067 0.17229729729729729 0.340630472854641 0.17229729729729729 0.340630472854641 0.27635135135135136
0 0.4246935201401051 0.13175675675675674 0.5070052539404554 0.13175675675675674 0.5070052539404554 0.030405405405405407 0.4246935201401051 0.030405405405405407 0.4246935201401051 0.13175675675675674
0 0.27802101576182137 0.5013513513513513 0.36295971978984237 0.5013513513513513 0.36295971978984237 0.3972972972972973 0.27802101576182137 0.3972972972972973 0.27802101576182137 0.5013513513513513
0 0.06567425569176882 0.34864864864864864 0.14185639229422067 0.34864864864864864 0.14185639229422067 0.24864864864864866 0.06567425569176882 0.24864864864864866 0.06567425569176882 0.34864864864864864
0 0.2732049036777583 0.870945945945946 0.35464098073555167 0.870945945945946 0.35464098073555167 0.7722972972972973 0.2732049036777583 0.7722972972972973 0.2732049036777583 0.870945945945946
0 0.012697022767075307 0.8358108108108108 0.08537653239929947 0.8358108108108108 0.08537653239929947 0.7412162162162163 0.012697022767075307 0.7412162162162163 0.012697022767075307 0.8358108108108108
0 0.27845884413309985 0.19864864864864865 0.35464098073555167 0.19864864864864865 0.35464098073555167 0.1 0.27845884413309985 0.1 0.27845884413309985 0.19864864864864865
0 0.21322241681260945 0.27364864864864863 0.28590192644483364 0.27364864864864863 0.28590192644483364 0.175 0.21322241681260945 0.175 0.21322241681260945 0.27364864864864863
0 0.2084063047285464 0.422972972972973 0.287215411558669 0.422972972972973 0.287215411558669 0.3216216216216216 0.2084063047285464 0.3216216216216216 0.2084063047285464 0.422972972972973
0 0.34632224168126097 0.1277027027027027 0.4233800350262697 0.1277027027027027 0.4233800350262697 0.029054054054054056 0.34632224168126097 0.029054054054054056 0.34632224168126097 0.1277027027027027
0 0.20884413309982486 0.9310810810810811 0.29115586690017514 0.9310810810810811 0.29115586690017514 0.8364864864864865 0.20884413309982486 0.8364864864864865 0.20884413309982486 0.9310810810810811
0 0.3476357267950963 0.9378378378378378 0.42294220665499127 0.9378378378378378 0.42294220665499127 0.8445945945945946 0.3476357267950963 0.8445945945945946 0.3476357267950963 0.9378378378378378
0 0.3607705779334501 1 0.3607705779334501 0.9148648648648648 0.27845884413309985 0.9148648648648648 0.27845884413309985 1 0.3607705779334501 1
0 0.15893169877408056 1 0.15893169877408056 0.95 0.08887915936952714 0.95 0.08887915936952714 1 0.15893169877408056 1
0 0.28590192644483364 1 0.28590192644483364 0.9689189189189189 0.21409807355516638 0.9689189189189189 0.21409807355516638 1 0.28590192644483364 1
0 0.43257443082311736 1 0.43257443082311736 0.977027027027027 0.35989492119089317 0.977027027027027 0.35989492119089317 1 0.43257443082311736 1