0 0.3191768826619965 0.3837837837837838 0.4049912434325744 0.3837837837837838 0.4049912434325744 0.27297297297297296 0.3191768826619965 0.27297297297297296 0.3191768826619965 0.3837837837837838
0 0.38309982486865146 0.9777027027027027 0.46891418563922943 0.9777027027027027 0.46891418563922943 0.870945945945946 0.38309982486865146 0.870945945945946 0.38309982486865146 0.9777027027027027
0 0.3323117338003503 0.5310810810810811 0.4137478108581436 0.5310810810810811 0.4137478108581436 0.4297297297297297 0.3323117338003503 0.4297297297297297 0.3323117338003503 0.5310810810810811
0 0.2565674255691769 0.4560810810810811 0.3353765323992995 0.4560810810810811 0.3353765323992995 0.3493243243243243 0.2565674255691769 0.3493243243243243 0.2565674255691769 0.4560810810810811
0 0.398861646234676 0.7614864864864865 0.48029772329246934 0.7614864864864865 0.48029772329246934 0.6560810810810811 0.398861646234676 0.6560810810810811 0.398861646234676 0.7614864864864865
0 0.18739054290718038 0.529054054054054 0.2609457092819615 0.529054054054054 0.2609457092819615 0.4263513513513513 0.18739054290718038 0.4263513513513513 0.18739054290718038 0.529054054054054
0 0.40061295971978983 0 0.40061295971978983 0.0918918918918919 0.47942206654991243 0.0918918918918919 0.47942206654991243 0 0.40061295971978983 0
0 0.33887915936952717 0.6878378378378378 0.4194395796847636 0.6878378378378378 0.4194395796847636 0.5824324324324325 0.33887915936952717 0.5824324324324325 0.33887915936952717 0.6878378378378378
0 0.2084063047285464 0.6790540540540541 0.287215411558669 0.6790540540540541 0.287215411558669 0.575 0.2084063047285464 0.575 0.2084063047285464 0.6790540540540541
0 0.29378283712784586 0.9722972972972973 0.38134851138353765 0.9722972972972973 0.38134851138353765 0.8655405405405405 0.29378283712784586 0.8655405405405405 0.29378283712784586 0.9722972972972973
0 0.3401926444833625 0.1608108108108108 0.4163747810858144 0.1608108108108108 0.4163747810858144 0.05540540540540541 0.3401926444833625 0.05540540540540541 0.3401926444833625 0.1608108108108108
0 0.2097197898423818 0.8216216216216217 0.29028021015761823 0.8216216216216217 0.29028021015761823 0.7256756756756757 0.2097197898423818 0.7256756756756757 0.2097197898423818 0.8216216216216217
0 0.28283712784588444 0 0.28283712784588444 0.09054054054054055 0.36252189141856395 0.09054054054054055 0.36252189141856395 0 0.28283712784588444 0
0 0.2679509632224168 0.6094594594594595 0.3502626970227671 0.6094594594594595 0.3502626970227671 0.5067567567567568 0.2679509632224168 0.5067567567567568 0.2679509632224168 0.6094594594594595
0 0.18870402802101577 0 0.18870402802101577 0.09054054054054055 0.26225919439579687 0.09054054054054055 0.26225919439579687 0 0.18870402802101577 0
0 0.19176882661996497 0.9547297297297297 0.2679509632224168 0.9547297297297297 0.2679509632224168 0.8641891891891892 0.19176882661996497 0.8641891891891892 0.19176882661996497 0.9547297297297297
0 0.16637478108581435 1 0.16637478108581435 0.9162162162162162 0.09457092819614711 0.9162162162162162 0.09457092819614711 1 0.16637478108581435 1
0 0.3200525394045534 1 0.3200525394045534 0.9324324324324325 0.24387040280210157 0.9324324324324325 0.24387040280210157 1 0.3200525394045534 1