0 0.318739054290718 0.75 0.4019264448336252 0.75 0.4019264448336252 0.6405405405405405 0.318739054290718 0.6405405405405405 0.318739054290718 0.75
0 0.4916812609457093 0 0.4916812609457093 0.08378378378378379 0.5713660245183888 0.08378378378378379 0.5713660245183888 0 0.4916812609457093 0
0 0.31129597197898423 0.29527027027027025 0.3927320490367776 0.29527027027027025 0.3927320490367776 0.1939189189189189 0.31129597197898423 0.1939189189189189 0.31129597197898423 0.29527027027027025
0 0.27276707530647987 0.44391891891891894 0.3542031523642732 0.44391891891891894 0.3542031523642732 0.3398648648648649 0.27276707530647987 0.3398648648648649 0.27276707530647987 0.44391891891891894
0 0.22854640980735552 0.29527027027027025 0.30998248686514884 0.29527027027027025 0.30998248686514884 0.19797297297297298 0.22854640980735552 0.19797297297297298 0.22854640980735552 0.29527027027027025
0 0.23598949211908932 0.15135135135135136 0.31304728546409805 0.15135135135135136 0.31304728546409805 0.05 0.23598949211908932 0.05 0.23598949211908932 0.15135135135135136
0 0.3340630472854641 0.5256756756756756 0.4119964973730298 0.5256756756756756 0.4119964973730298 0.41486486486486485 0.3340630472854641 0.41486486486486485 0.3340630472854641 0.5256756756756756
0 0.3944833625218914 0.2959459459459459 0.47942206654991243 0.2959459459459459 0.47942206654991243 0.19324324324324324 0.3944833625218914 0.19324324324324324 0.3944833625218914 0.2959459459459459
0 0.3944833625218914 0.45 0.47504378283712784 0.45 0.47504378283712784 0.34459459459459457 0.3944833625218914 0.34459459459459457 0.3944833625218914 0.45
0 0.19352014010507881 0.8824324324324324 0.2635726795096322 0.8824324324324324 0.2635726795096322 0.7824324324324324 0.19352014010507881 0.7824324324324324 0.19352014010507881 0.8824324324324324
0 0.2574430823117338 0.8182432432432433 0.3380035026269702 0.8182432432432433 0.3380035026269702 0.7141891891891892 0.2574430823117338 0.7141891891891892 0.2574430823117338 0.8182432432432433
0 0.17513134851138354 0.4418918918918919 0.2513134851138354 0.4418918918918919 0.2513134851138354 0.34324324324324323 0.17513134851138354 0.34324324324324323 0.17513134851138354 0.4418918918918919
0 0.3340630472854641 0.8912162162162162 0.4137478108581436 0.8912162162162162 0.4137478108581436 0.7952702702702703 0.3340630472854641 0.7952702702702703 0.3340630472854641 0.8912162162162162
0 0.2736427320490368 0.9574324324324325 0.35595446584938706 0.9574324324324325 0.35595446584938706 0.8641891891891892 0.2736427320490368 0.8641891891891892 0.2736427320490368 0.9574324324324325
0 0.29553415061295973 1 0.29553415061295973 0.922972972972973 0.21847635726795098 0.922972972972973 0.21847635726795098 1 0.29553415061295973 1
0 0.4216287215411559 1 0.4216287215411559 0.9337837837837838 0.3445709281961471 0.9337837837837838 0.3445709281961471 1 0.4216287215411559 1
0 0.28984238178633975 0 0.28984238178633975 0.013513513513513514 0.34851138353765326 0.013513513513513514 0.34851138353765326 0 0.28984238178633975 0