0 0.4001751313485114 0.5993243243243244 0.4851138353765324 0.5993243243243244 0.4851138353765324 0.48986486486486486 0.4001751313485114 0.48986486486486486 0.4001751313485114 0.5993243243243244
0 0.37521891418563924 0.7493243243243243 0.45665499124343256 0.7493243243243243 0.45665499124343256 0.6452702702702703 0.37521891418563924 0.6452702702702703 0.37521891418563924 0.7493243243243243
0 0.324430823117338 0.5195945945945946 0.4067425569176883 0.5195945945945946 0.4067425569176883 0.4114864864864865 0.324430823117338 0.4114864864864865 0.324430823117338 0.5195945945945946
0 0.4413309982486865 0.2222972972972973 0.5288966725043783 0.2222972972972973 0.5288966725043783 0.11824324324324324 0.4413309982486865 0.11824324324324324 0.4413309982486865 0.2222972972972973
0 0.18826619964973731 0.44391891891891894 0.2670753064798599 0.44391891891891894 0.2670753064798599 0.3385135135135135 0.18826619964973731 0.3385135135135135 0.18826619964973731 0.44391891891891894
0 0.5446584938704028 0.24391891891891893 0.6112084063047285 0.24391891891891893 0.6112084063047285 0.11418918918918919 0.5446584938704028 0.11418918918918919 0.5446584938704028 0.24391891891891893
0 0.23204903677758318 0.22297297297297297 0.3126094570928196 0.22297297297297297 0.3126094570928196 0.11891891891891893 0.23204903677758318 0.11891891891891893 0.23204903677758318 0.22297297297297297
0 0.38485113835376533 0.8945945945945946 0.46366024518388793 0.8945945945945946 0.46366024518388793 0.7945945945945946 0.38485113835376533 0.7945945945945946 0.38485113835376533 0.8945945945945946
0 0.17469352014010509 0.15135135135135136 0.2517513134851138 0.15135135135135136 0.2517513134851138 0.051351351351351354 0.17469352014010509 0.051351351351351354 0.17469352014010509 0.15135135135135136
0 0.5052539404553416 0.44594594594594594 0.5858143607705779 0.44594594594594594 0.5858143607705779 0.34054054054054056 0.5052539404553416 0.34054054054054056 0.5052539404553416 0.44594594594594594
0 0.35464098073555167 0.21891891891891893 0.43870402802101577 0.21891891891891893 0.43870402802101577 0.12027027027027028 0.35464098073555167 0.12027027027027028 0.35464098073555167 0.21891891891891893
0 0.36252189141856395 0.3675675675675676 0.44220665499124345 0.3675675675675676 0.44220665499124345 0.26756756756756755 0.36252189141856395 0.26756756756756755 0.36252189141856395 0.3675675675675676
0 0.30253940455341505 0.668918918918919 0.38309982486865146 0.668918918918919 0.38309982486865146 0.5689189189189189 0.30253940455341505 0.5689189189189189 0.30253940455341505 0.668918918918919
0 0.4277583187390543 0 0.4277583187390543 0.07837837837837838 0.5135726795096323 0.07837837837837838 0.5135726795096323 0 0.4277583187390543 0
0 0.22066549912434325 0.5891891891891892 0.30035026269702275 0.5891891891891892 0.30035026269702275 0.4905405405405405 0.22066549912434325 0.4905405405405405 0.22066549912434325 0.5891891891891892
0 0.29028021015761823 0.2905405405405405 0.3690893169877408 0.2905405405405405 0.3690893169877408 0.1891891891891892 0.29028021015761823 0.1891891891891892 0.29028021015761823 0.2905405405405405
0 0.2596322241681261 0.8844594594594595 0.334938704028021 0.8844594594594595 0.334938704028021 0.7885135135135135 0.2596322241681261 0.7885135135135135 0.2596322241681261 0.8844594594594595
0 0.44833625218914186 0.37094594594594593 0.5306479859894921 0.37094594594594593 0.5306479859894921 0.2695945945945946 0.44833625218914186 0.2695945945945946 0.44833625218914186 0.37094594594594593
0 0.26882661996497376 0.4418918918918919 0.34938704028021017 0.4418918918918919 0.34938704028021017 0.33918918918918917 0.26882661996497376 0.33918918918918917 0.26882661996497376 0.4418918918918919
0 0.24387040280210157 0.7439189189189189 0.3235551663747811 0.7439189189189189 0.3235551663747811 0.6398648648648648 0.24387040280210157 0.6398648648648648 0.24387040280210157 0.7439189189189189
0 0.1703152364273205 0.2939189189189189 0.24737302977232925 0.2939189189189189 0.24737302977232925 0.19527027027027027 0.1703152364273205 0.19527027027027027 0.1703152364273205 0.2939189189189189
0 0.18914185639229422 0.8094594594594594 0.26444833625218916 0.8094594594594594 0.26444833625218916 0.7081081081081081 0.18914185639229422 0.7081081081081081 0.18914185639229422 0.8094594594594594
0 0.23336252189141857 0 0.23336252189141857 0.07837837837837838 0.31129597197898423 0.07837837837837838 0.31129597197898423 0 0.23336252189141857 0
0 0.4820490367775832 0.9993243243243243 0.5669877408056042 0.9993243243243243 0.5669877408056042 0.9317567567567567 0.4820490367775832 0.9317567567567567 0.4820490367775832 0.9993243243243243
0 0.3498248686514886 0 0.3498248686514886 0.07567567567567568 0.4260070052539405 0.07567567567567568 0.4260070052539405 0 0.3498248686514886 0
0 0.2841506129597198 1 0.2841506129597198 0.9202702702702703 0.20796847635726795 0.9202702702702703 0.20796847635726795 1 0.2841506129597198 1
0 0.36208406304728546 1 0.36208406304728546 0.9256756756756757 0.28765323992994746 0.9256756756756757 0.28765323992994746 1 0.36208406304728546 1
0 0.1606830122591944 0 0.1606830122591944 0.016216216216216217 0.22110332749562173 0.016216216216216217 0.22110332749562173 0 0.1606830122591944 0
0 0.3051663747810858 0 0.3051663747810858 0.010810810810810811 0.3524518388791594 0.010810810810810811 0.3524518388791594 0 0.3051663747810858 0