0 0.04760665972944849 0.9140083217753121 0.20161290322580644 0.9140083217753121 0.20161290322580644 0.6830790568654647 0.04760665972944849 0.6830790568654647 0.04760665972944849 0.9140083217753121
0 0.1422996878251821 0.9996532593619972 0.2999479708636837 0.9996532593619972 0.2999479708636837 0.8138002773925104 0.1422996878251821 0.8138002773925104 0.1422996878251821 0.9996532593619972
0 0.09027055150884496 0.659500693481276 0.21982310093652446 0.659500693481276 0.21982310093652446 0.46255201109570043 0.09027055150884496 0.46255201109570043 0.09027055150884496 0.659500693481276
0 0.6279916753381893 0.2035367545076283 0.6935483870967742 0.2035367545076283 0.6935483870967742 0.10783633841886268 0.6279916753381893 0.10783633841886268 0.6279916753381893 0.2035367545076283
0 0.19979188345473464 0.565880721220527 0.3215400624349636 0.565880721220527 0.3215400624349636 0.39875173370319 0.19979188345473464 0.39875173370319 0.19979188345473464 0.565880721220527
0 0.20343392299687826 0.18169209431345354 0.27991675338189387 0.18169209431345354 0.27991675338189387 0.07073509015256588 0.20343392299687826 0.07073509015256588 0.20343392299687826 0.18169209431345354
0 0.010145681581685745 0.3488210818307906 0.10639958376690947 0.3488210818307906 0.10639958376690947 0.20527045769764216 0.010145681581685745 0.20527045769764216 0.010145681581685745 0.3488210818307906
0 0.8207596253902185 0.36893203883495146 0.8909989594172737 0.36893203883495146 0.8909989594172737 0.2538141470180305 0.8207596253902185 0.2538141470180305 0.8207596253902185 0.36893203883495146
0 0 0.48231622746185854 0.07544224765868887 0.48231622746185854 0.07544224765868887 0.32281553398058255 0 0.32281553398058255 0 0.48231622746185854
0 0.7838189386056191 0.1584604715672677 0.8379292403746098 0.1584604715672677 0.8379292403746098 0.07662968099861303 0.7838189386056191 0.07662968099861303 0.7838189386056191 0.1584604715672677
0 0.8839750260145681 0.4143550624133148 0.9526534859521332 0.4143550624133148 0.9526534859521332 0.30062413314840497 0.8839750260145681 0.30062413314840497 0.8839750260145681 0.4143550624133148
0 0.23309053069719043 0 0.23309053069719043 0.04299583911234397 0.2970863683662851 0.04299583911234397 0.2970863683662851 0 0.23309053069719043 0
0 0.25208116545265347 0.9996532593619972 0.3899583766909469 0.9996532593619972 0.3899583766909469 0.9594313453536755 0.25208116545265347 0.9594313453536755 0.25208116545265347 0.9996532593619972
0 0.8943808532778356 0.32420249653259364 0.9505723204994797 0.32420249653259364 0.9505723204994797 0.25832177531206657 0.8943808532778356 0.25832177531206657 0.8943808532778356 0.32420249653259364