0 0.1431640625 0.8416666666666667 0.3103515625 0.8416666666666667 0.3103515625 0.646875 0.1431640625 0.646875 0.1431640625 0.8416666666666667
0 0.1748046875 0.99921875 0.3853515625 0.99921875 0.3853515625 0.7841145833333333 0.1748046875 0.7841145833333333 0.1748046875 0.99921875
0 0.069921875 0.36770833333333336 0.132421875 0.36770833333333336 0.132421875 0.2864583333333333 0.069921875 0.2864583333333333 0.069921875 0.36770833333333336
0 0.0001953125 0.88984375 0.0794921875 0.88984375 0.0794921875 0.68671875 0.0001953125 0.68671875 0.0001953125 0.88984375
0 0.1603515625 0.2942708333333333 0.2201171875 0.2942708333333333 0.2201171875 0.228125 0.1603515625 0.228125 0.1603515625 0.2942708333333333
0 0.2654296875 0.2989583333333333 0.3189453125 0.2989583333333333 0.3189453125 0.2296875 0.2654296875 0.2296875 0.2654296875 0.2989583333333333
0 0.5638671875 0.41067708333333336 0.6314453125 0.41067708333333336 0.6314453125 0.31328125 0.5638671875 0.31328125 0.5638671875 0.41067708333333336
0 0.880859375 0.44296875 0.937890625 0.44296875 0.937890625 0.35078125 0.880859375 0.35078125 0.880859375 0.44296875
0 0.4810546875 0.34322916666666664 0.5423828125 0.34322916666666664 0.5423828125 0.2578125 0.4810546875 0.2578125 0.4810546875 0.34322916666666664
0 0.655859375 0.35 0.712109375 0.35 0.712109375 0.27760416666666665 0.655859375 0.27760416666666665 0.655859375 0.35
0 0.7388671875 0.37109375 0.7982421875 0.37109375 0.7982421875 0.28671875 0.7388671875 0.28671875 0.7388671875 0.37109375
0 0.5357421875 0.33229166666666665 0.5861328125 0.33229166666666665 0.5861328125 0.25677083333333334 0.5357421875 0.25677083333333334 0.5357421875 0.33229166666666665
0 0.4236328125 0.365625 0.4896484375 0.365625 0.4896484375 0.26979166666666665 0.4236328125 0.26979166666666665 0.4236328125 0.365625
0 0.3912109375 0.33046875 0.4533203125 0.33046875 0.4533203125 0.2513020833333333 0.3912109375 0.2513020833333333 0.3912109375 0.33046875
0 0.8279296875 0.40859375 0.8857421875 0.40859375 0.8857421875 0.32317708333333334 0.8279296875 0.32317708333333334 0.8279296875 0.40859375
0 0.578125 0.315625 0.628125 0.315625 0.628125 0.24635416666666668 0.578125 0.24635416666666668 0.578125 0.315625
0 0.115234375 0.33489583333333334 0.1734375 0.33489583333333334 0.1734375 0.253125 0.115234375 0.253125 0.115234375 0.33489583333333334
0 0.77421875 0.35651041666666666 0.826953125 0.35651041666666666 0.826953125 0.2825520833333333 0.77421875 0.2825520833333333 0.77421875 0.35651041666666666
0 0.978125 0.44140625 0.999609375 0.44140625 0.999609375 0.36328125 0.978125 0.36328125 0.978125 0.44140625
0 0.8576171875 0.36041666666666666 0.9052734375 0.36041666666666666 0.9052734375 0.3151041666666667 0.8576171875 0.3151041666666667 0.8576171875 0.36041666666666666
0 0.111328125 0.28932291666666665 0.156640625 0.28932291666666665 0.156640625 0.24713541666666666 0.111328125 0.24713541666666666 0.111328125 0.28932291666666665
0 0.837109375 0.32578125 0.88203125 0.32578125 0.88203125 0.29921875 0.837109375 0.29921875 0.837109375 0.32578125