0 0.30357142857142855 0.4452191235059761 0.3898809523809524 0.4452191235059761 0.3898809523809524 0.31772908366533864 0.30357142857142855 0.31772908366533864 0.30357142857142855 0.4452191235059761
0 0.09895833333333333 0.598605577689243 0.19419642857142858 0.598605577689243 0.19419642857142858 0.45119521912350596 0.09895833333333333 0.45119521912350596 0.09895833333333333 0.598605577689243
0 0.10788690476190477 0.36852589641434264 0.20163690476190477 0.36852589641434264 0.20163690476190477 0.2350597609561753 0.10788690476190477 0.2350597609561753 0.10788690476190477 0.36852589641434264
0 0.42336309523809523 0.12450199203187251 0.49776785714285715 0.12450199203187251 0.49776785714285715 0.008964143426294821 0.42336309523809523 0.008964143426294821 0.42336309523809523 0.12450199203187251
0 0.17559523809523808 0.4033864541832669 0.25892857142857145 0.4033864541832669 0.25892857142857145 0.28784860557768926 0.17559523809523808 0.28784860557768926 0.17559523809523808 0.4033864541832669
0 0.3943452380952381 0.6643426294820717 0.49107142857142855 0.6643426294820717 0.49107142857142855 0.5288844621513944 0.3943452380952381 0.5288844621513944 0.3943452380952381 0.6643426294820717
0 0.4880952380952381 0.1553784860557769 0.5505952380952381 0.1553784860557769 0.5505952380952381 0.043824701195219126 0.4880952380952381 0.043824701195219126 0.4880952380952381 0.1553784860557769
0 0.15997023809523808 0.5288844621513944 0.2552083333333333 0.5288844621513944 0.2552083333333333 0.39741035856573703 0.15997023809523808 0.39741035856573703 0.15997023809523808 0.5288844621513944
0 0.06696428571428571 0.2699203187250996 0.15327380952380953 0.2699203187250996 0.15327380952380953 0.15836653386454183 0.06696428571428571 0.15836653386454183 0.06696428571428571 0.2699203187250996
0 0.13690476190476192 0.7171314741035857 0.23958333333333334 0.7171314741035857 0.23958333333333334 0.5737051792828686 0.13690476190476192 0.5737051792828686 0.13690476190476192 0.7171314741035857
0 0.27380952380952384 0.8904382470119522 0.37648809523809523 0.8904382470119522 0.37648809523809523 0.7450199203187251 0.27380952380952384 0.7450199203187251 0.27380952380952384 0.8904382470119522
0 0.8794642857142857 1 0.8794642857142857 0.952191235059761 0.8110119047619048 0.952191235059761 0.8110119047619048 1 0.8794642857142857 1
0 0.1212797619047619 0.18426294820717132 0.20758928571428573 0.18426294820717132 0.20758928571428573 0.05876494023904383 0.1212797619047619 0.05876494023904383 0.1212797619047619 0.18426294820717132
0 0.8043154761904762 1 0.8043154761904762 0.9083665338645418 0.7001488095238095 0.9083665338645418 0.7001488095238095 1 0.8043154761904762 1
0 0.050595238095238096 0.16334661354581673 0.12202380952380952 0.16334661354581673 0.12202380952380952 0.06573705179282868 0.050595238095238096 0.06573705179282868 0.050595238095238096 0.16334661354581673
0 0.328125 0.8077689243027888 0.41294642857142855 0.8077689243027888 0.41294642857142855 0.6703187250996016 0.328125 0.6703187250996016 0.328125 0.8077689243027888