0 0.1208984375 0.8606770833333334 0.3162109375 0.8606770833333334 0.3162109375 0.64296875 0.1208984375 0.64296875 0.1208984375 0.8606770833333334
0 0.0001953125 0.91875 0.1478515625 0.91875 0.1478515625 0.7171875 0.0001953125 0.7171875 0.0001953125 0.91875
0 0.527734375 0.3190104166666667 0.582421875 0.3190104166666667 0.582421875 0.24505208333333334 0.527734375 0.24505208333333334 0.527734375 0.3190104166666667
0 0.8103515625 0.4703125 0.8787109375 0.4703125 0.8787109375 0.3645833333333333 0.8103515625 0.3645833333333333 0.8103515625 0.4703125
0 0.6564453125 0.40572916666666664 0.7193359375 0.40572916666666664 0.7193359375 0.3145833333333333 0.6564453125 0.3145833333333333 0.6564453125 0.40572916666666664
0 0 0.31484375 0.028125 0.31484375 0.028125 0.25286458333333334 0 0.25286458333333334 0 0.31484375
0 0.33671875 0.2908854166666667 0.396875 0.2908854166666667 0.396875 0.22265625 0.33671875 0.22265625 0.33671875 0.2908854166666667
0 0.8375 0.37083333333333335 0.8875 0.37083333333333335 0.8875 0.2989583333333333 0.8375 0.2989583333333333 0.8375 0.37083333333333335
0 0.187109375 0.3419270833333333 0.25703125 0.3419270833333333 0.25703125 0.26796875 0.187109375 0.26796875 0.187109375 0.3419270833333333
0 0.7484375 0.4296875 0.819921875 0.4296875 0.819921875 0.32916666666666666 0.7484375 0.32916666666666666 0.7484375 0.4296875
0 0.8892578125 0.40703125 0.9435546875 0.40703125 0.9435546875 0.32890625 0.8892578125 0.32890625 0.8892578125 0.40703125
0 0.296875 0.33359375 0.361328125 0.33359375 0.361328125 0.25338541666666664 0.296875 0.25338541666666664 0.296875 0.33359375
0 0.6890625 0.34270833333333334 0.7375 0.34270833333333334 0.7375 0.27291666666666664 0.6890625 0.27291666666666664 0.6890625 0.34270833333333334
0 0.2087890625 0.29791666666666666 0.2662109375 0.29791666666666666 0.2662109375 0.240625 0.2087890625 0.240625 0.2087890625 0.29791666666666666
0 0.24375 0.28802083333333334 0.287890625 0.28802083333333334 0.287890625 0.22552083333333334 0.24375 0.22552083333333334 0.24375 0.28802083333333334
0 0.238671875 0.23723958333333334 0.28515625 0.23723958333333334 0.28515625 0.20286458333333332 0.238671875 0.20286458333333332 0.238671875 0.23723958333333334
0 0.294921875 0.24427083333333333 0.343359375 0.24427083333333333 0.343359375 0.20729166666666668 0.294921875 0.20729166666666668 0.294921875 0.24427083333333333
0 0.2841796875 0.30520833333333336 0.3361328125 0.30520833333333336 0.3361328125 0.2359375 0.2841796875 0.2359375 0.2841796875 0.30520833333333336
0 0.651953125 0.34270833333333334 0.712109375 0.34270833333333334 0.712109375 0.28541666666666665 0.651953125 0.28541666666666665 0.651953125 0.34270833333333334
0 0.733203125 0.3763020833333333 0.798046875 0.3763020833333333 0.798046875 0.3111979166666667 0.733203125 0.3111979166666667 0.733203125 0.3763020833333333
0 0.7310546875 0.3455729166666667 0.7892578125 0.3455729166666667 0.7892578125 0.28671875 0.7310546875 0.28671875 0.7310546875 0.3455729166666667
0 0.9228515625 0.34375 0.9626953125 0.34375 0.9626953125 0.2921875 0.9228515625 0.2921875 0.9228515625 0.34375
0 0.971875 0.40520833333333334 0.999609375 0.40520833333333334 0.999609375 0.340625 0.971875 0.340625 0.971875 0.40520833333333334
0 0.925 0.3953125 0.95859375 0.3953125 0.95859375 0.32916666666666666 0.925 0.32916666666666666 0.925 0.3953125