0 0.21742144177449169 0.99921875 0.3204713493530499 0.99921875 0.3204713493530499 0.68828125 0.21742144177449169 0.68828125 0.21742144177449169 0.99921875
0 0.5515249537892791 1 0.5515249537892791 0.5625 0.4318391866913124 0.5625 0.4318391866913124 1 0.5515249537892791 1
0 0.808456561922366 1 0.808456561922366 0.671875 0.6735212569316081 0.671875 0.6735212569316081 1 0.808456561922366 1
0 0.6670517560073937 1 0.6670517560073937 0.55625 0.5515249537892791 0.55625 0.5515249537892791 1 0.6670517560073937 1
0 0.40388170055452866 0.690625 0.5069316081330869 0.690625 0.5069316081330869 0.35 0.40388170055452866 0.35 0.40388170055452866 0.690625
0 0.4794362292051756 0.43125 0.5741682070240296 0.43125 0.5741682070240296 0.140625 0.4794362292051756 0.140625 0.4794362292051756 0.43125
0 0.6104436229205176 0.74765625 0.7070240295748613 0.74765625 0.7070240295748613 0.24140625 0.6104436229205176 0.24140625 0.6104436229205176 0.74765625
0 0.5078558225508318 0.6703125 0.6127541589648798 0.6703125 0.6127541589648798 0.296875 0.5078558225508318 0.296875 0.5078558225508318 0.6703125
0 0.31769870609981515 0.99375 0.4359981515711645 0.99375 0.4359981515711645 0.6046875 0.31769870609981515 0.6046875 0.31769870609981515 0.99375
0 0.2453789279112754 0.68125 0.3202402957486137 0.68125 0.3202402957486137 0.3046875 0.2453789279112754 0.3046875 0.2453789279112754 0.68125
0 0.3052218114602588 0.721875 0.4027264325323475 0.721875 0.4027264325323475 0.415625 0.3052218114602588 0.415625 0.3052218114602588 0.721875
0 0.5878003696857671 0.38125 0.6802218114602587 0.38125 0.6802218114602587 0.084375 0.5878003696857671 0.084375 0.5878003696857671 0.38125
0 0.6954713493530499 0 0.6954713493530499 0.084375 0.7675600739371534 0.084375 0.7675600739371534 0 0.6954713493530499 0
0 0.5542975970425139 0 0.5542975970425139 0.2625 0.6314695009242144 0.2625 0.6314695009242144 0 0.5542975970425139 0
0 0.6176062846580407 0 0.6176062846580407 0.0671875 0.6790665434380776 0.0671875 0.6790665434380776 0 0.6176062846580407 0
0 0.2525415896487985 0.38515625 0.32093345656192235 0.38515625 0.32093345656192235 0.20703125 0.2525415896487985 0.20703125 0.2525415896487985 0.38515625
0 0.5307301293900185 0 0.5307301293900185 0.128125 0.5801756007393716 0.128125 0.5801756007393716 0 0.5307301293900185 0
0 0.4422365988909427 1 0.4422365988909427 0.909375 0.3424214417744917 0.909375 0.3424214417744917 1 0.4422365988909427 1
0 0.31515711645101663 1 0.31515711645101663 0.971875 0.22828096118299446 0.971875 0.22828096118299446 1 0.31515711645101663 1