0 0.22819767441860464 0.60546875 0.3066860465116279 0.60546875 0.3066860465116279 0.5 0.22819767441860464 0.5 0.22819767441860464 0.60546875
0 0.5159883720930233 0.818359375 0.5857558139534884 0.818359375 0.5857558139534884 0.689453125 0.5159883720930233 0.689453125 0.5159883720930233 0.818359375
0 0.5494186046511628 0.291015625 0.622093023255814 0.291015625 0.622093023255814 0.181640625 0.5494186046511628 0.181640625 0.5494186046511628 0.291015625
0 0.7165697674418605 0.875 0.7834302325581395 0.875 0.7834302325581395 0.75390625 0.7165697674418605 0.75390625 0.7165697674418605 0.875
0 0.3444767441860465 0.99609375 0.4316860465116279 0.99609375 0.4316860465116279 0.90625 0.3444767441860465 0.90625 0.3444767441860465 0.99609375
0 0.751453488372093 0.28125 0.8299418604651163 0.28125 0.8299418604651163 0.17578125 0.751453488372093 0.17578125 0.751453488372093 0.28125
0 0.48401162790697677 0.3515625 0.5566860465116279 0.3515625 0.5566860465116279 0.24609375 0.48401162790697677 0.24609375 0.48401162790697677 0.3515625
0 0.18459302325581395 0.998046875 0.26598837209302323 0.998046875 0.26598837209302323 0.912109375 0.18459302325581395 0.912109375 0.18459302325581395 0.998046875
0 0.18604651162790697 0.158203125 0.25872093023255816 0.158203125 0.25872093023255816 0.060546875 0.18604651162790697 0.060546875 0.18604651162790697 0.158203125
0 0.3008720930232558 0.21875 0.3793604651162791 0.21875 0.3793604651162791 0.1171875 0.3008720930232558 0.1171875 0.3008720930232558 0.21875
0 0.7776162790697675 0.802734375 0.8561046511627907 0.802734375 0.8561046511627907 0.693359375 0.7776162790697675 0.693359375 0.7776162790697675 0.802734375
0 0.5043604651162791 0.4921875 0.5625 0.4921875 0.5625 0.3671875 0.5043604651162791 0.3671875 0.5043604651162791 0.4921875
0 0.6409883720930233 0.998046875 0.7136627906976745 0.998046875 0.7136627906976745 0.900390625 0.6409883720930233 0.900390625 0.6409883720930233 0.998046875
0 0.5915697674418605 0.814453125 0.6497093023255814 0.814453125 0.6497093023255814 0.677734375 0.5915697674418605 0.677734375 0.5915697674418605 0.814453125
0 0.7281976744186046 0.998046875 0.8008720930232558 0.998046875 0.8008720930232558 0.900390625 0.7281976744186046 0.900390625 0.7281976744186046 0.998046875
0 0.42151162790697677 0.48828125 0.5 0.48828125 0.5 0.37109375 0.42151162790697677 0.37109375 0.42151162790697677 0.48828125
0 0.3546511627906977 0.341796875 0.4273255813953488 0.341796875 0.4273255813953488 0.248046875 0.3546511627906977 0.248046875 0.3546511627906977 0.341796875
0 0.11046511627906977 0.33984375 0.19186046511627908 0.33984375 0.19186046511627908 0.234375 0.11046511627906977 0.234375 0.11046511627906977 0.33984375
0 0.6133720930232558 0.353515625 0.686046511627907 0.353515625 0.686046511627907 0.251953125 0.6133720930232558 0.251953125 0.6133720930232558 0.353515625
0 0.7747093023255814 0.603515625 0.8502906976744186 0.603515625 0.8502906976744186 0.494140625 0.7747093023255814 0.494140625 0.7747093023255814 0.603515625
0 0.4258720930232558 0.287109375 0.4956395348837209 0.287109375 0.4956395348837209 0.181640625 0.4258720930232558 0.181640625 0.4258720930232558 0.287109375
0 0.40988372093023256 0.96484375 0.4883720930232558 0.96484375 0.4883720930232558 0.83984375 0.40988372093023256 0.83984375 0.40988372093023256 0.96484375
0 0.22238372093023256 0.34765625 0.3008720930232558 0.34765625 0.3008720930232558 0.24609375 0.22238372093023256 0.24609375 0.22238372093023256 0.34765625
0 0.6351744186046512 0.87890625 0.7078488372093024 0.87890625 0.7078488372093024 0.76953125 0.6351744186046512 0.76953125 0.6351744186046512 0.87890625
0 0.48401162790697677 0.232421875 0.559593023255814 0.232421875 0.559593023255814 0.123046875 0.48401162790697677 0.123046875 0.48401162790697677 0.232421875
0 0.6613372093023255 0.109375 0.7340116279069767 0.109375 0.7340116279069767 0.0078125 0.6613372093023255 0.0078125 0.6613372093023255 0.109375
0 0.6613372093023255 0.607421875 0.7311046511627907 0.607421875 0.7311046511627907 0.494140625 0.6613372093023255 0.494140625 0.6613372093023255 0.607421875
0 0.5348837209302325 0.677734375 0.6133720930232558 0.677734375 0.6133720930232558 0.564453125 0.5348837209302325 0.564453125 0.5348837209302325 0.677734375
0 0.21511627906976744 0.89453125 0.29651162790697677 0.89453125 0.29651162790697677 0.76953125 0.21511627906976744 0.76953125 0.21511627906976744 0.89453125
0 0.7703488372093024 0.94140625 0.8459302325581395 0.94140625 0.8459302325581395 0.82421875 0.7703488372093024 0.82421875 0.7703488372093024 0.94140625
0 0.8531976744186046 0.9375 0.9316860465116279 0.9375 0.9316860465116279 0.82421875 0.8531976744186046 0.82421875 0.8531976744186046 0.9375
0 0.47674418604651164 0.607421875 0.5348837209302325 0.607421875 0.5348837209302325 0.490234375 0.47674418604651164 0.490234375 0.47674418604651164 0.607421875
0 0.49709302325581395 0.95703125 0.5726744186046512 0.95703125 0.5726744186046512 0.83984375 0.49709302325581395 0.83984375 0.49709302325581395 0.95703125
0 0.7616279069767442 0.4765625 0.8343023255813954 0.4765625 0.8343023255813954 0.37109375 0.7616279069767442 0.37109375 0.7616279069767442 0.4765625
0 0.5537790697674418 0.111328125 0.626453488372093 0.111328125 0.626453488372093 0.005859375 0.5537790697674418 0.005859375 0.5537790697674418 0.111328125
0 0.559593023255814 0.99609375 0.6351744186046512 0.99609375 0.6351744186046512 0.90625 0.559593023255814 0.90625 0.559593023255814 0.99609375
0 0.4011627906976744 0.607421875 0.47093023255813954 0.607421875 0.47093023255813954 0.498046875 0.4011627906976744 0.498046875 0.4011627906976744 0.607421875
0 0.061046511627906974 0.296875 0.125 0.296875 0.125 0.15625 0.061046511627906974 0.15625 0.061046511627906974 0.296875
0 0.4316860465116279 0.814453125 0.5072674418604651 0.814453125 0.5072674418604651 0.701171875 0.4316860465116279 0.701171875 0.4316860465116279 0.814453125
0 0.6075581395348837 0.173828125 0.6831395348837209 0.173828125 0.6831395348837209 0.064453125 0.6075581395348837 0.064453125 0.6075581395348837 0.173828125
0 0.31976744186046513 0.609375 0.3953488372093023 0.609375 0.3953488372093023 0.50390625 0.31976744186046513 0.50390625 0.31976744186046513 0.609375
0 0.5450581395348837 0.416015625 0.6177325581395349 0.416015625 0.6177325581395349 0.310546875 0.5450581395348837 0.310546875 0.5450581395348837 0.416015625
0 0.7180232558139535 0.5390625 0.7877906976744186 0.5390625 0.7877906976744186 0.43359375 0.7180232558139535 0.43359375 0.7180232558139535 0.5390625
0 0.6773255813953488 0.427734375 0.752906976744186 0.427734375 0.752906976744186 0.298828125 0.6773255813953488 0.298828125 0.6773255813953488 0.427734375
0 0.08284883720930232 0 0.08284883720930232 0.09765625 0.1613372093023256 0.09765625 0.1613372093023256 0 0.08284883720930232 0
0 0.07994186046511628 0.99609375 0.14098837209302326 0.99609375 0.14098837209302326 0.91796875 0.07994186046511628 0.91796875 0.07994186046511628 0.99609375
0 0.010174418604651164 0.61328125 0.09156976744186046 0.61328125 0.09156976744186046 0.48828125 0.010174418604651164 0.48828125 0.010174418604651164 0.61328125
0 0.3226744186046512 0.111328125 0.37790697674418605 0.111328125 0.37790697674418605 0.001953125 0.3226744186046512 0.001953125 0.3226744186046512 0.111328125
0 0.24563953488372092 0 0.24563953488372092 0.1171875 0.31540697674418605 0.1171875 0.31540697674418605 0 0.24563953488372092 0
0 0.5755813953488372 0.607421875 0.6482558139534884 0.607421875 0.6482558139534884 0.501953125 0.5755813953488372 0.501953125 0.5755813953488372 0.607421875
0 0.02616279069767442 0.154296875 0.09883720930232558 0.154296875 0.09883720930232558 0.052734375 0.02616279069767442 0.052734375 0.02616279069767442 0.154296875
0 0.6773255813953488 0.236328125 0.752906976744186 0.236328125 0.752906976744186 0.123046875 0.6773255813953488 0.123046875 0.6773255813953488 0.236328125
0 0.7558139534883721 0.1015625 0.8255813953488372 0.1015625 0.8255813953488372 0.0078125 0.7558139534883721 0.0078125 0.7558139534883721 0.1015625
0 0.3633720930232558 0.744140625 0.438953488372093 0.744140625 0.438953488372093 0.630859375 0.3633720930232558 0.630859375 0.3633720930232558 0.744140625
0 0.6046511627906976 0.494140625 0.6831395348837209 0.494140625 0.6831395348837209 0.373046875 0.6046511627906976 0.373046875 0.6046511627906976 0.494140625
0 0.7020348837209303 0.744140625 0.7747093023255814 0.744140625 0.7747093023255814 0.619140625 0.7020348837209303 0.619140625 0.7020348837209303 0.744140625
0 0 0.8671875 0.055232558139534885 0.8671875 0.055232558139534885 0.76171875 0 0.76171875 0 0.8671875
0 0.09738372093023256 0.68359375 0.17877906976744187 0.68359375 0.17877906976744187 0.5625 0.09738372093023256 0.5625 0.09738372093023256 0.68359375
0 0 0.3984375 0.06686046511627906 0.3984375 0.06686046511627906 0.296875 0 0.296875 0 0.3984375
0 0.8037790697674418 0.99609375 0.8648255813953488 0.99609375 0.8648255813953488 0.96875 0.8037790697674418 0.96875 0.8037790697674418 0.99609375
0 0.5741279069767442 1 0.5741279069767442 0.984375 0.5101744186046512 0.984375 0.5101744186046512 1 0.5741279069767442 1