0 0.31540697674418605 0.60546875 0.39680232558139533 0.60546875 0.39680232558139533 0.5 0.31540697674418605 0.5 0.31540697674418605 0.60546875
0 0.3386627906976744 0.875 0.42005813953488375 0.875 0.42005813953488375 0.76953125 0.3386627906976744 0.76953125 0.3386627906976744 0.875
0 0.38226744186046513 0.21875 0.45203488372093026 0.21875 0.45203488372093026 0.12109375 0.38226744186046513 0.12109375 0.38226744186046513 0.21875
0 0.4316860465116279 0.873046875 0.501453488372093 0.873046875 0.501453488372093 0.767578125 0.4316860465116279 0.767578125 0.4316860465116279 0.873046875
0 0.31540697674418605 0.34375 0.3938953488372093 0.34375 0.3938953488372093 0.24609375 0.31540697674418605 0.24609375 0.31540697674418605 0.34375
0 0.31976744186046513 0.158203125 0.39244186046511625 0.158203125 0.39244186046511625 0.060546875 0.31976744186046513 0.060546875 0.31976744186046513 0.158203125
0 0.752906976744186 0.59765625 0.8255813953488372 0.59765625 0.8255813953488372 0.48828125 0.752906976744186 0.48828125 0.752906976744186 0.59765625
0 0.2063953488372093 0.875 0.2877906976744186 0.875 0.2877906976744186 0.76953125 0.2063953488372093 0.76953125 0.2063953488372093 0.875
0 0.5232558139534884 0.99609375 0.6046511627906976 0.99609375 0.6046511627906976 0.90234375 0.5232558139534884 0.90234375 0.5232558139534884 0.99609375
0 0.4956395348837209 0.22265625 0.5683139534883721 0.22265625 0.5683139534883721 0.1171875 0.4956395348837209 0.1171875 0.4956395348837209 0.22265625
0 0.13226744186046513 0.341796875 0.20203488372093023 0.341796875 0.20203488372093023 0.232421875 0.13226744186046513 0.232421875 0.13226744186046513 0.341796875
0 0.6177325581395349 0.47265625 0.6875 0.47265625 0.6875 0.3671875 0.6177325581395349 0.3671875 0.6177325581395349 0.47265625
0 0.16279069767441862 0.220703125 0.23546511627906977 0.220703125 0.23546511627906977 0.115234375 0.16279069767441862 0.115234375 0.16279069767441862 0.220703125
0 0.5755813953488372 0.22265625 0.6511627906976745 0.22265625 0.6511627906976745 0.12109375 0.5755813953488372 0.12109375 0.5755813953488372 0.22265625
0 0.050872093023255814 0.333984375 0.12354651162790697 0.333984375 0.12354651162790697 0.240234375 0.050872093023255814 0.240234375 0.050872093023255814 0.333984375
0 0.11046511627906977 0.884765625 0.19476744186046513 0.884765625 0.19476744186046513 0.763671875 0.11046511627906977 0.763671875 0.11046511627906977 0.884765625
0 0.26308139534883723 0 0.26308139534883723 0.1015625 0.33575581395348836 0.1015625 0.33575581395348836 0 0.26308139534883723 0
0 0.24709302325581395 0.216796875 0.32558139534883723 0.216796875 0.32558139534883723 0.115234375 0.24709302325581395 0.115234375 0.24709302325581395 0.216796875
0 0.03488372093023256 0 0.03488372093023256 0.09375 0.10755813953488372 0.09375 0.10755813953488372 0 0.03488372093023256 0
0 0.75 0.998046875 0.8284883720930233 0.998046875 0.8284883720930233 0.896484375 0.75 0.896484375 0.75 0.998046875
0 0.6468023255813954 0.29296875 0.7194767441860465 0.29296875 0.7194767441860465 0.18359375 0.6468023255813954 0.18359375 0.6468023255813954 0.29296875
0 0.8037790697674418 0.875 0.8706395348837209 0.875 0.8706395348837209 0.75 0.8037790697674418 0.75 0.8037790697674418 0.875
0 0.6642441860465116 0.8671875 0.7281976744186046 0.8671875 0.7281976744186046 0.75 0.6642441860465116 0.75 0.6642441860465116 0.8671875
0 0.5552325581395349 0.10546875 0.625 0.10546875 0.625 0.00390625 0.5552325581395349 0.00390625 0.5552325581395349 0.10546875
0 0.436046511627907 0.162109375 0.5087209302325582 0.162109375 0.5087209302325582 0.056640625 0.436046511627907 0.056640625 0.436046511627907 0.162109375
0 0.5755813953488372 0.353515625 0.6540697674418605 0.353515625 0.6540697674418605 0.240234375 0.5755813953488372 0.240234375 0.5755813953488372 0.353515625
0 0.688953488372093 0.220703125 0.7616279069767442 0.220703125 0.7616279069767442 0.123046875 0.688953488372093 0.123046875 0.688953488372093 0.220703125
0 0.7136627906976745 0.109375 0.7805232558139535 0.109375 0.7805232558139535 0.0078125 0.7136627906976745 0.0078125 0.7136627906976745 0.109375
0 0.501453488372093 0.537109375 0.5712209302325582 0.537109375 0.5712209302325582 0.427734375 0.501453488372093 0.427734375 0.501453488372093 0.537109375
0 0.7936046511627907 0.525390625 0.8633720930232558 0.525390625 0.8633720930232558 0.431640625 0.7936046511627907 0.431640625 0.7936046511627907 0.525390625
0 0.5770348837209303 0.740234375 0.6526162790697675 0.740234375 0.6526162790697675 0.626953125 0.5770348837209303 0.626953125 0.5770348837209303 0.740234375
0 0.6758720930232558 0.60546875 0.748546511627907 0.60546875 0.748546511627907 0.49609375 0.6758720930232558 0.49609375 0.6758720930232558 0.60546875
0 0.6700581395348837 0.423828125 0.7456395348837209 0.423828125 0.7456395348837209 0.298828125 0.6700581395348837 0.298828125 0.6700581395348837 0.423828125
0 0.5101744186046512 0.8828125 0.5770348837209303 0.8828125 0.5770348837209303 0.765625 0.5101744186046512 0.765625 0.5101744186046512 0.8828125
0 0.7325581395348837 0.478515625 0.8023255813953488 0.478515625 0.8023255813953488 0.369140625 0.7325581395348837 0.369140625 0.7325581395348837 0.478515625
0 0.05813953488372093 0.96484375 0.13662790697674418 0.96484375 0.13662790697674418 0.83203125 0.05813953488372093 0.83203125 0.05813953488372093 0.96484375
0 0.623546511627907 0.162109375 0.690406976744186 0.162109375 0.690406976744186 0.064453125 0.623546511627907 0.064453125 0.623546511627907 0.162109375
0 0.5465116279069767 0.482421875 0.6104651162790697 0.482421875 0.6104651162790697 0.353515625 0.5465116279069767 0.353515625 0.5465116279069767 0.482421875
0 0.7877906976744186 0.10546875 0.8459302325581395 0.10546875 0.8459302325581395 0.00390625 0.7877906976744186 0.00390625 0.7877906976744186 0.10546875
0 0.7093023255813954 0.734375 0.7790697674418605 0.734375 0.7790697674418605 0.6171875 0.7093023255813954 0.6171875 0.7093023255813954 0.734375
0 0.15261627906976744 0 0.15261627906976744 0.09765625 0.22529069767441862 0.09765625 0.22529069767441862 0 0.15261627906976744 0
0 0.5857558139534884 0.884765625 0.6555232558139535 0.884765625 0.6555232558139535 0.755859375 0.5857558139534884 0.755859375 0.5857558139534884 0.884765625
0 0.7369186046511628 0.865234375 0.7979651162790697 0.865234375 0.7979651162790697 0.759765625 0.7369186046511628 0.759765625 0.7369186046511628 0.865234375
0 0.8444767441860465 0.671875 0.9171511627906976 0.671875 0.9171511627906976 0.53515625 0.8444767441860465 0.53515625 0.8444767441860465 0.671875
0 0.4127906976744186 0.529296875 0.4941860465116279 0.529296875 0.4941860465116279 0.423828125 0.4127906976744186 0.423828125 0.4127906976744186 0.529296875
0 0.7630813953488372 0.2265625 0.8299418604651163 0.2265625 0.8299418604651163 0.1171875 0.7630813953488372 0.1171875 0.7630813953488372 0.2265625
0 0.8546511627906976 0.80078125 0.9331395348837209 0.80078125 0.9331395348837209 0.68359375 0.8546511627906976 0.68359375 0.8546511627906976 0.80078125
0 0.7863372093023255 0.736328125 0.8619186046511628 0.736328125 0.8619186046511628 0.615234375 0.7863372093023255 0.615234375 0.7863372093023255 0.736328125
0 0.7848837209302325 0.3515625 0.8604651162790697 0.3515625 0.8604651162790697 0.23046875 0.7848837209302325 0.23046875 0.7848837209302325 0.3515625
0 0.33430232558139533 0 0.33430232558139533 0.046875 0.40406976744186046 0.046875 0.40406976744186046 0 0.33430232558139533 0
0 0.2761627906976744 0.470703125 0.3488372093023256 0.470703125 0.3488372093023256 0.365234375 0.2761627906976744 0.365234375 0.2761627906976744 0.470703125
0 0.4127906976744186 0 0.4127906976744186 0.0390625 0.47674418604651164 0.0390625 0.47674418604651164 0 0.4127906976744186 0
0 0.4331395348837209 0.75 0.5058139534883721 0.75 0.5058139534883721 0.6484375 0.4331395348837209 0.6484375 0.4331395348837209 0.75
0 0.0014534883720930232 0.876953125 0.056686046511627904 0.876953125 0.056686046511627904 0.759765625 0.0014534883720930232 0.759765625 0.0014534883720930232 0.876953125
0 0.688953488372093 0.998046875 0.7616279069767442 0.998046875 0.7616279069767442 0.966796875 0.688953488372093 0.966796875 0.688953488372093 0.998046875
0 0.6642441860465116 0 0.6642441860465116 0.05078125 0.7252906976744186 0.05078125 0.7252906976744186 0 0.6642441860465116 0
0 0.02616279069767442 0.75 0.10465116279069768 0.75 0.10465116279069768 0.62109375 0.02616279069767442 0.62109375 0.02616279069767442 0.75
0 0.6671511627906976 1 0.6671511627906976 0.98046875 0.6061046511627907 0.98046875 0.6061046511627907 1 0.6671511627906976 1