0 0.4900390625 0.9994791666666667 0.6806640625 0.9994791666666667 0.6806640625 0.8057291666666667 0.4900390625 0.8057291666666667 0.4900390625 0.9994791666666667
0 0.1466796875 0.7239583333333334 0.3041015625 0.7239583333333334 0.3041015625 0.5510416666666667 0.1466796875 0.5510416666666667 0.1466796875 0.7239583333333334
0 0.0234375 0.7901041666666667 0.17421875 0.7901041666666667 0.17421875 0.6104166666666667 0.0234375 0.6104166666666667 0.0234375 0.7901041666666667
0 0 0.90234375 0.1109375 0.90234375 0.1109375 0.69765625 0 0.69765625 0 0.90234375
0 0.2220703125 0.3143229166666667 0.2783203125 0.3143229166666667 0.2783203125 0.23984375 0.2220703125 0.23984375 0.2220703125 0.3143229166666667
0 0.8498046875 0.36953125 0.8986328125 0.36953125 0.8986328125 0.29973958333333334 0.8498046875 0.29973958333333334 0.8498046875 0.36953125
0 0.045703125 0.32708333333333334 0.09453125 0.32708333333333334 0.09453125 0.25885416666666666 0.045703125 0.25885416666666666 0.045703125 0.32708333333333334
0 0.626953125 0.3411458333333333 0.68125 0.3411458333333333 0.68125 0.2635416666666667 0.626953125 0.2635416666666667 0.626953125 0.3411458333333333
0 0.999609375 1 0.999609375 0.8526041666666667 0.9375 0.8526041666666667 0.9375 1 0.999609375 1
0 0.0953125 0.33098958333333334 0.152734375 0.33098958333333334 0.152734375 0.25026041666666665 0.0953125 0.25026041666666665 0.0953125 0.33098958333333334
0 0.0001953125 0.3450520833333333 0.0451171875 0.3450520833333333 0.0451171875 0.27578125 0.0001953125 0.27578125 0.0001953125 0.3450520833333333
0 0.1416015625 0.30520833333333336 0.1845703125 0.30520833333333336 0.1845703125 0.2421875 0.1416015625 0.2421875 0.1416015625 0.30520833333333336
0 0.5173828125 0.27682291666666664 0.5650390625 0.27682291666666664 0.5650390625 0.21536458333333333 0.5173828125 0.21536458333333333 0.5173828125 0.27682291666666664
0 0.6681640625 0.3703125 0.7255859375 0.3703125 0.7255859375 0.28854166666666664 0.6681640625 0.28854166666666664 0.6681640625 0.3703125
0 0.0001953125 0.69375 0.0416015625 0.69375 0.0416015625 0.5541666666666667 0.0001953125 0.5541666666666667 0.0001953125 0.69375
0 0.5888671875 0.2903645833333333 0.6384765625 0.2903645833333333 0.6384765625 0.22682291666666668 0.5888671875 0.22682291666666668 0.5888671875 0.2903645833333333
0 0.669921875 0.2984375 0.72265625 0.2984375 0.72265625 0.2552083333333333 0.669921875 0.2552083333333333 0.669921875 0.2984375
0 0.9751953125 0.42604166666666665 0.9998046875 0.42604166666666665 0.9998046875 0.34010416666666665 0.9751953125 0.34010416666666665 0.9751953125 0.42604166666666665
0 0.5421875 0.31171875 0.599609375 0.31171875 0.599609375 0.2591145833333333 0.5421875 0.2591145833333333 0.5421875 0.31171875
0 0.542578125 0.37213541666666666 0.610546875 0.37213541666666666 0.610546875 0.28932291666666665 0.542578125 0.28932291666666665 0.542578125 0.37213541666666666
0 0.0783203125 0.28359375 0.1173828125 0.28359375 0.1173828125 0.24140625 0.0783203125 0.24140625 0.0783203125 0.28359375
0 0.0001953125 0.284375 0.0310546875 0.284375 0.0310546875 0.2421875 0.0001953125 0.2421875 0.0001953125 0.284375
0 0.55078125 0.27630208333333334 0.5984375 0.27630208333333334 0.5984375 0.24192708333333332 0.55078125 0.24192708333333332 0.55078125 0.27630208333333334
0 0.0099609375 0.284375 0.0478515625 0.284375 0.0478515625 0.25729166666666664 0.0099609375 0.25729166666666664 0.0099609375 0.284375
0 0.0404296875 0.27447916666666666 0.0775390625 0.27447916666666666 0.0775390625 0.24270833333333333 0.0404296875 0.24270833333333333 0.0404296875 0.27447916666666666