0 0.6413934426229508 0.97 0.6987704918032787 0.97 0.6987704918032787 0.8463636363636363 0.6413934426229508 0.8463636363636363 0.6413934426229508 0.97
0 0.20833333333333334 0.9790909090909091 0.287568306010929 0.9790909090909091 0.287568306010929 0.8554545454545455 0.20833333333333334 0.8554545454545455 0.20833333333333334 0.9790909090909091
0 0.4207650273224044 0.6272727272727273 0.49043715846994534 0.6272727272727273 0.49043715846994534 0.5109090909090909 0.4207650273224044 0.5109090909090909 0.4207650273224044 0.6272727272727273
0 0.2814207650273224 0.3 0.3360655737704918 0.3 0.3360655737704918 0.2018181818181818 0.2814207650273224 0.2018181818181818 0.2814207650273224 0.3
0 0.3463114754098361 0.5336363636363637 0.41188524590163933 0.5336363636363637 0.41188524590163933 0.42454545454545456 0.3463114754098361 0.42454545454545456 0.3463114754098361 0.5336363636363637
0 0.25341530054644806 0 0.25341530054644806 0.0890909090909091 0.30396174863387976 0.0890909090909091 0.30396174863387976 0 0.25341530054644806 0
0 0.2260928961748634 0.3018181818181818 0.2807377049180328 0.3018181818181818 0.2807377049180328 0.2018181818181818 0.2260928961748634 0.2018181818181818 0.2260928961748634 0.3018181818181818
0 0.10997267759562841 0.4636363636363636 0.18101092896174864 0.4636363636363636 0.18101092896174864 0.36363636363636365 0.10997267759562841 0.36363636363636365 0.10997267759562841 0.4636363636363636
0 0.287568306010929 0.9636363636363636 0.35450819672131145 0.9636363636363636 0.35450819672131145 0.8436363636363636 0.287568306010929 0.8436363636363636 0.287568306010929 0.9636363636363636
0 0.16256830601092895 0.3118181818181818 0.22540983606557377 0.3118181818181818 0.22540983606557377 0.20272727272727273 0.16256830601092895 0.20272727272727273 0.16256830601092895 0.3118181818181818
0 0.5443989071038251 0.3927272727272727 0.6004098360655737 0.3927272727272727 0.6004098360655737 0.29818181818181816 0.5443989071038251 0.29818181818181816 0.5443989071038251 0.3927272727272727
0 0.41530054644808745 0.2818181818181818 0.4685792349726776 0.2818181818181818 0.4685792349726776 0.18727272727272729 0.41530054644808745 0.18727272727272729 0.41530054644808745 0.2818181818181818
0 0.5662568306010929 0.25181818181818183 0.6181693989071039 0.25181818181818183 0.6181693989071039 0.16636363636363635 0.5662568306010929 0.16636363636363635 0.5662568306010929 0.25181818181818183
0 0.5860655737704918 0.9327272727272727 0.6461748633879781 0.9327272727272727 0.6461748633879781 0.8254545454545454 0.5860655737704918 0.8254545454545454 0.5860655737704918 0.9327272727272727
0 0.5744535519125683 0.5872727272727273 0.6290983606557377 0.5872727272727273 0.6290983606557377 0.48 0.5744535519125683 0.48 0.5744535519125683 0.5872727272727273
0 0.22814207650273224 0.5663636363636364 0.2923497267759563 0.5663636363636364 0.2923497267759563 0.45181818181818184 0.22814207650273224 0.45181818181818184 0.22814207650273224 0.5663636363636364
0 0.5170765027322405 0.5527272727272727 0.5758196721311475 0.5527272727272727 0.5758196721311475 0.44545454545454544 0.5170765027322405 0.44545454545454544 0.5170765027322405 0.5527272727272727
0 0.7158469945355191 0.9972727272727273 0.7786885245901639 0.9972727272727273 0.7786885245901639 0.89 0.7158469945355191 0.89 0.7158469945355191 0.9972727272727273
0 0.8128415300546448 0.7727272727272727 0.8715846994535519 0.7727272727272727 0.8715846994535519 0.6690909090909091 0.8128415300546448 0.6690909090909091 0.8128415300546448 0.7727272727272727
0 0.5020491803278688 0.09818181818181818 0.549863387978142 0.09818181818181818 0.549863387978142 0.014545454545454545 0.5020491803278688 0.014545454545454545 0.5020491803278688 0.09818181818181818
0 0.11612021857923498 0.6254545454545455 0.1830601092896175 0.6254545454545455 0.1830601092896175 0.5181818181818182 0.11612021857923498 0.5181818181818182 0.11612021857923498 0.6254545454545455
0 0.35860655737704916 0.9463636363636364 0.42691256830601093 0.9463636363636364 0.42691256830601093 0.8227272727272728 0.35860655737704916 0.8227272727272728 0.35860655737704916 0.9463636363636364
0 0.6413934426229508 0.6154545454545455 0.6905737704918032 0.6154545454545455 0.6905737704918032 0.5172727272727272 0.6413934426229508 0.5172727272727272 0.6413934426229508 0.6154545454545455
0 0.4801912568306011 0.6536363636363637 0.5403005464480874 0.6536363636363637 0.5403005464480874 0.5572727272727273 0.4801912568306011 0.5572727272727273 0.4801912568306011 0.6536363636363637
0 0.28005464480874315 0.4954545454545455 0.34972677595628415 0.4954545454545455 0.34972677595628415 0.3881818181818182 0.28005464480874315 0.3881818181818182 0.28005464480874315 0.4954545454545455
0 0.03210382513661202 0.3836363636363636 0.0976775956284153 0.3836363636363636 0.0976775956284153 0.2672727272727273 0.03210382513661202 0.2672727272727273 0.03210382513661202 0.3836363636363636
0 0.6707650273224044 0.8981818181818182 0.7295081967213115 0.8981818181818182 0.7295081967213115 0.7909090909090909 0.6707650273224044 0.7909090909090909 0.6707650273224044 0.8981818181818182
0 0.33879781420765026 0.2909090909090909 0.38934426229508196 0.2909090909090909 0.38934426229508196 0.19272727272727272 0.33879781420765026 0.19272727272727272 0.33879781420765026 0.2909090909090909
0 0.48975409836065575 0.899090909090909 0.5539617486338798 0.899090909090909 0.5539617486338798 0.7881818181818182 0.48975409836065575 0.7881818181818182 0.48975409836065575 0.899090909090909
0 0.8217213114754098 0.9972727272727273 0.8831967213114754 0.9972727272727273 0.8831967213114754 0.899090909090909 0.8217213114754098 0.899090909090909 0.8217213114754098 0.9972727272727273
0 0.444672131147541 0.2 0.5006830601092896 0.2 0.5006830601092896 0.09454545454545454 0.444672131147541 0.09454545454545454 0.444672131147541 0.2
0 0.8490437158469946 0.8881818181818182 0.9159836065573771 0.8881818181818182 0.9159836065573771 0.7663636363636364 0.8490437158469946 0.7663636363636364 0.8490437158469946 0.8881818181818182
0 0.35860655737704916 0.25 0.41598360655737704 0.25 0.41598360655737704 0.14636363636363636 0.35860655737704916 0.14636363636363636 0.35860655737704916 0.25
0 0.305327868852459 0.09181818181818181 0.35450819672131145 0.09181818181818181 0.35450819672131145 0.0009090909090909091 0.305327868852459 0.0009090909090909091 0.305327868852459 0.09181818181818181
0 0.6673497267759563 0.4890909090909091 0.7192622950819673 0.4890909090909091 0.7192622950819673 0.4163636363636364 0.6673497267759563 0.4163636363636364 0.6673497267759563 0.4890909090909091
0 0.6010928961748634 0.8545454545454545 0.6680327868852459 0.8545454545454545 0.6680327868852459 0.7545454545454545 0.6010928961748634 0.7545454545454545 0.6010928961748634 0.8545454545454545
0 0.42691256830601093 0.10636363636363637 0.4733606557377049 0.10636363636363637 0.4733606557377049 0.019090909090909092 0.42691256830601093 0.019090909090909092 0.42691256830601093 0.10636363636363637
0 0.5614754098360656 0.4909090909090909 0.6120218579234973 0.4909090909090909 0.6120218579234973 0.39090909090909093 0.5614754098360656 0.39090909090909093 0.5614754098360656 0.4909090909090909
0 0.31010928961748635 0.44 0.3743169398907104 0.44 0.3743169398907104 0.3290909090909091 0.31010928961748635 0.3290909090909091 0.31010928961748635 0.44
0 0.1830601092896175 0.6818181818181818 0.2540983606557377 0.6818181818181818 0.2540983606557377 0.5563636363636364 0.1830601092896175 0.5563636363636364 0.1830601092896175 0.6818181818181818
0 0.6359289617486339 0.4445454545454545 0.6905737704918032 0.4445454545454545 0.6905737704918032 0.35 0.6359289617486339 0.35 0.6359289617486339 0.4445454545454545
0 0.6454918032786885 0.28454545454545455 0.6960382513661202 0.28454545454545455 0.6960382513661202 0.19545454545454546 0.6454918032786885 0.19545454545454546 0.6454918032786885 0.28454545454545455
0 0.6004098360655737 0.3890909090909091 0.6509562841530054 0.3890909090909091 0.6509562841530054 0.2872727272727273 0.6004098360655737 0.2872727272727273 0.6004098360655737 0.3890909090909091
0 0.7165300546448088 0.5463636363636364 0.764344262295082 0.5463636363636364 0.764344262295082 0.45 0.7165300546448088 0.45 0.7165300546448088 0.5463636363636364
0 0.3818306010928962 0.8181818181818182 0.4501366120218579 0.8181818181818182 0.4501366120218579 0.6963636363636364 0.3818306010928962 0.6963636363636364 0.3818306010928962 0.8181818181818182
0 0.3756830601092896 0.18545454545454546 0.43306010928961747 0.18545454545454546 0.43306010928961747 0.10545454545454545 0.3756830601092896 0.10545454545454545 0.3756830601092896 0.18545454545454546
0 0.7793715846994536 0.9236363636363636 0.8367486338797814 0.9236363636363636 0.8367486338797814 0.8018181818181818 0.7793715846994536 0.8018181818181818 0.7793715846994536 0.9236363636363636
0 0.5430327868852459 0.13272727272727272 0.5867486338797814 0.13272727272727272 0.5867486338797814 0.05818181818181818 0.5430327868852459 0.05818181818181818 0.5430327868852459 0.13272727272727272
0 0.46379781420765026 0.4918181818181818 0.5184426229508197 0.4918181818181818 0.5184426229508197 0.4081818181818182 0.46379781420765026 0.4081818181818182 0.46379781420765026 0.4918181818181818
0 0.6871584699453552 0.8018181818181818 0.7308743169398907 0.8018181818181818 0.7308743169398907 0.7254545454545455 0.6871584699453552 0.7254545454545455 0.6871584699453552 0.8018181818181818
0 0.657103825136612 0.5454545454545454 0.7076502732240437 0.5454545454545454 0.7076502732240437 0.46545454545454545 0.657103825136612 0.46545454545454545 0.657103825136612 0.5454545454545454
0 0.45286885245901637 0.5563636363636364 0.5116120218579235 0.5563636363636364 0.5116120218579235 0.46545454545454545 0.45286885245901637 0.46545454545454545 0.45286885245901637 0.5563636363636364
0 0.6830601092896175 0.36363636363636365 0.7308743169398907 0.36363636363636365 0.7308743169398907 0.27636363636363637 0.6830601092896175 0.27636363636363637 0.6830601092896175 0.36363636363636365
0 0.4781420765027322 0.44636363636363635 0.5382513661202186 0.44636363636363635 0.5382513661202186 0.35545454545454547 0.4781420765027322 0.35545454545454547 0.4781420765027322 0.44636363636363635
0 0.7349726775956285 0.9 0.7814207650273224 0.9 0.7814207650273224 0.8218181818181818 0.7349726775956285 0.8218181818181818 0.7349726775956285 0.9
0 0.6666666666666666 0.41 0.7117486338797814 0.41 0.7117486338797814 0.3118181818181818 0.6666666666666666 0.3118181818181818 0.6666666666666666 0.41
0 0.3702185792349727 0 0.3702185792349727 0.07636363636363637 0.4139344262295082 0.07636363636363637 0.4139344262295082 0 0.3702185792349727 0
0 0.5867486338797814 0.09363636363636364 0.630464480874317 0.09363636363636364 0.630464480874317 0.013636363636363636 0.5867486338797814 0.013636363636363636 0.5867486338797814 0.09363636363636364
0 0.7315573770491803 0.45636363636363636 0.7752732240437158 0.45636363636363636 0.7752732240437158 0.39454545454545453 0.7315573770491803 0.39454545454545453 0.7315573770491803 0.45636363636363636
0 0.7827868852459017 0.59 0.8292349726775956 0.59 0.8292349726775956 0.5227272727272727 0.7827868852459017 0.5227272727272727 0.7827868852459017 0.59
0 0.05327868852459016 0.12090909090909091 0.0942622950819672 0.12090909090909091 0.0942622950819672 0.04454545454545455 0.05327868852459016 0.04454545454545455 0.05327868852459016 0.12090909090909091
0 0.13797814207650272 0 0.13797814207650272 0.06 0.19672131147540983 0.06 0.19672131147540983 0 0.13797814207650272 0
0 0.5355191256830601 0 0.5355191256830601 0.056363636363636366 0.587431693989071 0.056363636363636366 0.587431693989071 0 0.5355191256830601 0
0 0 0.9990909090909091 0.028688524590163935 0.9990909090909091 0.028688524590163935 0.9627272727272728 0 0.9627272727272728 0 0.9990909090909091
0 0.10587431693989072 0.09818181818181818 0.148224043715847 0.09818181818181818 0.148224043715847 0.005454545454545455 0.10587431693989072 0.005454545454545455 0.10587431693989072 0.09818181818181818
0 0.8709016393442623 0.7645454545454545 0.9105191256830601 0.7645454545454545 0.9105191256830601 0.7081818181818181 0.8709016393442623 0.7081818181818181 0.8709016393442623 0.7645454545454545