0 0.38808139534883723 0.974609375 0.46656976744186046 0.974609375 0.46656976744186046 0.861328125 0.38808139534883723 0.861328125 0.38808139534883723 0.974609375
0 0 0.166015625 0.05813953488372093 0.166015625 0.05813953488372093 0.064453125 0 0.064453125 0 0.166015625
0 0.21220930232558138 0.37109375 0.2877906976744186 0.37109375 0.2877906976744186 0.25390625 0.21220930232558138 0.25390625 0.21220930232558138 0.37109375
0 0.32558139534883723 0.765625 0.40988372093023256 0.765625 0.40988372093023256 0.65234375 0.32558139534883723 0.65234375 0.32558139534883723 0.765625
0 0.08139534883720931 0.427734375 0.16279069767441862 0.427734375 0.16279069767441862 0.314453125 0.08139534883720931 0.314453125 0.08139534883720931 0.427734375
0 0.07412790697674419 0.90625 0.1555232558139535 0.90625 0.1555232558139535 0.78125 0.07412790697674419 0.78125 0.07412790697674419 0.90625
0 0.502906976744186 0.431640625 0.5843023255813954 0.431640625 0.5843023255813954 0.322265625 0.502906976744186 0.322265625 0.502906976744186 0.431640625
0 0.48546511627906974 0.833984375 0.5581395348837209 0.833984375 0.5581395348837209 0.716796875 0.48546511627906974 0.716796875 0.48546511627906974 0.833984375
0 0.49273255813953487 0.568359375 0.559593023255814 0.568359375 0.559593023255814 0.443359375 0.49273255813953487 0.443359375 0.49273255813953487 0.568359375
0 0.5159883720930233 0.970703125 0.5944767441860465 0.970703125 0.5944767441860465 0.853515625 0.5159883720930233 0.853515625 0.5159883720930233 0.970703125
0 0.4578488372093023 0.123046875 0.5305232558139535 0.123046875 0.5305232558139535 0.025390625 0.4578488372093023 0.025390625 0.4578488372093023 0.123046875
0 0.7456395348837209 0.560546875 0.8212209302325582 0.560546875 0.8212209302325582 0.451171875 0.7456395348837209 0.451171875 0.7456395348837209 0.560546875
0 0.19476744186046513 0.908203125 0.28488372093023256 0.908203125 0.28488372093023256 0.791015625 0.19476744186046513 0.791015625 0.19476744186046513 0.908203125
0 0.3241279069767442 0.908203125 0.40261627906976744 0.908203125 0.40261627906976744 0.787109375 0.3241279069767442 0.787109375 0.3241279069767442 0.908203125
0 0.5755813953488372 0.25390625 0.6540697674418605 0.25390625 0.6540697674418605 0.140625 0.5755813953488372 0.140625 0.5755813953488372 0.25390625
0 0.4796511627906977 0.25390625 0.5377906976744186 0.25390625 0.5377906976744186 0.13671875 0.4796511627906977 0.13671875 0.4796511627906977 0.25390625
0 0.34156976744186046 0.505859375 0.4171511627906977 0.505859375 0.4171511627906977 0.392578125 0.34156976744186046 0.392578125 0.34156976744186046 0.505859375
0 0.6148255813953488 0.767578125 0.684593023255814 0.767578125 0.684593023255814 0.646484375 0.6148255813953488 0.646484375 0.6148255813953488 0.767578125
0 0.686046511627907 0.623046875 0.752906976744186 0.623046875 0.752906976744186 0.509765625 0.686046511627907 0.509765625 0.686046511627907 0.623046875
0 0.40261627906976744 0.841796875 0.47819767441860467 0.841796875 0.47819767441860467 0.724609375 0.40261627906976744 0.724609375 0.40261627906976744 0.841796875
0 0.7427325581395349 0.37109375 0.8183139534883721 0.37109375 0.8183139534883721 0.25390625 0.7427325581395349 0.25390625 0.7427325581395349 0.37109375
0 0.8183139534883721 0.896484375 0.8909883720930233 0.896484375 0.8909883720930233 0.783203125 0.8183139534883721 0.783203125 0.8183139534883721 0.896484375
0 0.6947674418604651 0.7578125 0.7703488372093024 0.7578125 0.7703488372093024 0.6484375 0.6947674418604651 0.6484375 0.6947674418604651 0.7578125
0 0.6322674418604651 0.36328125 0.7020348837209303 0.36328125 0.7020348837209303 0.26171875 0.6322674418604651 0.26171875 0.6322674418604651 0.36328125
0 0.5479651162790697 0.37109375 0.6206395348837209 0.37109375 0.6206395348837209 0.26171875 0.5479651162790697 0.26171875 0.5479651162790697 0.37109375
0 0.45494186046511625 0.99609375 0.5334302325581395 0.99609375 0.5334302325581395 0.93359375 0.45494186046511625 0.93359375 0.45494186046511625 0.99609375
0 0.7180232558139535 0.9609375 0.7906976744186046 0.9609375 0.7906976744186046 0.85546875 0.7180232558139535 0.85546875 0.7180232558139535 0.9609375
0 0.5872093023255814 0.123046875 0.6598837209302325 0.123046875 0.6598837209302325 0.025390625 0.5872093023255814 0.025390625 0.5872093023255814 0.123046875
0 0.5218023255813954 0.1875 0.5915697674418605 0.1875 0.5915697674418605 0.08203125 0.5218023255813954 0.08203125 0.5218023255813954 0.1875
0 0.6656976744186046 0.998046875 0.75 0.998046875 0.75 0.923828125 0.6656976744186046 0.923828125 0.6656976744186046 0.998046875
0 0.4011627906976744 0.25390625 0.4738372093023256 0.25390625 0.4738372093023256 0.13671875 0.4011627906976744 0.13671875 0.4011627906976744 0.25390625
0 0.5218023255813954 0 0.5218023255813954 0.06640625 0.5944767441860465 0.06640625 0.5944767441860465 0 0.5218023255813954 0
0 0.311046511627907 0.99609375 0.38953488372093026 0.99609375 0.38953488372093026 0.9296875 0.311046511627907 0.9296875 0.311046511627907 0.99609375
0 0.6438953488372093 0.9140625 0.7194767441860465 0.9140625 0.7194767441860465 0.78515625 0.6438953488372093 0.78515625 0.6438953488372093 0.9140625
0 0.45348837209302323 0.375 0.5087209302325582 0.375 0.5087209302325582 0.25390625 0.45348837209302323 0.25390625 0.45348837209302323 0.375
0 0 0.361328125 0.08139534883720931 0.361328125 0.08139534883720931 0.244140625 0 0.244140625 0 0.361328125
0 0.7252906976744186 0 0.7252906976744186 0.06640625 0.7950581395348837 0.06640625 0.7950581395348837 0 0.7252906976744186 0
0 0.40843023255813954 0.57421875 0.48401162790697677 0.57421875 0.48401162790697677 0.453125 0.40843023255813954 0.453125 0.40843023255813954 0.57421875
0 0.21511627906976744 0.998046875 0.29651162790697677 0.998046875 0.29651162790697677 0.935546875 0.21511627906976744 0.935546875 0.21511627906976744 0.998046875
0 0.7863372093023255 0.99609375 0.8677325581395349 0.99609375 0.8677325581395349 0.921875 0.7863372093023255 0.921875 0.7863372093023255 0.99609375
0 0.21511627906976744 0.119140625 0.2819767441860465 0.119140625 0.2819767441860465 0.013671875 0.21511627906976744 0.013671875 0.21511627906976744 0.119140625
0 0.5784883720930233 0.998046875 0.6598837209302325 0.998046875 0.6598837209302325 0.927734375 0.5784883720930233 0.927734375 0.5784883720930233 0.998046875
0 0.09447674418604651 0.1171875 0.17296511627906977 0.1171875 0.17296511627906977 0.015625 0.09447674418604651 0.015625 0.09447674418604651 0.1171875
0 0.3008720930232558 0.3984375 0.3706395348837209 0.3984375 0.3706395348837209 0.26171875 0.3008720930232558 0.26171875 0.3008720930232558 0.3984375
0 0.6090116279069767 0.625 0.6787790697674418 0.625 0.6787790697674418 0.5234375 0.6090116279069767 0.5234375 0.6090116279069767 0.625
0 0.6453488372093024 0.193359375 0.7209302325581395 0.193359375 0.7209302325581395 0.076171875 0.6453488372093024 0.076171875 0.6453488372093024 0.193359375
0 0.40261627906976744 0 0.40261627906976744 0.0625 0.4694767441860465 0.0625 0.4694767441860465 0 0.40261627906976744 0
0 0.3808139534883721 0.376953125 0.4476744186046512 0.376953125 0.4476744186046512 0.259765625 0.3808139534883721 0.259765625 0.3808139534883721 0.376953125
0 0.17296511627906977 0.76953125 0.251453488372093 0.76953125 0.251453488372093 0.65625 0.17296511627906977 0.65625 0.17296511627906977 0.76953125
0 0.8968023255813954 0.892578125 0.9607558139534884 0.892578125 0.9607558139534884 0.775390625 0.8968023255813954 0.775390625 0.8968023255813954 0.892578125
0 0.7311046511627907 0.24609375 0.8008720930232558 0.24609375 0.8008720930232558 0.13671875 0.7311046511627907 0.13671875 0.7311046511627907 0.24609375
0 0.686046511627907 0.30859375 0.7558139534883721 0.30859375 0.7558139534883721 0.20703125 0.686046511627907 0.20703125 0.686046511627907 0.30859375
0 0.8226744186046512 0.689453125 0.8953488372093024 0.689453125 0.8953488372093024 0.576171875 0.8226744186046512 0.576171875 0.8226744186046512 0.689453125
0 0.7398255813953488 0.689453125 0.815406976744186 0.689453125 0.815406976744186 0.576171875 0.7398255813953488 0.576171875 0.7398255813953488 0.689453125
0 0.4738372093023256 0.697265625 0.5465116279069767 0.697265625 0.5465116279069767 0.587890625 0.4738372093023256 0.587890625 0.4738372093023256 0.697265625
0 0.8706395348837209 0.99609375 0.9462209302325582 0.99609375 0.9462209302325582 0.91796875 0.8706395348837209 0.91796875 0.8706395348837209 0.99609375
0 0.19912790697674418 0.625 0.2747093023255814 0.625 0.2747093023255814 0.51953125 0.19912790697674418 0.51953125 0.19912790697674418 0.625
0 0 0.609375 0.0436046511627907 0.609375 0.0436046511627907 0.51171875 0 0.51171875 0 0.609375
0 0.6729651162790697 0.49609375 0.7456395348837209 0.49609375 0.7456395348837209 0.3828125 0.6729651162790697 0.3828125 0.6729651162790697 0.49609375
0 0.565406976744186 0.578125 0.6206395348837209 0.578125 0.6206395348837209 0.43359375 0.565406976744186 0.43359375 0.565406976744186 0.578125
0 0.7601744186046512 0.828125 0.8386627906976745 0.828125 0.8386627906976745 0.71484375 0.7601744186046512 0.71484375 0.7601744186046512 0.828125
0 0.5334302325581395 0.76171875 0.6090116279069767 0.76171875 0.6090116279069767 0.65234375 0.5334302325581395 0.65234375 0.5334302325581395 0.76171875
0 0.056686046511627904 0.767578125 0.12645348837209303 0.767578125 0.12645348837209303 0.658203125 0.056686046511627904 0.658203125 0.056686046511627904 0.767578125
0 0.33575581395348836 0.125 0.40261627906976744 0.125 0.40261627906976744 0.01953125 0.33575581395348836 0.01953125 0.33575581395348836 0.125
0 0.40261627906976744 0.708984375 0.46656976744186046 0.708984375 0.46656976744186046 0.591796875 0.40261627906976744 0.591796875 0.40261627906976744 0.708984375
0 0.04796511627906977 0 0.04796511627906977 0.0625 0.10901162790697674 0.0625 0.10901162790697674 0 0.04796511627906977 0