0 0.30580357142857145 0.448207171314741 0.38913690476190477 0.448207171314741 0.38913690476190477 0.32270916334661354 0.30580357142857145 0.32270916334661354 0.30580357142857145 0.448207171314741
0 0.6540178571428571 1 0.6540178571428571 0.896414342629482 0.5558035714285714 0.896414342629482 0.5558035714285714 1 0.6540178571428571 1
0 0.2269345238095238 0.24701195219123506 0.3072916666666667 0.24701195219123506 0.3072916666666667 0.1254980079681275 0.2269345238095238 0.1254980079681275 0.2269345238095238 0.24701195219123506
0 0.4806547619047619 0.30776892430278885 0.5595238095238095 0.30776892430278885 0.5595238095238095 0.17430278884462153 0.4806547619047619 0.17430278884462153 0.4806547619047619 0.30776892430278885
0 0.6748511904761905 0.900398406374502 0.7477678571428571 0.900398406374502 0.7477678571428571 0.7629482071713147 0.6748511904761905 0.7629482071713147 0.6748511904761905 0.900398406374502
0 0.5461309523809523 0.32270916334661354 0.6339285714285714 0.32270916334661354 0.6339285714285714 0.21314741035856574 0.5461309523809523 0.21314741035856574 0.5461309523809523 0.32270916334661354
0 0.19196428571428573 0.7659362549800797 0.30357142857142855 0.7659362549800797 0.30357142857142855 0.6225099601593626 0.19196428571428573 0.6225099601593626 0.19196428571428573 0.7659362549800797
0 0.38764880952380953 0.4292828685258964 0.48288690476190477 0.4292828685258964 0.48288690476190477 0.29780876494023906 0.38764880952380953 0.29780876494023906 0.38764880952380953 0.4292828685258964
0 0.19791666666666666 0.5896414342629482 0.2916666666666667 0.5896414342629482 0.2916666666666667 0.45617529880478086 0.19791666666666666 0.45617529880478086 0.19791666666666666 0.5896414342629482
0 0.2961309523809524 0.6762948207171314 0.39285714285714285 0.6762948207171314 0.39285714285714285 0.5368525896414342 0.2961309523809524 0.5368525896414342 0.2961309523809524 0.6762948207171314
0 0.3854166666666667 0.1454183266932271 0.47172619047619047 0.1454183266932271 0.47172619047619047 0.017928286852589643 0.3854166666666667 0.017928286852589643 0.3854166666666667 0.1454183266932271
0 0.41517857142857145 0.2639442231075697 0.49255952380952384 0.2639442231075697 0.49255952380952384 0.14043824701195218 0.41517857142857145 0.14043824701195218 0.41517857142857145 0.2639442231075697
0 0.8839285714285714 1 0.8839285714285714 0.8844621513944223 0.7886904761904762 0.8844621513944223 0.7886904761904762 1 0.8839285714285714 1
0 0.5014880952380952 0.8256972111553785 0.5997023809523809 0.8256972111553785 0.5997023809523809 0.6942231075697212 0.5014880952380952 0.6942231075697212 0.5014880952380952 0.8256972111553785
0 0.6540178571428571 0.20318725099601595 0.7224702380952381 0.20318725099601595 0.7224702380952381 0.08167330677290836 0.6540178571428571 0.08167330677290836 0.6540178571428571 0.20318725099601595
0 0.5431547619047619 0.12450199203187251 0.6205357142857143 0.12450199203187251 0.6205357142857143 0.022908366533864542 0.5431547619047619 0.022908366533864542 0.5431547619047619 0.12450199203187251
0 0.10044642857142858 0.5856573705179283 0.19270833333333334 0.5856573705179283 0.19270833333333334 0.4581673306772908 0.10044642857142858 0.4581673306772908 0.10044642857142858 0.5856573705179283
0 0.13690476190476192 0.8296812749003984 0.23958333333333334 0.8296812749003984 0.23958333333333334 0.702191235059761 0.13690476190476192 0.702191235059761 0.13690476190476192 0.8296812749003984
0 0.38095238095238093 0.7260956175298805 0.47767857142857145 0.7260956175298805 0.47767857142857145 0.5786852589641435 0.38095238095238093 0.5786852589641435 0.38095238095238093 0.7260956175298805
0 0.8221726190476191 0.9043824701195219 0.9084821428571429 0.9043824701195219 0.9084821428571429 0.7848605577689243 0.8221726190476191 0.7848605577689243 0.8221726190476191 0.9043824701195219
0 0.35342261904761907 0.8555776892430279 0.45907738095238093 0.8555776892430279 0.45907738095238093 0.7241035856573705 0.35342261904761907 0.7241035856573705 0.35342261904761907 0.8555776892430279
0 0.7433035714285714 0.6155378486055777 0.8236607142857143 0.6155378486055777 0.8236607142857143 0.5099601593625498 0.7433035714285714 0.5099601593625498 0.7433035714285714 0.6155378486055777
0 0.6421130952380952 0.7768924302788844 0.7403273809523809 0.7768924302788844 0.7403273809523809 0.651394422310757 0.6421130952380952 0.651394422310757 0.6421130952380952 0.7768924302788844
0 0.1130952380952381 0.7101593625498008 0.20833333333333334 0.7101593625498008 0.20833333333333334 0.5786852589641435 0.1130952380952381 0.5786852589641435 0.1130952380952381 0.7101593625498008
0 0.42931547619047616 0.545816733067729 0.5215773809523809 0.545816733067729 0.5215773809523809 0.40836653386454186 0.42931547619047616 0.40836653386454186 0.42931547619047616 0.545816733067729
0 0.4367559523809524 0.901394422310757 0.5305059523809523 0.901394422310757 0.5305059523809523 0.7778884462151394 0.4367559523809524 0.7778884462151394 0.4367559523809524 0.901394422310757
0 0.7447916666666666 0.8844621513944223 0.8206845238095238 0.8844621513944223 0.8206845238095238 0.7211155378486056 0.7447916666666666 0.7211155378486056 0.7447916666666666 0.8844621513944223
0 0.6912202380952381 0.300796812749004 0.7581845238095238 0.300796812749004 0.7581845238095238 0.1693227091633466 0.6912202380952381 0.1693227091633466 0.6912202380952381 0.300796812749004
0 0.7336309523809523 0.7320717131474104 0.8020833333333334 0.7320717131474104 0.8020833333333334 0.6145418326693227 0.7336309523809523 0.6145418326693227 0.7336309523809523 0.7320717131474104
0 0.5848214285714286 0.8705179282868526 0.6845238095238095 0.8705179282868526 0.6845238095238095 0.7290836653386454 0.5848214285714286 0.7290836653386454 0.5848214285714286 0.8705179282868526
0 0.14434523809523808 0.41932270916334663 0.22916666666666666 0.41932270916334663 0.22916666666666666 0.29382470119521914 0.14434523809523808 0.29382470119521914 0.14434523809523808 0.41932270916334663
0 0.5610119047619048 0.4302788844621514 0.6413690476190477 0.4302788844621514 0.6413690476190477 0.31274900398406374 0.5610119047619048 0.31274900398406374 0.5610119047619048 0.4302788844621514
0 0.59375 0.6743027888446215 0.6860119047619048 0.6743027888446215 0.6860119047619048 0.5169322709163346 0.59375 0.5169322709163346 0.59375 0.6743027888446215
0 0.5438988095238095 0.5507968127490039 0.6361607142857143 0.5507968127490039 0.6361607142857143 0.4213147410358566 0.5438988095238095 0.4213147410358566 0.5438988095238095 0.5507968127490039
0 0.058779761904761904 0.1394422310756972 0.13764880952380953 0.1394422310756972 0.13764880952380953 0.05976095617529881 0.058779761904761904 0.05976095617529881 0.058779761904761904 0.1394422310756972
0 0.27901785714285715 0.10159362549800798 0.3385416666666667 0.10159362549800798 0.3385416666666667 0.03187250996015936 0.27901785714285715 0.03187250996015936 0.27901785714285715 0.10159362549800798