0 0.27055150884495316 0.4798890429958391 0.38553590010405825 0.4798890429958391 0.38553590010405825 0.3120665742024965 0.27055150884495316 0.3120665742024965 0.27055150884495316 0.4798890429958391
0 0.12695109261186263 0.7708044382801664 0.26222684703433924 0.7708044382801664 0.26222684703433924 0.555131761442441 0.12695109261186263 0.555131761442441 0.12695109261186263 0.7708044382801664
0 0.2208636836628512 0.6556865464632455 0.35926118626430803 0.6556865464632455 0.35926118626430803 0.4552704576976422 0.2208636836628512 0.4552704576976422 0.2208636836628512 0.6556865464632455
0 0.027575442247658687 0.8918169209431346 0.15088449531737774 0.8918169209431346 0.15088449531737774 0.6199722607489597 0.027575442247658687 0.6199722607489597 0.027575442247658687 0.8918169209431346
0 0.1625910509885536 0.5603328710124826 0.2697710718002081 0.5603328710124826 0.2697710718002081 0.37309292649098474 0.1625910509885536 0.37309292649098474 0.1625910509885536 0.5603328710124826
0 0.23204994797086367 0.2035367545076283 0.3158168574401665 0.2035367545076283 0.3158168574401665 0.07871012482662969 0.23204994797086367 0.07871012482662969 0.23204994797086367 0.2035367545076283
0 0.16805411030176898 0.24306518723994452 0.24245577523413112 0.24306518723994452 0.24245577523413112 0.10090152565880721 0.16805411030176898 0.10090152565880721 0.16805411030176898 0.24306518723994452
0 0.717741935483871 0.23855755894590847 0.7843392299687825 0.23855755894590847 0.7843392299687825 0.12829403606102635 0.717741935483871 0.12829403606102635 0.717741935483871 0.23855755894590847
0 0.20785639958376692 0.40846047156726767 0.3041103017689906 0.40846047156726767 0.3041103017689906 0.24895977808599168 0.20785639958376692 0.24895977808599168 0.20785639958376692 0.40846047156726767
0 0.8327263267429761 0.32524271844660196 0.9014047866805411 0.32524271844660196 0.9014047866805411 0.21428571428571427 0.8327263267429761 0.21428571428571427 0.8327263267429761 0.32524271844660196
0 0.27887617065556713 0.07246879334257975 0.350156087408949 0.07246879334257975 0.350156087408949 0.00034674063800277393 0.27887617065556713 0.00034674063800277393 0.27887617065556713 0.07246879334257975
0 0.7793964620187305 0.24445214979195562 0.8355879292403746 0.24445214979195562 0.8355879292403746 0.14181692094313453 0.7793964620187305 0.14181692094313453 0.7793964620187305 0.24445214979195562
0 0.1256503642039542 0.409500693481276 0.2083766909469303 0.409500693481276 0.2083766909469303 0.23335644937586686 0.1256503642039542 0.23335644937586686 0.1256503642039542 0.409500693481276
0 0.2172216441207076 0 0.2172216441207076 0.06865464632454923 0.2791363163371488 0.06865464632454923 0.2791363163371488 0 0.2172216441207076 0
0 0.6927679500520292 0 0.6927679500520292 0.05339805825242718 0.7343912591050988 0.05339805825242718 0.7343912591050988 0 0.6927679500520292 0
0 0.731009365244537 0 0.731009365244537 0.06102635228848821 0.7684703433922997 0.06102635228848821 0.7684703433922997 0 0.731009365244537 0
0 0.8020291363163371 0.20665742024965325 0.8566597294484911 0.20665742024965325 0.8566597294484911 0.12135922330097088 0.8020291363163371 0.12135922330097088 0.8020291363163371 0.20665742024965325
0 0.798907388137357 0.13626907073509015 0.8415712799167534 0.13626907073509015 0.8415712799167534 0.09257975034674064 0.798907388137357 0.09257975034674064 0.798907388137357 0.13626907073509015
0 0.8493756503642039 0.25485436893203883 0.899843912591051 0.25485436893203883 0.899843912591051 0.18689320388349515 0.8493756503642039 0.18689320388349515 0.8493756503642039 0.25485436893203883