0 0.22674418604651161 0.87890625 0.311046511627907 0.87890625 0.311046511627907 0.765625 0.22674418604651161 0.765625 0.22674418604651161 0.87890625
0 0.3808139534883721 0.814453125 0.45348837209302323 0.814453125 0.45348837209302323 0.697265625 0.3808139534883721 0.697265625 0.3808139534883721 0.814453125
0 0.7311046511627907 0.869140625 0.8066860465116279 0.869140625 0.8066860465116279 0.759765625 0.7311046511627907 0.759765625 0.7311046511627907 0.869140625
0 0.35755813953488375 0.224609375 0.43023255813953487 0.224609375 0.43023255813953487 0.123046875 0.35755813953488375 0.123046875 0.35755813953488375 0.224609375
0 0.4127906976744186 0.287109375 0.49127906976744184 0.287109375 0.49127906976744184 0.181640625 0.4127906976744186 0.181640625 0.4127906976744186 0.287109375
0 0.5450581395348837 0.99609375 0.623546511627907 0.99609375 0.623546511627907 0.90234375 0.5450581395348837 0.90234375 0.5450581395348837 0.99609375
0 0.5348837209302325 0.810546875 0.6075581395348837 0.810546875 0.6075581395348837 0.685546875 0.5348837209302325 0.685546875 0.5348837209302325 0.810546875
0 0 0.99609375 0.055232558139534885 0.99609375 0.055232558139534885 0.8984375 0 0.8984375 0 0.99609375
0 0.40988372093023256 0.60546875 0.49127906976744184 0.60546875 0.49127906976744184 0.4921875 0.40988372093023256 0.4921875 0.40988372093023256 0.60546875
0 0.686046511627907 0.998046875 0.7674418604651163 0.998046875 0.7674418604651163 0.896484375 0.686046511627907 0.896484375 0.686046511627907 0.998046875
0 0.42441860465116277 0.1640625 0.49709302325581395 0.1640625 0.49709302325581395 0.0625 0.42441860465116277 0.0625 0.42441860465116277 0.1640625
0 0.6162790697674418 0.947265625 0.6976744186046512 0.947265625 0.6976744186046512 0.830078125 0.6162790697674418 0.830078125 0.6162790697674418 0.947265625
0 0.4622093023255814 0.8125 0.5290697674418605 0.8125 0.5290697674418605 0.69921875 0.4622093023255814 0.69921875 0.4622093023255814 0.8125
0 0.9026162790697675 0.92578125 0.9723837209302325 0.92578125 0.9723837209302325 0.82421875 0.9026162790697675 0.82421875 0.9026162790697675 0.92578125
0 0.47819767441860467 0.677734375 0.5566860465116279 0.677734375 0.5566860465116279 0.556640625 0.47819767441860467 0.556640625 0.47819767441860467 0.677734375
0 0.5886627906976745 0.41015625 0.6613372093023255 0.41015625 0.6613372093023255 0.30078125 0.5886627906976745 0.30078125 0.5886627906976745 0.41015625
0 0.6191860465116279 0.541015625 0.7034883720930233 0.541015625 0.7034883720930233 0.431640625 0.6191860465116279 0.431640625 0.6191860465116279 0.541015625
0 0.6671511627906976 0.46875 0.7427325581395349 0.46875 0.7427325581395349 0.36328125 0.6671511627906976 0.36328125 0.6671511627906976 0.46875
0 0.48691860465116277 0.21875 0.559593023255814 0.21875 0.559593023255814 0.12109375 0.48691860465116277 0.12109375 0.48691860465116277 0.21875
0 0.0755813953488372 0.947265625 0.1511627906976744 0.947265625 0.1511627906976744 0.841796875 0.0755813953488372 0.841796875 0.0755813953488372 0.947265625
0 0.75 0.474609375 0.8168604651162791 0.474609375 0.8168604651162791 0.369140625 0.75 0.369140625 0.75 0.474609375
0 0.6293604651162791 0.294921875 0.690406976744186 0.294921875 0.690406976744186 0.177734375 0.6293604651162791 0.177734375 0.6293604651162791 0.294921875
0 0.5450581395348837 0.607421875 0.6148255813953488 0.607421875 0.6148255813953488 0.501953125 0.5450581395348837 0.501953125 0.5450581395348837 0.607421875
0 0.16569767441860464 0.537109375 0.24709302325581395 0.537109375 0.24709302325581395 0.427734375 0.16569767441860464 0.427734375 0.16569767441860464 0.537109375
0 0.747093023255814 0.236328125 0.8197674418604651 0.236328125 0.8197674418604651 0.115234375 0.747093023255814 0.115234375 0.747093023255814 0.236328125
0 0.688953488372093 0.66796875 0.7616279069767442 0.66796875 0.7616279069767442 0.55859375 0.688953488372093 0.55859375 0.688953488372093 0.66796875
0 0.6293604651162791 0.814453125 0.7078488372093024 0.814453125 0.7078488372093024 0.689453125 0.6293604651162791 0.689453125 0.6293604651162791 0.814453125
0 0.6787790697674418 0.16796875 0.7543604651162791 0.16796875 0.7543604651162791 0.0625 0.6787790697674418 0.0625 0.6787790697674418 0.16796875
0 0.027616279069767442 0.21484375 0.10319767441860465 0.21484375 0.10319767441860465 0.109375 0.027616279069767442 0.109375 0.027616279069767442 0.21484375
0 0.686046511627907 0.357421875 0.7645348837209303 0.357421875 0.7645348837209303 0.236328125 0.686046511627907 0.236328125 0.686046511627907 0.357421875
0 0.8125 0.953125 0.8909883720930233 0.953125 0.8909883720930233 0.82421875 0.8125 0.82421875 0.8125 0.953125
0 0.2688953488372093 0.412109375 0.3444767441860465 0.412109375 0.3444767441860465 0.294921875 0.2688953488372093 0.294921875 0.2688953488372093 0.412109375
0 0.35901162790697677 0.361328125 0.4316860465116279 0.361328125 0.4316860465116279 0.244140625 0.35901162790697677 0.244140625 0.35901162790697677 0.361328125
0 0.8226744186046512 0.46484375 0.8895348837209303 0.46484375 0.8895348837209303 0.37109375 0.8226744186046512 0.37109375 0.8226744186046512 0.46484375
0 0.8386627906976745 0.658203125 0.9171511627906976 0.658203125 0.9171511627906976 0.560546875 0.8386627906976745 0.560546875 0.8386627906976745 0.658203125
0 0.6119186046511628 0.673828125 0.684593023255814 0.673828125 0.684593023255814 0.556640625 0.6119186046511628 0.556640625 0.6119186046511628 0.673828125
0 0.47674418604651164 0.41015625 0.5465116279069767 0.41015625 0.5465116279069767 0.3125 0.47674418604651164 0.3125 0.47674418604651164 0.41015625
0 0.7572674418604651 0.74609375 0.8357558139534884 0.74609375 0.8357558139534884 0.61328125 0.7572674418604651 0.61328125 0.7572674418604651 0.74609375
0 0.28924418604651164 0.669921875 0.3706395348837209 0.669921875 0.3706395348837209 0.560546875 0.28924418604651164 0.560546875 0.28924418604651164 0.669921875
0 0.7703488372093024 0.35546875 0.8372093023255814 0.35546875 0.8372093023255814 0.24609375 0.7703488372093024 0.24609375 0.7703488372093024 0.35546875
0 0.1002906976744186 0.478515625 0.1816860465116279 0.478515625 0.1816860465116279 0.369140625 0.1002906976744186 0.369140625 0.1002906976744186 0.478515625
0 0.6438953488372093 0 0.6438953488372093 0.04296875 0.7165697674418605 0.04296875 0.7165697674418605 0 0.6438953488372093 0
0 0.7252906976744186 0 0.7252906976744186 0.05078125 0.7863372093023255 0.05078125 0.7863372093023255 0 0.7252906976744186 0
0 0.34011627906976744 0.4765625 0.40988372093023256 0.4765625 0.40988372093023256 0.3671875 0.34011627906976744 0.3671875 0.34011627906976744 0.4765625
0 0.1308139534883721 0.748046875 0.20930232558139536 0.748046875 0.20930232558139536 0.642578125 0.1308139534883721 0.642578125 0.1308139534883721 0.748046875
0 0.8459302325581395 0.99609375 0.9156976744186046 0.99609375 0.9156976744186046 0.96484375 0.8459302325581395 0.96484375 0.8459302325581395 0.99609375
0 0.7630813953488372 0.99609375 0.8328488372093024 0.99609375 0.8328488372093024 0.96484375 0.7630813953488372 0.96484375 0.7630813953488372 0.99609375
0 0.5537790697674418 1 0.5537790697674418 0.984375 0.49273255813953487 0.984375 0.49273255813953487 1 0.5537790697674418 1
0 0.4752906976744186 1 0.4752906976744186 0.9765625 0.41424418604651164 0.9765625 0.41424418604651164 1 0.4752906976744186 1
0 0.3938953488372093 1 0.3938953488372093 0.984375 0.33575581395348836 0.984375 0.33575581395348836 1 0.3938953488372093 1
0 0.22093023255813954 1 0.22093023255813954 0.98046875 0.1511627906976744 0.98046875 0.1511627906976744 1 0.22093023255813954 1
0 0.49709302325581395 0 0.49709302325581395 0.03125 0.563953488372093 0.03125 0.563953488372093 0 0.49709302325581395 0
0 0.5683139534883721 0.1875 0.6438953488372093 0.1875 0.6438953488372093 0.06640625 0.5683139534883721 0.06640625 0.5683139534883721 0.1875
0 0 0.736328125 0.05232558139534884 0.736328125 0.05232558139534884 0.623046875 0 0.623046875 0 0.736328125