0 0.33428720083246616 1 0.33428720083246616 0.7884882108183079 0.16207075962539022 0.7884882108183079 0.16207075962539022 1 0.33428720083246616 1
0 0.002081165452653486 0.8769070735090153 0.13631633714880334 0.8769070735090153 0.13631633714880334 0.6515256588072122 0.002081165452653486 0.6515256588072122 0.002081165452653486 0.8769070735090153
0 0.10978147762747138 0.6445908460471568 0.24505723204994798 0.6445908460471568 0.24505723204994798 0.45041608876560335 0.10978147762747138 0.45041608876560335 0.10978147762747138 0.6445908460471568
0 0.24401664932362122 0.644244105409154 0.3761706555671176 0.644244105409154 0.3761706555671176 0.4604715672676838 0.24401664932362122 0.4604715672676838 0.24401664932362122 0.644244105409154
0 0.38735691987513005 0.3457004160887656 0.48465140478668056 0.3457004160887656 0.48465140478668056 0.20561719833564493 0.38735691987513005 0.20561719833564493 0.38735691987513005 0.3457004160887656
0 0.27809573361082207 0.47156726768377255 0.38943808532778357 0.47156726768377255 0.38943808532778357 0.3155339805825243 0.27809573361082207 0.3155339805825243 0.27809573361082207 0.47156726768377255
0 0.1716961498439126 0.3259361997226075 0.28199791883454733 0.3259361997226075 0.28199791883454733 0.18654646324549237 0.1716961498439126 0.18654646324549237 0.1716961498439126 0.3259361997226075
0 0.2832986472424558 0.33183079056865467 0.38839750260145683 0.33183079056865467 0.38839750260145683 0.19174757281553398 0.2832986472424558 0.19174757281553398 0.2832986472424558 0.33183079056865467
0 0.1735171696149844 0.47018030513176146 0.2786160249739854 0.47018030513176146 0.2786160249739854 0.3183079056865465 0.1735171696149844 0.3183079056865465 0.1735171696149844 0.47018030513176146
0 0.2918834547346514 0.16435506241331485 0.3720083246618106 0.16435506241331485 0.3720083246618106 0.054785020804438284 0.2918834547346514 0.054785020804438284 0.2918834547346514 0.16435506241331485
0 0.035119667013527575 0.19625520110957004 0.11108220603537981 0.19625520110957004 0.11108220603537981 0.08668515950069348 0.035119667013527575 0.08668515950069348 0.035119667013527575 0.19625520110957004
0 0.05697190426638918 0.5495839112343966 0.15426638917793964 0.5495839112343966 0.15426638917793964 0.3776005547850208 0.05697190426638918 0.3776005547850208 0.05697190426638918 0.5495839112343966
0 0.8483350676378772 0.3196948682385576 0.9170135275754423 0.3196948682385576 0.9170135275754423 0.21359223300970873 0.8483350676378772 0.21359223300970873 0.8483350676378772 0.3196948682385576
0 0.22710718002081165 0.13384188626907073 0.29318418314255984 0.13384188626907073 0.29318418314255984 0.04160887656033287 0.22710718002081165 0.04160887656033287 0.22710718002081165 0.13384188626907073
0 0.7674297606659729 0.12794729542302358 0.8158168574401665 0.12794729542302358 0.8158168574401665 0.04680998613037448 0.7674297606659729 0.04680998613037448 0.7674297606659729 0.12794729542302358
0 0.20551508844953173 0.18932038834951456 0.2866805411030177 0.18932038834951456 0.2866805411030177 0.09500693481276005 0.20551508844953173 0.09500693481276005 0.20551508844953173 0.18932038834951456
0 0.24947970863683663 0.2510402219140083 0.3316857440166493 0.2510402219140083 0.3316857440166493 0.15325936199722606 0.24947970863683663 0.15325936199722606 0.24947970863683663 0.2510402219140083
0 0.7237252861602498 0.058599167822468795 0.7663891779396462 0.058599167822468795 0.7663891779396462 0.00034674063800277393 0.7237252861602498 0.00034674063800277393 0.7237252861602498 0.058599167822468795
0 0.8306451612903226 0.24167822468793343 0.8868366285119667 0.24167822468793343 0.8868366285119667 0.15429958391123438 0.8306451612903226 0.15429958391123438 0.8306451612903226 0.24167822468793343
0 0.6339750260145681 0 0.6339750260145681 0.023578363384188627 0.672996878251821 0.023578363384188627 0.672996878251821 0 0.6339750260145681 0
0 0.030176899063475548 0.9996532593619972 0.18678459937565037 0.9996532593619972 0.18678459937565037 0.9226768377253814 0.030176899063475548 0.9226768377253814 0.030176899063475548 0.9996532593619972
0 0.6847034339229969 0 0.6847034339229969 0.03398058252427184 0.7278876170655567 0.03398058252427184 0.7278876170655567 0 0.6847034339229969 0
0 0.595213319458897 0 0.595213319458897 0.0159500693481276 0.6311134235171696 0.0159500693481276 0.6311134235171696 0 0.595213319458897 0
0 0.15972944849115506 0.27288488210818307 0.23621227887617066 0.27288488210818307 0.23621227887617066 0.1501386962552011 0.15972944849115506 0.1501386962552011 0.15972944849115506 0.27288488210818307
0 0.11784599375650365 0 0.11784599375650365 0.0159500693481276 0.15634755463059313 0.0159500693481276 0.15634755463059313 0 0.11784599375650365 0
0 0 0.9993065187239945 0.026014568158168574 0.9993065187239945 0.026014568158168574 0.9216366158113731 0 0.9216366158113731 0 0.9993065187239945