0 0.09261186264308012 0.7028432732316228 0.23204994797086367 0.7028432732316228 0.23204994797086367 0.5024271844660194 0.09261186264308012 0.5024271844660194 0.09261186264308012 0.7028432732316228
0 0.16415192507804371 0.17614424410540916 0.2427159209157128 0.17614424410540916 0.2427159209157128 0.052011095700416086 0.16415192507804371 0.052011095700416086 0.16415192507804371 0.17614424410540916
0 0.1919875130072841 0.4368932038834951 0.29864724245577523 0.4368932038834951 0.29864724245577523 0.2697642163661581 0.1919875130072841 0.2697642163661581 0.1919875130072841 0.4368932038834951
0 0.7437565036420395 0.22122052704576978 0.8160770031217481 0.22122052704576978 0.8160770031217481 0.1158113730929265 0.7437565036420395 0.1158113730929265 0.7437565036420395 0.22122052704576978
0 0.14360041623309053 0.36927877947295423 0.24141519250780438 0.36927877947295423 0.24141519250780438 0.220873786407767 0.14360041623309053 0.220873786407767 0.14360041623309053 0.36927877947295423
0 0.2148803329864724 0 0.2148803329864724 0.05547850208044383 0.26586888657648283 0.05547850208044383 0.26586888657648283 0 0.2148803329864724 0
0 0.7393340270551508 0.09361997226074896 0.791363163371488 0.09361997226074896 0.791363163371488 0.011789181692094313 0.7393340270551508 0.011789181692094313 0.7393340270551508 0.09361997226074896
0 0.26404786680541104 0 0.26404786680541104 0.0319001386962552 0.31295525494276794 0.0319001386962552 0.31295525494276794 0 0.26404786680541104 0
0 0.9222164412070759 0.9993065187239945 0.9997398543184183 0.9993065187239945 0.9997398543184183 0.8952843273231623 0.9222164412070759 0.8952843273231623 0.9222164412070759 0.9993065187239945
0 0.8171175858480749 0.20145631067961164 0.8623829344432883 0.20145631067961164 0.8623829344432883 0.10575589459084604 0.8171175858480749 0.10575589459084604 0.8171175858480749 0.20145631067961164
0 0.7635275754422477 0.18377253814147018 0.822840790842872 0.18377253814147018 0.822840790842872 0.09361997226074896 0.7635275754422477 0.09361997226074896 0.7635275754422477 0.18377253814147018
0 0.31347554630593133 0 0.31347554630593133 0.010402219140083218 0.35145681581685745 0.010402219140083218 0.35145681581685745 0 0.31347554630593133 0