0 0.2427159209157128 0.723994452149792 0.38579604578564 0.723994452149792 0.38579604578564 0.5235783633841886 0.2427159209157128 0.5235783633841886 0.2427159209157128 0.723994452149792
0 0.08064516129032258 0.9469486823855756 0.23621227887617066 0.9469486823855756 0.23621227887617066 0.7007628294036061 0.08064516129032258 0.7007628294036061 0.08064516129032258 0.9469486823855756
0 0.1261706555671176 0.7212205270457698 0.24583766909469304 0.7212205270457698 0.24583766909469304 0.49930651872399445 0.1261706555671176 0.49930651872399445 0.1261706555671176 0.7212205270457698
0 0.14828303850156088 0.9989597780859917 0.32830385015608743 0.9989597780859917 0.32830385015608743 0.8852288488210819 0.14828303850156088 0.8852288488210819 0.14828303850156088 0.9989597780859917
0 0.6922476586888657 0.25970873786407767 0.7515608740894901 0.25970873786407767 0.7515608740894901 0.14875173370319 0.6922476586888657 0.14875173370319 0.6922476586888657 0.25970873786407767
0 0.7497398543184183 0.2635228848821082 0.8064516129032258 0.2635228848821082 0.8064516129032258 0.1539528432732316 0.7497398543184183 0.1539528432732316 0.7497398543184183 0.2635228848821082
0 0.5202913631633714 0.34015256588072124 0.595213319458897 0.34015256588072124 0.595213319458897 0.20145631067961164 0.5202913631633714 0.20145631067961164 0.5202913631633714 0.34015256588072124
0 0.8132154006243496 0.26941747572815533 0.8730489073881373 0.26941747572815533 0.8730489073881373 0.1716366158113731 0.8132154006243496 0.1716366158113731 0.8132154006243496 0.26941747572815533
0 0.07726326742976067 0.11823855755894591 0.14750260145681582 0.11823855755894591 0.14750260145681582 0.022538141470180306 0.07726326742976067 0.022538141470180306 0.07726326742976067 0.11823855755894591
0 0.00858480749219563 0.9989597780859917 0.14646201873048909 0.9989597780859917 0.14646201873048909 0.8838418862690708 0.00858480749219563 0.8838418862690708 0.00858480749219563 0.9989597780859917
0 0.867585848074922 0.3110263522884882 0.9196149843912591 0.3110263522884882 0.9196149843912591 0.20631067961165048 0.867585848074922 0.20631067961165048 0.867585848074922 0.3110263522884882
0 0.7403746097814776 0.0970873786407767 0.7898022892819979 0.0970873786407767 0.7898022892819979 0.02288488210818308 0.7403746097814776 0.02288488210818308 0.7403746097814776 0.0970873786407767
0 0.29838709677419356 0.14563106796116504 0.3790322580645161 0.14563106796116504 0.3790322580645161 0.052011095700416086 0.29838709677419356 0.052011095700416086 0.29838709677419356 0.14563106796116504
0 0.31659729448491153 0.23509015256588073 0.38943808532778357 0.23509015256588073 0.38943808532778357 0.10540915395284327 0.31659729448491153 0.10540915395284327 0.31659729448491153 0.23509015256588073
0 0.2151404786680541 0 0.2151404786680541 0.09847434119278779 0.28381893860561913 0.09847434119278779 0.28381893860561913 0 0.2151404786680541 0
0 0.2601456815816857 0.12864077669902912 0.32466181061394384 0.12864077669902912 0.32466181061394384 0.027392510402219142 0.2601456815816857 0.027392510402219142 0.2601456815816857 0.12864077669902912
0 1 0.3339112343966713 0.941207075962539 0.3339112343966713 0.941207075962539 0.44764216366158116 1 0.44764216366158116 1 0.3339112343966713
0 0.6779396462018731 0 0.6779396462018731 0.027045769764216365 0.7237252861602498 0.027045769764216365 0.7237252861602498 0 0.6779396462018731 0
0 0.2916233090530697 0 0.2916233090530697 0.01872399445214979 0.3358480749219563 0.01872399445214979 0.3358480749219563 0 0.2916233090530697 0
0 0.26170655567117584 0 0.26170655567117584 0.023578363384188627 0.29136316337148804 0.023578363384188627 0.29136316337148804 0 0.26170655567117584 0