0 0.66953125 1 0.66953125 0.8203125 0.4578125 0.8203125 0.4578125 1 0.66953125 1
0 1 0.8333333333333334 0.837109375 0.8333333333333334 0.837109375 1 1 1 1 0.8333333333333334
0 0.0052734375 0.9317708333333333 0.1916015625 0.9317708333333333 0.1916015625 0.721875 0.0052734375 0.721875 0.0052734375 0.9317708333333333
0 0.7203125 0.9372395833333333 0.87109375 0.9372395833333333 0.87109375 0.72265625 0.7203125 0.72265625 0.7203125 0.9372395833333333
0 0.0009765625 0.7677083333333333 0.1357421875 0.7677083333333333 0.1357421875 0.6177083333333333 0.0009765625 0.6177083333333333 0.0009765625 0.7677083333333333
0 0.394921875 0.3380208333333333 0.458203125 0.3380208333333333 0.458203125 0.24479166666666666 0.394921875 0.24479166666666666 0.394921875 0.3380208333333333
0 0.1169921875 0.3619791666666667 0.1802734375 0.3619791666666667 0.1802734375 0.27447916666666666 0.1169921875 0.27447916666666666 0.1169921875 0.3619791666666667
0 0.3005859375 0.29635416666666664 0.3623046875 0.29635416666666664 0.3623046875 0.22552083333333334 0.3005859375 0.22552083333333334 0.3005859375 0.29635416666666664
0 0.4708984375 0.3841145833333333 0.5384765625 0.3841145833333333 0.5384765625 0.28932291666666665 0.4708984375 0.28932291666666665 0.4708984375 0.3841145833333333
0 0.455078125 0.32317708333333334 0.50703125 0.32317708333333334 0.50703125 0.24869791666666666 0.455078125 0.24869791666666666 0.455078125 0.32317708333333334
0 0.237109375 0.2955729166666667 0.2890625 0.2955729166666667 0.2890625 0.22578125 0.237109375 0.22578125 0.237109375 0.2955729166666667
0 0.873046875 0.36822916666666666 0.92109375 0.36822916666666666 0.92109375 0.303125 0.873046875 0.303125 0.873046875 0.36822916666666666
0 0.5787109375 0.33932291666666664 0.6361328125 0.33932291666666664 0.6361328125 0.2596354166666667 0.5787109375 0.2596354166666667 0.5787109375 0.33932291666666664
0 0 0.3151041666666667 0.02890625 0.3151041666666667 0.02890625 0.2552083333333333 0 0.2552083333333333 0 0.3151041666666667
0 0.075390625 0.32317708333333334 0.126171875 0.32317708333333334 0.126171875 0.25286458333333334 0.075390625 0.25286458333333334 0.075390625 0.32317708333333334
0 0.5322265625 0.3658854166666667 0.5900390625 0.3658854166666667 0.5900390625 0.2830729166666667 0.5322265625 0.2830729166666667 0.5322265625 0.3658854166666667
0 0.4529296875 0.24869791666666666 0.4974609375 0.24869791666666666 0.4974609375 0.20182291666666666 0.4529296875 0.20182291666666666 0.4529296875 0.24869791666666666
0 0.81953125 0.38671875 0.874609375 0.38671875 0.874609375 0.3028645833333333 0.81953125 0.3028645833333333 0.81953125 0.38671875
0 0.9384765625 0.3854166666666667 0.9818359375 0.3854166666666667 0.9818359375 0.32135416666666666 0.9384765625 0.32135416666666666 0.9384765625 0.3854166666666667
0 0.1900390625 0.30755208333333334 0.2376953125 0.30755208333333334 0.2376953125 0.23828125 0.1900390625 0.23828125 0.1900390625 0.30755208333333334
0 0.15390625 0.32864583333333336 0.215625 0.32864583333333336 0.215625 0.25416666666666665 0.15390625 0.25416666666666665 0.15390625 0.32864583333333336
0 0.805078125 0.34739583333333335 0.85703125 0.34739583333333335 0.85703125 0.2838541666666667 0.805078125 0.2838541666666667 0.805078125 0.34739583333333335
0 0.1279296875 0.28541666666666665 0.1689453125 0.28541666666666665 0.1689453125 0.24739583333333334 0.1279296875 0.24739583333333334 0.1279296875 0.28541666666666665
0 0.5080078125 0.30234375 0.5615234375 0.30234375 0.5615234375 0.25703125 0.5080078125 0.25703125 0.5080078125 0.30234375
0 0.2541015625 0.246875 0.2966796875 0.246875 0.2966796875 0.20364583333333333 0.2541015625 0.20364583333333333 0.2541015625 0.246875
0 0.4978515625 0.2713541666666667 0.5607421875 0.2713541666666667 0.5607421875 0.23697916666666666 0.4978515625 0.23697916666666666 0.4978515625 0.2713541666666667
0 0.087890625 0.27005208333333336 0.13046875 0.27005208333333336 0.13046875 0.23828125 0.087890625 0.23828125 0.087890625 0.27005208333333336
0 0.4322265625 0.2682291666666667 0.4693359375 0.2682291666666667 0.4693359375 0.2359375 0.4322265625 0.2359375 0.4322265625 0.2682291666666667