0 0.08870967741935484 0.757628294036061 0.22502601456815816 0.757628294036061 0.22502601456815816 0.5634535367545076 0.08870967741935484 0.5634535367545076 0.08870967741935484 0.757628294036061
0 0.15426638917793964 0.3869625520110957 0.2588449531737773 0.3869625520110957 0.2588449531737773 0.23578363384188628 0.15426638917793964 0.23578363384188628 0.15426638917793964 0.3869625520110957
0 0.2278876170655567 0.22850208044382803 0.3100936524453694 0.22850208044382803 0.3100936524453694 0.09882108183079057 0.2278876170655567 0.09882108183079057 0.2278876170655567 0.22850208044382803
0 0.7981269510926119 0.6920943134535368 0.8954214360041624 0.6920943134535368 0.8954214360041624 0.5381414701803051 0.7981269510926119 0.5381414701803051 0.7981269510926119 0.6920943134535368
0 0.1984911550468262 0.058599167822468795 0.26404786680541104 0.058599167822468795 0.26404786680541104 0.00034674063800277393 0.1984911550468262 0.00034674063800277393 0.1984911550468262 0.058599167822468795
0 0.6888657648283039 0.10957004160887657 0.7518210197710719 0.10957004160887657 0.7518210197710719 0.019417475728155338 0.6888657648283039 0.019417475728155338 0.6888657648283039 0.10957004160887657
0 0.18678459937565037 0.18585298196948682 0.26170655567117584 0.18585298196948682 0.26170655567117584 0.06865464632454923 0.18678459937565037 0.06865464632454923 0.18678459937565037 0.18585298196948682
0 0.7580645161290323 0.09951456310679611 0.799687825182102 0.09951456310679611 0.799687825182102 0.019070735090152564 0.7580645161290323 0.019070735090152564 0.7580645161290323 0.09951456310679611
0 1 0.3935506241331484 0.9698231009365245 0.3935506241331484 0.9698231009365245 0.4996532593619972 1 0.4996532593619972 1 0.3935506241331484
0 0.7114984391259105 0.08460471567267684 0.7614464099895941 0.08460471567267684 0.7614464099895941 0.006934812760055479 0.7114984391259105 0.006934812760055479 0.7114984391259105 0.08460471567267684
0 0.7005723204994797 0.012135922330097087 0.7427159209157128 0.012135922330097087 0.7427159209157128 0.00034674063800277393 0.7005723204994797 0.00034674063800277393 0.7005723204994797 0.012135922330097087