0 0.19740437158469945 0.20363636363636364 0.2575136612021858 0.20363636363636364 0.2575136612021858 0.10909090909090909 0.19740437158469945 0.10909090909090909 0.19740437158469945 0.20363636363636364
0 0.40437158469945356 0.27090909090909093 0.4672131147540984 0.27090909090909093 0.4672131147540984 0.1709090909090909 0.40437158469945356 0.1709090909090909 0.40437158469945356 0.27090909090909093
0 0.11953551912568305 0.5509090909090909 0.19057377049180327 0.5509090909090909 0.19057377049180327 0.44 0.11953551912568305 0.44 0.11953551912568305 0.5509090909090909
0 0.41598360655737704 0.610909090909091 0.48292349726775957 0.610909090909091 0.48292349726775957 0.49454545454545457 0.41598360655737704 0.49454545454545457 0.41598360655737704 0.610909090909091
0 0.28210382513661203 0.11454545454545455 0.33811475409836067 0.11454545454545455 0.33811475409836067 0.01818181818181818 0.28210382513661203 0.01818181818181818 0.28210382513661203 0.11454545454545455
0 0.24385245901639344 0.8772727272727273 0.3135245901639344 0.8772727272727273 0.3135245901639344 0.7627272727272727 0.24385245901639344 0.7627272727272727 0.24385245901639344 0.8772727272727273
0 0.0778688524590164 0.3009090909090909 0.15300546448087432 0.3009090909090909 0.15300546448087432 0.2009090909090909 0.0778688524590164 0.2009090909090909 0.0778688524590164 0.3009090909090909
0 0.657103825136612 0.9981818181818182 0.7144808743169399 0.9981818181818182 0.7144808743169399 0.8909090909090909 0.657103825136612 0.8909090909090909 0.657103825136612 0.9981818181818182
0 0.3401639344262295 0.7372727272727273 0.4098360655737705 0.7372727272727273 0.4098360655737705 0.6227272727272727 0.3401639344262295 0.6227272727272727 0.3401639344262295 0.7372727272727273
0 0.4719945355191257 0.7609090909090909 0.5307377049180327 0.7609090909090909 0.5307377049180327 0.6481818181818182 0.4719945355191257 0.6481818181818182 0.4719945355191257 0.7609090909090909
0 0.8148907103825137 0.9290909090909091 0.869535519125683 0.9290909090909091 0.869535519125683 0.82 0.8148907103825137 0.82 0.8148907103825137 0.9290909090909091
0 0.3948087431693989 0.45181818181818184 0.4521857923497268 0.45181818181818184 0.4521857923497268 0.3572727272727273 0.3948087431693989 0.3572727272727273 0.3948087431693989 0.45181818181818184
0 0.14275956284153005 0.6509090909090909 0.21243169398907105 0.6509090909090909 0.21243169398907105 0.5472727272727272 0.14275956284153005 0.5472727272727272 0.14275956284153005 0.6509090909090909
0 0.6154371584699454 0.6145454545454545 0.6673497267759563 0.6145454545454545 0.6673497267759563 0.5145454545454545 0.6154371584699454 0.5145454545454545 0.6154371584699454 0.6145454545454545
0 0.148224043715847 0 0.148224043715847 0.08181818181818182 0.21243169398907105 0.08181818181818182 0.21243169398907105 0 0.148224043715847 0
0 0.5136612021857924 0.9981818181818182 0.5737704918032787 0.9981818181818182 0.5737704918032787 0.9472727272727273 0.5136612021857924 0.9472727272727273 0.5136612021857924 0.9981818181818182
0 0.41530054644808745 0.17545454545454545 0.4713114754098361 0.17545454545454545 0.4713114754098361 0.09181818181818181 0.41530054644808745 0.09181818181818181 0.41530054644808745 0.17545454545454545
0 0.32786885245901637 0.4636363636363636 0.39344262295081966 0.4636363636363636 0.39344262295081966 0.3618181818181818 0.32786885245901637 0.3618181818181818 0.32786885245901637 0.4636363636363636
0 0.7404371584699454 0.7236363636363636 0.7923497267759563 0.7236363636363636 0.7923497267759563 0.62 0.7404371584699454 0.62 0.7404371584699454 0.7236363636363636
0 0.23224043715846995 0 0.23224043715846995 0.07636363636363637 0.28825136612021857 0.07636363636363637 0.28825136612021857 0 0.23224043715846995 0
0 0.1564207650273224 0.8427272727272728 0.2301912568306011 0.8427272727272728 0.2301912568306011 0.7263636363636363 0.1564207650273224 0.7263636363636363 0.1564207650273224 0.8427272727272728
0 0.28825136612021857 0.8209090909090909 0.35792349726775957 0.8209090909090909 0.35792349726775957 0.6936363636363636 0.28825136612021857 0.6936363636363636 0.28825136612021857 0.8209090909090909
0 0.48292349726775957 0.22272727272727272 0.5348360655737705 0.22272727272727272 0.5348360655737705 0.12090909090909091 0.48292349726775957 0.12090909090909091 0.48292349726775957 0.22272727272727272
0 0.639344262295082 0.4381818181818182 0.6926229508196722 0.4381818181818182 0.6926229508196722 0.3509090909090909 0.639344262295082 0.3509090909090909 0.639344262295082 0.4381818181818182
0 0.5307377049180327 0.7509090909090909 0.5840163934426229 0.7509090909090909 0.5840163934426229 0.6418181818181818 0.5307377049180327 0.6418181818181818 0.5307377049180327 0.7509090909090909
0 0.5382513661202186 0.6581818181818182 0.6024590163934426 0.6581818181818182 0.6024590163934426 0.5672727272727273 0.5382513661202186 0.5672727272727273 0.5382513661202186 0.6581818181818182
0 0.5976775956284153 0.36727272727272725 0.6468579234972678 0.36727272727272725 0.6468579234972678 0.2727272727272727 0.5976775956284153 0.2727272727272727 0.5976775956284153 0.36727272727272725
0 0.5088797814207651 0.42272727272727273 0.5580601092896175 0.42272727272727273 0.5580601092896175 0.33181818181818185 0.5088797814207651 0.33181818181818185 0.5088797814207651 0.42272727272727273
0 0.5211748633879781 0.18363636363636363 0.5717213114754098 0.18363636363636363 0.5717213114754098 0.08 0.5211748633879781 0.08 0.5211748633879781 0.18363636363636363
0 0.36543715846994534 0.6709090909090909 0.4323770491803279 0.6709090909090909 0.4323770491803279 0.5654545454545454 0.36543715846994534 0.5654545454545454 0.36543715846994534 0.6709090909090909
0 0.4562841530054645 0.3381818181818182 0.5136612021857924 0.3381818181818182 0.5136612021857924 0.24545454545454545 0.4562841530054645 0.24545454545454545 0.4562841530054645 0.3381818181818182
0 0.5765027322404371 0.9981818181818182 0.6311475409836066 0.9981818181818182 0.6311475409836066 0.9218181818181819 0.5765027322404371 0.9218181818181819 0.5765027322404371 0.9981818181818182
0 0.10450819672131148 0.22363636363636363 0.16188524590163936 0.22363636363636363 0.16188524590163936 0.14 0.10450819672131148 0.14 0.10450819672131148 0.22363636363636363
0 0.5990437158469946 0.24454545454545454 0.6509562841530054 0.24454545454545454 0.6509562841530054 0.15363636363636363 0.5990437158469946 0.15363636363636363 0.5990437158469946 0.24454545454545454
0 0.6584699453551912 0.7645454545454545 0.7131147540983607 0.7645454545454545 0.7131147540983607 0.6445454545454545 0.6584699453551912 0.6445454545454545 0.6584699453551912 0.7645454545454545
0 0.8271857923497268 0.6990909090909091 0.8736338797814208 0.6990909090909091 0.8736338797814208 0.5954545454545455 0.8271857923497268 0.5954545454545455 0.8271857923497268 0.6990909090909091
0 0.8886612021857924 0.9454545454545454 0.9419398907103825 0.9454545454545454 0.9419398907103825 0.8436363636363636 0.8886612021857924 0.8436363636363636 0.8886612021857924 0.9454545454545454
0 0.43306010928961747 0.39636363636363636 0.4918032786885246 0.39636363636363636 0.4918032786885246 0.29818181818181816 0.43306010928961747 0.29818181818181816 0.43306010928961747 0.39636363636363636
0 0.7834699453551912 0.7627272727272727 0.8312841530054644 0.7627272727272727 0.8312841530054644 0.6718181818181819 0.7834699453551912 0.6718181818181819 0.7834699453551912 0.7627272727272727
0 0.610655737704918 0.8745454545454545 0.674863387978142 0.8745454545454545 0.674863387978142 0.7854545454545454 0.610655737704918 0.7854545454545454 0.610655737704918 0.8745454545454545
0 0.5969945355191257 0.9636363636363636 0.6598360655737705 0.9636363636363636 0.6598360655737705 0.8527272727272728 0.5969945355191257 0.8527272727272728 0.5969945355191257 0.9636363636363636
0 0.5887978142076503 0.15636363636363637 0.639344262295082 0.15636363636363637 0.639344262295082 0.07090909090909091 0.5887978142076503 0.07090909090909091 0.5887978142076503 0.15636363636363637
0 0.6687158469945356 0.5954545454545455 0.7151639344262295 0.5954545454545455 0.7151639344262295 0.4954545454545455 0.6687158469945356 0.4954545454545455 0.6687158469945356 0.5954545454545455
0 0.4542349726775956 0.9990909090909091 0.5129781420765027 0.9990909090909091 0.5129781420765027 0.9645454545454546 0.4542349726775956 0.9645454545454546 0.4542349726775956 0.9990909090909091
0 0.5566939890710383 0.6081818181818182 0.6168032786885246 0.6081818181818182 0.6168032786885246 0.519090909090909 0.5566939890710383 0.519090909090909 0.5566939890710383 0.6081818181818182
0 0.9296448087431693 0.9990909090909091 0.9815573770491803 0.9990909090909091 0.9815573770491803 0.9463636363636364 0.9296448087431693 0.9463636363636364 0.9296448087431693 0.9990909090909091
0 0.7739071038251366 0.6654545454545454 0.8271857923497268 0.6654545454545454 0.8271857923497268 0.56 0.7739071038251366 0.56 0.7739071038251366 0.6654545454545454
0 0.6816939890710383 0.8690909090909091 0.75 0.8690909090909091 0.75 0.7545454545454545 0.6816939890710383 0.7545454545454545 0.6816939890710383 0.8690909090909091
0 0.7602459016393442 0.5663636363636364 0.8094262295081968 0.5663636363636364 0.8094262295081968 0.46636363636363637 0.7602459016393442 0.46636363636363637 0.7602459016393442 0.5663636363636364
0 0.5423497267759563 0.08818181818181818 0.592896174863388 0.08818181818181818 0.592896174863388 0.0009090909090909091 0.5423497267759563 0.0009090909090909091 0.5423497267759563 0.08818181818181818
0 0.630464480874317 0.52 0.6782786885245902 0.52 0.6782786885245902 0.44 0.630464480874317 0.44 0.630464480874317 0.52
0 0.6045081967213115 0.7263636363636363 0.6509562841530054 0.7263636363636363 0.6509562841530054 0.6227272727272727 0.6045081967213115 0.6227272727272727 0.6045081967213115 0.7263636363636363
0 0.6188524590163934 0.3181818181818182 0.662568306010929 0.3181818181818182 0.662568306010929 0.22727272727272727 0.6188524590163934 0.22727272727272727 0.6188524590163934 0.3181818181818182
0 0.6912568306010929 0.69 0.7390710382513661 0.69 0.7390710382513661 0.5972727272727273 0.6912568306010929 0.5972727272727273 0.6912568306010929 0.69
0 0.32103825136612024 0 0.32103825136612024 0.07090909090909091 0.3729508196721312 0.07090909090909091 0.3729508196721312 0 0.32103825136612024 0
0 0.7377049180327869 0.4209090909090909 0.7814207650273224 0.4209090909090909 0.7814207650273224 0.33181818181818185 0.7377049180327869 0.33181818181818185 0.7377049180327869 0.4209090909090909
0 0.4064207650273224 0 0.4064207650273224 0.06 0.4542349726775956 0.06 0.4542349726775956 0 0.4064207650273224 0
0 0.9453551912568307 0.9472727272727273 0.9808743169398907 0.9472727272727273 0.9808743169398907 0.8581818181818182 0.9453551912568307 0.8581818181818182 0.9453551912568307 0.9472727272727273
0 0.5362021857923497 0.36818181818181817 0.578551912568306 0.36818181818181817 0.578551912568306 0.2881818181818182 0.5362021857923497 0.2881818181818182 0.5362021857923497 0.36818181818181817
0 0 0.9463636363636364 0.009562841530054645 0.9463636363636364 0.009562841530054645 0.8845454545454545 0 0.8845454545454545 0 0.9463636363636364
0 0.3968579234972678 0.9981818181818182 0.4474043715846995 0.9981818181818182 0.4474043715846995 0.98 0.3968579234972678 0.98 0.3968579234972678 0.9981818181818182