0 0.5 0.21875 0.5697674418604651 0.21875 0.5697674418604651 0.109375 0.5 0.109375 0.5 0.21875
0 0.13953488372093023 0.142578125 0.2180232558139535 0.142578125 0.2180232558139535 0.037109375 0.13953488372093023 0.037109375 0.13953488372093023 0.142578125
0 0.18023255813953487 0.9296875 0.2616279069767442 0.9296875 0.2616279069767442 0.81640625 0.18023255813953487 0.81640625 0.18023255813953487 0.9296875
0 0.47819767441860467 0.7890625 0.5625 0.7890625 0.5625 0.67578125 0.47819767441860467 0.67578125 0.47819767441860467 0.7890625
0 0.376453488372093 0.208984375 0.4491279069767442 0.208984375 0.4491279069767442 0.099609375 0.376453488372093 0.099609375 0.376453488372093 0.208984375
0 0.5668604651162791 0.271484375 0.6337209302325582 0.271484375 0.6337209302325582 0.162109375 0.5668604651162791 0.162109375 0.5668604651162791 0.271484375
0 0.2703488372093023 0.935546875 0.3488372093023256 0.935546875 0.3488372093023256 0.818359375 0.2703488372093023 0.818359375 0.2703488372093023 0.935546875
0 0.25726744186046513 0.265625 0.3328488372093023 0.265625 0.3328488372093023 0.15625 0.25726744186046513 0.15625 0.25726744186046513 0.265625
0 0.4941860465116279 0.400390625 0.561046511627907 0.400390625 0.561046511627907 0.279296875 0.4941860465116279 0.279296875 0.4941860465116279 0.400390625
0 0.7223837209302325 0.78515625 0.7950581395348837 0.78515625 0.7950581395348837 0.671875 0.7223837209302325 0.671875 0.7223837209302325 0.78515625
0 0.6395348837209303 0.275390625 0.7093023255813954 0.275390625 0.7093023255813954 0.162109375 0.6395348837209303 0.162109375 0.6395348837209303 0.275390625
0 0.10174418604651163 0.314453125 0.18313953488372092 0.314453125 0.18313953488372092 0.216796875 0.10174418604651163 0.216796875 0.10174418604651163 0.314453125
0 0.5843023255813954 0.39453125 0.6569767441860465 0.39453125 0.6569767441860465 0.28515625 0.5843023255813954 0.28515625 0.5843023255813954 0.39453125
0 0.7906976744186046 0.6484375 0.8633720930232558 0.6484375 0.8633720930232558 0.54296875 0.7906976744186046 0.54296875 0.7906976744186046 0.6484375
0 0.8517441860465116 0.70703125 0.9244186046511628 0.70703125 0.9244186046511628 0.609375 0.8517441860465116 0.609375 0.8517441860465116 0.70703125
0 0.6976744186046512 0 0.6976744186046512 0.09375 0.7616279069767442 0.09375 0.7616279069767442 0 0.6976744186046512 0
0 0.43459302325581395 0.2734375 0.5159883720930233 0.2734375 0.5159883720930233 0.16015625 0.43459302325581395 0.16015625 0.43459302325581395 0.2734375
0 0.8444767441860465 0.513671875 0.9113372093023255 0.513671875 0.9113372093023255 0.412109375 0.8444767441860465 0.412109375 0.8444767441860465 0.513671875
0 0.09593023255813954 0.8046875 0.18023255813953487 0.8046875 0.18023255813953487 0.671875 0.09593023255813954 0.671875 0.09593023255813954 0.8046875
0 0.4622093023255814 0.99609375 0.5406976744186046 0.99609375 0.5406976744186046 0.88671875 0.4622093023255814 0.88671875 0.4622093023255814 0.99609375
0 0.36627906976744184 0.99609375 0.4418604651162791 0.99609375 0.4418604651162791 0.875 0.36627906976744184 0.875 0.36627906976744184 0.99609375
0 0.061046511627906974 0.943359375 0.14825581395348839 0.943359375 0.14825581395348839 0.810546875 0.061046511627906974 0.810546875 0.061046511627906974 0.943359375
0 0.7703488372093024 0 0.7703488372093024 0.0859375 0.8343023255813954 0.0859375 0.8343023255813954 0 0.7703488372093024 0
0 0.5784883720930233 0.15234375 0.6540697674418605 0.15234375 0.6540697674418605 0.05078125 0.5784883720930233 0.05078125 0.5784883720930233 0.15234375
0 0.40843023255813954 0.857421875 0.4811046511627907 0.857421875 0.4811046511627907 0.755859375 0.40843023255813954 0.755859375 0.40843023255813954 0.857421875
0 0.5494186046511628 0.994140625 0.6133720930232558 0.994140625 0.6133720930232558 0.888671875 0.5494186046511628 0.888671875 0.5494186046511628 0.994140625
0 0.622093023255814 0.994140625 0.6918604651162791 0.994140625 0.6918604651162791 0.880859375 0.622093023255814 0.880859375 0.622093023255814 0.994140625
0 0.7834302325581395 0.865234375 0.8531976744186046 0.865234375 0.8531976744186046 0.732421875 0.7834302325581395 0.732421875 0.7834302325581395 0.865234375
0 0.7063953488372093 0.33984375 0.7819767441860465 0.33984375 0.7819767441860465 0.21875 0.7063953488372093 0.21875 0.7063953488372093 0.33984375
0 0.5712209302325582 0.53515625 0.6468023255813954 0.53515625 0.6468023255813954 0.4140625 0.5712209302325582 0.4140625 0.5712209302325582 0.53515625
0 0.6773255813953488 0.462890625 0.752906976744186 0.462890625 0.752906976744186 0.353515625 0.6773255813953488 0.353515625 0.6773255813953488 0.462890625
0 0.8851744186046512 0.986328125 0.9607558139534884 0.986328125 0.9607558139534884 0.876953125 0.8851744186046512 0.876953125 0.8851744186046512 0.986328125
0 0.7412790697674418 0.9375 0.8168604651162791 0.9375 0.8168604651162791 0.80859375 0.7412790697674418 0.80859375 0.7412790697674418 0.9375
0 0.6453488372093024 0.78125 0.7122093023255814 0.78125 0.7122093023255814 0.66796875 0.6453488372093024 0.66796875 0.6453488372093024 0.78125
0 0.31976744186046513 0.859375 0.4011627906976744 0.859375 0.4011627906976744 0.75 0.31976744186046513 0.75 0.31976744186046513 0.859375
0 0.6177325581395349 0 0.6177325581395349 0.09375 0.690406976744186 0.09375 0.690406976744186 0 0.6177325581395349 0
0 0.6366279069767442 0.599609375 0.7122093023255814 0.599609375 0.7122093023255814 0.478515625 0.6366279069767442 0.478515625 0.6366279069767442 0.599609375
0 0.6991279069767442 0.9921875 0.7747093023255814 0.9921875 0.7747093023255814 0.87890625 0.6991279069767442 0.87890625 0.6991279069767442 0.9921875
0 0.08430232558139535 0 0.08430232558139535 0.09375 0.15406976744186046 0.09375 0.15406976744186046 0 0.08430232558139535 0
0 0.7049418604651163 0.65625 0.7834302325581395 0.65625 0.7834302325581395 0.54296875 0.7049418604651163 0.54296875 0.7049418604651163 0.65625
0 0.42296511627906974 0.388671875 0.48691860465116277 0.388671875 0.48691860465116277 0.287109375 0.42296511627906974 0.287109375 0.42296511627906974 0.388671875
0 0.5712209302325582 0.78515625 0.6380813953488372 0.78515625 0.6380813953488372 0.6875 0.5712209302325582 0.6875 0.5712209302325582 0.78515625
0 0.45348837209302323 0.654296875 0.5232558139534884 0.654296875 0.5232558139534884 0.548828125 0.45348837209302323 0.548828125 0.45348837209302323 0.654296875
0 0.5 0.58984375 0.5784883720930233 0.58984375 0.5784883720930233 0.4765625 0.5 0.4765625 0.5 0.58984375
0 0.3430232558139535 0.38671875 0.41569767441860467 0.38671875 0.41569767441860467 0.2890625 0.3430232558139535 0.2890625 0.3430232558139535 0.38671875
0 0.050872093023255814 0.51171875 0.12645348837209303 0.51171875 0.12645348837209303 0.4140625 0.050872093023255814 0.4140625 0.050872093023255814 0.51171875
0 0 0.583984375 0.03488372093023256 0.583984375 0.03488372093023256 0.466796875 0 0.466796875 0 0.583984375
0 0.29069767441860467 0.654296875 0.36627906976744184 0.654296875 0.36627906976744184 0.548828125 0.29069767441860467 0.548828125 0.29069767441860467 0.654296875
0 0.373546511627907 0.65625 0.4491279069767442 0.65625 0.4491279069767442 0.546875 0.373546511627907 0.546875 0.373546511627907 0.65625
0 0.19912790697674418 0.455078125 0.2747093023255814 0.455078125 0.2747093023255814 0.345703125 0.19912790697674418 0.345703125 0.19912790697674418 0.455078125
0 0.7761627906976745 0.26953125 0.8575581395348837 0.26953125 0.8575581395348837 0.1640625 0.7761627906976745 0.1640625 0.7761627906976745 0.26953125
0 0 0.306640625 0.03488372093023256 0.306640625 0.03488372093023256 0.220703125 0 0.220703125 0 0.306640625
0 0.311046511627907 0 0.311046511627907 0.08203125 0.37790697674418605 0.08203125 0.37790697674418605 0 0.311046511627907 0
0 0.7558139534883721 0.5390625 0.8313953488372093 0.5390625 0.8313953488372093 0.4140625 0.7558139534883721 0.4140625 0.7558139534883721 0.5390625
0 0.03924418604651163 0.716796875 0.11482558139534883 0.716796875 0.11482558139534883 0.615234375 0.03924418604651163 0.615234375 0.03924418604651163 0.716796875
0 0.42005813953488375 0.998046875 0.498546511627907 0.998046875 0.498546511627907 0.955078125 0.42005813953488375 0.955078125 0.42005813953488375 0.998046875
0 0.12354651162790697 0.669921875 0.20784883720930233 0.669921875 0.20784883720930233 0.541015625 0.12354651162790697 0.541015625 0.12354651162790697 0.669921875
0 0.00436046511627907 0.998046875 0.07122093023255814 0.998046875 0.07122093023255814 0.951171875 0.00436046511627907 0.951171875 0.00436046511627907 0.998046875
0 0.5508720930232558 0 0.5508720930232558 0.03125 0.6177325581395349 0.03125 0.6177325581395349 0 0.5508720930232558 0