0 0.1912568306010929 0.9036363636363637 0.27049180327868855 0.9036363636363637 0.27049180327868855 0.7818181818181819 0.1912568306010929 0.7818181818181819 0.1912568306010929 0.9036363636363637
0 0.39959016393442626 0.5636363636363636 0.4692622950819672 0.5636363636363636 0.4692622950819672 0.4509090909090909 0.39959016393442626 0.4509090909090909 0.39959016393442626 0.5636363636363636
0 0.694672131147541 0.9372727272727273 0.7588797814207651 0.9372727272727273 0.7588797814207651 0.8245454545454546 0.694672131147541 0.8245454545454546 0.694672131147541 0.9372727272727273
0 0.09836065573770492 0.5609090909090909 0.16666666666666666 0.5609090909090909 0.16666666666666666 0.45545454545454545 0.09836065573770492 0.45545454545454545 0.09836065573770492 0.5609090909090909
0 0.14549180327868852 0.26181818181818184 0.20833333333333334 0.26181818181818184 0.20833333333333334 0.15272727272727274 0.14549180327868852 0.15272727272727274 0.14549180327868852 0.26181818181818184
0 0.3271857923497268 0.47363636363636363 0.3927595628415301 0.47363636363636363 0.3927595628415301 0.3663636363636364 0.3271857923497268 0.3663636363636364 0.3271857923497268 0.47363636363636363
0 0.2657103825136612 0.24818181818181817 0.31898907103825136 0.24818181818181817 0.31898907103825136 0.15181818181818182 0.2657103825136612 0.15181818181818182 0.2657103825136612 0.24818181818181817
0 0.09699453551912568 0.4072727272727273 0.16256830601092895 0.4072727272727273 0.16256830601092895 0.3018181818181818 0.09699453551912568 0.3018181818181818 0.09699453551912568 0.4072727272727273
0 0.29030054644808745 0.37454545454545457 0.3558743169398907 0.37454545454545457 0.3558743169398907 0.27636363636363637 0.29030054644808745 0.27636363636363637 0.29030054644808745 0.37454545454545457
0 0.39617486338797814 0.22545454545454546 0.45081967213114754 0.22545454545454546 0.45081967213114754 0.13818181818181818 0.39617486338797814 0.13818181818181818 0.39617486338797814 0.22545454545454546
0 0.4672131147540984 0.83 0.5327868852459017 0.83 0.5327868852459017 0.7209090909090909 0.4672131147540984 0.7209090909090909 0.4672131147540984 0.83
0 0.6202185792349727 0.9018181818181819 0.680327868852459 0.9018181818181819 0.680327868852459 0.7818181818181819 0.6202185792349727 0.7818181818181819 0.6202185792349727 0.9018181818181819
0 0.3224043715846995 0.2381818181818182 0.3702185792349727 0.2381818181818182 0.3702185792349727 0.14181818181818182 0.3224043715846995 0.14181818181818182 0.3224043715846995 0.2381818181818182
0 0.2691256830601093 0.8827272727272727 0.3360655737704918 0.8827272727272727 0.3360655737704918 0.7754545454545455 0.2691256830601093 0.7754545454545455 0.2691256830601093 0.8827272727272727
0 0.6181693989071039 0.5590909090909091 0.671448087431694 0.5590909090909091 0.671448087431694 0.46090909090909093 0.6181693989071039 0.46090909090909093 0.6181693989071039 0.5590909090909091
0 0.5471311475409836 0.21 0.5990437158469946 0.21 0.5990437158469946 0.12090909090909091 0.5471311475409836 0.12090909090909091 0.5471311475409836 0.21
0 0.2103825136612022 0.25545454545454543 0.26366120218579236 0.25545454545454543 0.26366120218579236 0.15181818181818182 0.2103825136612022 0.15181818181818182 0.2103825136612022 0.25545454545454543
0 0.5409836065573771 0.43454545454545457 0.592896174863388 0.43454545454545457 0.592896174863388 0.3381818181818182 0.5409836065573771 0.3381818181818182 0.5409836065573771 0.43454545454545457
0 0.5655737704918032 0.8772727272727273 0.6229508196721312 0.8772727272727273 0.6229508196721312 0.759090909090909 0.5655737704918032 0.759090909090909 0.5655737704918032 0.8772727272727273
0 0.5006830601092896 0.49272727272727274 0.5566939890710383 0.49272727272727274 0.5566939890710383 0.39090909090909093 0.5006830601092896 0.39090909090909093 0.5006830601092896 0.49272727272727274
0 0.6154371584699454 0.39181818181818184 0.6728142076502732 0.39181818181818184 0.6728142076502732 0.3009090909090909 0.6154371584699454 0.3009090909090909 0.6154371584699454 0.39181818181818184
0 0.4610655737704918 0.6081818181818182 0.5211748633879781 0.6081818181818182 0.5211748633879781 0.4954545454545455 0.4610655737704918 0.4954545454545455 0.4610655737704918 0.6081818181818182
0 0.555327868852459 0.5272727272727272 0.6099726775956285 0.5272727272727272 0.6099726775956285 0.4254545454545455 0.555327868852459 0.4254545454545455 0.555327868852459 0.5272727272727272
0 0.36133879781420764 0.7427272727272727 0.42827868852459017 0.7427272727272727 0.42827868852459017 0.6281818181818182 0.36133879781420764 0.6281818181818182 0.36133879781420764 0.7427272727272727
0 0.2069672131147541 0.5054545454545455 0.2739071038251366 0.5054545454545455 0.2739071038251366 0.39454545454545453 0.2069672131147541 0.39454545454545453 0.2069672131147541 0.5054545454545455
0 0.7923497267759563 0.7163636363636363 0.8510928961748634 0.7163636363636363 0.8510928961748634 0.610909090909091 0.7923497267759563 0.610909090909091 0.7923497267759563 0.7163636363636363
0 0.8005464480874317 0.9427272727272727 0.8592896174863388 0.9427272727272727 0.8592896174863388 0.8372727272727273 0.8005464480874317 0.8372727272727273 0.8005464480874317 0.9427272727272727
0 0.42691256830601093 0.14181818181818182 0.47882513661202186 0.14181818181818182 0.47882513661202186 0.05272727272727273 0.42691256830601093 0.05272727272727273 0.42691256830601093 0.14181818181818182
0 0.6530054644808743 0.83 0.7076502732240437 0.83 0.7076502732240437 0.7281818181818182 0.6530054644808743 0.7281818181818182 0.6530054644808743 0.83
0 0.5833333333333334 0.7790909090909091 0.6420765027322405 0.7790909090909091 0.6420765027322405 0.6918181818181818 0.5833333333333334 0.6918181818181818 0.5833333333333334 0.7790909090909091
0 0.3394808743169399 0.8736363636363637 0.4105191256830601 0.8736363636363637 0.4105191256830601 0.7554545454545455 0.3394808743169399 0.7554545454545455 0.3394808743169399 0.8736363636363637
0 0.6960382513661202 0.4918181818181818 0.7452185792349727 0.4918181818181818 0.7452185792349727 0.3990909090909091 0.6960382513661202 0.3990909090909091 0.6960382513661202 0.4918181818181818
0 0.4453551912568306 0.43363636363636365 0.49863387978142076 0.43363636363636365 0.49863387978142076 0.35545454545454547 0.4453551912568306 0.35545454545454547 0.4453551912568306 0.43363636363636365
0 0.2629781420765027 0.4354545454545454 0.3312841530054645 0.4354545454545454 0.3312841530054645 0.32636363636363636 0.2629781420765027 0.32636363636363636 0.2629781420765027 0.4354545454545454
0 0.3422131147540984 0.2009090909090909 0.39959016393442626 0.2009090909090909 0.39959016393442626 0.1009090909090909 0.3422131147540984 0.1009090909090909 0.3422131147540984 0.2009090909090909
0 0.828551912568306 0.82 0.8941256830601093 0.82 0.8941256830601093 0.7090909090909091 0.828551912568306 0.7090909090909091 0.828551912568306 0.82
0 0.7568306010928961 0.5527272727272727 0.8101092896174863 0.5527272727272727 0.8101092896174863 0.4709090909090909 0.7568306010928961 0.4709090909090909 0.7568306010928961 0.5527272727272727
0 0.3599726775956284 0.13818181818181818 0.41598360655737704 0.13818181818181818 0.41598360655737704 0.06181818181818182 0.3599726775956284 0.06181818181818182 0.3599726775956284 0.13818181818181818
0 0.5806010928961749 0.3527272727272727 0.6297814207650273 0.3527272727272727 0.6297814207650273 0.24 0.5806010928961749 0.24 0.5806010928961749 0.3527272727272727
0 0.648224043715847 0.4354545454545454 0.6987704918032787 0.4354545454545454 0.6987704918032787 0.3663636363636364 0.648224043715847 0.3663636363636364 0.648224043715847 0.4354545454545454
0 0.537568306010929 0.9990909090909091 0.601775956284153 0.9990909090909091 0.601775956284153 0.9536363636363636 0.537568306010929 0.9536363636363636 0.537568306010929 0.9990909090909091
0 0.6359289617486339 0.5 0.6892076502732241 0.5 0.6892076502732241 0.4127272727272727 0.6359289617486339 0.4127272727272727 0.6359289617486339 0.5
0 0.5211748633879781 0.34545454545454546 0.5799180327868853 0.34545454545454546 0.5799180327868853 0.2509090909090909 0.5211748633879781 0.2509090909090909 0.5211748633879781 0.34545454545454546
0 0.43579234972677594 0.49454545454545457 0.49043715846994534 0.49454545454545457 0.49043715846994534 0.4109090909090909 0.43579234972677594 0.4109090909090909 0.43579234972677594 0.49454545454545457
0 0.625 0.24 0.6755464480874317 0.24 0.6755464480874317 0.1509090909090909 0.625 0.1509090909090909 0.625 0.24
0 0.7616120218579235 0.86 0.8176229508196722 0.86 0.8176229508196722 0.74 0.7616120218579235 0.74 0.7616120218579235 0.86
0 0.712431693989071 0.84 0.7602459016393442 0.84 0.7602459016393442 0.76 0.712431693989071 0.76 0.712431693989071 0.84
0 0.45901639344262296 0.39090909090909093 0.5191256830601093 0.39090909090909093 0.5191256830601093 0.30363636363636365 0.45901639344262296 0.30363636363636365 0.45901639344262296 0.39090909090909093
0 0.662568306010929 0.3145454545454546 0.7103825136612022 0.3145454545454546 0.7103825136612022 0.2309090909090909 0.662568306010929 0.2309090909090909 0.662568306010929 0.3145454545454546
0 0.6612021857923497 0.74 0.7144808743169399 0.74 0.7144808743169399 0.6654545454545454 0.6612021857923497 0.6654545454545454 0.6612021857923497 0.74
0 0.6461748633879781 0.3572727272727273 0.6939890710382514 0.3572727272727273 0.6939890710382514 0.26454545454545453 0.6461748633879781 0.26454545454545453 0.6461748633879781 0.3572727272727273
0 0.00546448087431694 0.32545454545454544 0.0860655737704918 0.32545454545454544 0.0860655737704918 0.19636363636363635 0.00546448087431694 0.19636363636363635 0.00546448087431694 0.32545454545454544
0 0.5252732240437158 0.09545454545454546 0.5689890710382514 0.09545454545454546 0.5689890710382514 0.017272727272727273 0.5252732240437158 0.017272727272727273 0.5252732240437158 0.09545454545454546
0 0.16734972677595628 0.6118181818181818 0.23702185792349728 0.6118181818181818 0.23702185792349728 0.49727272727272726 0.16734972677595628 0.49727272727272726 0.16734972677595628 0.6118181818181818
0 0.7158469945355191 0.4081818181818182 0.755464480874317 0.4081818181818182 0.755464480874317 0.3463636363636364 0.7158469945355191 0.3463636363636364 0.7158469945355191 0.4081818181818182
0 0.4842896174863388 0 0.4842896174863388 0.06181818181818182 0.532103825136612 0.06181818181818182 0.532103825136612 0 0.4842896174863388 0
0 0.23087431693989072 0 0.23087431693989072 0.045454545454545456 0.28688524590163933 0.045454545454545456 0.28688524590163933 0 0.23087431693989072 0
0 0.40846994535519127 0 0.40846994535519127 0.06545454545454546 0.4562841530054645 0.06545454545454546 0.4562841530054645 0 0.40846994535519127 0
0 0.680327868852459 0.25363636363636366 0.7158469945355191 0.25363636363636366 0.7158469945355191 0.16818181818181818 0.680327868852459 0.16818181818181818 0.680327868852459 0.25363636363636366
0 0.5669398907103825 0 0.5669398907103825 0.05090909090909091 0.6120218579234973 0.05090909090909091 0.6120218579234973 0 0.5669398907103825 0
0 0.8490437158469946 0.7054545454545454 0.8900273224043715 0.7054545454545454 0.8900273224043715 0.6527272727272727 0.8490437158469946 0.6527272727272727 0.8490437158469946 0.7054545454545454
0 0 0.9990909090909091 0.023224043715846996 0.9990909090909091 0.023224043715846996 0.9336363636363636 0 0.9336363636363636 0 0.9990909090909091