0 0.35342261904761907 0.5119521912350598 0.4427083333333333 0.5119521912350598 0.4427083333333333 0.38247011952191234 0.35342261904761907 0.38247011952191234 0.35342261904761907 0.5119521912350598
0 0.5297619047619048 0.7201195219123506 0.6205357142857143 0.7201195219123506 0.6205357142857143 0.5826693227091634 0.5297619047619048 0.5826693227091634 0.5297619047619048 0.7201195219123506
0 0.39285714285714285 0.19721115537848605 0.46279761904761907 0.19721115537848605 0.46279761904761907 0.07569721115537849 0.39285714285714285 0.07569721115537849 0.39285714285714285 0.19721115537848605
0 0.6056547619047619 0.7599601593625498 0.7038690476190477 0.7599601593625498 0.7038690476190477 0.6264940239043825 0.6056547619047619 0.6264940239043825 0.6056547619047619 0.7599601593625498
0 0.10863095238095238 0.5657370517928287 0.19940476190476192 0.5657370517928287 0.19940476190476192 0.4243027888446215 0.10863095238095238 0.4243027888446215 0.10863095238095238 0.5657370517928287
0 0.4017857142857143 0.3207171314741036 0.48660714285714285 0.3207171314741036 0.48660714285714285 0.22111553784860558 0.4017857142857143 0.22111553784860558 0.4017857142857143 0.3207171314741036
0 0.5319940476190477 0.20717131474103587 0.6183035714285714 0.20717131474103587 0.6183035714285714 0.08964143426294821 0.5319940476190477 0.08964143426294821 0.5319940476190477 0.20717131474103587
0 0.6815476190476191 0.8187250996015937 0.7767857142857143 0.8187250996015937 0.7767857142857143 0.6713147410358565 0.6815476190476191 0.6713147410358565 0.6815476190476191 0.8187250996015937
0 0.45610119047619047 0.24900398406374502 0.5305059523809523 0.24900398406374502 0.5305059523809523 0.11752988047808766 0.45610119047619047 0.11752988047808766 0.45610119047619047 0.24900398406374502
0 0.5089285714285714 0.952191235059761 0.6130952380952381 0.952191235059761 0.6130952380952381 0.8027888446215139 0.5089285714285714 0.8027888446215139 0.5089285714285714 0.952191235059761
0 0.49702380952380953 0.548804780876494 0.6041666666666666 0.548804780876494 0.6041666666666666 0.41334661354581675 0.49702380952380953 0.41334661354581675 0.49702380952380953 0.548804780876494
0 0.7083333333333334 0.9601593625498008 0.8035714285714286 0.9601593625498008 0.8035714285714286 0.8087649402390438 0.7083333333333334 0.8087649402390438 0.7083333333333334 0.9601593625498008
0 0.40401785714285715 0.44322709163346613 0.5022321428571429 0.44322709163346613 0.5022321428571429 0.3097609561752988 0.40401785714285715 0.3097609561752988 0.40401785714285715 0.44322709163346613
0 0.5848214285714286 0.2739043824701195 0.6577380952380952 0.2739043824701195 0.6577380952380952 0.16633466135458166 0.5848214285714286 0.16633466135458166 0.5848214285714286 0.2739043824701195
0 0.7708333333333334 0.7470119521912351 0.8452380952380952 0.7470119521912351 0.8452380952380952 0.6374501992031872 0.7708333333333334 0.6374501992031872 0.7708333333333334 0.7470119521912351
0 0.6778273809523809 0.5358565737051793 0.7686011904761905 0.5358565737051793 0.7686011904761905 0.4163346613545817 0.6778273809523809 0.4163346613545817 0.6778273809523809 0.5358565737051793
0 0.5223214285714286 0.10458167330677291 0.5967261904761905 0.10458167330677291 0.5967261904761905 0.014940239043824702 0.5223214285714286 0.014940239043824702 0.5223214285714286 0.10458167330677291
0 0.6599702380952381 1 0.6599702380952381 0.950199203187251 0.5662202380952381 0.950199203187251 0.5662202380952381 1 0.6599702380952381 1
0 0.4099702380952381 0.9641434262948207 0.5111607142857143 0.9641434262948207 0.5111607142857143 0.8386454183266933 0.4099702380952381 0.8386454183266933 0.4099702380952381 0.9641434262948207
0 0.41220238095238093 0.08764940239043825 0.4880952380952381 0.08764940239043825 0.4880952380952381 0.00796812749003984 0.41220238095238093 0.00796812749003984 0.41220238095238093 0.08764940239043825
0 0.31026785714285715 0.7181274900398407 0.40401785714285715 0.7181274900398407 0.40401785714285715 0.548804780876494 0.31026785714285715 0.548804780876494 0.31026785714285715 0.7181274900398407
0 0.6049107142857143 0.1902390438247012 0.6867559523809523 0.1902390438247012 0.6867559523809523 0.0348605577689243 0.6049107142857143 0.0348605577689243 0.6049107142857143 0.1902390438247012
0 0.6711309523809523 0.6832669322709163 0.7708333333333334 0.6832669322709163 0.7708333333333334 0.5398406374501992 0.6711309523809523 0.5398406374501992 0.6711309523809523 0.6832669322709163
0 0.7909226190476191 1 0.7909226190476191 0.9621513944223108 0.7075892857142857 0.9621513944223108 0.7075892857142857 1 0.7909226190476191 1
0 0.49776785714285715 0.31772908366533864 0.5870535714285714 0.31772908366533864 0.5870535714285714 0.19223107569721115 0.49776785714285715 0.19223107569721115 0.49776785714285715 0.31772908366533864
0 0.22172619047619047 0.9442231075697212 0.31398809523809523 0.9442231075697212 0.31398809523809523 0.8007968127490039 0.22172619047619047 0.8007968127490039 0.22172619047619047 0.9442231075697212
0 0.5788690476190477 0 0.5788690476190477 0.053784860557768925 0.6383928571428571 0.053784860557768925 0.6383928571428571 0 0.5788690476190477 0