0 0.2663690476190476 0.2639442231075697 0.34523809523809523 0.2639442231075697 0.34523809523809523 0.15239043824701196 0.2663690476190476 0.15239043824701196 0.2663690476190476 0.2639442231075697
0 0.6726190476190477 0.8705179282868526 0.7678571428571429 0.8705179282868526 0.7678571428571429 0.7390438247011952 0.6726190476190477 0.7390438247011952 0.6726190476190477 0.8705179282868526
0 0.25892857142857145 0.15836653386454183 0.33779761904761907 0.15836653386454183 0.33779761904761907 0.05677290836653386 0.25892857142857145 0.05677290836653386 0.25892857142857145 0.15836653386454183
0 0.21428571428571427 0.9243027888446215 0.31547619047619047 0.9243027888446215 0.31547619047619047 0.7888446215139442 0.21428571428571427 0.7888446215139442 0.21428571428571427 0.9243027888446215
0 0.4211309523809524 0.13844621513944222 0.49851190476190477 0.13844621513944222 0.49851190476190477 0.030876494023904383 0.4211309523809524 0.030876494023904383 0.4211309523809524 0.13844621513944222
0 0.5193452380952381 0.5876494023904383 0.6071428571428571 0.5876494023904383 0.6071428571428571 0.450199203187251 0.5193452380952381 0.450199203187251 0.5193452380952381 0.5876494023904383
0 0.546875 0.46713147410358563 0.6316964285714286 0.46713147410358563 0.6316964285714286 0.3396414342629482 0.546875 0.3396414342629482 0.546875 0.46713147410358563
0 0.7522321428571429 0.7679282868525896 0.8385416666666666 0.7679282868525896 0.8385416666666666 0.6444223107569721 0.7522321428571429 0.6444223107569721 0.7522321428571429 0.7679282868525896
0 0.10863095238095238 0.5617529880478087 0.19642857142857142 0.5617529880478087 0.19642857142857142 0.42828685258964144 0.10863095238095238 0.42828685258964144 0.10863095238095238 0.5617529880478087
0 0.5059523809523809 0.799800796812749 0.6071428571428571 0.799800796812749 0.6071428571428571 0.650398406374502 0.5059523809523809 0.650398406374502 0.5059523809523809 0.799800796812749
0 0.0818452380952381 0.43725099601593626 0.17410714285714285 0.43725099601593626 0.17410714285714285 0.32768924302788843 0.0818452380952381 0.32768924302788843 0.0818452380952381 0.43725099601593626
0 0.5602678571428571 0.29880478087649404 0.6450892857142857 0.29880478087649404 0.6450892857142857 0.17131474103585656 0.5602678571428571 0.17131474103585656 0.5602678571428571 0.29880478087649404
0 0.5297619047619048 0.9073705179282868 0.6339285714285714 0.9073705179282868 0.6339285714285714 0.7858565737051793 0.5297619047619048 0.7858565737051793 0.5297619047619048 0.9073705179282868
0 0.171875 0.44123505976095617 0.24330357142857142 0.44123505976095617 0.24330357142857142 0.30378486055776893 0.171875 0.30378486055776893 0.171875 0.44123505976095617
0 0.5840773809523809 0.8386454183266933 0.6882440476190477 0.8386454183266933 0.6882440476190477 0.6932270916334662 0.5840773809523809 0.6932270916334662 0.5840773809523809 0.8386454183266933
0 0.16741071428571427 0.6792828685258964 0.25818452380952384 0.6792828685258964 0.25818452380952384 0.5139442231075697 0.16741071428571427 0.5139442231075697 0.16741071428571427 0.6792828685258964
0 0.47098214285714285 0 0.47098214285714285 0.09561752988047809 0.5438988095238095 0.09561752988047809 0.5438988095238095 0 0.47098214285714285 0
0 0.7671130952380952 0.9093625498007968 0.8444940476190477 0.9093625498007968 0.8444940476190477 0.7619521912350598 0.7671130952380952 0.7619521912350598 0.7671130952380952 0.9093625498007968
0 0.6063988095238095 0.5617529880478087 0.6956845238095238 0.5617529880478087 0.6956845238095238 0.4262948207171315 0.6063988095238095 0.4262948207171315 0.6063988095238095 0.5617529880478087
0 0.11755952380952381 0.7400398406374502 0.20535714285714285 0.7400398406374502 0.20535714285714285 0.6125498007968128 0.11755952380952381 0.6125498007968128 0.11755952380952381 0.7400398406374502
0 0.3392857142857143 0.07569721115537849 0.41220238095238093 0.07569721115537849 0.41220238095238093 0.013944223107569721 0.3392857142857143 0.013944223107569721 0.3392857142857143 0.07569721115537849
0 0.21949404761904762 0.10258964143426295 0.2924107142857143 0.10258964143426295 0.2924107142857143 0.03884462151394422 0.21949404761904762 0.03884462151394422 0.21949404761904762 0.10258964143426295
0 0.7395833333333334 0.6832669322709163 0.8139880952380952 0.6832669322709163 0.8139880952380952 0.5956175298804781 0.7395833333333334 0.5956175298804781 0.7395833333333334 0.6832669322709163