0 0.4811046511627907 0.939453125 0.5537790697674418 0.939453125 0.5537790697674418 0.833984375 0.4811046511627907 0.833984375 0.4811046511627907 0.939453125
0 0.1744186046511628 0 0.1744186046511628 0.09765625 0.24709302325581395 0.09765625 0.24709302325581395 0 0.1744186046511628 0
0 0.4418604651162791 0.16015625 0.5145348837209303 0.16015625 0.5145348837209303 0.05859375 0.4418604651162791 0.05859375 0.4418604651162791 0.16015625
0 0.6918604651162791 0.931640625 0.7616279069767442 0.931640625 0.7616279069767442 0.814453125 0.6918604651162791 0.814453125 0.6918604651162791 0.931640625
0 0.6090116279069767 0.93359375 0.6875 0.93359375 0.6875 0.83203125 0.6090116279069767 0.83203125 0.6090116279069767 0.93359375
0 0.376453488372093 0.408203125 0.44622093023255816 0.408203125 0.44622093023255816 0.306640625 0.376453488372093 0.306640625 0.376453488372093 0.408203125
0 0.4055232558139535 0.935546875 0.47238372093023256 0.935546875 0.47238372093023256 0.837890625 0.4055232558139535 0.837890625 0.4055232558139535 0.935546875
0 0.5813953488372093 0.53125 0.6511627906976745 0.53125 0.6511627906976745 0.42578125 0.5813953488372093 0.42578125 0.5813953488372093 0.53125
0 0.2369186046511628 0.154296875 0.3066860465116279 0.154296875 0.3066860465116279 0.056640625 0.2369186046511628 0.056640625 0.2369186046511628 0.154296875
0 0.5203488372093024 0.16015625 0.5872093023255814 0.16015625 0.5872093023255814 0.05859375 0.5203488372093024 0.05859375 0.5203488372093024 0.16015625
0 0.2441860465116279 0.9609375 0.313953488372093 0.9609375 0.313953488372093 0.828125 0.2441860465116279 0.828125 0.2441860465116279 0.9609375
0 0.5697674418604651 0.10546875 0.6424418604651163 0.10546875 0.6424418604651163 0.00390625 0.5697674418604651 0.00390625 0.5697674418604651 0.10546875
0 0.5566860465116279 0.87109375 0.6380813953488372 0.87109375 0.6380813953488372 0.75390625 0.5566860465116279 0.75390625 0.5566860465116279 0.87109375
0 0.3226744186046512 0.931640625 0.3953488372093023 0.931640625 0.3953488372093023 0.830078125 0.3226744186046512 0.830078125 0.3226744186046512 0.931640625
0 0.007267441860465116 0.142578125 0.08284883720930232 0.142578125 0.08284883720930232 0.044921875 0.007267441860465116 0.044921875 0.007267441860465116 0.142578125
0 0.6613372093023255 0.5390625 0.7398255813953488 0.5390625 0.7398255813953488 0.42578125 0.6613372093023255 0.42578125 0.6613372093023255 0.5390625
0 0.5494186046511628 0.408203125 0.622093023255814 0.408203125 0.622093023255814 0.298828125 0.5494186046511628 0.298828125 0.5494186046511628 0.408203125
0 0.4476744186046512 0.8125 0.5290697674418605 0.8125 0.5290697674418605 0.6875 0.4476744186046512 0.6875 0.4476744186046512 0.8125
0 0.5944767441860465 0.744140625 0.6642441860465116 0.744140625 0.6642441860465116 0.619140625 0.5944767441860465 0.619140625 0.5944767441860465 0.744140625
0 0.4186046511627907 0.544921875 0.49709302325581395 0.544921875 0.49709302325581395 0.431640625 0.4186046511627907 0.431640625 0.4186046511627907 0.544921875
0 0.7398255813953488 0.8671875 0.809593023255814 0.8671875 0.809593023255814 0.75 0.7398255813953488 0.75 0.7398255813953488 0.8671875
0 0.622093023255814 0.21484375 0.6976744186046512 0.21484375 0.6976744186046512 0.109375 0.622093023255814 0.109375 0.622093023255814 0.21484375
0 0.050872093023255814 0.337890625 0.12645348837209303 0.337890625 0.12645348837209303 0.224609375 0.050872093023255814 0.224609375 0.050872093023255814 0.337890625
0 0.5043604651162791 0.298828125 0.5741279069767442 0.298828125 0.5741279069767442 0.177734375 0.5043604651162791 0.177734375 0.5043604651162791 0.298828125
0 0.7456395348837209 0.1015625 0.815406976744186 0.1015625 0.815406976744186 0.00390625 0.7456395348837209 0.00390625 0.7456395348837209 0.1015625
0 0.7906976744186046 0.99609375 0.8662790697674418 0.99609375 0.8662790697674418 0.89453125 0.7906976744186046 0.89453125 0.7906976744186046 0.99609375
0 0.5799418604651163 0.296875 0.6468023255813954 0.296875 0.6468023255813954 0.17578125 0.5799418604651163 0.17578125 0.5799418604651163 0.296875
0 0.7136627906976745 0.22265625 0.7834302325581395 0.22265625 0.7834302325581395 0.12109375 0.7136627906976745 0.12109375 0.7136627906976745 0.22265625
0 0.875 0.9921875 0.9447674418604651 0.9921875 0.9447674418604651 0.88671875 0.875 0.88671875 0.875 0.9921875
0 0.5058139534883721 0.53515625 0.5726744186046512 0.53515625 0.5726744186046512 0.42578125 0.5058139534883721 0.42578125 0.5058139534883721 0.53515625
0 0.7936046511627907 0.80859375 0.877906976744186 0.80859375 0.877906976744186 0.6796875 0.7936046511627907 0.6796875 0.7936046511627907 0.80859375
0 0.5043604651162791 0.744140625 0.5857558139534884 0.744140625 0.5857558139534884 0.623046875 0.5043604651162791 0.623046875 0.5043604651162791 0.744140625
0 0.22093023255813954 0.533203125 0.29651162790697677 0.533203125 0.29651162790697677 0.427734375 0.22093023255813954 0.427734375 0.22093023255813954 0.533203125
0 0.13662790697674418 0.33203125 0.21220930232558138 0.33203125 0.21220930232558138 0.234375 0.13662790697674418 0.234375 0.13662790697674418 0.33203125
0 0.19040697674418605 0.279296875 0.26598837209302323 0.279296875 0.26598837209302323 0.166015625 0.19040697674418605 0.166015625 0.19040697674418605 0.279296875
0 0.43459302325581395 0.34765625 0.5043604651162791 0.34765625 0.5043604651162791 0.24609375 0.43459302325581395 0.24609375 0.43459302325581395 0.34765625
0 0.26744186046511625 0 0.26744186046511625 0.09375 0.3430232558139535 0.09375 0.3430232558139535 0 0.26744186046511625 0
0 0.7122093023255814 0.412109375 0.7819767441860465 0.412109375 0.7819767441860465 0.294921875 0.7122093023255814 0.294921875 0.7122093023255814 0.412109375
0 0.748546511627907 0.59375 0.8212209302325582 0.59375 0.8212209302325582 0.48828125 0.748546511627907 0.48828125 0.748546511627907 0.59375
0 0.6322674418604651 0.41796875 0.7049418604651163 0.41796875 0.7049418604651163 0.3125 0.6322674418604651 0.3125 0.6322674418604651 0.41796875
0 0.2877906976744186 0.40234375 0.36627906976744184 0.40234375 0.36627906976744184 0.3046875 0.2877906976744186 0.3046875 0.2877906976744186 0.40234375
0 0.7063953488372093 0.669921875 0.7819767441860465 0.669921875 0.7819767441860465 0.552734375 0.7063953488372093 0.552734375 0.7063953488372093 0.669921875
0 0.7732558139534884 0.28125 0.8488372093023255 0.28125 0.8488372093023255 0.171875 0.7732558139534884 0.171875 0.7732558139534884 0.28125
0 0 0.390625 0.05232558139534884 0.390625 0.05232558139534884 0.29296875 0 0.29296875 0 0.390625
0 0.6715116279069767 0.80078125 0.75 0.80078125 0.75 0.6796875 0.6715116279069767 0.6796875 0.6715116279069767 0.80078125
0 0.8270348837209303 0.669921875 0.8880813953488372 0.669921875 0.8880813953488372 0.541015625 0.8270348837209303 0.541015625 0.8270348837209303 0.669921875
0 0.7674418604651163 0.48046875 0.8459302325581395 0.48046875 0.8459302325581395 0.359375 0.7674418604651163 0.359375 0.7674418604651163 0.48046875
0 0.36191860465116277 0.732421875 0.44040697674418605 0.732421875 0.44040697674418605 0.630859375 0.36191860465116277 0.630859375 0.36191860465116277 0.732421875
0 0.623546511627907 0.666015625 0.7020348837209303 0.666015625 0.7020348837209303 0.560546875 0.623546511627907 0.560546875 0.623546511627907 0.666015625
0 0.6933139534883721 0 0.6933139534883721 0.0390625 0.7543604651162791 0.0390625 0.7543604651162791 0 0.6933139534883721 0
0 0.2005813953488372 0.99609375 0.27325581395348836 0.99609375 0.27325581395348836 0.96484375 0.2005813953488372 0.96484375 0.2005813953488372 0.99609375
0 0.2805232558139535 0.73046875 0.35319767441860467 0.73046875 0.35319767441860467 0.63671875 0.2805232558139535 0.63671875 0.2805232558139535 0.73046875
0 0.3938953488372093 0 0.3938953488372093 0.03515625 0.45203488372093026 0.03515625 0.45203488372093026 0 0.3938953488372093 0
0 0.17296511627906977 0.642578125 0.24273255813953487 0.642578125 0.24273255813953487 0.564453125 0.17296511627906977 0.564453125 0.17296511627906977 0.642578125
0 0.31976744186046513 0.150390625 0.37209302325581395 0.150390625 0.37209302325581395 0.080078125 0.31976744186046513 0.080078125 0.31976744186046513 0.150390625
0 0.17151162790697674 0.693359375 0.2441860465116279 0.693359375 0.2441860465116279 0.564453125 0.17151162790697674 0.564453125 0.17151162790697674 0.693359375