0 0.827634011090573 0.953125 0.94362292051756 0.953125 0.94362292051756 0.5125 0.827634011090573 0.5125 0.827634011090573 0.953125
0 0.8380314232902033 1 0.8380314232902033 0.6671875 0.6846118299445472 0.6671875 0.6846118299445472 1 0.8380314232902033 1
0 0.6866913123844732 0 0.6866913123844732 0.2265625 0.7546210720887245 0.2265625 0.7546210720887245 0 0.6866913123844732 0
0 0.8156192236598891 0 0.8156192236598891 0.2421875 0.9029574861367837 0.2421875 0.9029574861367837 0 0.8156192236598891 0
0 0.36829944547134935 0.60625 0.46210720887245843 0.60625 0.46210720887245843 0.278125 0.36829944547134935 0.278125 0.36829944547134935 0.60625
0 0.6012014787430684 0.71015625 0.6950092421441775 0.71015625 0.6950092421441775 0.29453125 0.6012014787430684 0.29453125 0.6012014787430684 0.71015625
0 0.4584103512014787 1 0.4584103512014787 0.5921875 0.3424214417744917 0.5921875 0.3424214417744917 1 0.4584103512014787 1
0 0.44269870609981515 0.78671875 0.5605360443622921 0.78671875 0.5605360443622921 0.44921875 0.44269870609981515 0.44921875 0.44269870609981515 0.78671875
0 0.5475970425138632 0 0.5475970425138632 0.2796875 0.621996303142329 0.2796875 0.621996303142329 0 0.5475970425138632 0
0 0.6201478743068392 0 0.6201478743068392 0.2125 0.6862292051756007 0.2125 0.6862292051756007 0 0.6201478743068392 0
0 0.3451940850277264 1 0.3451940850277264 0.6125 0.22181146025878004 0.6125 0.22181146025878004 1 0.3451940850277264 1
0 0.5801756007393716 1 0.5801756007393716 0.7328125 0.4517097966728281 0.7328125 0.4517097966728281 1 0.5801756007393716 1
0 0.4835951940850277 0 0.4835951940850277 0.196875 0.5506007393715342 0.196875 0.5506007393715342 0 0.4835951940850277 0
0 0.46557301293900183 0.5078125 0.553373382624769 0.5078125 0.553373382624769 0.2 0.46557301293900183 0.2 0.46557301293900183 0.5078125
0 0.23105360443622922 0.7140625 0.32624768946395566 0.7140625 0.32624768946395566 0.453125 0.23105360443622922 0.453125 0.23105360443622922 0.7140625
0 0.4484750462107209 0 0.4484750462107209 0.0625 0.49006469500924216 0.0625 0.49006469500924216 0 0.4484750462107209 0