0 0.73590573012939 0.8 0.862985212569316 0.8 0.862985212569316 0.334375 0.73590573012939 0.334375 0.73590573012939 0.8
0 0.5901109057301294 0.56328125 0.6843807763401109 0.56328125 0.6843807763401109 0.15546875 0.5901109057301294 0.15546875 0.5901109057301294 0.56328125
0 0.6245378927911276 0.95 0.7520794824399261 0.95 0.7520794824399261 0.5 0.6245378927911276 0.5 0.6245378927911276 0.95
0 0.3472735674676525 0.7015625 0.44893715341959334 0.7015625 0.44893715341959334 0.3171875 0.3472735674676525 0.3171875 0.3472735674676525 0.7015625
0 0.2301293900184843 0.78359375 0.32070240295748614 0.78359375 0.32070240295748614 0.47890625 0.2301293900184843 0.47890625 0.2301293900184843 0.78359375
0 0.3181608133086876 1 0.3181608133086876 0.69375 0.21742144177449169 0.69375 0.21742144177449169 1 0.3181608133086876 1
0 0.5406654343807763 0.4171875 0.6224584103512015 0.4171875 0.6224584103512015 0.0609375 0.5406654343807763 0.0609375 0.5406654343807763 0.4171875
0 0.4614140480591497 0.9953125 0.5834103512014788 0.9953125 0.5834103512014788 0.5640625 0.4614140480591497 0.5640625 0.4614140480591497 0.9953125
0 0.6196857670979667 0.28359375 0.7028650646950092 0.28359375 0.7028650646950092 0.01796875 0.6196857670979667 0.01796875 0.6196857670979667 0.28359375
0 0.444547134935305 0.74296875 0.5536044362292052 0.74296875 0.5536044362292052 0.38671875 0.444547134935305 0.38671875 0.444547134935305 0.74296875
0 0.41104436229205177 1 0.41104436229205177 0.8515625 0.29551756007393715 0.8515625 0.29551756007393715 1 0.41104436229205177 1
0 0.7014787430683919 0 0.7014787430683919 0.084375 0.7763401109057301 0.084375 0.7763401109057301 0 0.7014787430683919 0
0 0.5182532347504621 0 0.5182532347504621 0.2609375 0.5945009242144177 0.2609375 0.5945009242144177 0 0.5182532347504621 0
0 0.6464879852125693 1 0.6464879852125693 0.75 0.5258780036968577 0.75 0.5258780036968577 1 0.6464879852125693 1
0 0.5873382624768947 0 0.5873382624768947 0.06875 0.6298521256931608 0.06875 0.6298521256931608 0 0.5873382624768947 0
0 0.6293900184842883 0 0.6293900184842883 0.071875 0.7033271719038817 0.071875 0.7033271719038817 0 0.6293900184842883 0
0 0.055683918669131235 0.9875 0.12130314232902033 0.9875 0.12130314232902033 0.703125 0.055683918669131235 0.703125 0.055683918669131235 0.9875
0 0.49306839186691315 0 0.49306839186691315 0.1765625 0.538354898336414 0.1765625 0.538354898336414 0 0.49306839186691315 0
0 0.16890018484288355 1 0.16890018484288355 0.8734375 0.08895563770794825 0.8734375 0.08895563770794825 1 0.16890018484288355 1
0 0.47666358595194086 0 0.47666358595194086 0.075 0.49884473197781887 0.075 0.49884473197781887 0 0.47666358595194086 0