0 0.6548828125 0.9997395833333333 0.8349609375 0.9997395833333333 0.8349609375 0.80703125 0.6548828125 0.80703125 0.6548828125 0.9997395833333333
0 0.103515625 0.2869791666666667 0.15546875 0.2869791666666667 0.15546875 0.22604166666666667 0.103515625 0.22604166666666667 0.103515625 0.2869791666666667
0 0.3064453125 0.36744791666666665 0.3716796875 0.36744791666666665 0.3716796875 0.27838541666666666 0.3064453125 0.27838541666666666 0.3064453125 0.36744791666666665
0 0.55703125 0.32526041666666666 0.6109375 0.32526041666666666 0.6109375 0.25078125 0.55703125 0.25078125 0.55703125 0.32526041666666666
0 0.249609375 0.2986979166666667 0.302734375 0.2986979166666667 0.302734375 0.22994791666666667 0.249609375 0.22994791666666667 0.249609375 0.2986979166666667
0 0.42578125 0.4200520833333333 0.5046875 0.4200520833333333 0.5046875 0.31328125 0.42578125 0.31328125 0.42578125 0.4200520833333333
0 0.594140625 0.35833333333333334 0.653125 0.35833333333333334 0.653125 0.2734375 0.594140625 0.2734375 0.594140625 0.35833333333333334
0 0.7337890625 0.4236979166666667 0.8056640625 0.4236979166666667 0.8056640625 0.32317708333333334 0.7337890625 0.32317708333333334 0.7337890625 0.4236979166666667
0 0.0517578125 0.325 0.1048828125 0.325 0.1048828125 0.25677083333333334 0.0517578125 0.25677083333333334 0.0517578125 0.325
0 0.8150390625 0.35833333333333334 0.8740234375 0.35833333333333334 0.8740234375 0.2864583333333333 0.8150390625 0.2864583333333333 0.8150390625 0.35833333333333334
0 0.3849609375 0.3846354166666667 0.4576171875 0.3846354166666667 0.4576171875 0.28151041666666665 0.3849609375 0.28151041666666665 0.3849609375 0.3846354166666667
0 0.6466796875 0.34817708333333336 0.6919921875 0.34817708333333336 0.6919921875 0.27421875 0.6466796875 0.27421875 0.6466796875 0.34817708333333336
0 0.3845703125 0.30052083333333335 0.4341796875 0.30052083333333335 0.4341796875 0.23958333333333334 0.3845703125 0.23958333333333334 0.3845703125 0.30052083333333335
0 0.004296875 0.30755208333333334 0.05 0.30755208333333334 0.05 0.25234375 0.004296875 0.25234375 0.004296875 0.30755208333333334
0 0.7013671875 0.2994791666666667 0.7478515625 0.2994791666666667 0.7478515625 0.24010416666666667 0.7013671875 0.24010416666666667 0.7013671875 0.2994791666666667
0 0.762109375 0.3375 0.80625 0.3375 0.80625 0.275 0.762109375 0.275 0.762109375 0.3375
0 0.33671875 0.33125 0.391015625 0.33125 0.391015625 0.25625 0.33671875 0.25625 0.33671875 0.33125
0 0 0.3265625 0.028125 0.3265625 0.028125 0.2755208333333333 0 0.2755208333333333 0 0.3265625
0 0.719140625 0.3684895833333333 0.78671875 0.3684895833333333 0.78671875 0.29921875 0.719140625 0.29921875 0.719140625 0.3684895833333333
0 0.4189453125 0.3138020833333333 0.4791015625 0.3138020833333333 0.4791015625 0.26848958333333334 0.4189453125 0.26848958333333334 0.4189453125 0.3138020833333333
0 0.94375 0.41822916666666665 0.99609375 0.41822916666666665 0.99609375 0.3333333333333333 0.94375 0.3333333333333333 0.94375 0.41822916666666665
0 0.921484375 0.37890625 0.95625 0.37890625 0.95625 0.3190104166666667 0.921484375 0.3190104166666667 0.921484375 0.37890625
0 0.421875 0.30703125 0.4859375 0.30703125 0.4859375 0.24869791666666666 0.421875 0.24869791666666666 0.421875 0.30703125
0 0.7185546875 0.32317708333333334 0.7705078125 0.32317708333333334 0.7705078125 0.28098958333333335 0.7185546875 0.28098958333333335 0.7185546875 0.32317708333333334
0 0.0623046875 0.27239583333333334 0.1041015625 0.27239583333333334 0.1041015625 0.24166666666666667 0.0623046875 0.24166666666666667 0.0623046875 0.27239583333333334
0 0.8794921875 0.3294270833333333 0.9177734375 0.3294270833333333 0.9177734375 0.2752604166666667 0.8794921875 0.2752604166666667 0.8794921875 0.3294270833333333
0 0.041796875 0.284375 0.076171875 0.284375 0.076171875 0.2359375 0.041796875 0.2359375 0.041796875 0.284375