0 0.18452380952380953 0.300796812749004 0.27380952380952384 0.300796812749004 0.27380952380952384 0.17330677290836655 0.18452380952380953 0.17330677290836655 0.18452380952380953 0.300796812749004
0 0.4382440476190476 0.12350597609561753 0.5037202380952381 0.12350597609561753 0.5037202380952381 0.00398406374501992 0.4382440476190476 0.00398406374501992 0.4382440476190476 0.12350597609561753
0 0.5334821428571429 0.4960159362549801 0.6197916666666666 0.4960159362549801 0.6197916666666666 0.3745019920318725 0.5334821428571429 0.3745019920318725 0.5334821428571429 0.4960159362549801
0 0.44642857142857145 0.5298804780876494 0.5386904761904762 0.5298804780876494 0.5386904761904762 0.3904382470119522 0.44642857142857145 0.3904382470119522 0.44642857142857145 0.5298804780876494
0 0.3080357142857143 0.2360557768924303 0.39285714285714285 0.2360557768924303 0.39285714285714285 0.1205179282868526 0.3080357142857143 0.1205179282868526 0.3080357142857143 0.2360557768924303
0 0.35639880952380953 0.6633466135458167 0.45461309523809523 0.6633466135458167 0.45461309523809523 0.5298804780876494 0.35639880952380953 0.5298804780876494 0.35639880952380953 0.6633466135458167
0 0.36607142857142855 0.8077689243027888 0.46577380952380953 0.8077689243027888 0.46577380952380953 0.6643426294820717 0.36607142857142855 0.6643426294820717 0.36607142857142855 0.8077689243027888
0 0.35193452380952384 1 0.35193452380952384 0.8884462151394422 0.26711309523809523 0.8884462151394422 0.26711309523809523 1 0.35193452380952384 1
0 0.06324404761904762 0.28087649402390436 0.15252976190476192 0.28087649402390436 0.15252976190476192 0.15338645418326693 0.06324404761904762 0.15338645418326693 0.06324404761904762 0.28087649402390436
0 0.5461309523809523 0.6065737051792829 0.6428571428571429 0.6065737051792829 0.6428571428571429 0.48306772908366535 0.5461309523809523 0.48306772908366535 0.5461309523809523 0.6065737051792829
0 0.29985119047619047 0.5657370517928287 0.4010416666666667 0.5657370517928287 0.4010416666666667 0.4243027888446215 0.29985119047619047 0.4243027888446215 0.29985119047619047 0.5657370517928287
0 0.12797619047619047 0.18127490039840638 0.20238095238095238 0.18127490039840638 0.20238095238095238 0.05976095617529881 0.12797619047619047 0.05976095617529881 0.12797619047619047 0.18127490039840638
0 0.20535714285714285 0.16533864541832669 0.28125 0.16533864541832669 0.28125 0.05179282868525897 0.20535714285714285 0.05179282868525897 0.20535714285714285 0.16533864541832669
0 0.5096726190476191 0.150398406374502 0.5691964285714286 0.150398406374502 0.5691964285714286 0.03286852589641434 0.5096726190476191 0.03286852589641434 0.5096726190476191 0.150398406374502
0 0.8110119047619048 1 0.8110119047619048 0.9183266932270916 0.71875 0.9183266932270916 0.71875 1 0.8110119047619048 1
0 0.6242559523809523 0.4043824701195219 0.6927083333333334 0.4043824701195219 0.6927083333333334 0.2868525896414343 0.6242559523809523 0.2868525896414343 0.6242559523809523 0.4043824701195219
0 0.22098214285714285 0.39243027888446214 0.3117559523809524 0.39243027888446214 0.3117559523809524 0.2689243027888446 0.22098214285714285 0.2689243027888446 0.22098214285714285 0.39243027888446214
0 0.6063988095238095 0.5398406374501992 0.6941964285714286 0.5398406374501992 0.6941964285714286 0.4043824701195219 0.6063988095238095 0.4043824701195219 0.6063988095238095 0.5398406374501992
0 0.2648809523809524 1 0.2648809523809524 0.9143426294820717 0.15625 0.9143426294820717 0.15625 1 0.2648809523809524 1
0 0.24702380952380953 0.24203187250996017 0.31547619047619047 0.24203187250996017 0.31547619047619047 0.12649402390438247 0.24702380952380953 0.12649402390438247 0.24702380952380953 0.24203187250996017
0 0.5089285714285714 0.40537848605577687 0.5892857142857143 0.40537848605577687 0.5892857142857143 0.27589641434262946 0.5089285714285714 0.27589641434262946 0.5089285714285714 0.40537848605577687
0 0.7224702380952381 0.8256972111553785 0.8132440476190477 0.8256972111553785 0.8132440476190477 0.6723107569721115 0.7224702380952381 0.6723107569721115 0.7224702380952381 0.8256972111553785