0 0.40476190476190477 0.499003984063745 0.49702380952380953 0.499003984063745 0.49702380952380953 0.3655378486055777 0.40476190476190477 0.3655378486055777 0.40476190476190477 0.499003984063745
0 0.23883928571428573 0.3097609561752988 0.32068452380952384 0.3097609561752988 0.32068452380952384 0.18426294820717132 0.23883928571428573 0.18426294820717132 0.23883928571428573 0.3097609561752988
0 0.31994047619047616 0.5219123505976095 0.40476190476190477 0.5219123505976095 0.40476190476190477 0.3884462151394422 0.31994047619047616 0.3884462151394422 0.31994047619047616 0.5219123505976095
0 0.43154761904761907 0.3256972111553785 0.5089285714285714 0.3256972111553785 0.5089285714285714 0.20019920318725098 0.43154761904761907 0.20019920318725098 0.43154761904761907 0.3256972111553785
0 0.20461309523809523 0.8476095617529881 0.3236607142857143 0.8476095617529881 0.3236607142857143 0.7061752988047809 0.20461309523809523 0.7061752988047809 0.20461309523809523 0.8476095617529881
0 0.4962797619047619 0.36752988047808766 0.5796130952380952 0.36752988047808766 0.5796130952380952 0.2360557768924303 0.4962797619047619 0.2360557768924303 0.4962797619047619 0.36752988047808766
0 0.5684523809523809 0.3854581673306773 0.65625 0.3854581673306773 0.65625 0.27589641434262946 0.5684523809523809 0.27589641434262946 0.5684523809523809 0.3854581673306773
0 0.2805059523809524 0.15836653386454183 0.35193452380952384 0.15836653386454183 0.35193452380952384 0.044820717131474105 0.2805059523809524 0.044820717131474105 0.2805059523809524 0.15836653386454183
0 0.5602678571428571 0.18127490039840638 0.640625 0.18127490039840638 0.640625 0.07569721115537849 0.5602678571428571 0.07569721115537849 0.5602678571428571 0.18127490039840638
0 0.4583333333333333 0.99800796812749 0.5535714285714286 0.99800796812749 0.5535714285714286 0.8705179282868526 0.4583333333333333 0.8705179282868526 0.4583333333333333 0.99800796812749
0 0.11235119047619048 0.6713147410358565 0.20461309523809523 0.6713147410358565 0.20461309523809523 0.5438247011952191 0.11235119047619048 0.5438247011952191 0.11235119047619048 0.6713147410358565
0 0.44419642857142855 0.6145418326693227 0.5453869047619048 0.6145418326693227 0.5453869047619048 0.47310756972111556 0.44419642857142855 0.47310756972111556 0.44419642857142855 0.6145418326693227
0 0.39806547619047616 0.8147410358565738 0.49776785714285715 0.8147410358565738 0.49776785714285715 0.6653386454183267 0.39806547619047616 0.6653386454183267 0.39806547619047616 0.8147410358565738
0 0.20982142857142858 0.6713147410358565 0.30654761904761907 0.6713147410358565 0.30654761904761907 0.5258964143426295 0.20982142857142858 0.5258964143426295 0.20982142857142858 0.6713147410358565
0 0.40029761904761907 0.199203187250996 0.49404761904761907 0.199203187250996 0.49404761904761907 0.0697211155378486 0.40029761904761907 0.0697211155378486 0.40029761904761907 0.199203187250996
0 0.7715773809523809 0.702191235059761 0.8504464285714286 0.702191235059761 0.8504464285714286 0.5866533864541833 0.7715773809523809 0.5866533864541833 0.7715773809523809 0.702191235059761
0 0.3132440476190476 0.7619521912350598 0.4174107142857143 0.7619521912350598 0.4174107142857143 0.6145418326693227 0.3132440476190476 0.6145418326693227 0.3132440476190476 0.7619521912350598
0 0.8519345238095238 0.9920318725099602 0.9412202380952381 0.9920318725099602 0.9412202380952381 0.8725099601593626 0.8519345238095238 0.8725099601593626 0.8519345238095238 0.9920318725099602
0 0.5208333333333334 0.9093625498007968 0.6235119047619048 0.9093625498007968 0.6235119047619048 0.7838645418326693 0.5208333333333334 0.7838645418326693 0.5208333333333334 0.9093625498007968
0 0.14955357142857142 0.9233067729083665 0.2552083333333333 0.9233067729083665 0.2552083333333333 0.7938247011952191 0.14955357142857142 0.7938247011952191 0.14955357142857142 0.9233067729083665
0 0.6659226190476191 0.8635458167330677 0.7671130952380952 0.8635458167330677 0.7671130952380952 0.7360557768924303 0.6659226190476191 0.7360557768924303 0.6659226190476191 0.8635458167330677
0 0.06770833333333333 0.199203187250996 0.14360119047619047 0.199203187250996 0.14360119047619047 0.07768924302788845 0.06770833333333333 0.07768924302788845 0.06770833333333333 0.199203187250996
0 0.6763392857142857 0.26294820717131473 0.7477678571428571 0.26294820717131473 0.7477678571428571 0.13545816733067728 0.6763392857142857 0.13545816733067728 0.6763392857142857 0.26294820717131473
0 0.36904761904761907 0.9492031872509961 0.47470238095238093 0.9492031872509961 0.47470238095238093 0.8137450199203188 0.36904761904761907 0.8137450199203188 0.36904761904761907 0.9492031872509961
0 0.6078869047619048 0.9800796812749004 0.7105654761904762 0.9800796812749004 0.7105654761904762 0.8167330677290837 0.6078869047619048 0.8167330677290837 0.6078869047619048 0.9800796812749004
0 0.7708333333333334 0.9790836653386454 0.8526785714285714 0.9790836653386454 0.8526785714285714 0.8057768924302788 0.7708333333333334 0.8057768924302788 0.7708333333333334 0.9790836653386454
0 0.15550595238095238 0.4900398406374502 0.2418154761904762 0.4900398406374502 0.2418154761904762 0.35856573705179284 0.15550595238095238 0.35856573705179284 0.15550595238095238 0.4900398406374502
0 0.6994047619047619 0.9930278884462151 0.7752976190476191 0.9930278884462151 0.7752976190476191 0.853585657370518 0.6994047619047619 0.853585657370518 0.6994047619047619 0.9930278884462151
0 0.7127976190476191 0.3645418326693227 0.7767857142857143 0.3645418326693227 0.7767857142857143 0.23107569721115537 0.7127976190476191 0.23107569721115537 0.7127976190476191 0.3645418326693227
0 0.7641369047619048 0.8117529880478087 0.828125 0.8117529880478087 0.828125 0.6982071713147411 0.7641369047619048 0.6982071713147411 0.7641369047619048 0.8117529880478087
0 0.5811011904761905 0.5079681274900398 0.6599702380952381 0.5079681274900398 0.6599702380952381 0.3804780876494024 0.5811011904761905 0.3804780876494024 0.5811011904761905 0.5079681274900398
0 0.12351190476190477 0.8097609561752988 0.2261904761904762 0.8097609561752988 0.2261904761904762 0.6623505976095617 0.12351190476190477 0.6623505976095617 0.12351190476190477 0.8097609561752988
0 0.5654761904761905 0.6354581673306773 0.6622023809523809 0.6354581673306773 0.6622023809523809 0.4940239043824701 0.5654761904761905 0.4940239043824701 0.5654761904761905 0.6354581673306773
0 0.9114583333333334 1 0.9114583333333334 0.9741035856573705 0.8385416666666666 0.9741035856573705 0.8385416666666666 1 0.9114583333333334 1
0 0.33556547619047616 0.11354581673306773 0.4055059523809524 0.11354581673306773 0.4055059523809524 0.021912350597609563 0.33556547619047616 0.021912350597609563 0.33556547619047616 0.11354581673306773
0 0.6153273809523809 0.7310756972111554 0.7016369047619048 0.7310756972111554 0.7016369047619048 0.599601593625498 0.6153273809523809 0.599601593625498 0.6153273809523809 0.7310756972111554
0 0.6153273809523809 0.7828685258964143 0.7403273809523809 0.7828685258964143 0.7403273809523809 0.601593625498008 0.6153273809523809 0.601593625498008 0.6153273809523809 0.7828685258964143