0 0.6811460258780037 0 0.6811460258780037 0.175 0.7634011090573013 0.175 0.7634011090573013 0 0.6811460258780037 0
0 0.5801756007393716 0.9625 0.6855360443622921 0.9625 0.6855360443622921 0.4015625 0.5801756007393716 0.4015625 0.5801756007393716 0.9625
0 0.35489833641404805 0.8671875 0.46950092421441775 0.8671875 0.46950092421441775 0.5015625 0.35489833641404805 0.5015625 0.35489833641404805 0.8671875
0 0.5912661737523105 0 0.5912661737523105 0.15625 0.6707486136783734 0.15625 0.6707486136783734 0 0.5912661737523105 0
0 0.44108133086876156 0.5921875 0.5436691312384473 0.5921875 0.5436691312384473 0.265625 0.44108133086876156 0.265625 0.44108133086876156 0.5921875
0 0.466728280961183 0.85234375 0.58271719038817 0.85234375 0.58271719038817 0.44609375 0.466728280961183 0.44609375 0.466728280961183 0.85234375
0 0.25369685767097966 0.8765625 0.35951940850277264 0.8765625 0.35951940850277264 0.5546875 0.25369685767097966 0.5546875 0.25369685767097966 0.8765625
0 0.5041589648798521 0 0.5041589648798521 0.2546875 0.5841035120147874 0.2546875 0.5841035120147874 0 0.5041589648798521 0
0 0.5579944547134935 0.52578125 0.6619685767097967 0.52578125 0.6619685767097967 0.20234375 0.5579944547134935 0.20234375 0.5579944547134935 0.52578125
0 0.5073937153419593 1 0.5073937153419593 0.7625 0.378003696857671 0.7625 0.378003696857671 1 0.5073937153419593 1
0 0.19685767097966728 0.81796875 0.2712569316081331 0.81796875 0.2712569316081331 0.42578125 0.19685767097966728 0.42578125 0.19685767097966728 0.81796875
0 0.5265711645101664 0.39765625 0.6157578558225508 0.39765625 0.6157578558225508 0.08203125 0.5265711645101664 0.08203125 0.5265711645101664 0.39765625
0 0.37153419593345655 1 0.37153419593345655 0.7953125 0.2592421441774492 0.7953125 0.2592421441774492 1 0.37153419593345655 1
0 0.24815157116451017 1 0.24815157116451017 0.85 0.15804066543438078 0.85 0.15804066543438078 1 0.24815157116451017 1
0 0.20910351201478744 0.5328125 0.2784195933456562 0.5328125 0.2784195933456562 0.3 0.20910351201478744 0.3 0.20910351201478744 0.5328125
0 0.6266173752310537 1 0.6266173752310537 0.79375 0.5101663585951941 0.79375 0.5101663585951941 1 0.6266173752310537 1
0 0.7754158964879853 1 0.7754158964879853 0.94375 0.6848428835489834 0.94375 0.6848428835489834 1 0.7754158964879853 1
0 0.5510628465804066 0 0.5510628465804066 0.05625 0.591728280961183 0.05625 0.591728280961183 0 0.5510628465804066 0