0 0.27761627906976744 0.123046875 0.35319767441860467 0.123046875 0.35319767441860467 0.017578125 0.27761627906976744 0.017578125 0.27761627906976744 0.123046875
0 0.32703488372093026 0.765625 0.40843023255813954 0.765625 0.40843023255813954 0.65625 0.32703488372093026 0.65625 0.32703488372093026 0.765625
0 0.5930232558139535 0.904296875 0.6715116279069767 0.904296875 0.6715116279069767 0.787109375 0.5930232558139535 0.787109375 0.5930232558139535 0.904296875
0 0.2761627906976744 0.24609375 0.3488372093023256 0.24609375 0.3488372093023256 0.1328125 0.2761627906976744 0.1328125 0.2761627906976744 0.24609375
0 0.5930232558139535 0.37109375 0.6715116279069767 0.37109375 0.6715116279069767 0.26171875 0.5930232558139535 0.26171875 0.5930232558139535 0.37109375
0 0.34738372093023256 0.19140625 0.4171511627906977 0.19140625 0.4171511627906977 0.08203125 0.34738372093023256 0.08203125 0.34738372093023256 0.19140625
0 0.4258720930232558 0.1875 0.49273255813953487 0.1875 0.49273255813953487 0.08203125 0.4258720930232558 0.08203125 0.4258720930232558 0.1875
0 0.13226744186046513 0.12109375 0.20494186046511628 0.12109375 0.20494186046511628 0.015625 0.13226744186046513 0.015625 0.13226744186046513 0.12109375
0 0.1380813953488372 0.49609375 0.2136627906976744 0.49609375 0.2136627906976744 0.37890625 0.1380813953488372 0.37890625 0.1380813953488372 0.49609375
0 0.03488372093023256 0.236328125 0.11627906976744186 0.236328125 0.11627906976744186 0.126953125 0.03488372093023256 0.126953125 0.03488372093023256 0.236328125
0 0.7340116279069767 0.25390625 0.8008720930232558 0.25390625 0.8008720930232558 0.14453125 0.7340116279069767 0.14453125 0.7340116279069767 0.25390625
0 0.056686046511627904 0.486328125 0.13226744186046513 0.486328125 0.13226744186046513 0.388671875 0.056686046511627904 0.388671875 0.056686046511627904 0.486328125
0 0.5450581395348837 0.12109375 0.6090116279069767 0.12109375 0.6090116279069767 0.0234375 0.5450581395348837 0.0234375 0.5450581395348837 0.12109375
0 0.6409883720930233 0.3046875 0.7078488372093024 0.3046875 0.7078488372093024 0.20703125 0.6409883720930233 0.20703125 0.6409883720930233 0.3046875
0 0.5944767441860465 0.50390625 0.6729651162790697 0.50390625 0.6729651162790697 0.38671875 0.5944767441860465 0.38671875 0.5944767441860465 0.50390625
0 0.4680232558139535 0.125 0.5377906976744186 0.125 0.5377906976744186 0.01953125 0.4680232558139535 0.01953125 0.4680232558139535 0.125
0 0.6191860465116279 0.125 0.688953488372093 0.125 0.688953488372093 0.02734375 0.6191860465116279 0.02734375 0.6191860465116279 0.125
0 0.3328488372093023 0.302734375 0.4055232558139535 0.302734375 0.4055232558139535 0.205078125 0.3328488372093023 0.205078125 0.3328488372093023 0.302734375
0 0.2616279069767442 0.361328125 0.3372093023255814 0.361328125 0.3372093023255814 0.259765625 0.2616279069767442 0.259765625 0.2616279069767442 0.361328125
0 0.7325581395348837 0.8984375 0.7994186046511628 0.8984375 0.7994186046511628 0.7890625 0.7325581395348837 0.7890625 0.7325581395348837 0.8984375
0 0.6656976744186046 0.4453125 0.7383720930232558 0.4453125 0.7383720930232558 0.328125 0.6656976744186046 0.328125 0.6656976744186046 0.4453125
0 0.8633720930232558 0.83203125 0.938953488372093 0.83203125 0.938953488372093 0.703125 0.8633720930232558 0.703125 0.8633720930232558 0.83203125
0 0.1569767441860465 0.25390625 0.23837209302325582 0.25390625 0.23837209302325582 0.1328125 0.1569767441860465 0.1328125 0.1569767441860465 0.25390625
0 0.5697674418604651 0.255859375 0.6424418604651163 0.255859375 0.6424418604651163 0.142578125 0.5697674418604651 0.142578125 0.5697674418604651 0.255859375
0 0.3938953488372093 0.365234375 0.4694767441860465 0.365234375 0.4694767441860465 0.267578125 0.3938953488372093 0.267578125 0.3938953488372093 0.365234375
0 0.6802325581395349 0.193359375 0.752906976744186 0.193359375 0.752906976744186 0.083984375 0.6802325581395349 0.083984375 0.6802325581395349 0.193359375
0 0.8270348837209303 0.99609375 0.8938953488372093 0.99609375 0.8938953488372093 0.9140625 0.8270348837209303 0.9140625 0.8270348837209303 0.99609375
0 0.8066860465116279 0.8984375 0.8822674418604651 0.8984375 0.8822674418604651 0.77734375 0.8066860465116279 0.77734375 0.8066860465116279 0.8984375
0 0.12209302325581395 0.998046875 0.20348837209302326 0.998046875 0.20348837209302326 0.935546875 0.12209302325581395 0.935546875 0.12209302325581395 0.998046875
0 0.44476744186046513 0.99609375 0.5174418604651163 0.99609375 0.5174418604651163 0.93359375 0.44476744186046513 0.93359375 0.44476744186046513 0.99609375
0 0.45203488372093026 0.3046875 0.5247093023255814 0.3046875 0.5247093023255814 0.19921875 0.45203488372093026 0.19921875 0.45203488372093026 0.3046875
0 0.5261627906976745 0.998046875 0.5930232558139535 0.998046875 0.5930232558139535 0.931640625 0.5261627906976745 0.931640625 0.5261627906976745 0.998046875
0 0.036337209302325583 0.916015625 0.11482558139534883 0.916015625 0.11482558139534883 0.787109375 0.036337209302325583 0.787109375 0.036337209302325583 0.916015625
0 0.563953488372093 0.62109375 0.6308139534883721 0.62109375 0.6308139534883721 0.5078125 0.563953488372093 0.5078125 0.563953488372093 0.62109375
0 0.5101744186046512 0.3671875 0.5857558139534884 0.3671875 0.5857558139534884 0.26171875 0.5101744186046512 0.26171875 0.5101744186046512 0.3671875
0 0.7383720930232558 0 0.7383720930232558 0.06640625 0.8052325581395349 0.06640625 0.8052325581395349 0 0.7383720930232558 0
0 0.686046511627907 0.57421875 0.7645348837209303 0.57421875 0.7645348837209303 0.44921875 0.686046511627907 0.44921875 0.686046511627907 0.57421875
0 0.6017441860465116 0.998046875 0.6744186046511628 0.998046875 0.6744186046511628 0.923828125 0.6017441860465116 0.923828125 0.6017441860465116 0.998046875
0 0.6351744186046512 0.619140625 0.7049418604651163 0.619140625 0.7049418604651163 0.517578125 0.6351744186046512 0.517578125 0.6351744186046512 0.619140625
0 0.17296511627906977 0.3671875 0.24563953488372092 0.3671875 0.24563953488372092 0.26171875 0.17296511627906977 0.26171875 0.17296511627906977 0.3671875
0 0.752906976744186 0.623046875 0.8226744186046512 0.623046875 0.8226744186046512 0.521484375 0.752906976744186 0.521484375 0.752906976744186 0.623046875
0 0.0188953488372093 0.11328125 0.09156976744186046 0.11328125 0.09156976744186046 0.015625 0.0188953488372093 0.015625 0.0188953488372093 0.11328125
0 0.3546511627906977 0.99609375 0.4331395348837209 0.99609375 0.4331395348837209 0.9375 0.3546511627906977 0.9375 0.3546511627906977 0.99609375
0 0.2180232558139535 0.99609375 0.29941860465116277 0.99609375 0.29941860465116277 0.94140625 0.2180232558139535 0.94140625 0.2180232558139535 0.99609375
0 0.5218023255813954 0.6875 0.5886627906976745 0.6875 0.5886627906976745 0.58203125 0.5218023255813954 0.58203125 0.5218023255813954 0.6875
0 0.8197674418604651 0.68359375 0.8837209302325582 0.68359375 0.8837209302325582 0.58203125 0.8197674418604651 0.58203125 0.8197674418604651 0.68359375
0 0.41424418604651164 0 0.41424418604651164 0.06640625 0.47819767441860467 0.06640625 0.47819767441860467 0 0.41424418604651164 0
0 0.7747093023255814 0.771484375 0.8473837209302325 0.771484375 0.8473837209302325 0.642578125 0.7747093023255814 0.642578125 0.7747093023255814 0.771484375
0 0.3328488372093023 0 0.3328488372093023 0.06640625 0.4055232558139535 0.06640625 0.4055232558139535 0 0.3328488372093023 0
0 0.44622093023255816 0.9140625 0.5218023255813954 0.9140625 0.5218023255813954 0.796875 0.44622093023255816 0.796875 0.44622093023255816 0.9140625
0 0.6613372093023255 0 0.6613372093023255 0.06640625 0.7281976744186046 0.06640625 0.7281976744186046 0 0.6613372093023255 0
0 0.875 0.96484375 0.9593023255813954 0.96484375 0.9593023255813954 0.84765625 0.875 0.84765625 0.875 0.96484375
0 0.6831395348837209 0.998046875 0.747093023255814 0.998046875 0.747093023255814 0.912109375 0.6831395348837209 0.912109375 0.6831395348837209 0.998046875
0 0.7020348837209303 0.37890625 0.7776162790697675 0.37890625 0.7776162790697675 0.265625 0.7020348837209303 0.265625 0.7020348837209303 0.37890625
0 0.2863372093023256 0.630859375 0.35901162790697677 0.630859375 0.35901162790697677 0.521484375 0.2863372093023256 0.521484375 0.2863372093023256 0.630859375
0 0.809593023255814 0.244140625 0.8677325581395349 0.244140625 0.8677325581395349 0.138671875 0.809593023255814 0.138671875 0.809593023255814 0.244140625
0 0.32848837209302323 0.5 0.40406976744186046 0.5 0.40406976744186046 0.39453125 0.32848837209302323 0.39453125 0.32848837209302323 0.5
0 0.7572674418604651 0.99609375 0.8183139534883721 0.99609375 0.8183139534883721 0.921875 0.7572674418604651 0.921875 0.7572674418604651 0.99609375
0 0.7834302325581395 0.365234375 0.8531976744186046 0.365234375 0.8531976744186046 0.255859375 0.7834302325581395 0.255859375 0.7834302325581395 0.365234375
0 0.688953488372093 0.759765625 0.7674418604651163 0.759765625 0.7674418604651163 0.650390625 0.688953488372093 0.650390625 0.688953488372093 0.759765625
0 0 0.998046875 0.06976744186046512 0.998046875 0.06976744186046512 0.935546875 0 0.935546875 0 0.998046875
0 0.815406976744186 0.4921875 0.8822674418604651 0.4921875 0.8822674418604651 0.375 0.815406976744186 0.375 0.815406976744186 0.4921875
0 0.4273255813953488 0.685546875 0.5087209302325582 0.685546875 0.5087209302325582 0.591796875 0.4273255813953488 0.591796875 0.4273255813953488 0.685546875