0 0.12425595238095238 0.499003984063745 0.22247023809523808 0.499003984063745 0.22247023809523808 0.35756972111553786 0.12425595238095238 0.35756972111553786 0.12425595238095238 0.499003984063745
0 0.33035714285714285 0.5776892430278885 0.4211309523809524 0.5776892430278885 0.4211309523809524 0.4541832669322709 0.33035714285714285 0.4541832669322709 0.33035714285714285 0.5776892430278885
0 0.453125 0.2350597609561753 0.5334821428571429 0.2350597609561753 0.5334821428571429 0.10756972111553785 0.453125 0.10756972111553785 0.453125 0.2350597609561753
0 0.5193452380952381 0.26294820717131473 0.5877976190476191 0.26294820717131473 0.5877976190476191 0.14143426294820718 0.5193452380952381 0.14143426294820718 0.5193452380952381 0.26294820717131473
0 0.0818452380952381 0.39741035856573703 0.16964285714285715 0.39741035856573703 0.16964285714285715 0.2739043824701195 0.0818452380952381 0.2739043824701195 0.0818452380952381 0.39741035856573703
0 0.40773809523809523 1 0.40773809523809523 0.9223107569721115 0.30505952380952384 0.9223107569721115 0.30505952380952384 1 0.40773809523809523 1
0 0.19345238095238096 0.5368525896414342 0.28273809523809523 0.5368525896414342 0.28273809523809523 0.4153386454183267 0.19345238095238096 0.4153386454183267 0.19345238095238096 0.5368525896414342
0 0.18229166666666666 0.6772908366533864 0.27901785714285715 0.6772908366533864 0.27901785714285715 0.5378486055776892 0.18229166666666666 0.5378486055776892 0.18229166666666666 0.6772908366533864
0 0.40773809523809523 0.15637450199203187 0.4851190476190476 0.15637450199203187 0.4851190476190476 0.03884462151394422 0.40773809523809523 0.03884462151394422 0.40773809523809523 0.15637450199203187
0 0.13988095238095238 0.29880478087649404 0.22916666666666666 0.29880478087649404 0.22916666666666666 0.16733067729083664 0.13988095238095238 0.16733067729083664 0.13988095238095238 0.29880478087649404
0 0.06473214285714286 0.2818725099601594 0.14211309523809523 0.2818725099601594 0.14211309523809523 0.17231075697211157 0.06473214285714286 0.17231075697211157 0.06473214285714286 0.2818725099601594
0 0.42857142857142855 0.8256972111553785 0.5282738095238095 0.8256972111553785 0.5282738095238095 0.6782868525896414 0.42857142857142855 0.6782868525896414 0.42857142857142855 0.8256972111553785
0 0.11681547619047619 0.7549800796812749 0.21651785714285715 0.7549800796812749 0.21651785714285715 0.5976095617529881 0.11681547619047619 0.5976095617529881 0.11681547619047619 0.7549800796812749
0 0.15922619047619047 0.8745019920318725 0.25892857142857145 0.8745019920318725 0.25892857142857145 0.7350597609561753 0.15922619047619047 0.7350597609561753 0.15922619047619047 0.8745019920318725
0 0.36160714285714285 0.9581673306772909 0.4538690476190476 0.9581673306772909 0.4538690476190476 0.8366533864541833 0.36160714285714285 0.8366533864541833 0.36160714285714285 0.9581673306772909