0 0.25390218522372526 0.6861997226074896 0.3980228928199792 0.6861997226074896 0.3980228928199792 0.4961858529819695 0.25390218522372526 0.4961858529819695 0.25390218522372526 0.6861997226074896
0 0.1899063475546306 0.5967406380027739 0.3090530697190427 0.5967406380027739 0.3090530697190427 0.4199029126213592 0.1899063475546306 0.4199029126213592 0.1899063475546306 0.5967406380027739
0 0.11992715920915713 0.5180305131761442 0.23491155046826223 0.5180305131761442 0.23491155046826223 0.34396671289875175 0.11992715920915713 0.34396671289875175 0.11992715920915713 0.5180305131761442
0 0.04708636836628512 0.2617891816920943 0.13241415192507805 0.2617891816920943 0.13241415192507805 0.1355755894590846 0.04708636836628512 0.1355755894590846 0.04708636836628512 0.2617891816920943
0 0.2351716961498439 0.3106796116504854 0.32882414151925077 0.3106796116504854 0.32882414151925077 0.18169209431345354 0.2351716961498439 0.18169209431345354 0.2351716961498439 0.3106796116504854
0 0.5884495317377731 0.09361997226074896 0.644120707596254 0.09361997226074896 0.644120707596254 0.013869625520110958 0.5884495317377731 0.013869625520110958 0.5884495317377731 0.09361997226074896
0 0.8337669094693028 0.8398058252427184 0.9393860561914672 0.8398058252427184 0.9393860561914672 0.6282940360610264 0.8337669094693028 0.6282940360610264 0.8337669094693028 0.8398058252427184
0 0.15010405827263268 0.3630374479889043 0.2515608740894901 0.3630374479889043 0.2515608740894901 0.2167128987517337 0.15010405827263268 0.2167128987517337 0.15010405827263268 0.3630374479889043
0 0.7489594172736732 0.21705963938973646 0.8093132154006244 0.21705963938973646 0.8093132154006244 0.12135922330097088 0.7489594172736732 0.12135922330097088 0.7489594172736732 0.21705963938973646
0 0.07726326742976067 0.1744105409153953 0.15738813735691987 0.1744105409153953 0.15738813735691987 0.05929264909847434 0.07726326742976067 0.05929264909847434 0.07726326742976067 0.1744105409153953
0 0.2299687825182102 0 0.2299687825182102 0.06657420249653259 0.2934443288241415 0.06657420249653259 0.2934443288241415 0 0.2299687825182102 0
0 0.8017689906347555 0.25450762829403606 0.8647242455775234 0.25450762829403606 0.8647242455775234 0.15325936199722606 0.8017689906347555 0.15325936199722606 0.8017689906347555 0.25450762829403606
0 0.7325702393340271 0.06830790568654646 0.7788761706555671 0.06830790568654646 0.7788761706555671 0.00034674063800277393 0.7325702393340271 0.00034674063800277393 0.7325702393340271 0.06830790568654646
0 1 0.6286407766990292 0.9219562955254943 0.6286407766990292 0.9219562955254943 0.8228155339805825 1 0.8228155339805825 1 0.6286407766990292
0 0.8982830385015609 0.3817614424410541 0.9659209157127991 0.3817614424410541 0.9659209157127991 0.2749653259361997 0.8982830385015609 0.2749653259361997 0.8982830385015609 0.3817614424410541
0 0 0.5530513176144244 0.018210197710718003 0.5530513176144244 0.018210197710718003 0.4316920943134535 0 0.4316920943134535 0 0.5530513176144244
0 0.8225806451612904 0.21879334257975036 0.8761706555671176 0.21879334257975036 0.8761706555671176 0.1355755894590846 0.8225806451612904 0.1355755894590846 0.8225806451612904 0.21879334257975036
0 1 0.6213592233009708 0.9854318418314256 0.6213592233009708 0.9854318418314256 0.7038834951456311 1 0.7038834951456311 1 0.6213592233009708