0 0.5552325581395349 0.57421875 0.6337209302325582 0.57421875 0.6337209302325582 0.4609375 0.5552325581395349 0.4609375 0.5552325581395349 0.57421875
0 0.5697674418604651 0.904296875 0.6540697674418605 0.904296875 0.6540697674418605 0.798828125 0.5697674418604651 0.798828125 0.5697674418604651 0.904296875
0 0.04215116279069767 0.1796875 0.1119186046511628 0.1796875 0.1119186046511628 0.0859375 0.04215116279069767 0.0859375 0.04215116279069767 0.1796875
0 0.30377906976744184 0.435546875 0.38226744186046513 0.435546875 0.38226744186046513 0.333984375 0.30377906976744184 0.333984375 0.30377906976744184 0.435546875
0 0.12209302325581395 0.185546875 0.19186046511627908 0.185546875 0.19186046511627908 0.076171875 0.12209302325581395 0.076171875 0.12209302325581395 0.185546875
0 0.6002906976744186 0.314453125 0.6671511627906976 0.314453125 0.6671511627906976 0.208984375 0.6002906976744186 0.208984375 0.6002906976744186 0.314453125
0 0.7659883720930233 0.56640625 0.8386627906976745 0.56640625 0.8386627906976745 0.453125 0.7659883720930233 0.453125 0.7659883720930233 0.56640625
0 0.686046511627907 0.5703125 0.7587209302325582 0.5703125 0.7587209302325582 0.46484375 0.686046511627907 0.46484375 0.686046511627907 0.5703125
0 0.7311046511627907 0.837890625 0.8066860465116279 0.837890625 0.8066860465116279 0.724609375 0.7311046511627907 0.724609375 0.7311046511627907 0.837890625
0 0.559593023255814 0.19921875 0.6351744186046512 0.19921875 0.6351744186046512 0.08984375 0.559593023255814 0.08984375 0.559593023255814 0.19921875
0 0.6308139534883721 0.140625 0.7005813953488372 0.140625 0.7005813953488372 0.03125 0.6308139534883721 0.03125 0.6308139534883721 0.140625
0 0.7950581395348837 0.982421875 0.876453488372093 0.982421875 0.876453488372093 0.857421875 0.7950581395348837 0.857421875 0.7950581395348837 0.982421875
0 0.30523255813953487 0.189453125 0.3808139534883721 0.189453125 0.3808139534883721 0.091796875 0.30523255813953487 0.091796875 0.30523255813953487 0.189453125
0 0.5290697674418605 0.328125 0.5930232558139535 0.328125 0.5930232558139535 0.19921875 0.5290697674418605 0.19921875 0.5290697674418605 0.328125
0 0.7165697674418605 0.693359375 0.7776162790697675 0.693359375 0.7776162790697675 0.587890625 0.7165697674418605 0.587890625 0.7165697674418605 0.693359375
0 0.2616279069767442 0.31640625 0.3372093023255814 0.31640625 0.3372093023255814 0.20703125 0.2616279069767442 0.20703125 0.2616279069767442 0.31640625
0 0.6627906976744186 0.912109375 0.7441860465116279 0.912109375 0.7441860465116279 0.787109375 0.6627906976744186 0.787109375 0.6627906976744186 0.912109375
0 0.7398255813953488 0.99609375 0.815406976744186 0.99609375 0.815406976744186 0.9296875 0.7398255813953488 0.9296875 0.7398255813953488 0.99609375
0 0.561046511627907 0 0.561046511627907 0.07421875 0.6308139534883721 0.07421875 0.6308139534883721 0 0.561046511627907 0
0 0.6511627906976745 0.259765625 0.7267441860465116 0.259765625 0.7267441860465116 0.146484375 0.6511627906976745 0.146484375 0.6511627906976745 0.259765625
0 0.4811046511627907 0 0.4811046511627907 0.07421875 0.5508720930232558 0.07421875 0.5508720930232558 0 0.4811046511627907 0
0 0.8168604651162791 0.5078125 0.8924418604651163 0.5078125 0.8924418604651163 0.37890625 0.8168604651162791 0.37890625 0.8168604651162791 0.5078125
0 0.7732558139534884 0.37109375 0.8401162790697675 0.37109375 0.8401162790697675 0.26953125 0.7732558139534884 0.26953125 0.7732558139534884 0.37109375
0 0.5058139534883721 0.849609375 0.5901162790697675 0.849609375 0.5901162790697675 0.728515625 0.5058139534883721 0.728515625 0.5058139534883721 0.849609375
0 0.6598837209302325 0.435546875 0.7267441860465116 0.435546875 0.7267441860465116 0.326171875 0.6598837209302325 0.326171875 0.6598837209302325 0.435546875
0 0.48691860465116277 0.373046875 0.5508720930232558 0.373046875 0.5508720930232558 0.267578125 0.48691860465116277 0.267578125 0.48691860465116277 0.373046875
0 0.5697674418604651 0.708984375 0.6366279069767442 0.708984375 0.6366279069767442 0.587890625 0.5697674418604651 0.587890625 0.5697674418604651 0.708984375
0 0.6598837209302325 0.998046875 0.7354651162790697 0.998046875 0.7354651162790697 0.931640625 0.6598837209302325 0.931640625 0.6598837209302325 0.998046875
0 0.7601744186046512 0.193359375 0.8357558139534884 0.193359375 0.8357558139534884 0.083984375 0.7601744186046512 0.083984375 0.7601744186046512 0.193359375
0 0.6468023255813954 0.70703125 0.7078488372093024 0.70703125 0.7078488372093024 0.58203125 0.6468023255813954 0.58203125 0.6468023255813954 0.70703125
0 0.3997093023255814 0.376953125 0.4752906976744186 0.376953125 0.4752906976744186 0.267578125 0.3997093023255814 0.267578125 0.3997093023255814 0.376953125
0 0.8328488372093024 0.63671875 0.9113372093023255 0.63671875 0.9113372093023255 0.5234375 0.8328488372093024 0.5234375 0.8328488372093024 0.63671875
0 0.23982558139534885 0 0.23982558139534885 0.05859375 0.30959302325581395 0.05859375 0.30959302325581395 0 0.23982558139534885 0
0 0.7354651162790697 0.453125 0.8023255813953488 0.453125 0.8023255813953488 0.328125 0.7354651162790697 0.328125 0.7354651162790697 0.453125
0 0.15261627906976744 0 0.15261627906976744 0.0703125 0.22529069767441862 0.0703125 0.22529069767441862 0 0.15261627906976744 0
0 0.7819767441860465 0.7109375 0.8488372093023255 0.7109375 0.8488372093023255 0.58203125 0.7819767441860465 0.58203125 0.7819767441860465 0.7109375
0 0.3328488372093023 0.703125 0.4055232558139535 0.703125 0.4055232558139535 0.6015625 0.3328488372093023 0.6015625 0.3328488372093023 0.703125
0 0.6686046511627907 0 0.6686046511627907 0.0703125 0.7383720930232558 0.0703125 0.7383720930232558 0 0.6686046511627907 0
0 0.7093023255813954 0.326171875 0.7819767441860465 0.326171875 0.7819767441860465 0.216796875 0.7093023255813954 0.216796875 0.7093023255813954 0.326171875
0 0.4186046511627907 0.572265625 0.4941860465116279 0.572265625 0.4941860465116279 0.474609375 0.4186046511627907 0.474609375 0.4186046511627907 0.572265625
0 0.015988372093023256 0.560546875 0.09738372093023256 0.560546875 0.09738372093023256 0.451171875 0.015988372093023256 0.451171875 0.015988372093023256 0.560546875
0 0.10755813953488372 0.705078125 0.18023255813953487 0.705078125 0.18023255813953487 0.595703125 0.10755813953488372 0.595703125 0.10755813953488372 0.705078125
0 0.04796511627906977 0.779296875 0.12645348837209303 0.779296875 0.12645348837209303 0.662109375 0.04796511627906977 0.662109375 0.04796511627906977 0.779296875
0 0.4171511627906977 0.703125 0.48401162790697677 0.703125 0.48401162790697677 0.59765625 0.4171511627906977 0.59765625 0.4171511627906977 0.703125
0 0.7412790697674418 0 0.7412790697674418 0.07421875 0.8081395348837209 0.07421875 0.8081395348837209 0 0.7412790697674418 0
0 0.4956395348837209 0.70703125 0.5625 0.70703125 0.5625 0.59765625 0.4956395348837209 0.59765625 0.4956395348837209 0.70703125
0 0.19476744186046513 0.705078125 0.27325581395348836 0.705078125 0.27325581395348836 0.611328125 0.19476744186046513 0.611328125 0.19476744186046513 0.705078125
0 0.3691860465116279 0 0.3691860465116279 0.05859375 0.438953488372093 0.05859375 0.438953488372093 0 0.3691860465116279 0
0 0 0.697265625 0.046511627906976744 0.697265625 0.046511627906976744 0.595703125 0 0.595703125 0 0.697265625