0 0.0349609375 0.7885416666666667 0.1857421875 0.7885416666666667 0.1857421875 0.6223958333333334 0.0349609375 0.6223958333333334 0.0349609375 0.7885416666666667
0 0.0291015625 0.36666666666666664 0.0880859375 0.36666666666666664 0.0880859375 0.28802083333333334 0.0291015625 0.28802083333333334 0.0291015625 0.36666666666666664
0 0.1208984375 0.29401041666666666 0.1791015625 0.29401041666666666 0.1791015625 0.23046875 0.1208984375 0.23046875 0.1208984375 0.29401041666666666
0 0.048046875 0.95 0.230078125 0.95 0.230078125 0.7552083333333334 0.048046875 0.7552083333333334 0.048046875 0.95
0 0.826953125 0.434375 0.887890625 0.434375 0.887890625 0.3411458333333333 0.826953125 0.3411458333333333 0.826953125 0.434375
0 0.2220703125 0.29765625 0.2736328125 0.29765625 0.2736328125 0.22942708333333334 0.2220703125 0.22942708333333334 0.2220703125 0.29765625
0 0.6845703125 0.3625 0.7455078125 0.3625 0.7455078125 0.278125 0.6845703125 0.278125 0.6845703125 0.3625
0 0.4248046875 0.3380208333333333 0.4833984375 0.3380208333333333 0.4833984375 0.253125 0.4248046875 0.253125 0.4248046875 0.3380208333333333
0 0.601953125 0.34270833333333334 0.657421875 0.34270833333333334 0.657421875 0.26875 0.601953125 0.26875 0.601953125 0.34270833333333334
0 0.363671875 0.3578125 0.4296875 0.3578125 0.4296875 0.2671875 0.363671875 0.2671875 0.363671875 0.3578125
0 0.478515625 0.3255208333333333 0.530859375 0.3255208333333333 0.530859375 0.2515625 0.478515625 0.2515625 0.478515625 0.3255208333333333
0 0.5248046875 0.31276041666666665 0.5771484375 0.31276041666666665 0.5771484375 0.23984375 0.5248046875 0.23984375 0.5248046875 0.31276041666666665
0 0.49375 0.403125 0.5640625 0.403125 0.5640625 0.30416666666666664 0.49375 0.30416666666666664 0.49375 0.403125
0 0.0771484375 0.334375 0.1310546875 0.334375 0.1310546875 0.2546875 0.0771484375 0.2546875 0.0771484375 0.334375
0 0.773828125 0.39895833333333336 0.833984375 0.39895833333333336 0.833984375 0.31145833333333334 0.773828125 0.31145833333333334 0.773828125 0.39895833333333336
0 0.3376953125 0.32447916666666665 0.3990234375 0.32447916666666665 0.3990234375 0.24791666666666667 0.3376953125 0.24791666666666667 0.3376953125 0.32447916666666665
0 0.726953125 0.34869791666666666 0.7796875 0.34869791666666666 0.7796875 0.27317708333333335 0.726953125 0.27317708333333335 0.726953125 0.34869791666666666
0 0.934765625 0.4361979166666667 0.990234375 0.4361979166666667 0.990234375 0.35651041666666666 0.934765625 0.35651041666666666 0.934765625 0.4361979166666667
0 0.8083984375 0.34869791666666666 0.8583984375 0.34869791666666666 0.8583984375 0.30234375 0.8083984375 0.30234375 0.8083984375 0.34869791666666666
0 0.953515625 0.41432291666666665 0.998828125 0.41432291666666665 0.998828125 0.34088541666666666 0.953515625 0.34088541666666666 0.953515625 0.41432291666666665
0 0.073828125 0.28958333333333336 0.11796875 0.28958333333333336 0.11796875 0.25052083333333336 0.073828125 0.25052083333333336 0.073828125 0.28958333333333336
0 0.975 0.37005208333333334 0.999609375 0.37005208333333334 0.999609375 0.3377604166666667 0.975 0.3377604166666667 0.975 0.37005208333333334
0 0.7900390625 0.31197916666666664 0.8388671875 0.31197916666666664 0.8388671875 0.28854166666666664 0.7900390625 0.28854166666666664 0.7900390625 0.31197916666666664