0 0.837109375 1 0.837109375 0.821875 0.661328125 0.821875 0.661328125 1 0.837109375 1
0 0.2537109375 0.7481770833333333 0.4263671875 0.7481770833333333 0.4263671875 0.5658854166666667 0.2537109375 0.5658854166666667 0.2537109375 0.7481770833333333
0 0.006640625 0.7395833333333334 0.1359375 0.7395833333333334 0.1359375 0.5645833333333333 0.006640625 0.5645833333333333 0.006640625 0.7395833333333334
0 0.120703125 0.8203125 0.2984375 0.8203125 0.2984375 0.6317708333333333 0.120703125 0.6317708333333333 0.120703125 0.8203125
0 0.0498046875 0.9520833333333333 0.2451171875 0.9520833333333333 0.2451171875 0.7307291666666667 0.0498046875 0.7307291666666667 0.0498046875 0.9520833333333333
0 0.2689453125 0.31640625 0.3271484375 0.31640625 0.3271484375 0.24192708333333332 0.2689453125 0.24192708333333332 0.2689453125 0.31640625
0 0.0828125 0.3268229166666667 0.134375 0.3268229166666667 0.134375 0.2565104166666667 0.0828125 0.2565104166666667 0.0828125 0.3268229166666667
0 0.6796875 0.34869791666666666 0.73515625 0.34869791666666666 0.73515625 0.2716145833333333 0.6796875 0.2716145833333333 0.6796875 0.34869791666666666
0 0.89296875 0.37786458333333334 0.93984375 0.37786458333333334 0.93984375 0.3106770833333333 0.89296875 0.3106770833333333 0.89296875 0.37786458333333334
0 0.1369140625 0.33255208333333336 0.1970703125 0.33255208333333336 0.1970703125 0.24869791666666666 0.1369140625 0.24869791666666666 0.1369140625 0.33255208333333336
0 0.725 0.37942708333333336 0.783203125 0.37942708333333336 0.783203125 0.2981770833333333 0.725 0.2981770833333333 0.725 0.37942708333333336
0 0.184765625 0.30494791666666665 0.2265625 0.30494791666666665 0.2265625 0.24140625 0.184765625 0.24140625 0.184765625 0.30494791666666665
0 0.0298828125 0.3455729166666667 0.0826171875 0.3455729166666667 0.0826171875 0.27265625 0.0298828125 0.27265625 0.0298828125 0.3455729166666667
0 0.0001953125 0.8778645833333333 0.0517578125 0.8778645833333333 0.0517578125 0.7013020833333333 0.0001953125 0.7013020833333333 0.0001953125 0.8778645833333333
0 0.0001953125 0.34088541666666666 0.0337890625 0.34088541666666666 0.0337890625 0.26276041666666666 0.0001953125 0.26276041666666666 0.0001953125 0.34088541666666666
0 0.5640625 0.28567708333333336 0.6125 0.28567708333333336 0.6125 0.22057291666666667 0.5640625 0.22057291666666667 0.5640625 0.28567708333333336
0 0.634765625 0.29661458333333335 0.6859375 0.29661458333333335 0.6859375 0.23411458333333332 0.634765625 0.23411458333333332 0.634765625 0.29661458333333335
0 0.6017578125 0.37890625 0.6771484375 0.37890625 0.6771484375 0.29661458333333335 0.6017578125 0.29661458333333335 0.6017578125 0.37890625
0 0.721875 0.30234375 0.770703125 0.30234375 0.770703125 0.26328125 0.721875 0.26328125 0.721875 0.30234375
0 0.598046875 0.32526041666666666 0.6546875 0.32526041666666666 0.6546875 0.2669270833333333 0.598046875 0.2669270833333333 0.598046875 0.32526041666666666
0 0.1140625 0.2864583333333333 0.15703125 0.2864583333333333 0.15703125 0.23854166666666668 0.1140625 0.23854166666666668 0.1140625 0.2864583333333333
0 0.0197265625 0.28177083333333336 0.0615234375 0.28177083333333336 0.0615234375 0.23802083333333332 0.0197265625 0.23802083333333332 0.0197265625 0.28177083333333336
0 0.0458984375 0.28541666666666665 0.0845703125 0.28541666666666665 0.0845703125 0.2557291666666667 0.0458984375 0.2557291666666667 0.0458984375 0.28541666666666665
0 0.0732421875 0.27630208333333334 0.1126953125 0.27630208333333334 0.1126953125 0.24088541666666666 0.0732421875 0.24088541666666666 0.0732421875 0.27630208333333334
0 0.5998046875 0.28229166666666666 0.6505859375 0.28229166666666666 0.6505859375 0.25 0.5998046875 0.25 0.5998046875 0.28229166666666666