0 0.25872093023255816 0.845703125 0.34011627906976744 0.845703125 0.34011627906976744 0.736328125 0.25872093023255816 0.736328125 0.25872093023255816 0.845703125
0 0.6002906976744186 0.779296875 0.6787790697674418 0.779296875 0.6787790697674418 0.662109375 0.6002906976744186 0.662109375 0.6002906976744186 0.779296875
0 0.2863372093023256 0.328125 0.3561046511627907 0.328125 0.3561046511627907 0.21484375 0.2863372093023256 0.21484375 0.2863372093023256 0.328125
0 0.4694767441860465 0.7734375 0.5450581395348837 0.7734375 0.5450581395348837 0.66796875 0.4694767441860465 0.66796875 0.4694767441860465 0.7734375
0 0.4680232558139535 0.990234375 0.5494186046511628 0.990234375 0.5494186046511628 0.869140625 0.4680232558139535 0.869140625 0.4680232558139535 0.990234375
0 0.11046511627906977 0.1328125 0.18604651162790697 0.1328125 0.18604651162790697 0.02734375 0.11046511627906977 0.02734375 0.11046511627906977 0.1328125
0 0.3313953488372093 0.1953125 0.40406976744186046 0.1953125 0.40406976744186046 0.09375 0.3313953488372093 0.09375 0.3313953488372093 0.1953125
0 0.5726744186046512 0.3203125 0.6424418604651163 0.3203125 0.6424418604651163 0.21484375 0.5726744186046512 0.21484375 0.5726744186046512 0.3203125
0 0.5915697674418605 0.44921875 0.6584302325581395 0.44921875 0.6584302325581395 0.33984375 0.5915697674418605 0.33984375 0.5915697674418605 0.44921875
0 0.5348837209302325 0.849609375 0.6104651162790697 0.849609375 0.6104651162790697 0.732421875 0.5348837209302325 0.732421875 0.5348837209302325 0.849609375
0 0.3953488372093023 0.849609375 0.47093023255813954 0.849609375 0.47093023255813954 0.736328125 0.3953488372093023 0.736328125 0.3953488372093023 0.849609375
0 0.14098837209302326 0.84375 0.22238372093023256 0.84375 0.22238372093023256 0.73046875 0.14098837209302326 0.73046875 0.14098837209302326 0.84375
0 0.4796511627906977 0.126953125 0.5406976744186046 0.126953125 0.5406976744186046 0.033203125 0.4796511627906977 0.033203125 0.4796511627906977 0.126953125
0 0.5523255813953488 0.9921875 0.6162790697674418 0.9921875 0.6162790697674418 0.86328125 0.5523255813953488 0.86328125 0.5523255813953488 0.9921875
0 0.4331395348837209 0.19140625 0.5116279069767442 0.19140625 0.5116279069767442 0.09375 0.4331395348837209 0.09375 0.4331395348837209 0.19140625
0 0.6438953488372093 0.380859375 0.7165697674418605 0.380859375 0.7165697674418605 0.267578125 0.6438953488372093 0.267578125 0.6438953488372093 0.380859375
0 0.44040697674418605 0.32421875 0.5072674418604651 0.32421875 0.5072674418604651 0.21875 0.44040697674418605 0.21875 0.44040697674418605 0.32421875
0 0.6598837209302325 0.982421875 0.7441860465116279 0.982421875 0.7441860465116279 0.865234375 0.6598837209302325 0.865234375 0.6598837209302325 0.982421875
0 0.21511627906976744 0.26171875 0.29651162790697677 0.26171875 0.29651162790697677 0.14453125 0.21511627906976744 0.14453125 0.21511627906976744 0.26171875
0 0.36191860465116277 0.3203125 0.4316860465116279 0.3203125 0.4316860465116279 0.21875 0.36191860465116277 0.21875 0.36191860465116277 0.3203125
0 0.8255813953488372 0.974609375 0.9011627906976745 0.974609375 0.9011627906976745 0.861328125 0.8255813953488372 0.861328125 0.8255813953488372 0.974609375
0 0.03924418604651163 0.24609375 0.12063953488372094 0.24609375 0.12063953488372094 0.140625 0.03924418604651163 0.140625 0.03924418604651163 0.24609375
0 0.04796511627906977 0.43359375 0.12645348837209303 0.43359375 0.12645348837209303 0.32421875 0.04796511627906977 0.32421875 0.04796511627906977 0.43359375
0 0.622093023255814 0.142578125 0.688953488372093 0.142578125 0.688953488372093 0.033203125 0.622093023255814 0.033203125 0.622093023255814 0.142578125
0 0.40843023255813954 0.451171875 0.48401162790697677 0.451171875 0.48401162790697677 0.333984375 0.40843023255813954 0.333984375 0.40843023255813954 0.451171875
0 0.3386627906976744 0 0.3386627906976744 0.0703125 0.4055232558139535 0.0703125 0.4055232558139535 0 0.3386627906976744 0
0 0.6191860465116279 0.2578125 0.686046511627907 0.2578125 0.686046511627907 0.15625 0.6191860465116279 0.15625 0.6191860465116279 0.2578125
0 0.5188953488372093 0.26171875 0.5915697674418605 0.26171875 0.5915697674418605 0.15234375 0.5188953488372093 0.15234375 0.5188953488372093 0.26171875
0 0.6671511627906976 0.845703125 0.7456395348837209 0.845703125 0.7456395348837209 0.728515625 0.6671511627906976 0.728515625 0.6671511627906976 0.845703125
0 0.7209302325581395 0.572265625 0.7965116279069767 0.572265625 0.7965116279069767 0.458984375 0.7209302325581395 0.458984375 0.7209302325581395 0.572265625
0 0.7805232558139535 0.44140625 0.8473837209302325 0.44140625 0.8473837209302325 0.33984375 0.7805232558139535 0.33984375 0.7805232558139535 0.44140625
0 0.6933139534883721 0.142578125 0.751453488372093 0.142578125 0.751453488372093 0.044921875 0.6933139534883721 0.044921875 0.6933139534883721 0.142578125
0 0.5479651162790697 0.13671875 0.6148255813953488 0.13671875 0.6148255813953488 0.03125 0.5479651162790697 0.03125 0.5479651162790697 0.13671875
0 0.7834302325581395 0.99609375 0.8531976744186046 0.99609375 0.8531976744186046 0.9375 0.7834302325581395 0.9375 0.7834302325581395 0.99609375
0 0.6061046511627907 0.5703125 0.6816860465116279 0.5703125 0.6816860465116279 0.45703125 0.6061046511627907 0.45703125 0.6061046511627907 0.5703125
0 0.8168604651162791 0.76171875 0.8953488372093024 0.76171875 0.8953488372093024 0.65625 0.8168604651162791 0.65625 0.8168604651162791 0.76171875
0 0.2819767441860465 0.58984375 0.3546511627906977 0.58984375 0.3546511627906977 0.4609375 0.2819767441860465 0.4609375 0.2819767441860465 0.58984375
0 0.7180232558139535 0 0.7180232558139535 0.07421875 0.7848837209302325 0.07421875 0.7848837209302325 0 0.7180232558139535 0
0 0.5959302325581395 0.916015625 0.6744186046511628 0.916015625 0.6744186046511628 0.798828125 0.5959302325581395 0.798828125 0.5959302325581395 0.916015625
0 0.7325581395348837 0.921875 0.813953488372093 0.921875 0.813953488372093 0.7890625 0.7325581395348837 0.7890625 0.7325581395348837 0.921875
0 0.17296511627906977 0 0.17296511627906977 0.0703125 0.24854651162790697 0.0703125 0.24854651162790697 0 0.17296511627906977 0
0 0.7906976744186046 0 0.7906976744186046 0.078125 0.8546511627906976 0.078125 0.8546511627906976 0 0.7906976744186046 0
0 0.6642441860465116 0.64453125 0.7456395348837209 0.64453125 0.7456395348837209 0.5234375 0.6642441860465116 0.5234375 0.6642441860465116 0.64453125
0 0 0.171875 0.029069767441860465 0.171875 0.029069767441860465 0.0859375 0 0.0859375 0 0.171875
0 0.7093023255813954 0.44140625 0.7732558139534884 0.44140625 0.7732558139534884 0.32421875 0.7093023255813954 0.32421875 0.7093023255813954 0.44140625
0 0.41569767441860467 0 0.41569767441860467 0.07421875 0.47674418604651164 0.07421875 0.47674418604651164 0 0.41569767441860467 0
0 0.5101744186046512 0.431640625 0.5828488372093024 0.431640625 0.5828488372093024 0.330078125 0.5101744186046512 0.330078125 0.5101744186046512 0.431640625
0 0.36191860465116277 0.5859375 0.42296511627906974 0.5859375 0.42296511627906974 0.45703125 0.36191860465116277 0.45703125 0.36191860465116277 0.5859375
0 0.10755813953488372 0.5859375 0.19186046511627908 0.5859375 0.19186046511627908 0.4609375 0.10755813953488372 0.4609375 0.10755813953488372 0.5859375
0 0.01308139534883721 0.9140625 0.09447674418604651 0.9140625 0.09447674418604651 0.79296875 0.01308139534883721 0.79296875 0.01308139534883721 0.9140625
0 0.6933139534883721 0.26171875 0.7630813953488372 0.26171875 0.7630813953488372 0.15625 0.6933139534883721 0.15625 0.6933139534883721 0.26171875
0 0.08575581395348837 0.791015625 0.15261627906976744 0.791015625 0.15261627906976744 0.646484375 0.08575581395348837 0.646484375 0.08575581395348837 0.791015625
0 0.8052325581395349 0.31640625 0.872093023255814 0.31640625 0.872093023255814 0.21875 0.8052325581395349 0.21875 0.8052325581395349 0.31640625
0 0.04941860465116279 0.646484375 0.125 0.646484375 0.125 0.525390625 0.04941860465116279 0.525390625 0.04941860465116279 0.646484375
0 0.34011627906976744 0.708984375 0.4186046511627907 0.708984375 0.4186046511627907 0.595703125 0.34011627906976744 0.595703125 0.34011627906976744 0.708984375
0 0.5465116279069767 0.708984375 0.6075581395348837 0.708984375 0.6075581395348837 0.595703125 0.5465116279069767 0.595703125 0.5465116279069767 0.708984375
0 0.22093023255813954 0.640625 0.3023255813953488 0.640625 0.3023255813953488 0.53125 0.22093023255813954 0.53125 0.22093023255813954 0.640625
0 0.7325581395348837 0.720703125 0.8168604651162791 0.720703125 0.8168604651162791 0.591796875 0.7325581395348837 0.591796875 0.7325581395348837 0.720703125
0 0.25872093023255816 0 0.25872093023255816 0.0625 0.32848837209302323 0.0625 0.32848837209302323 0 0.25872093023255816 0
0 0.8226744186046512 0.560546875 0.9011627906976745 0.560546875 0.9011627906976745 0.458984375 0.8226744186046512 0.458984375 0.8226744186046512 0.560546875
0 0.6758720930232558 0 0.6758720930232558 0.03125 0.7136627906976745 0.03125 0.7136627906976745 0 0.6758720930232558 0