0 0.058203125 0.2953125 0.112109375 0.2953125 0.112109375 0.234375 0.058203125 0.234375 0.058203125 0.2953125
0 0.148828125 0.29661458333333335 0.198046875 0.29661458333333335 0.198046875 0.23151041666666666 0.148828125 0.23151041666666666 0.148828125 0.29661458333333335
0 0.431640625 0.30520833333333336 0.4859375 0.30520833333333336 0.4859375 0.2328125 0.431640625 0.2328125 0.431640625 0.30520833333333336
0 0.3763671875 0.39114583333333336 0.4486328125 0.39114583333333336 0.4486328125 0.29583333333333334 0.3763671875 0.29583333333333334 0.3763671875 0.39114583333333336
0 0.32578125 0.3307291666666667 0.386328125 0.3307291666666667 0.386328125 0.24739583333333334 0.32578125 0.24739583333333334 0.32578125 0.3307291666666667
0 0.263671875 0.35104166666666664 0.328515625 0.35104166666666664 0.328515625 0.2630208333333333 0.263671875 0.2630208333333333 0.263671875 0.35104166666666664
0 0.5033203125 0.33125 0.5603515625 0.33125 0.5603515625 0.2557291666666667 0.5033203125 0.2557291666666667 0.5033203125 0.33125
0 0.673828125 0.38229166666666664 0.7359375 0.38229166666666664 0.7359375 0.29322916666666665 0.673828125 0.29322916666666665 0.673828125 0.38229166666666664
0 0.58671875 0.34921875 0.646484375 0.34921875 0.646484375 0.26328125 0.58671875 0.26328125 0.58671875 0.34921875
0 0.72421875 0.41744791666666664 0.7890625 0.41744791666666664 0.7890625 0.3221354166666667 0.72421875 0.3221354166666667 0.72421875 0.41744791666666664
0 0.3818359375 0.3072916666666667 0.4349609375 0.3072916666666667 0.4349609375 0.24322916666666666 0.3818359375 0.24322916666666666 0.3818359375 0.3072916666666667
0 0.0138671875 0.334375 0.0630859375 0.334375 0.0630859375 0.2604166666666667 0.0138671875 0.2604166666666667 0.0138671875 0.334375
0 0.0001953125 0.35833333333333334 0.0205078125 0.35833333333333334 0.0205078125 0.29322916666666665 0.0001953125 0.29322916666666665 0.0001953125 0.35833333333333334
0 0.8482421875 0.4197916666666667 0.9080078125 0.4197916666666667 0.9080078125 0.33645833333333336 0.8482421875 0.33645833333333336 0.8482421875 0.4197916666666667
0 0.0001953125 0.8489583333333334 0.0189453125 0.8489583333333334 0.0189453125 0.725 0.0001953125 0.725 0.0001953125 0.8489583333333334
0 0.246875 0.3140625 0.30390625 0.3140625 0.30390625 0.24635416666666668 0.246875 0.24635416666666668 0.246875 0.3140625
0 0.6296875 0.33359375 0.6875 0.33359375 0.6875 0.25859375 0.6296875 0.25859375 0.6296875 0.33359375
0 0.0001953125 0.7192708333333333 0.0166015625 0.7192708333333333 0.0166015625 0.6119791666666666 0.0001953125 0.6119791666666666 0.0001953125 0.7192708333333333
0 0.903125 0.38984375 0.94375 0.38984375 0.94375 0.31744791666666666 0.903125 0.31744791666666666 0.903125 0.38984375
0 0.8765625 0.40260416666666665 0.925390625 0.40260416666666665 0.925390625 0.3223958333333333 0.8765625 0.3223958333333333 0.8765625 0.40260416666666665
0 0.9529296875 0.403125 0.9939453125 0.403125 0.9939453125 0.3328125 0.9529296875 0.3328125 0.9529296875 0.403125
0 0.71484375 0.32760416666666664 0.7703125 0.32760416666666664 0.7703125 0.2864583333333333 0.71484375 0.2864583333333333 0.71484375 0.32760416666666664
0 0.982421875 0.43020833333333336 0.999609375 0.43020833333333336 0.999609375 0.35885416666666664 0.982421875 0.35885416666666664 0.982421875 0.43020833333333336
0 0.7029296875 0.2942708333333333 0.7556640625 0.2942708333333333 0.7556640625 0.2713541666666667 0.7029296875 0.2713541666666667 0.7029296875 0.2942708333333333