0 0.42877906976744184 0.41015625 0.4956395348837209 0.41015625 0.4956395348837209 0.3125 0.42877906976744184 0.3125 0.42877906976744184 0.41015625
0 0.17877906976744187 0.216796875 0.2601744186046512 0.216796875 0.2601744186046512 0.115234375 0.17877906976744187 0.115234375 0.17877906976744187 0.216796875
0 0.5508720930232558 0.8828125 0.6293604651162791 0.8828125 0.6293604651162791 0.76953125 0.5508720930232558 0.76953125 0.5508720930232558 0.8828125
0 0.11627906976744186 0.951171875 0.19767441860465115 0.951171875 0.19767441860465115 0.837890625 0.11627906976744186 0.837890625 0.11627906976744186 0.951171875
0 0.47093023255813954 0.1640625 0.5377906976744186 0.1640625 0.5377906976744186 0.0546875 0.47093023255813954 0.0546875 0.47093023255813954 0.1640625
0 0.5392441860465116 0.99609375 0.626453488372093 0.99609375 0.626453488372093 0.90234375 0.5392441860465116 0.90234375 0.5392441860465116 0.99609375
0 0.09447674418604651 0 0.09447674418604651 0.09375 0.16715116279069767 0.09375 0.16715116279069767 0 0.09447674418604651 0
0 0.6162790697674418 0.53125 0.6802325581395349 0.53125 0.6802325581395349 0.42578125 0.6162790697674418 0.42578125 0.6162790697674418 0.53125
0 0.6351744186046512 0.99609375 0.7078488372093024 0.99609375 0.7078488372093024 0.8984375 0.6351744186046512 0.8984375 0.6351744186046512 0.99609375
0 0.559593023255814 0.16796875 0.6293604651162791 0.16796875 0.6293604651162791 0.0625 0.559593023255814 0.0625 0.559593023255814 0.16796875
0 0.22819767441860464 0.95703125 0.30959302325581395 0.95703125 0.30959302325581395 0.83984375 0.22819767441860464 0.83984375 0.22819767441860464 0.95703125
0 0.7165697674418605 0.873046875 0.7863372093023255 0.873046875 0.7863372093023255 0.755859375 0.7165697674418605 0.755859375 0.7165697674418605 0.873046875
0 0.32703488372093026 0.162109375 0.3938953488372093 0.162109375 0.3938953488372093 0.060546875 0.32703488372093026 0.060546875 0.32703488372093026 0.162109375
0 0.6046511627906976 0.34765625 0.6831395348837209 0.34765625 0.6831395348837209 0.2421875 0.6046511627906976 0.2421875 0.6046511627906976 0.34765625
0 0.7165697674418605 0.998046875 0.7950581395348837 0.998046875 0.7950581395348837 0.896484375 0.7165697674418605 0.896484375 0.7165697674418605 0.998046875
0 0.6366279069767442 0.876953125 0.7063953488372093 0.876953125 0.7063953488372093 0.763671875 0.6366279069767442 0.763671875 0.6366279069767442 0.876953125
0 0.4738372093023256 0.34765625 0.5552325581395349 0.34765625 0.5552325581395349 0.23828125 0.4738372093023256 0.23828125 0.4738372093023256 0.34765625
0 0.5465116279069767 0.29296875 0.6191860465116279 0.29296875 0.6191860465116279 0.18359375 0.5465116279069767 0.18359375 0.5465116279069767 0.29296875
0 0.7587209302325582 0.41015625 0.8313953488372093 0.41015625 0.8313953488372093 0.3046875 0.7587209302325582 0.3046875 0.7587209302325582 0.41015625
0 0.40261627906976744 0.16015625 0.4636627906976744 0.16015625 0.4636627906976744 0.0625 0.40261627906976744 0.0625 0.40261627906976744 0.16015625
0 0.10465116279069768 0.4140625 0.18895348837209303 0.4140625 0.18895348837209303 0.296875 0.10465116279069768 0.296875 0.10465116279069768 0.4140625
0 0.4563953488372093 0.548828125 0.5348837209302325 0.548828125 0.5348837209302325 0.431640625 0.4563953488372093 0.431640625 0.4563953488372093 0.548828125
0 0.6758720930232558 0.109375 0.751453488372093 0.109375 0.751453488372093 0.0078125 0.6758720930232558 0.0078125 0.6758720930232558 0.109375
0 0.35319767441860467 0.40234375 0.42296511627906974 0.40234375 0.42296511627906974 0.30078125 0.35319767441860467 0.30078125 0.35319767441860467 0.40234375
0 0.7747093023255814 0.9453125 0.8502906976744186 0.9453125 0.8502906976744186 0.828125 0.7747093023255814 0.828125 0.7747093023255814 0.9453125
0 0.5436046511627907 0.53125 0.6104651162790697 0.53125 0.6104651162790697 0.4375 0.5436046511627907 0.4375 0.5436046511627907 0.53125
0 0.6918604651162791 0.54296875 0.7645348837209303 0.54296875 0.7645348837209303 0.4296875 0.6918604651162791 0.4296875 0.6918604651162791 0.54296875
0 0.38808139534883723 0.607421875 0.45494186046511625 0.607421875 0.45494186046511625 0.505859375 0.38808139534883723 0.505859375 0.38808139534883723 0.607421875
0 0.438953488372093 0.740234375 0.5145348837209303 0.740234375 0.5145348837209303 0.630859375 0.438953488372093 0.630859375 0.438953488372093 0.740234375
0 0.2543604651162791 0.66796875 0.32994186046511625 0.66796875 0.32994186046511625 0.56640625 0.2543604651162791 0.56640625 0.2543604651162791 0.66796875
0 0.27180232558139533 0.400390625 0.3444767441860465 0.400390625 0.3444767441860465 0.310546875 0.27180232558139533 0.310546875 0.27180232558139533 0.400390625
0 0.6758720930232558 0.416015625 0.751453488372093 0.416015625 0.751453488372093 0.302734375 0.6758720930232558 0.302734375 0.6758720930232558 0.416015625
0 0.8125 0.28515625 0.876453488372093 0.28515625 0.876453488372093 0.1875 0.8125 0.1875 0.8125 0.28515625
0 0.3066860465116279 0.607421875 0.3793604651162791 0.607421875 0.3793604651162791 0.498046875 0.3066860465116279 0.498046875 0.3066860465116279 0.607421875
0 0.7558139534883721 0.603515625 0.8197674418604651 0.603515625 0.8197674418604651 0.486328125 0.7558139534883721 0.486328125 0.7558139534883721 0.603515625
0 0.03924418604651163 0.2734375 0.11482558139534883 0.2734375 0.11482558139534883 0.18359375 0.03924418604651163 0.18359375 0.03924418604651163 0.2734375
0 0.8488372093023255 0.728515625 0.9273255813953488 0.728515625 0.9273255813953488 0.626953125 0.8488372093023255 0.626953125 0.8488372093023255 0.728515625
0 0.8212209302325582 0.466796875 0.8880813953488372 0.466796875 0.8880813953488372 0.373046875 0.8212209302325582 0.373046875 0.8212209302325582 0.466796875
0 0.5944767441860465 0.751953125 0.6642441860465116 0.751953125 0.6642441860465116 0.626953125 0.5944767441860465 0.626953125 0.5944767441860465 0.751953125
0 0.3997093023255814 0.814453125 0.47238372093023256 0.814453125 0.47238372093023256 0.697265625 0.3997093023255814 0.697265625 0.3997093023255814 0.814453125
0 0.6497093023255814 0.2265625 0.7223837209302325 0.2265625 0.7223837209302325 0.125 0.6497093023255814 0.125 0.6497093023255814 0.2265625
0 0.7281976744186046 0.3046875 0.8008720930232558 0.3046875 0.8008720930232558 0.1796875 0.7281976744186046 0.1796875 0.7281976744186046 0.3046875
0 0.3488372093023256 0.73828125 0.4186046511627907 0.73828125 0.4186046511627907 0.6171875 0.3488372093023256 0.6171875 0.3488372093023256 0.73828125
0 0.6744186046511628 0.74609375 0.7441860465116279 0.74609375 0.7441860465116279 0.625 0.6744186046511628 0.625 0.6744186046511628 0.74609375
0 0.027616279069767442 0.470703125 0.10319767441860465 0.470703125 0.10319767441860465 0.353515625 0.027616279069767442 0.353515625 0.027616279069767442 0.470703125
0 0 0.33203125 0.023255813953488372 0.33203125 0.023255813953488372 0.23046875 0 0.23046875 0 0.33203125
0 0.4171511627906977 0 0.4171511627906977 0.046875 0.4898255813953488 0.046875 0.4898255813953488 0 0.4171511627906977 0
0 0.17005813953488372 0.671875 0.24273255813953487 0.671875 0.24273255813953487 0.5625 0.17005813953488372 0.5625 0.17005813953488372 0.671875
0 0.8546511627906976 0.9453125 0.9156976744186046 0.9453125 0.9156976744186046 0.80078125 0.8546511627906976 0.80078125 0.8546511627906976 0.9453125
0 0.5436046511627907 0 0.5436046511627907 0.05078125 0.6075581395348837 0.05078125 0.6075581395348837 0 0.5436046511627907 0
0 0.046511627906976744 0.693359375 0.13372093023255813 0.693359375 0.13372093023255813 0.552734375 0.046511627906976744 0.552734375 0.046511627906976744 0.693359375
0 0.0014534883720930232 0.806640625 0.06540697674418605 0.806640625 0.06540697674418605 0.697265625 0.0014534883720930232 0.697265625 0.0014534883720930232 0.806640625
0 0.6148255813953488 0 0.6148255813953488 0.05078125 0.6787790697674418 0.05078125 0.6787790697674418 0 0.6148255813953488 0
0 0.08866279069767442 0.548828125 0.16424418604651161 0.548828125 0.16424418604651161 0.423828125 0.08866279069767442 0.423828125 0.08866279069767442 0.548828125
0 0.5232558139534884 0.7421875 0.5872093023255814 0.7421875 0.5872093023255814 0.625 0.5232558139534884 0.625 0.5232558139534884 0.7421875
0 0.7441860465116279 0 0.7441860465116279 0.05078125 0.8255813953488372 0.05078125 0.8255813953488372 0 0.7441860465116279 0
0 0.7252906976744186 0.666015625 0.7834302325581395 0.666015625 0.7834302325581395 0.560546875 0.7252906976744186 0.560546875 0.7252906976744186 0.666015625
0 0 0.083984375 0.02616279069767442 0.083984375 0.02616279069767442 0.009765625 0 0.009765625 0 0.083984375
0 0.8924418604651163 1 0.8924418604651163 0.96875 0.8284883720930233 0.96875 0.8284883720930233 1 0.8924418604651163 1
0 0.5479651162790697 1 0.5479651162790697 0.9765625 0.48691860465116277 0.9765625 0.48691860465116277 1 0.5479651162790697 1
0 0.24709302325581395 0 0.24709302325581395 0.02734375 0.313953488372093 0.02734375 0.313953488372093 0 0.24709302325581395 0