0 0.36046511627906974 0.96875 0.44476744186046513 0.96875 0.44476744186046513 0.84765625 0.36046511627906974 0.84765625 0.36046511627906974 0.96875
0 0.125 0.365234375 0.2005813953488372 0.365234375 0.2005813953488372 0.251953125 0.125 0.251953125 0.125 0.365234375
0 0.6962209302325582 0.888671875 0.7747093023255814 0.888671875 0.7747093023255814 0.771484375 0.6962209302325582 0.771484375 0.6962209302325582 0.888671875
0 0.5973837209302325 0.5625 0.6700581395348837 0.5625 0.6700581395348837 0.44921875 0.5973837209302325 0.44921875 0.5973837209302325 0.5625
0 0.6787790697674418 0.12109375 0.748546511627907 0.12109375 0.748546511627907 0.01953125 0.6787790697674418 0.01953125 0.6787790697674418 0.12109375
0 0.8517441860465116 0.99609375 0.9331395348837209 0.99609375 0.9331395348837209 0.90625 0.8517441860465116 0.90625 0.8517441860465116 0.99609375
0 0.7674418604651163 0.966796875 0.8517441860465116 0.966796875 0.8517441860465116 0.841796875 0.7674418604651163 0.841796875 0.7674418604651163 0.966796875
0 0.18895348837209303 0.291015625 0.26744186046511625 0.291015625 0.26744186046511625 0.181640625 0.18895348837209303 0.181640625 0.18895348837209303 0.291015625
0 0.14098837209302326 0.185546875 0.2194767441860465 0.185546875 0.2194767441860465 0.060546875 0.14098837209302326 0.060546875 0.14098837209302326 0.185546875
0 0.3502906976744186 0.421875 0.4258720930232558 0.421875 0.4258720930232558 0.3203125 0.3502906976744186 0.3203125 0.3502906976744186 0.421875
0 0.4578488372093023 0.431640625 0.5363372093023255 0.431640625 0.5363372093023255 0.322265625 0.4578488372093023 0.322265625 0.4578488372093023 0.431640625
0 0.623546511627907 0.236328125 0.690406976744186 0.236328125 0.690406976744186 0.134765625 0.623546511627907 0.134765625 0.623546511627907 0.236328125
0 0.6511627906976745 0.369140625 0.7180232558139535 0.369140625 0.7180232558139535 0.251953125 0.6511627906976745 0.251953125 0.6511627906976745 0.369140625
0 0.36046511627906974 0.296875 0.43023255813953487 0.296875 0.43023255813953487 0.1875 0.36046511627906974 0.1875 0.36046511627906974 0.296875
0 0.751453488372093 0.818359375 0.8299418604651163 0.818359375 0.8299418604651163 0.705078125 0.751453488372093 0.705078125 0.751453488372093 0.818359375
0 0.5741279069767442 0.375 0.6438953488372093 0.375 0.6438953488372093 0.25 0.5741279069767442 0.25 0.5741279069767442 0.375
0 0.47238372093023256 0.2421875 0.5421511627906976 0.2421875 0.5421511627906976 0.140625 0.47238372093023256 0.140625 0.47238372093023256 0.2421875
0 0.050872093023255814 0.482421875 0.13226744186046513 0.482421875 0.13226744186046513 0.376953125 0.050872093023255814 0.376953125 0.050872093023255814 0.482421875
0 0.23401162790697674 0.892578125 0.3125 0.892578125 0.3125 0.783203125 0.23401162790697674 0.783203125 0.23401162790697674 0.892578125
0 0.38226744186046513 0.8359375 0.44622093023255816 0.8359375 0.44622093023255816 0.70703125 0.38226744186046513 0.70703125 0.38226744186046513 0.8359375
0 0.2747093023255814 0.283203125 0.34738372093023256 0.283203125 0.34738372093023256 0.185546875 0.2747093023255814 0.185546875 0.2747093023255814 0.283203125
0 0.4636627906976744 0.55859375 0.5305232558139535 0.55859375 0.5305232558139535 0.453125 0.4636627906976744 0.453125 0.4636627906976744 0.55859375
0 0.559593023255814 0.974609375 0.6409883720930233 0.974609375 0.6409883720930233 0.849609375 0.559593023255814 0.849609375 0.559593023255814 0.974609375
0 0.5494186046511628 0.244140625 0.6162790697674418 0.244140625 0.6162790697674418 0.134765625 0.5494186046511628 0.134765625 0.5494186046511628 0.244140625
0 0.6293604651162791 0.99609375 0.7078488372093024 0.99609375 0.7078488372093024 0.91796875 0.6293604651162791 0.91796875 0.6293604651162791 0.99609375
0 0.3023255813953488 0.837890625 0.375 0.837890625 0.375 0.712890625 0.3023255813953488 0.712890625 0.3023255813953488 0.837890625
0 0.5421511627906976 0.6796875 0.6119186046511628 0.6796875 0.6119186046511628 0.5703125 0.5421511627906976 0.5703125 0.5421511627906976 0.6796875
0 0.6700581395348837 0.619140625 0.748546511627907 0.619140625 0.748546511627907 0.501953125 0.6700581395348837 0.501953125 0.6700581395348837 0.619140625
0 0.436046511627907 0.298828125 0.502906976744186 0.298828125 0.502906976744186 0.185546875 0.436046511627907 0.185546875 0.436046511627907 0.298828125
0 0.12209302325581395 0.82421875 0.2063953488372093 0.82421875 0.2063953488372093 0.7109375 0.12209302325581395 0.7109375 0.12209302325581395 0.82421875
0 0.5 0.99609375 0.5697674418604651 0.99609375 0.5697674418604651 0.91796875 0.5 0.91796875 0.5 0.99609375
0 0.09593023255813954 0.99609375 0.1686046511627907 0.99609375 0.1686046511627907 0.90234375 0.09593023255813954 0.90234375 0.09593023255813954 0.99609375
0 0.6337209302325582 0.82421875 0.7122093023255814 0.82421875 0.7122093023255814 0.703125 0.6337209302325582 0.703125 0.6337209302325582 0.82421875
0 0.5450581395348837 0.494140625 0.6206395348837209 0.494140625 0.6206395348837209 0.380859375 0.5450581395348837 0.380859375 0.5450581395348837 0.494140625
0 0.6468023255813954 0.494140625 0.7136627906976745 0.494140625 0.7136627906976745 0.384765625 0.6468023255813954 0.384765625 0.6468023255813954 0.494140625
0 0.813953488372093 0.677734375 0.877906976744186 0.677734375 0.877906976744186 0.576171875 0.813953488372093 0.576171875 0.813953488372093 0.677734375
0 0.751453488372093 0.291015625 0.8183139534883721 0.291015625 0.8183139534883721 0.193359375 0.751453488372093 0.193359375 0.751453488372093 0.291015625
0 0.3851744186046512 0.578125 0.45494186046511625 0.578125 0.45494186046511625 0.453125 0.3851744186046512 0.453125 0.3851744186046512 0.578125
0 0.6191860465116279 0.693359375 0.688953488372093 0.693359375 0.688953488372093 0.580078125 0.6191860465116279 0.580078125 0.6191860465116279 0.693359375
0 0.502906976744186 0.35546875 0.5668604651162791 0.35546875 0.5668604651162791 0.2578125 0.502906976744186 0.2578125 0.502906976744186 0.35546875
0 0.7223837209302325 0.369140625 0.7834302325581395 0.369140625 0.7834302325581395 0.263671875 0.7223837209302325 0.263671875 0.7223837209302325 0.369140625
0 0.7543604651162791 0.119140625 0.8212209302325582 0.119140625 0.8212209302325582 0.025390625 0.7543604651162791 0.025390625 0.7543604651162791 0.119140625
0 0.30377906976744184 0.583984375 0.376453488372093 0.583984375 0.376453488372093 0.451171875 0.30377906976744184 0.451171875 0.30377906976744184 0.583984375
0 0.22965116279069767 0.490234375 0.313953488372093 0.490234375 0.313953488372093 0.376953125 0.22965116279069767 0.376953125 0.22965116279069767 0.490234375
0 0.6991279069767442 0.24609375 0.751453488372093 0.24609375 0.751453488372093 0.1328125 0.6991279069767442 0.1328125 0.6991279069767442 0.24609375
0 0.5130813953488372 0 0.5130813953488372 0.05859375 0.5857558139534884 0.05859375 0.5857558139534884 0 0.5130813953488372 0
0 0.4331395348837209 0.689453125 0.5087209302325582 0.689453125 0.5087209302325582 0.576171875 0.4331395348837209 0.576171875 0.4331395348837209 0.689453125
0 0.39680232558139533 0 0.39680232558139533 0.0546875 0.46075581395348836 0.0546875 0.46075581395348836 0 0.39680232558139533 0
0 0.0014534883720930232 0.41015625 0.03924418604651163 0.41015625 0.03924418604651163 0.3125 0.0014534883720930232 0.3125 0.0014534883720930232 0.41015625
0 0.8546511627906976 0.806640625 0.936046511627907 0.806640625 0.936046511627907 0.705078125 0.8546511627906976 0.705078125 0.8546511627906976 0.806640625
0 0.8357558139534884 0.548828125 0.9055232558139535 0.548828125 0.9055232558139535 0.447265625 0.8357558139534884 0.447265625 0.8357558139534884 0.548828125
0 0.2543604651162791 0 0.2543604651162791 0.03515625 0.32122093023255816 0.03515625 0.32122093023255816 0 0.2543604651162791 0
0 0.8226744186046512 0.296875 0.8895348837209303 0.296875 0.8895348837209303 0.19921875 0.8226744186046512 0.19921875 0.8226744186046512 0.296875
0 0.747093023255814 0.681640625 0.8052325581395349 0.681640625 0.8052325581395349 0.560546875 0.747093023255814 0.560546875 0.747093023255814 0.681640625
0 0.0755813953488372 0.90234375 0.13662790697674418 0.90234375 0.13662790697674418 0.77734375 0.0755813953488372 0.77734375 0.0755813953488372 0.90234375
0 0.7238372093023255 0.498046875 0.7936046511627907 0.498046875 0.7936046511627907 0.384765625 0.7238372093023255 0.384765625 0.7238372093023255 0.498046875
0 0.1816860465116279 0 0.1816860465116279 0.05859375 0.24563953488372092 0.05859375 0.24563953488372092 0 0.1816860465116279 0
0 0.5901162790697675 0 0.5901162790697675 0.05859375 0.6540697674418605 0.05859375 0.6540697674418605 0 0.5901162790697675 0
0 0.32994186046511625 0 0.32994186046511625 0.0390625 0.3851744186046512 0.0390625 0.3851744186046512 0 0.32994186046511625 0
0 0.07122093023255814 0.69140625 0.1380813953488372 0.69140625 0.1380813953488372 0.5703125 0.07122093023255814 0.5703125 0.07122093023255814 0.69140625