0 0.18101092896174864 0.18545454545454546 0.2465846994535519 0.18545454545454546 0.2465846994535519 0.08363636363636363 0.18101092896174864 0.08363636363636363 0.18101092896174864 0.18545454545454546
0 0.2301912568306011 0.31363636363636366 0.2930327868852459 0.31363636363636366 0.2930327868852459 0.21545454545454545 0.2301912568306011 0.21545454545454545 0.2301912568306011 0.31363636363636366
0 0.36885245901639346 0.5890909090909091 0.43306010928961747 0.5890909090909091 0.43306010928961747 0.4818181818181818 0.36885245901639346 0.4818181818181818 0.36885245901639346 0.5890909090909091
0 0.15300546448087432 0.6872727272727273 0.226775956284153 0.6872727272727273 0.226775956284153 0.5745454545454546 0.15300546448087432 0.5745454545454546 0.15300546448087432 0.6872727272727273
0 0.4344262295081967 0.5790909090909091 0.4931693989071038 0.5790909090909091 0.4931693989071038 0.47363636363636363 0.4344262295081967 0.47363636363636363 0.4344262295081967 0.5790909090909091
0 0.5136612021857924 0.9063636363636364 0.5724043715846995 0.9063636363636364 0.5724043715846995 0.7881818181818182 0.5136612021857924 0.7881818181818182 0.5136612021857924 0.9063636363636364
0 0.28415300546448086 0.9990909090909091 0.35655737704918034 0.9990909090909091 0.35655737704918034 0.9172727272727272 0.28415300546448086 0.9172727272727272 0.28415300546448086 0.9990909090909091
0 0.3155737704918033 0.21363636363636362 0.3756830601092896 0.21363636363636362 0.3756830601092896 0.11727272727272728 0.3155737704918033 0.11727272727272728 0.3155737704918033 0.21363636363636362
0 0.1864754098360656 0.9963636363636363 0.26844262295081966 0.9963636363636363 0.26844262295081966 0.8781818181818182 0.1864754098360656 0.8781818181818182 0.1864754098360656 0.9963636363636363
0 0.44398907103825136 0.3718181818181818 0.5150273224043715 0.3718181818181818 0.5150273224043715 0.2736363636363636 0.44398907103825136 0.2736363636363636 0.44398907103825136 0.3718181818181818
0 0.5478142076502732 0.5490909090909091 0.6038251366120219 0.5490909090909091 0.6038251366120219 0.44727272727272727 0.5478142076502732 0.44727272727272727 0.5478142076502732 0.5490909090909091
0 0.18101092896174864 0.8036363636363636 0.24931693989071038 0.8036363636363636 0.24931693989071038 0.6872727272727273 0.18101092896174864 0.6872727272727273 0.18101092896174864 0.8036363636363636
0 0.45286885245901637 0.27636363636363637 0.5088797814207651 0.27636363636363637 0.5088797814207651 0.19272727272727272 0.45286885245901637 0.19272727272727272 0.45286885245901637 0.27636363636363637
0 0.44193989071038253 0.15272727272727274 0.49658469945355194 0.15272727272727274 0.49658469945355194 0.06909090909090909 0.44193989071038253 0.06909090909090909 0.44193989071038253 0.15272727272727274
0 0.7855191256830601 0.850909090909091 0.8360655737704918 0.850909090909091 0.8360655737704918 0.7436363636363637 0.7855191256830601 0.7436363636363637 0.7855191256830601 0.850909090909091
0 0.26434426229508196 0.17545454545454545 0.32308743169398907 0.17545454545454545 0.32308743169398907 0.07181818181818182 0.26434426229508196 0.07181818181818182 0.26434426229508196 0.17545454545454545
0 0.38114754098360654 0.8845454545454545 0.4521857923497268 0.8845454545454545 0.4521857923497268 0.7645454545454545 0.38114754098360654 0.7645454545454545 0.38114754098360654 0.8845454545454545
0 0.5724043715846995 0.8827272727272727 0.6297814207650273 0.8827272727272727 0.6297814207650273 0.7772727272727272 0.5724043715846995 0.7772727272727272 0.5724043715846995 0.8827272727272727
0 0.6530054644808743 0.9981818181818182 0.7213114754098361 0.9981818181818182 0.7213114754098361 0.9236363636363636 0.6530054644808743 0.9236363636363636 0.6530054644808743 0.9981818181818182
0 0.11133879781420765 0.42363636363636364 0.1864754098360656 0.42363636363636364 0.1864754098360656 0.31636363636363635 0.11133879781420765 0.31636363636363635 0.11133879781420765 0.42363636363636364
0 0.35450819672131145 0.16727272727272727 0.4105191256830601 0.16727272727272727 0.4105191256830601 0.07454545454545454 0.35450819672131145 0.07454545454545454 0.35450819672131145 0.16727272727272727
0 0.4569672131147541 0.75 0.5239071038251366 0.75 0.5239071038251366 0.6245454545454545 0.4569672131147541 0.6245454545454545 0.4569672131147541 0.75
0 0.6844262295081968 0.5536363636363636 0.7336065573770492 0.5536363636363636 0.7336065573770492 0.46090909090909093 0.6844262295081968 0.46090909090909093 0.6844262295081968 0.5536363636363636
0 0.6605191256830601 0.7363636363636363 0.7096994535519126 0.7363636363636363 0.7096994535519126 0.6381818181818182 0.6605191256830601 0.6381818181818182 0.6605191256830601 0.7363636363636363
0 0.4098360655737705 0.8072727272727273 0.476775956284153 0.8072727272727273 0.476775956284153 0.7018181818181818 0.4098360655737705 0.7018181818181818 0.4098360655737705 0.8072727272727273
0 0.6407103825136612 0.3409090909090909 0.6857923497267759 0.3409090909090909 0.6857923497267759 0.25181818181818183 0.6407103825136612 0.25181818181818183 0.6407103825136612 0.3409090909090909
0 0.6263661202185792 0.25363636363636366 0.6782786885245902 0.25363636363636366 0.6782786885245902 0.16454545454545455 0.6263661202185792 0.16454545454545455 0.6263661202185792 0.25363636363636366
0 0.6577868852459017 0.4172727272727273 0.712431693989071 0.4172727272727273 0.712431693989071 0.33 0.6577868852459017 0.33 0.6577868852459017 0.4172727272727273
0 0.2930327868852459 0.12090909090909091 0.35040983606557374 0.12090909090909091 0.35040983606557374 0.04454545454545455 0.2930327868852459 0.04454545454545455 0.2930327868852459 0.12090909090909091
0 0.5812841530054644 0.8054545454545454 0.648224043715847 0.8054545454545454 0.648224043715847 0.6981818181818182 0.5812841530054644 0.6981818181818182 0.5812841530054644 0.8054545454545454
0 0.4781420765027322 0.5081818181818182 0.5368852459016393 0.5081818181818182 0.5368852459016393 0.41 0.4781420765027322 0.41 0.4781420765027322 0.5081818181818182
0 0.41188524590163933 0 0.41188524590163933 0.09090909090909091 0.4651639344262295 0.09090909090909091 0.4651639344262295 0 0.41188524590163933 0
0 0.639344262295082 0.46454545454545454 0.6898907103825137 0.46454545454545454 0.6898907103825137 0.38272727272727275 0.639344262295082 0.38272727272727275 0.639344262295082 0.46454545454545454
0 0.7247267759562842 0.9981818181818182 0.7903005464480874 0.9981818181818182 0.7903005464480874 0.889090909090909 0.7247267759562842 0.889090909090909 0.7247267759562842 0.9981818181818182
0 0.5580601092896175 0.2718181818181818 0.6127049180327869 0.2718181818181818 0.6127049180327869 0.17545454545454545 0.5580601092896175 0.17545454545454545 0.5580601092896175 0.2718181818181818
0 0.7117486338797814 0.7181818181818181 0.7622950819672131 0.7181818181818181 0.7622950819672131 0.6145454545454545 0.7117486338797814 0.6145454545454545 0.7117486338797814 0.7181818181818181
0 0.1407103825136612 0.34 0.1953551912568306 0.34 0.1953551912568306 0.2509090909090909 0.1407103825136612 0.2509090909090909 0.1407103825136612 0.34
0 0.6454918032786885 0.8536363636363636 0.6892076502732241 0.8536363636363636 0.6892076502732241 0.7518181818181818 0.6454918032786885 0.7518181818181818 0.6454918032786885 0.8536363636363636
0 0.7083333333333334 0.89 0.7588797814207651 0.89 0.7588797814207651 0.7736363636363637 0.7083333333333334 0.7736363636363637 0.7083333333333334 0.89
0 0.523224043715847 0.3190909090909091 0.5778688524590164 0.3190909090909091 0.5778688524590164 0.22090909090909092 0.523224043715847 0.22090909090909092 0.523224043715847 0.3190909090909091
0 0.4952185792349727 0.4581818181818182 0.5621584699453552 0.4581818181818182 0.5621584699453552 0.3563636363636364 0.4952185792349727 0.3563636363636364 0.4952185792349727 0.4581818181818182
0 0.5806010928961749 0.18636363636363637 0.6311475409836066 0.18636363636363637 0.6311475409836066 0.09181818181818181 0.5806010928961749 0.09181818181818181 0.5806010928961749 0.18636363636363637
0 0.6004098360655737 0.74 0.6605191256830601 0.74 0.6605191256830601 0.6436363636363637 0.6004098360655737 0.6436363636363637 0.6004098360655737 0.74
0 0.8012295081967213 0.6818181818181818 0.8531420765027322 0.6818181818181818 0.8531420765027322 0.5781818181818181 0.8012295081967213 0.5781818181818181 0.8012295081967213 0.6818181818181818
0 0.8162568306010929 0.7881818181818182 0.8722677595628415 0.7881818181818182 0.8722677595628415 0.6772727272727272 0.8162568306010929 0.6772727272727272 0.8162568306010929 0.7881818181818182
0 0.8709016393442623 0.8081818181818182 0.9159836065573771 0.8081818181818182 0.9159836065573771 0.7136363636363636 0.8709016393442623 0.7136363636363636 0.8709016393442623 0.8081818181818182
0 0.8627049180327869 0.9981818181818182 0.9146174863387978 0.9981818181818182 0.9146174863387978 0.9527272727272728 0.8627049180327869 0.9527272727272728 0.8627049180327869 0.9981818181818182
0 0.6666666666666666 0.6454545454545455 0.7240437158469946 0.6454545454545455 0.7240437158469946 0.5581818181818182 0.6666666666666666 0.5581818181818182 0.6666666666666666 0.6454545454545455
0 0.7773224043715847 0.53 0.825136612021858 0.53 0.825136612021858 0.4354545454545454 0.7773224043715847 0.4354545454545454 0.7773224043715847 0.53
0 0.32581967213114754 0.9754545454545455 0.40095628415300544 0.9754545454545455 0.40095628415300544 0.8409090909090909 0.32581967213114754 0.8409090909090909 0.32581967213114754 0.9754545454545455
0 0.8258196721311475 0.8963636363636364 0.875 0.8963636363636364 0.875 0.7945454545454546 0.8258196721311475 0.7945454545454546 0.8258196721311475 0.8963636363636364
0 0.575136612021858 0.4772727272727273 0.6256830601092896 0.4772727272727273 0.6256830601092896 0.3990909090909091 0.575136612021858 0.3990909090909091 0.575136612021858 0.4772727272727273
0 0.48633879781420764 0 0.48633879781420764 0.06545454545454546 0.5341530054644809 0.06545454545454546 0.5341530054644809 0 0.48633879781420764 0
0 0.7260928961748634 0.8118181818181818 0.7807377049180327 0.8118181818181818 0.7807377049180327 0.7209090909090909 0.7260928961748634 0.7209090909090909 0.7260928961748634 0.8118181818181818
0 0.35792349726775957 0 0.35792349726775957 0.05454545454545454 0.412568306010929 0.05454545454545454 0.412568306010929 0 0.35792349726775957 0
0 0 0.9981818181818182 0.02459016393442623 0.9981818181818182 0.02459016393442623 0.9581818181818181 0 0.9581818181818181 0 0.9981818181818182
0 0.6004098360655737 0.11090909090909092 0.6441256830601093 0.11090909090909092 0.6441256830601093 0.05272727272727273 0.6004098360655737 0.05272727272727273 0.6004098360655737 0.11090909090909092
0 0.9357923497267759 0.9981818181818182 0.9808743169398907 0.9981818181818182 0.9808743169398907 0.9709090909090909 0.9357923497267759 0.9709090909090909 0.9357923497267759 0.9981818181818182