0 0.2575136612021858 0.2509090909090909 0.31898907103825136 0.2509090909090909 0.31898907103825136 0.14727272727272728 0.2575136612021858 0.14727272727272728 0.2575136612021858 0.2509090909090909
0 0.05874316939890711 0.31363636363636366 0.12568306010928962 0.31363636363636366 0.12568306010928962 0.21 0.05874316939890711 0.21 0.05874316939890711 0.31363636363636366
0 0.29918032786885246 0.8163636363636364 0.3729508196721312 0.8163636363636364 0.3729508196721312 0.6909090909090909 0.29918032786885246 0.6909090909090909 0.29918032786885246 0.8163636363636364
0 0.32172131147540983 0.23636363636363636 0.3790983606557377 0.23636363636363636 0.3790983606557377 0.14545454545454545 0.32172131147540983 0.14545454545454545 0.32172131147540983 0.23636363636363636
0 0.7308743169398907 0.6809090909090909 0.7827868852459017 0.6809090909090909 0.7827868852459017 0.5809090909090909 0.7308743169398907 0.5809090909090909 0.7308743169398907 0.6809090909090909
0 0.21448087431693988 0.5490909090909091 0.2814207650273224 0.5490909090909091 0.2814207650273224 0.43454545454545457 0.21448087431693988 0.43454545454545457 0.21448087431693988 0.5490909090909091
0 0.07923497267759563 0.4081818181818182 0.1448087431693989 0.4081818181818182 0.1448087431693989 0.30454545454545456 0.07923497267759563 0.30454545454545456 0.07923497267759563 0.4081818181818182
0 0.6577868852459017 0.5009090909090909 0.7069672131147541 0.5009090909090909 0.7069672131147541 0.3990909090909091 0.6577868852459017 0.3990909090909091 0.6577868852459017 0.5009090909090909
0 0.24863387978142076 0.9990909090909091 0.32786885245901637 0.9990909090909091 0.32786885245901637 0.9063636363636364 0.24863387978142076 0.9063636363636364 0.24863387978142076 0.9990909090909091
0 0.3948087431693989 0.5136363636363637 0.45081967213114754 0.5136363636363637 0.45081967213114754 0.40636363636363637 0.3948087431693989 0.40636363636363637 0.3948087431693989 0.5136363636363637
0 0.805327868852459 0.7072727272727273 0.85724043715847 0.7072727272727273 0.85724043715847 0.610909090909091 0.805327868852459 0.610909090909091 0.805327868852459 0.7072727272727273
0 0.4323770491803279 0.7827272727272727 0.4924863387978142 0.7827272727272727 0.4924863387978142 0.6718181818181819 0.4323770491803279 0.6718181818181819 0.4323770491803279 0.7827272727272727
0 0.7670765027322405 0.8445454545454546 0.8189890710382514 0.8445454545454546 0.8189890710382514 0.7372727272727273 0.7670765027322405 0.7372727272727273 0.7670765027322405 0.8445454545454546
0 0.5355191256830601 0.3927272727272727 0.5860655737704918 0.3927272727272727 0.5860655737704918 0.29818181818181816 0.5355191256830601 0.29818181818181816 0.5355191256830601 0.3927272727272727
0 0.6311475409836066 0.9972727272727273 0.6871584699453552 0.9972727272727273 0.6871584699453552 0.9172727272727272 0.6311475409836066 0.9172727272727272 0.6311475409836066 0.9972727272727273
0 0.6905737704918032 0.44727272727272727 0.7506830601092896 0.44727272727272727 0.7506830601092896 0.3490909090909091 0.6905737704918032 0.3490909090909091 0.6905737704918032 0.44727272727272727
0 0.34084699453551914 0.3790909090909091 0.4023224043715847 0.3790909090909091 0.4023224043715847 0.27 0.34084699453551914 0.27 0.34084699453551914 0.3790909090909091
0 0.6010928961748634 0.6154545454545455 0.6612021857923497 0.6154545454545455 0.6612021857923497 0.5154545454545455 0.6010928961748634 0.5154545454545455 0.6010928961748634 0.6154545454545455
0 0.17691256830601093 0.6063636363636363 0.24112021857923496 0.6063636363636363 0.24112021857923496 0.49363636363636365 0.17691256830601093 0.49363636363636365 0.17691256830601093 0.6063636363636363
0 0.3360655737704918 0 0.3360655737704918 0.08 0.3989071038251366 0.08 0.3989071038251366 0 0.3360655737704918 0
0 0.7295081967213115 0.9945454545454545 0.7814207650273224 0.9945454545454545 0.7814207650273224 0.8727272727272727 0.7295081967213115 0.8727272727272727 0.7295081967213115 0.9945454545454545
0 0.37636612021857924 0.7918181818181819 0.4323770491803279 0.7918181818181819 0.4323770491803279 0.6809090909090909 0.37636612021857924 0.6809090909090909 0.37636612021857924 0.7918181818181819
0 0.3599726775956284 0.2018181818181818 0.42008196721311475 0.2018181818181818 0.42008196721311475 0.09636363636363636 0.3599726775956284 0.09636363636363636 0.3599726775956284 0.2018181818181818
0 0.4931693989071038 0.7727272727272727 0.546448087431694 0.7727272727272727 0.546448087431694 0.6545454545454545 0.4931693989071038 0.6545454545454545 0.4931693989071038 0.7727272727272727
0 0.6796448087431693 0.3490909090909091 0.7274590163934426 0.3490909090909091 0.7274590163934426 0.26545454545454544 0.6796448087431693 0.26545454545454544 0.6796448087431693 0.3490909090909091
0 0.2691256830601093 0.4863636363636364 0.33469945355191255 0.4863636363636364 0.33469945355191255 0.3790909090909091 0.2691256830601093 0.3790909090909091 0.2691256830601093 0.4863636363636364
0 0.4378415300546448 0.9990909090909091 0.5116120218579235 0.9990909090909091 0.5116120218579235 0.9190909090909091 0.4378415300546448 0.9190909090909091 0.4378415300546448 0.9990909090909091
0 0.430327868852459 0.22090909090909092 0.4849726775956284 0.22090909090909092 0.4849726775956284 0.1318181818181818 0.430327868852459 0.1318181818181818 0.430327868852459 0.22090909090909092
0 0.7110655737704918 0.8672727272727273 0.769808743169399 0.8672727272727273 0.769808743169399 0.7581818181818182 0.7110655737704918 0.7581818181818182 0.7110655737704918 0.8672727272727273
0 0.09221311475409837 0.5636363636363636 0.16051912568306012 0.5636363636363636 0.16051912568306012 0.4581818181818182 0.09221311475409837 0.4581818181818182 0.09221311475409837 0.5636363636363636
0 0.5744535519125683 0.7381818181818182 0.6277322404371585 0.7381818181818182 0.6277322404371585 0.6345454545454545 0.5744535519125683 0.6345454545454545 0.5744535519125683 0.7381818181818182
0 0.6919398907103825 0.9990909090909091 0.7465846994535519 0.9990909090909091 0.7465846994535519 0.9518181818181818 0.6919398907103825 0.9518181818181818 0.6919398907103825 0.9990909090909091
0 0.5273224043715847 0.6181818181818182 0.5887978142076503 0.6181818181818182 0.5887978142076503 0.5363636363636364 0.5273224043715847 0.5363636363636364 0.5273224043715847 0.6181818181818182
0 0.5218579234972678 0.4863636363636364 0.569672131147541 0.4863636363636364 0.569672131147541 0.39 0.5218579234972678 0.39 0.5218579234972678 0.4863636363636364
0 0.4603825136612022 0.43363636363636365 0.5218579234972678 0.43363636363636365 0.5218579234972678 0.3390909090909091 0.4603825136612022 0.3390909090909091 0.4603825136612022 0.43363636363636365
0 0.8415300546448088 0.9690909090909091 0.8907103825136612 0.9690909090909091 0.8907103825136612 0.8872727272727273 0.8415300546448088 0.8872727272727273 0.8415300546448088 0.9690909090909091
0 0.7431693989071039 0.47363636363636363 0.7896174863387978 0.47363636363636363 0.7896174863387978 0.38272727272727275 0.7431693989071039 0.38272727272727275 0.7431693989071039 0.47363636363636363
0 0.45150273224043713 0.5009090909090909 0.5047814207650273 0.5009090909090909 0.5047814207650273 0.40454545454545454 0.45150273224043713 0.40454545454545454 0.45150273224043713 0.5009090909090909
0 0.5601092896174863 0.23727272727272727 0.6120218579234973 0.23727272727272727 0.6120218579234973 0.15545454545454546 0.5601092896174863 0.15545454545454546 0.5601092896174863 0.23727272727272727
0 0.587431693989071 0.3845454545454545 0.6338797814207651 0.3845454545454545 0.6338797814207651 0.2881818181818182 0.587431693989071 0.2881818181818182 0.587431693989071 0.3845454545454545
0 0.46379781420765026 0.96 0.5348360655737705 0.96 0.5348360655737705 0.8418181818181818 0.46379781420765026 0.8418181818181818 0.46379781420765026 0.96
0 0.5184426229508197 0.17909090909090908 0.5703551912568307 0.17909090909090908 0.5703551912568307 0.08636363636363636 0.5184426229508197 0.08636363636363636 0.5184426229508197 0.17909090909090908
0 0.5129781420765027 0.7054545454545454 0.5758196721311475 0.7054545454545454 0.5758196721311475 0.5945454545454546 0.5129781420765027 0.5945454545454546 0.5129781420765027 0.7054545454545454
0 0.47882513661202186 0.38636363636363635 0.5362021857923497 0.38636363636363635 0.5362021857923497 0.3009090909090909 0.47882513661202186 0.3009090909090909 0.47882513661202186 0.38636363636363635
0 0.7015027322404371 0.5454545454545454 0.7479508196721312 0.5454545454545454 0.7479508196721312 0.4490909090909091 0.7015027322404371 0.4490909090909091 0.7015027322404371 0.5454545454545454
0 0.8545081967213115 0.7827272727272727 0.898224043715847 0.7827272727272727 0.898224043715847 0.7045454545454546 0.8545081967213115 0.7045454545454546 0.8545081967213115 0.7827272727272727
0 0.8319672131147541 0.88 0.8838797814207651 0.88 0.8838797814207651 0.7618181818181818 0.8319672131147541 0.7618181818181818 0.8319672131147541 0.88
0 0.5840163934426229 0.5145454545454545 0.630464480874317 0.5145454545454545 0.630464480874317 0.41454545454545455 0.5840163934426229 0.41454545454545455 0.5840163934426229 0.5145454545454545
0 0.8203551912568307 0.9990909090909091 0.8777322404371585 0.9990909090909091 0.8777322404371585 0.9554545454545454 0.8203551912568307 0.9554545454545454 0.8203551912568307 0.9990909090909091
0 0.5484972677595629 0.30636363636363634 0.6045081967213115 0.30636363636363634 0.6045081967213115 0.2318181818181818 0.5484972677595629 0.2318181818181818 0.5484972677595629 0.30636363636363634
0 0.8599726775956285 0.7118181818181818 0.9036885245901639 0.7118181818181818 0.9036885245901639 0.6281818181818182 0.8599726775956285 0.6281818181818182 0.8599726775956285 0.7118181818181818
0 0.3825136612021858 0.1409090909090909 0.4426229508196721 0.1409090909090909 0.4426229508196721 0.053636363636363635 0.3825136612021858 0.053636363636363635 0.3825136612021858 0.1409090909090909
0 0.6434426229508197 0.94 0.7076502732240437 0.94 0.7076502732240437 0.8454545454545455 0.6434426229508197 0.8454545454545455 0.6434426229508197 0.94
0 0.1598360655737705 0.9254545454545454 0.2336065573770492 0.9254545454545454 0.2336065573770492 0.7945454545454546 0.1598360655737705 0.7945454545454546 0.1598360655737705 0.9254545454545454
0 0.8879781420765027 0.9981818181818182 0.9385245901639344 0.9981818181818182 0.9385245901639344 0.9181818181818182 0.8879781420765027 0.9181818181818182 0.8879781420765027 0.9981818181818182
0 0.51775956284153 0.9981818181818182 0.5737704918032787 0.9981818181818182 0.5737704918032787 0.9581818181818181 0.51775956284153 0.9581818181818181 0.51775956284153 0.9981818181818182
0 0.5416666666666666 0.12818181818181817 0.6004098360655737 0.12818181818181817 0.6004098360655737 0.046363636363636364 0.5416666666666666 0.046363636363636364 0.5416666666666666 0.12818181818181817
0 0.7937158469945356 0.9490909090909091 0.8497267759562842 0.9490909090909091 0.8497267759562842 0.8254545454545454 0.7937158469945356 0.8254545454545454 0.7937158469945356 0.9490909090909091
0 0.5252732240437158 0 0.5252732240437158 0.06 0.5703551912568307 0.06 0.5703551912568307 0 0.5252732240437158 0
0 0.30601092896174864 0.4118181818181818 0.35792349726775957 0.4118181818181818 0.35792349726775957 0.33181818181818185 0.30601092896174864 0.33181818181818185 0.30601092896174864 0.4118181818181818
0 0.6577868852459017 0.23454545454545456 0.700136612021858 0.23454545454545456 0.700136612021858 0.14363636363636365 0.6577868852459017 0.14363636363636365 0.6577868852459017 0.23454545454545456
0 0.8989071038251366 0.9209090909090909 0.9439890710382514 0.9209090909090909 0.9439890710382514 0.85 0.8989071038251366 0.85 0.8989071038251366 0.9209090909090909
0 0.4610655737704918 0.16454545454545455 0.5020491803278688 0.16454545454545455 0.5020491803278688 0.09545454545454546 0.4610655737704918 0.09545454545454546 0.4610655737704918 0.16454545454545455
0 0.601775956284153 0.4527272727272727 0.6509562841530054 0.4527272727272727 0.6509562841530054 0.37272727272727274 0.601775956284153 0.37272727272727274 0.601775956284153 0.4527272727272727
0 0 0.9990909090909091 0.0273224043715847 0.9990909090909091 0.0273224043715847 0.9681818181818181 0 0.9681818181818181 0 0.9990909090909091
0 0 0.9609090909090909 0.01366120218579235 0.9609090909090909 0.01366120218579235 0.8972727272727272 0 0.8972727272727272 0 0.9609090909090909
0 0.04644808743169399 0.09454545454545454 0.08879781420765027 0.09454545454545454 0.08879781420765027 0.0018181818181818182 0.04644808743169399 0.0018181818181818182 0.04644808743169399 0.09454545454545454