0 0.43101092896174864 0.58 0.4924863387978142 0.58 0.4924863387978142 0.4818181818181818 0.43101092896174864 0.4818181818181818 0.43101092896174864 0.58
0 0.4262295081967213 0.43272727272727274 0.4849726775956284 0.43272727272727274 0.4849726775956284 0.33636363636363636 0.4262295081967213 0.33636363636363636 0.4262295081967213 0.43272727272727274
0 0.48155737704918034 0.47363636363636363 0.5430327868852459 0.47363636363636363 0.5430327868852459 0.37 0.48155737704918034 0.37 0.48155737704918034 0.47363636363636363
0 0.2657103825136612 0.27 0.32991803278688525 0.27 0.32991803278688525 0.17181818181818181 0.2657103825136612 0.17181818181818181 0.2657103825136612 0.27
0 0.5314207650273224 0.9981818181818182 0.5983606557377049 0.9981818181818182 0.5983606557377049 0.9072727272727272 0.5314207650273224 0.9072727272727272 0.5314207650273224 0.9981818181818182
0 0.337431693989071 0.5545454545454546 0.40710382513661203 0.5545454545454546 0.40710382513661203 0.44181818181818183 0.337431693989071 0.44181818181818183 0.337431693989071 0.5545454545454546
0 0.630464480874317 0.8172727272727273 0.6933060109289617 0.8172727272727273 0.6933060109289617 0.7063636363636364 0.630464480874317 0.7063636363636364 0.630464480874317 0.8172727272727273
0 0.3353825136612022 0.6654545454545454 0.40095628415300544 0.6654545454545454 0.40095628415300544 0.5563636363636364 0.3353825136612022 0.5563636363636364 0.3353825136612022 0.6654545454545454
0 0.444672131147541 0.7572727272727273 0.5047814207650273 0.7572727272727273 0.5047814207650273 0.6372727272727273 0.444672131147541 0.6372727272727273 0.444672131147541 0.7572727272727273
0 0.5437158469945356 0.5081818181818182 0.5969945355191257 0.5081818181818182 0.5969945355191257 0.3972727272727273 0.5437158469945356 0.3972727272727273 0.5437158469945356 0.5081818181818182
0 0.36543715846994534 0.17181818181818181 0.4228142076502732 0.17181818181818181 0.4228142076502732 0.0809090909090909 0.36543715846994534 0.0809090909090909 0.36543715846994534 0.17181818181818181
0 0.3326502732240437 0.7854545454545454 0.4023224043715847 0.7854545454545454 0.4023224043715847 0.6618181818181819 0.3326502732240437 0.6618181818181819 0.3326502732240437 0.7854545454545454
0 0.60724043715847 0.1690909090909091 0.6577868852459017 0.1690909090909091 0.6577868852459017 0.09636363636363636 0.60724043715847 0.09636363636363636 0.60724043715847 0.1690909090909091
0 0.1359289617486339 0.33181818181818185 0.20560109289617487 0.33181818181818185 0.20560109289617487 0.22090909090909092 0.1359289617486339 0.22090909090909092 0.1359289617486339 0.33181818181818185
0 0.14344262295081966 0.11727272727272728 0.20355191256830601 0.11727272727272728 0.20355191256830601 0.015454545454545455 0.14344262295081966 0.015454545454545455 0.14344262295081966 0.11727272727272728
0 0.1953551912568306 0.18727272727272729 0.2581967213114754 0.18727272727272729 0.2581967213114754 0.09272727272727273 0.1953551912568306 0.09272727272727273 0.1953551912568306 0.18727272727272729
0 0.592896174863388 0.5454545454545454 0.6434426229508197 0.5454545454545454 0.6434426229508197 0.44363636363636366 0.592896174863388 0.44363636363636366 0.592896174863388 0.5454545454545454
0 0.41188524590163933 0.25181818181818183 0.4692622950819672 0.25181818181818183 0.4692622950819672 0.1572727272727273 0.41188524590163933 0.1572727272727273 0.41188524590163933 0.25181818181818183
0 0.4822404371584699 0.1618181818181818 0.5341530054644809 0.1618181818181818 0.5341530054644809 0.06727272727272728 0.4822404371584699 0.06727272727272728 0.4822404371584699 0.1618181818181818
0 0.2520491803278688 0.7345454545454545 0.3244535519125683 0.7345454545454545 0.3244535519125683 0.6290909090909091 0.2520491803278688 0.6290909090909091 0.2520491803278688 0.7345454545454545
0 0.6359289617486339 0.9936363636363637 0.6919398907103825 0.9936363636363637 0.6919398907103825 0.8809090909090909 0.6359289617486339 0.8809090909090909 0.6359289617486339 0.9936363636363637
0 0.6919398907103825 0.8481818181818181 0.7479508196721312 0.8481818181818181 0.7479508196721312 0.7372727272727273 0.6919398907103825 0.7372727272727273 0.6919398907103825 0.8481818181818181
0 0.2527322404371585 0.10363636363636364 0.3087431693989071 0.10363636363636364 0.3087431693989071 0.007272727272727273 0.2527322404371585 0.007272727272727273 0.2527322404371585 0.10363636363636364
0 0.7233606557377049 0.45454545454545453 0.7684426229508197 0.45454545454545453 0.7684426229508197 0.3690909090909091 0.7233606557377049 0.3690909090909091 0.7233606557377049 0.45454545454545453
0 0.4378415300546448 0.9990909090909091 0.5116120218579235 0.9990909090909091 0.5116120218579235 0.9445454545454546 0.4378415300546448 0.9445454545454546 0.4378415300546448 0.9990909090909091
0 0.5075136612021858 0.7390909090909091 0.5676229508196722 0.7390909090909091 0.5676229508196722 0.6209090909090909 0.5075136612021858 0.6209090909090909 0.5075136612021858 0.7390909090909091
0 0.16939890710382513 0.8781818181818182 0.24863387978142076 0.8781818181818182 0.24863387978142076 0.7581818181818182 0.16939890710382513 0.7581818181818182 0.16939890710382513 0.8781818181818182
0 0.726775956284153 0.95 0.7855191256830601 0.95 0.7855191256830601 0.8427272727272728 0.726775956284153 0.8427272727272728 0.726775956284153 0.95
0 0.6530054644808743 0.6236363636363637 0.7090163934426229 0.6236363636363637 0.7090163934426229 0.5290909090909091 0.6530054644808743 0.5290909090909091 0.6530054644808743 0.6236363636363637
0 0.9173497267759563 0.9990909090909091 0.9692622950819673 0.9990909090909091 0.9692622950819673 0.9263636363636364 0.9173497267759563 0.9263636363636364 0.9173497267759563 0.9990909090909091
0 0.36953551912568305 0.44363636363636366 0.42691256830601093 0.44363636363636366 0.42691256830601093 0.34545454545454546 0.36953551912568305 0.34545454545454546 0.36953551912568305 0.44363636363636366
0 0.674863387978142 0.47 0.7226775956284153 0.47 0.7226775956284153 0.3790909090909091 0.674863387978142 0.3790909090909091 0.674863387978142 0.47
0 0.41188524590163933 0.13545454545454547 0.46653005464480873 0.13545454545454547 0.46653005464480873 0.042727272727272725 0.41188524590163933 0.042727272727272725 0.41188524590163933 0.13545454545454547
0 0.6202185792349727 0.48454545454545456 0.6693989071038251 0.48454545454545456 0.6693989071038251 0.39181818181818184 0.6202185792349727 0.39181818181818184 0.6202185792349727 0.48454545454545456
0 0.64275956284153 0.7172727272727273 0.694672131147541 0.7172727272727273 0.694672131147541 0.6427272727272727 0.64275956284153 0.6427272727272727 0.64275956284153 0.7172727272727273
0 0.5095628415300546 0.40636363636363637 0.5642076502732241 0.40636363636363637 0.5642076502732241 0.31727272727272726 0.5095628415300546 0.31727272727272726 0.5095628415300546 0.40636363636363637
0 0.7663934426229508 0.8145454545454546 0.8183060109289617 0.8145454545454546 0.8183060109289617 0.7090909090909091 0.7663934426229508 0.7090909090909091 0.7663934426229508 0.8145454545454546
0 0.47540983606557374 0.33454545454545453 0.5382513661202186 0.33454545454545453 0.5382513661202186 0.23454545454545456 0.47540983606557374 0.23454545454545456 0.47540983606557374 0.33454545454545453
0 0.575136612021858 0.4409090909090909 0.6229508196721312 0.4409090909090909 0.6229508196721312 0.3463636363636364 0.575136612021858 0.3463636363636364 0.575136612021858 0.4409090909090909
0 0.5437158469945356 0.26454545454545453 0.5915300546448088 0.26454545454545453 0.5915300546448088 0.18272727272727274 0.5437158469945356 0.18272727272727274 0.5437158469945356 0.26454545454545453
0 0.08060109289617487 0.610909090909091 0.15027322404371585 0.610909090909091 0.15027322404371585 0.48363636363636364 0.08060109289617487 0.48363636363636364 0.08060109289617487 0.610909090909091
0 0.4972677595628415 0.24818181818181817 0.5437158469945356 0.24818181818181817 0.5437158469945356 0.18636363636363637 0.4972677595628415 0.18636363636363637 0.4972677595628415 0.24818181818181817
0 0.6086065573770492 0.39636363636363636 0.6523224043715847 0.39636363636363636 0.6523224043715847 0.3018181818181818 0.6086065573770492 0.3018181818181818 0.6086065573770492 0.39636363636363636
0 0.6536885245901639 0.39454545454545453 0.6933060109289617 0.39454545454545453 0.6933060109289617 0.30363636363636365 0.6536885245901639 0.30363636363636365 0.6536885245901639 0.39454545454545453
0 0.07172131147540983 0.28363636363636363 0.13866120218579234 0.28363636363636363 0.13866120218579234 0.18545454545454546 0.07172131147540983 0.18545454545454546 0.07172131147540983 0.28363636363636363
0 0.6010928961748634 0.9990909090909091 0.657103825136612 0.9990909090909091 0.657103825136612 0.9572727272727273 0.6010928961748634 0.9572727272727273 0.6010928961748634 0.9990909090909091
0 0.8640710382513661 0.9763636363636363 0.9392076502732241 0.9763636363636363 0.9392076502732241 0.8345454545454546 0.8640710382513661 0.8345454545454546 0.8640710382513661 0.9763636363636363
0 0.6543715846994536 0.30727272727272725 0.6939890710382514 0.30727272727272725 0.6939890710382514 0.24727272727272728 0.6543715846994536 0.24727272727272728 0.6543715846994536 0.30727272727272725
0 0.5416666666666666 0.11545454545454545 0.5840163934426229 0.11545454545454545 0.5840163934426229 0.03727272727272727 0.5416666666666666 0.03727272727272727 0.5416666666666666 0.11545454545454545
0 0.6045081967213115 0.24363636363636362 0.6536885245901639 0.24363636363636362 0.6536885245901639 0.1709090909090909 0.6045081967213115 0.1709090909090909 0.6045081967213115 0.24363636363636362
0 0.5348360655737705 0.34363636363636363 0.5894808743169399 0.34363636363636363 0.5894808743169399 0.2672727272727273 0.5348360655737705 0.2672727272727273 0.5348360655737705 0.34363636363636363
0 0.6953551912568307 0.3190909090909091 0.7404371584699454 0.3190909090909091 0.7404371584699454 0.23727272727272727 0.6953551912568307 0.23727272727272727 0.6953551912568307 0.3190909090909091
0 0.5580601092896175 0.9627272727272728 0.6290983606557377 0.9627272727272728 0.6290983606557377 0.8481818181818181 0.5580601092896175 0.8481818181818181 0.5580601092896175 0.9627272727272728
0 0.7909836065573771 0.57 0.842896174863388 0.57 0.842896174863388 0.4918181818181818 0.7909836065573771 0.4918181818181818 0.7909836065573771 0.57
0 0.7213114754098361 0.7154545454545455 0.7704918032786885 0.7154545454545455 0.7704918032786885 0.6190909090909091 0.7213114754098361 0.6190909090909091 0.7213114754098361 0.7154545454545455
0 0.7827868852459017 0.5045454545454545 0.8237704918032787 0.5045454545454545 0.8237704918032787 0.43 0.7827868852459017 0.43 0.7827868852459017 0.5045454545454545
0 0.5983606557377049 0.30363636363636365 0.6434426229508197 0.30363636363636365 0.6434426229508197 0.21454545454545454 0.5983606557377049 0.21454545454545454 0.5983606557377049 0.30363636363636365
0 0.8859289617486339 0.8409090909090909 0.9337431693989071 0.8409090909090909 0.9337431693989071 0.7681818181818182 0.8859289617486339 0.7681818181818182 0.8859289617486339 0.8409090909090909
0 0.18510928961748635 0 0.18510928961748635 0.07272727272727272 0.24521857923497267 0.07272727272727272 0.24521857923497267 0 0.18510928961748635 0
0 0.8415300546448088 0.7227272727272728 0.8770491803278688 0.7227272727272728 0.8770491803278688 0.6372727272727273 0.8415300546448088 0.6372727272727273 0.8415300546448088 0.7227272727272728
0 0.42691256830601093 0 0.42691256830601093 0.05272727272727273 0.48155737704918034 0.05272727272727273 0.48155737704918034 0 0.42691256830601093 0
0 0.855191256830601 0.9981818181818182 0.9043715846994536 0.9981818181818182 0.9043715846994536 0.9690909090909091 0.855191256830601 0.9690909090909091 0.855191256830601 0.9981818181818182
0 0.3633879781420765 0 0.3633879781420765 0.05454545454545454 0.41939890710382516 0.05454545454545454 0.41939890710382516 0 0.3633879781420765 0
0 0.505464480874317 0 0.505464480874317 0.04 0.5532786885245902 0.04 0.5532786885245902 0 0.505464480874317 0