0 0.0900297619047619 0.3197211155378486 0.16889880952380953 0.3197211155378486 0.16889880952380953 0.1902390438247012 0.0900297619047619 0.1902390438247012 0.0900297619047619 0.3197211155378486
0 0.3132440476190476 0.27091633466135456 0.3950892857142857 0.27091633466135456 0.3950892857142857 0.15139442231075698 0.3132440476190476 0.15139442231075698 0.3132440476190476 0.27091633466135456
0 0.4322916666666667 1 0.4322916666666667 0.850597609561753 0.32217261904761907 0.850597609561753 0.32217261904761907 1 0.4322916666666667 1
0 0.5714285714285714 0.600597609561753 0.6502976190476191 0.600597609561753 0.6502976190476191 0.44721115537848605 0.5714285714285714 0.44721115537848605 0.5714285714285714 0.600597609561753
0 0.4330357142857143 0.7699203187250996 0.5282738095238095 0.7699203187250996 0.5282738095238095 0.6245019920318725 0.4330357142857143 0.6245019920318725 0.4330357142857143 0.7699203187250996
0 0.20163690476190477 0.45617529880478086 0.2864583333333333 0.45617529880478086 0.2864583333333333 0.3147410358565737 0.20163690476190477 0.3147410358565737 0.20163690476190477 0.45617529880478086
0 0.3489583333333333 0.7818725099601593 0.4337797619047619 0.7818725099601593 0.4337797619047619 0.6384462151394422 0.3489583333333333 0.6384462151394422 0.3489583333333333 0.7818725099601593
0 0.296875 0.6733067729083665 0.38764880952380953 0.6733067729083665 0.38764880952380953 0.5298804780876494 0.296875 0.5298804780876494 0.296875 0.6733067729083665
0 0.2760416666666667 0.8725099601593626 0.38764880952380953 0.8725099601593626 0.38764880952380953 0.7131474103585658 0.2760416666666667 0.7131474103585658 0.2760416666666667 0.8725099601593626
0 0.6726190476190477 0.9960159362549801 0.7559523809523809 0.9960159362549801 0.7559523809523809 0.8446215139442231 0.6726190476190477 0.8446215139442231 0.6726190476190477 0.9960159362549801
0 0.8080357142857143 0.9970119521912351 0.8869047619047619 0.9970119521912351 0.8869047619047619 0.8476095617529881 0.8080357142857143 0.8476095617529881 0.8080357142857143 0.9970119521912351
0 0.19791666666666666 0.6952191235059761 0.29464285714285715 0.6952191235059761 0.29464285714285715 0.5517928286852589 0.19791666666666666 0.5517928286852589 0.19791666666666666 0.6952191235059761
0 0.12797619047619047 0.8316733067729084 0.22916666666666666 0.8316733067729084 0.22916666666666666 0.6842629482071713 0.12797619047619047 0.6842629482071713 0.12797619047619047 0.8316733067729084
0 0.6592261904761905 0.6344621513944223 0.7306547619047619 0.6344621513944223 0.7306547619047619 0.47908366533864544 0.6592261904761905 0.47908366533864544 0.6592261904761905 0.6344621513944223
0 0.058779761904761904 0.2101593625498008 0.13764880952380953 0.2101593625498008 0.13764880952380953 0.09262948207171315 0.058779761904761904 0.09262948207171315 0.058779761904761904 0.2101593625498008
0 0.11755952380952381 0.15836653386454183 0.19196428571428573 0.15836653386454183 0.19196428571428573 0.052788844621513946 0.11755952380952381 0.052788844621513946 0.11755952380952381 0.15836653386454183
0 0.25297619047619047 0.39243027888446214 0.33482142857142855 0.39243027888446214 0.33482142857142855 0.26294820717131473 0.25297619047619047 0.26294820717131473 0.25297619047619047 0.39243027888446214
0 0.7961309523809523 1 0.7961309523809523 0.9840637450199203 0.7306547619047619 0.9840637450199203 0.7306547619047619 1 0.7961309523809523 1
0 0.24107142857142858 0.10059760956175298 0.31101190476190477 0.10059760956175298 0.31101190476190477 0.0348605577689243 0.24107142857142858 0.0348605577689243 0.24107142857142858 0.10059760956175298