0 0.4055232558139535 0.125 0.4694767441860465 0.125 0.4694767441860465 0.02734375 0.4055232558139535 0.02734375 0.4055232558139535 0.125
0 0.35901162790697677 0.50390625 0.4316860465116279 0.50390625 0.4316860465116279 0.39453125 0.35901162790697677 0.39453125 0.35901162790697677 0.50390625
0 0.6875 0.1875 0.7572674418604651 0.1875 0.7572674418604651 0.08984375 0.6875 0.08984375 0.6875 0.1875
0 0.1933139534883721 0.36328125 0.27180232558139533 0.36328125 0.27180232558139533 0.2578125 0.1933139534883721 0.2578125 0.1933139534883721 0.36328125
0 0.12790697674418605 0.439453125 0.2063953488372093 0.439453125 0.2063953488372093 0.322265625 0.12790697674418605 0.322265625 0.12790697674418605 0.439453125
0 0.43459302325581395 0.767578125 0.5159883720930233 0.767578125 0.5159883720930233 0.654296875 0.43459302325581395 0.654296875 0.43459302325581395 0.767578125
0 0.47093023255813954 0.625 0.5406976744186046 0.625 0.5406976744186046 0.53125 0.47093023255813954 0.53125 0.47093023255813954 0.625
0 0.14534883720930233 0.255859375 0.2238372093023256 0.255859375 0.2238372093023256 0.126953125 0.14534883720930233 0.126953125 0.14534883720930233 0.255859375
0 0.23837209302325582 0.9765625 0.3226744186046512 0.9765625 0.3226744186046512 0.86328125 0.23837209302325582 0.86328125 0.23837209302325582 0.9765625
0 0.5450581395348837 0.755859375 0.6206395348837209 0.755859375 0.6206395348837209 0.654296875 0.5450581395348837 0.654296875 0.5450581395348837 0.755859375
0 0.6322674418604651 0.30859375 0.6991279069767442 0.30859375 0.6991279069767442 0.20703125 0.6322674418604651 0.20703125 0.6322674418604651 0.30859375
0 0.3648255813953488 0.998046875 0.45203488372093026 0.998046875 0.45203488372093026 0.931640625 0.3648255813953488 0.931640625 0.3648255813953488 0.998046875
0 0.7005813953488372 0.970703125 0.7848837209302325 0.970703125 0.7848837209302325 0.853515625 0.7005813953488372 0.853515625 0.7005813953488372 0.970703125
0 0.5828488372093024 0.4453125 0.6526162790697675 0.4453125 0.6526162790697675 0.32421875 0.5828488372093024 0.32421875 0.5828488372093024 0.4453125
0 0.44476744186046513 0.376953125 0.5116279069767442 0.376953125 0.5116279069767442 0.255859375 0.44476744186046513 0.255859375 0.44476744186046513 0.376953125
0 0.39098837209302323 0.91796875 0.45203488372093026 0.91796875 0.45203488372093026 0.78515625 0.39098837209302323 0.78515625 0.39098837209302323 0.91796875
0 0.3372093023255814 0.12109375 0.3953488372093023 0.12109375 0.3953488372093023 0.03125 0.3372093023255814 0.03125 0.3372093023255814 0.12109375
0 0.6075581395348837 0.634765625 0.6802325581395349 0.634765625 0.6802325581395349 0.525390625 0.6075581395348837 0.525390625 0.6075581395348837 0.634765625
0 0.2616279069767442 0.12109375 0.32848837209302323 0.12109375 0.32848837209302323 0.0234375 0.2616279069767442 0.0234375 0.2616279069767442 0.12109375
0 0.46511627906976744 0.51171875 0.5436046511627907 0.51171875 0.5436046511627907 0.39453125 0.46511627906976744 0.39453125 0.46511627906976744 0.51171875
0 0.2819767441860465 0.353515625 0.3546511627906977 0.353515625 0.3546511627906977 0.255859375 0.2819767441860465 0.255859375 0.2819767441860465 0.353515625
0 0.12790697674418605 0.91796875 0.21511627906976744 0.91796875 0.21511627906976744 0.79296875 0.12790697674418605 0.79296875 0.12790697674418605 0.91796875
0 0.5566860465116279 0.314453125 0.626453488372093 0.314453125 0.626453488372093 0.205078125 0.5566860465116279 0.205078125 0.5566860465116279 0.314453125
0 0.5203488372093024 0.125 0.5930232558139535 0.125 0.5930232558139535 0.03515625 0.5203488372093024 0.03515625 0.5203488372093024 0.125
0 0.18604651162790697 0.130859375 0.25290697674418605 0.130859375 0.25290697674418605 0.017578125 0.18604651162790697 0.017578125 0.18604651162790697 0.130859375
0 0.36627906976744184 0.37109375 0.436046511627907 0.37109375 0.436046511627907 0.26171875 0.36627906976744184 0.26171875 0.36627906976744184 0.37109375
0 0.6613372093023255 0.44140625 0.7281976744186046 0.44140625 0.7281976744186046 0.32421875 0.6613372093023255 0.32421875 0.6613372093023255 0.44140625
0 0.5988372093023255 0.123046875 0.6627906976744186 0.123046875 0.6627906976744186 0.021484375 0.5988372093023255 0.021484375 0.5988372093023255 0.123046875
0 0.07848837209302326 0.986328125 0.14534883720930233 0.986328125 0.14534883720930233 0.861328125 0.07848837209302326 0.861328125 0.07848837209302326 0.986328125
0 0.3081395348837209 0.64453125 0.3866279069767442 0.64453125 0.3866279069767442 0.52734375 0.3081395348837209 0.52734375 0.3081395348837209 0.64453125
0 0.7616279069767442 0.90234375 0.8401162790697675 0.90234375 0.8401162790697675 0.78515625 0.7616279069767442 0.78515625 0.7616279069767442 0.90234375
0 0.7587209302325582 0.369140625 0.8284883720930233 0.369140625 0.8284883720930233 0.263671875 0.7587209302325582 0.263671875 0.7587209302325582 0.369140625
0 0.6598837209302325 0.56640625 0.7238372093023255 0.56640625 0.7238372093023255 0.45703125 0.6598837209302325 0.45703125 0.6598837209302325 0.56640625
0 0.7776162790697675 0.998046875 0.8619186046511628 0.998046875 0.8619186046511628 0.923828125 0.7776162790697675 0.923828125 0.7776162790697675 0.998046875
0 0.06831395348837209 0.7734375 0.14970930232558138 0.7734375 0.14970930232558138 0.6484375 0.06831395348837209 0.6484375 0.06831395348837209 0.7734375
0 0.5523255813953488 0.578125 0.627906976744186 0.578125 0.627906976744186 0.45703125 0.5523255813953488 0.45703125 0.5523255813953488 0.578125
0 0.5697674418604651 0.99609375 0.6540697674418605 0.99609375 0.6540697674418605 0.9296875 0.5697674418604651 0.9296875 0.5697674418604651 0.99609375
0 0.6816860465116279 0.701171875 0.7543604651162791 0.701171875 0.7543604651162791 0.580078125 0.6816860465116279 0.580078125 0.6816860465116279 0.701171875
0 0.5101744186046512 0.43359375 0.5741279069767442 0.43359375 0.5741279069767442 0.328125 0.5101744186046512 0.328125 0.5101744186046512 0.43359375
0 0.4796511627906977 0.3125 0.5494186046511628 0.3125 0.5494186046511628 0.2109375 0.4796511627906977 0.2109375 0.4796511627906977 0.3125
0 0.6409883720930233 0.916015625 0.7223837209302325 0.916015625 0.7223837209302325 0.783203125 0.6409883720930233 0.783203125 0.6409883720930233 0.916015625
0 0.4738372093023256 0 0.4738372093023256 0.07421875 0.5494186046511628 0.07421875 0.5494186046511628 0 0.4738372093023256 0
0 0.23982558139534885 0.560546875 0.32122093023255816 0.560546875 0.32122093023255816 0.455078125 0.23982558139534885 0.455078125 0.23982558139534885 0.560546875
0 0.056686046511627904 0.556640625 0.13517441860465115 0.556640625 0.13517441860465115 0.455078125 0.056686046511627904 0.455078125 0.056686046511627904 0.556640625
0 0.39244186046511625 0.638671875 0.4680232558139535 0.638671875 0.4680232558139535 0.529296875 0.39244186046511625 0.529296875 0.39244186046511625 0.638671875
0 0.8226744186046512 0.755859375 0.8895348837209303 0.755859375 0.8895348837209303 0.654296875 0.8226744186046512 0.654296875 0.8226744186046512 0.755859375
0 0.8633720930232558 0.88671875 0.9476744186046512 0.88671875 0.9476744186046512 0.78125 0.8633720930232558 0.78125 0.8633720930232558 0.88671875
0 0.7063953488372093 0.322265625 0.7616279069767442 0.322265625 0.7616279069767442 0.201171875 0.7063953488372093 0.201171875 0.7063953488372093 0.322265625
0 0.75 0.771484375 0.8168604651162791 0.771484375 0.8168604651162791 0.650390625 0.75 0.650390625 0.75 0.771484375
0 0.7311046511627907 0.443359375 0.7921511627906976 0.443359375 0.7921511627906976 0.333984375 0.7311046511627907 0.333984375 0.7311046511627907 0.443359375
0 0.6293604651162791 0.771484375 0.6962209302325582 0.771484375 0.6962209302325582 0.654296875 0.6293604651162791 0.654296875 0.6293604651162791 0.771484375
0 0.8328488372093024 0.365234375 0.8997093023255814 0.365234375 0.8997093023255814 0.271484375 0.8328488372093024 0.271484375 0.8328488372093024 0.365234375
0 0.7645348837209303 0.185546875 0.8313953488372093 0.185546875 0.8313953488372093 0.095703125 0.7645348837209303 0.095703125 0.7645348837209303 0.185546875
0 0.8488372093023255 0.625 0.9156976744186046 0.625 0.9156976744186046 0.5234375 0.8488372093023255 0.5234375 0.8488372093023255 0.625
0 0 0.482421875 0.0436046511627907 0.482421875 0.0436046511627907 0.388671875 0 0.388671875 0 0.482421875
0 0.3066860465116279 0.916015625 0.38226744186046513 0.916015625 0.38226744186046513 0.791015625 0.3066860465116279 0.791015625 0.3066860465116279 0.916015625
0 0.6395348837209303 0 0.6395348837209303 0.06640625 0.7034883720930233 0.06640625 0.7034883720930233 0 0.6395348837209303 0
0 0.7325581395348837 0.583984375 0.8023255813953488 0.583984375 0.8023255813953488 0.458984375 0.7325581395348837 0.458984375 0.7325581395348837 0.583984375
0 0.1613372093023256 1 0.1613372093023256 0.984375 0.12063953488372094 0.984375 0.12063953488372094 1 0.1613372093023256 1