0 0.251453488372093 0.94140625 0.3328488372093023 0.94140625 0.3328488372093023 0.8359375 0.251453488372093 0.8359375 0.251453488372093 0.94140625
0 0.39244186046511625 0.279296875 0.4680232558139535 0.279296875 0.4680232558139535 0.177734375 0.39244186046511625 0.177734375 0.39244186046511625 0.279296875
0 0.7005813953488372 0.939453125 0.7732558139534884 0.939453125 0.7732558139534884 0.826171875 0.7005813953488372 0.826171875 0.7005813953488372 0.939453125
0 0.815406976744186 0.93359375 0.8938953488372093 0.93359375 0.8938953488372093 0.8203125 0.815406976744186 0.8203125 0.815406976744186 0.93359375
0 0.27325581395348836 0.1640625 0.3430232558139535 0.1640625 0.3430232558139535 0.0625 0.27325581395348836 0.0625 0.27325581395348836 0.1640625
0 0.5843023255813954 0.6015625 0.6598837209302325 0.6015625 0.6598837209302325 0.49609375 0.5843023255813954 0.49609375 0.5843023255813954 0.6015625
0 0.4316860465116279 0.935546875 0.5043604651162791 0.935546875 0.5043604651162791 0.837890625 0.4316860465116279 0.837890625 0.4316860465116279 0.935546875
0 0.10901162790697674 0.99609375 0.19622093023255813 0.99609375 0.19622093023255813 0.90625 0.10901162790697674 0.90625 0.10901162790697674 0.99609375
0 0.45348837209302323 0.814453125 0.5319767441860465 0.814453125 0.5319767441860465 0.693359375 0.45348837209302323 0.693359375 0.45348837209302323 0.814453125
0 0.6409883720930233 0.80859375 0.7252906976744186 0.80859375 0.7252906976744186 0.69140625 0.6409883720930233 0.69140625 0.6409883720930233 0.80859375
0 0.5043604651162791 0.10546875 0.5741279069767442 0.10546875 0.5741279069767442 0.0078125 0.5043604651162791 0.0078125 0.5043604651162791 0.10546875
0 0.7601744186046512 0.279296875 0.8241279069767442 0.279296875 0.8241279069767442 0.185546875 0.7601744186046512 0.185546875 0.7601744186046512 0.279296875
0 0.4258720930232558 0.162109375 0.49273255813953487 0.162109375 0.49273255813953487 0.068359375 0.4258720930232558 0.068359375 0.4258720930232558 0.162109375
0 0.49709302325581395 0.283203125 0.5668604651162791 0.283203125 0.5668604651162791 0.177734375 0.49709302325581395 0.177734375 0.49709302325581395 0.283203125
0 0.6148255813953488 0.935546875 0.6875 0.935546875 0.6875 0.833984375 0.6148255813953488 0.833984375 0.6148255813953488 0.935546875
0 0.45348837209302323 0.603515625 0.5290697674418605 0.603515625 0.5290697674418605 0.494140625 0.45348837209302323 0.494140625 0.45348837209302323 0.603515625
0 0.7572674418604651 0.869140625 0.8299418604651163 0.869140625 0.8299418604651163 0.763671875 0.7572674418604651 0.763671875 0.7572674418604651 0.869140625
0 0.7805232558139535 0.162109375 0.8473837209302325 0.162109375 0.8473837209302325 0.068359375 0.7805232558139535 0.068359375 0.7805232558139535 0.162109375
0 0.5392441860465116 0.814453125 0.5973837209302325 0.814453125 0.5973837209302325 0.689453125 0.5392441860465116 0.689453125 0.5392441860465116 0.814453125
0 0.7950581395348837 0.59765625 0.873546511627907 0.59765625 0.873546511627907 0.4921875 0.7950581395348837 0.4921875 0.7950581395348837 0.59765625
0 0.04215116279069767 0.2734375 0.12063953488372094 0.2734375 0.12063953488372094 0.1640625 0.04215116279069767 0.1640625 0.04215116279069767 0.2734375
0 0.5552325581395349 0.171875 0.622093023255814 0.171875 0.622093023255814 0.06640625 0.5552325581395349 0.06640625 0.5552325581395349 0.171875
0 0.32703488372093026 0.552734375 0.4055232558139535 0.552734375 0.4055232558139535 0.427734375 0.32703488372093026 0.427734375 0.32703488372093026 0.552734375
0 0.5741279069767442 0.2890625 0.6380813953488372 0.2890625 0.6380813953488372 0.1875 0.5741279069767442 0.1875 0.5741279069767442 0.2890625
0 0.5203488372093024 0.677734375 0.5901162790697675 0.677734375 0.5901162790697675 0.564453125 0.5203488372093024 0.564453125 0.5203488372093024 0.677734375
0 0.5625 0.998046875 0.6497093023255814 0.998046875 0.6497093023255814 0.900390625 0.5625 0.900390625 0.5625 0.998046875
0 0.7034883720930233 0.41015625 0.7732558139534884 0.41015625 0.7732558139534884 0.30078125 0.7034883720930233 0.30078125 0.7034883720930233 0.41015625
0 0.35174418604651164 0.169921875 0.41569767441860467 0.169921875 0.41569767441860467 0.064453125 0.35174418604651164 0.064453125 0.35174418604651164 0.169921875
0 0.5232558139534884 0.55078125 0.5930232558139535 0.55078125 0.5930232558139535 0.4375 0.5232558139534884 0.4375 0.5232558139534884 0.55078125
0 0.626453488372093 0.224609375 0.6991279069767442 0.224609375 0.6991279069767442 0.119140625 0.626453488372093 0.119140625 0.626453488372093 0.224609375
0 0.3488372093023256 0.4140625 0.4069767441860465 0.4140625 0.4069767441860465 0.29296875 0.3488372093023256 0.29296875 0.3488372093023256 0.4140625
0 0.6729651162790697 0.1015625 0.7398255813953488 0.1015625 0.7398255813953488 0.0078125 0.6729651162790697 0.0078125 0.6729651162790697 0.1015625
0 0.690406976744186 0.287109375 0.751453488372093 0.287109375 0.751453488372093 0.173828125 0.690406976744186 0.173828125 0.690406976744186 0.287109375
0 0.5915697674418605 0.412109375 0.6613372093023255 0.412109375 0.6613372093023255 0.294921875 0.5915697674418605 0.294921875 0.5915697674418605 0.412109375
0 0.6526162790697675 0.6640625 0.7252906976744186 0.6640625 0.7252906976744186 0.5625 0.6526162790697675 0.5625 0.6526162790697675 0.6640625
0 0.7151162790697675 0.541015625 0.7936046511627907 0.541015625 0.7936046511627907 0.427734375 0.7151162790697675 0.427734375 0.7151162790697675 0.541015625
0 0.5101744186046512 0.95703125 0.5683139534883721 0.95703125 0.5683139534883721 0.8203125 0.5101744186046512 0.8203125 0.5101744186046512 0.95703125
0 0.0755813953488372 0.59765625 0.14244186046511628 0.59765625 0.14244186046511628 0.47265625 0.0755813953488372 0.47265625 0.0755813953488372 0.59765625
0 0.2703488372093023 0.4140625 0.34011627906976744 0.4140625 0.34011627906976744 0.296875 0.2703488372093023 0.296875 0.2703488372093023 0.4140625
0 0.34593023255813954 0.9375 0.42151162790697677 0.9375 0.42151162790697677 0.83984375 0.34593023255813954 0.83984375 0.34593023255813954 0.9375
0 0.5813953488372093 0.74609375 0.6540697674418605 0.74609375 0.6540697674418605 0.62109375 0.5813953488372093 0.62109375 0.5813953488372093 0.74609375
0 0.6017441860465116 0.109375 0.6656976744186046 0.109375 0.6656976744186046 0.0078125 0.6017441860465116 0.0078125 0.6017441860465116 0.109375
0 0.8008720930232558 0.40234375 0.8706395348837209 0.40234375 0.8706395348837209 0.30859375 0.8008720930232558 0.30859375 0.8008720930232558 0.40234375
0 0.03343023255813953 0 0.03343023255813953 0.0859375 0.10901162790697674 0.0859375 0.10901162790697674 0 0.03343023255813953 0
0 0.8037790697674418 0.802734375 0.876453488372093 0.802734375 0.876453488372093 0.689453125 0.8037790697674418 0.689453125 0.8037790697674418 0.802734375
0 0.10465116279069768 0.40234375 0.18023255813953487 0.40234375 0.18023255813953487 0.296875 0.10465116279069768 0.296875 0.10465116279069768 0.40234375
0 0.040697674418604654 0.47265625 0.11337209302325581 0.47265625 0.11337209302325581 0.359375 0.040697674418604654 0.359375 0.040697674418604654 0.47265625
0 0.023255813953488372 0.955078125 0.11046511627906977 0.955078125 0.11046511627906977 0.830078125 0.023255813953488372 0.830078125 0.023255813953488372 0.955078125
0 0.20348837209302326 0.4375 0.28488372093023256 0.4375 0.28488372093023256 0.375 0.20348837209302326 0.375 0.20348837209302326 0.4375
0 0.42151162790697677 0 0.42151162790697677 0.05859375 0.4941860465116279 0.05859375 0.4941860465116279 0 0.42151162790697677 0
0 0.20930232558139536 0 0.20930232558139536 0.109375 0.28488372093023256 0.109375 0.28488372093023256 0 0.20930232558139536 0
0 0.6424418604651163 0.48828125 0.7238372093023255 0.48828125 0.7238372093023255 0.36328125 0.6424418604651163 0.36328125 0.6424418604651163 0.48828125
0 0.7122093023255814 0.74609375 0.7936046511627907 0.74609375 0.7936046511627907 0.6171875 0.7122093023255814 0.6171875 0.7122093023255814 0.74609375
0 0.13372093023255813 0.65625 0.2180232558139535 0.65625 0.2180232558139535 0.5625 0.13372093023255813 0.5625 0.13372093023255813 0.65625
0 0.3866279069767442 0.673828125 0.45348837209302323 0.673828125 0.45348837209302323 0.564453125 0.3866279069767442 0.564453125 0.3866279069767442 0.673828125
0 0.3183139534883721 0 0.3183139534883721 0.0390625 0.39098837209302323 0.0390625 0.39098837209302323 0 0.3183139534883721 0
0 0.25 0.67578125 0.3226744186046512 0.67578125 0.3226744186046512 0.5625 0.25 0.5625 0.25 0.67578125
0 0.7427325581395349 0.99609375 0.815406976744186 0.99609375 0.815406976744186 0.96875 0.7427325581395349 0.96875 0.7427325581395349 0.99609375
0 0.01308139534883721 0.736328125 0.08575581395348837 0.736328125 0.08575581395348837 0.619140625 0.01308139534883721 0.619140625 0.01308139534883721 0.736328125
0 0 0 0 0.03125 0.020348837209302327 0.03125 0.020348837209302327 0 0 0