0 0.624609375 0.4432291666666667 0.698828125 0.4432291666666667 0.698828125 0.3338541666666667 0.624609375 0.3338541666666667 0.624609375 0.4432291666666667
0 0.38203125 0.3067708333333333 0.438671875 0.3067708333333333 0.438671875 0.23333333333333334 0.38203125 0.23333333333333334 0.38203125 0.3067708333333333
0 0.211328125 0.2877604166666667 0.268359375 0.2877604166666667 0.268359375 0.22161458333333334 0.211328125 0.22161458333333334 0.211328125 0.2877604166666667
0 0.891015625 0.4505208333333333 0.955859375 0.4505208333333333 0.955859375 0.35520833333333335 0.891015625 0.35520833333333335 0.891015625 0.4505208333333333
0 0.70234375 0.34609375 0.756640625 0.34609375 0.756640625 0.2716145833333333 0.70234375 0.2716145833333333 0.70234375 0.34609375
0 0.81875 0.32369791666666664 0.8625 0.32369791666666664 0.8625 0.26276041666666666 0.81875 0.26276041666666666 0.81875 0.32369791666666664
0 0.7498046875 0.38046875 0.8083984375 0.38046875 0.8083984375 0.2986979166666667 0.7498046875 0.2986979166666667 0.7498046875 0.38046875
0 0.16328125 0.32734375 0.221875 0.32734375 0.221875 0.25234375 0.16328125 0.25234375 0.16328125 0.32734375
0 0.478515625 0.38385416666666666 0.54453125 0.38385416666666666 0.54453125 0.28958333333333336 0.478515625 0.28958333333333336 0.478515625 0.38385416666666666
0 0.0705078125 0.3359375 0.1314453125 0.3359375 0.1314453125 0.26875 0.0705078125 0.26875 0.0705078125 0.3359375
0 0.5701171875 0.4041666666666667 0.6447265625 0.4041666666666667 0.6447265625 0.30052083333333335 0.5701171875 0.30052083333333335 0.5701171875 0.4041666666666667
0 0.7958984375 0.37109375 0.8357421875 0.37109375 0.8357421875 0.29921875 0.7958984375 0.29921875 0.7958984375 0.37109375
0 0.5388671875 0.32526041666666666 0.5873046875 0.32526041666666666 0.5873046875 0.25234375 0.5388671875 0.25234375 0.5388671875 0.32526041666666666
0 0.9326171875 0.38385416666666666 0.9845703125 0.38385416666666666 0.9845703125 0.3171875 0.9326171875 0.3171875 0.9326171875 0.38385416666666666
0 0.09765625 0.3033854166666667 0.14765625 0.3033854166666667 0.14765625 0.24401041666666667 0.09765625 0.24401041666666667 0.09765625 0.3033854166666667
0 0.868359375 0.403125 0.927734375 0.403125 0.927734375 0.32760416666666664 0.868359375 0.32760416666666664 0.868359375 0.403125
0 0.1353515625 0.2872395833333333 0.1728515625 0.2872395833333333 0.1728515625 0.22838541666666667 0.1353515625 0.22838541666666667 0.1353515625 0.2872395833333333
0 0.1890625 0.24557291666666667 0.228125 0.24557291666666667 0.228125 0.20963541666666666 0.1890625 0.20963541666666666 0.1890625 0.24557291666666667
0 0.4927734375 0.32864583333333336 0.5513671875 0.32864583333333336 0.5513671875 0.26666666666666666 0.4927734375 0.26666666666666666 0.4927734375 0.32864583333333336
0 0 0.7171875 0.009375 0.7171875 0.009375 0.6307291666666667 0 0.6307291666666667 0 0.7171875
0 0.855078125 0.3731770833333333 0.90390625 0.3731770833333333 0.90390625 0.30963541666666666 0.855078125 0.30963541666666666 0.855078125 0.3731770833333333
0 0.1623046875 0.28020833333333334 0.2115234375 0.28020833333333334 0.2115234375 0.23541666666666666 0.1623046875 0.23541666666666666 0.1623046875 0.28020833333333334
0 0.8873046875 0.34765625 0.9298828125 0.34765625 0.9298828125 0.3033854166666667 0.8873046875 0.3033854166666667 0.8873046875 0.34765625
0 0.1380859375 0.23984375 0.1830078125 0.23984375 0.1830078125 0.20807291666666666 0.1380859375 0.20807291666666666 0.1380859375 0.23984375
0 0.578515625 0.3020833333333333 0.63984375 0.3020833333333333 0.63984375 0.2630208333333333 0.578515625 0.2630208333333333 0.578515625 0.3020833333333333
0 0.5701171875 0.3268229166666667 0.6423828125 0.3268229166666667 0.6423828125 0.28411458333333334 0.5701171875 0.28411458333333334 0.5701171875 0.3268229166666667
0 0.574609375 0.32317708333333334 0.6421875 0.32317708333333334 0.6421875 0.26536458333333335 0.574609375 0.26536458333333335 0.574609375 0.32317708333333334