0 0.31473214285714285 0.45119521912350596 0.40401785714285715 0.45119521912350596 0.40401785714285715 0.33167330677290835 0.31473214285714285 0.33167330677290835 0.31473214285714285 0.45119521912350596
0 0.3229166666666667 0.5727091633466136 0.4181547619047619 0.5727091633466136 0.4181547619047619 0.449203187250996 0.3229166666666667 0.449203187250996 0.3229166666666667 0.5727091633466136
0 0.7142857142857143 0.9322709163346613 0.8110119047619048 0.9322709163346613 0.8110119047619048 0.7888446215139442 0.7142857142857143 0.7888446215139442 0.7142857142857143 0.9322709163346613
0 0.49404761904761907 0.41832669322709165 0.5818452380952381 0.41832669322709165 0.5818452380952381 0.2948207171314741 0.49404761904761907 0.2948207171314741 0.49404761904761907 0.41832669322709165
0 0.6175595238095238 0.9621513944223108 0.7113095238095238 0.9621513944223108 0.7113095238095238 0.8346613545816733 0.6175595238095238 0.8346613545816733 0.6175595238095238 0.9621513944223108
0 0.19122023809523808 0.23306772908366533 0.27455357142857145 0.23306772908366533 0.27455357142857145 0.10358565737051793 0.19122023809523808 0.10358565737051793 0.19122023809523808 0.23306772908366533
0 0.5483630952380952 0.3595617529880478 0.6316964285714286 0.3595617529880478 0.6316964285714286 0.22609561752988047 0.5483630952380952 0.22609561752988047 0.5483630952380952 0.3595617529880478
0 0.5677083333333334 0.22609561752988047 0.6331845238095238 0.22609561752988047 0.6331845238095238 0.12450199203187251 0.5677083333333334 0.12450199203187251 0.5677083333333334 0.22609561752988047
0 0.6540178571428571 0.6125498007968128 0.7462797619047619 0.6125498007968128 0.7462797619047619 0.46115537848605576 0.6540178571428571 0.46115537848605576 0.6540178571428571 0.6125498007968128
0 0.48214285714285715 0.3047808764940239 0.5654761904761905 0.3047808764940239 0.5654761904761905 0.20119521912350596 0.48214285714285715 0.20119521912350596 0.48214285714285715 0.3047808764940239
0 0.3273809523809524 1 0.3273809523809524 0.9223107569721115 0.22470238095238096 0.9223107569721115 0.22470238095238096 1 0.3273809523809524 1
0 0.4025297619047619 0.3376494023904382 0.48288690476190477 0.3376494023904382 0.48288690476190477 0.21215139442231076 0.4025297619047619 0.21215139442231076 0.4025297619047619 0.3376494023904382
0 0.265625 0.3794820717131474 0.3549107142857143 0.3794820717131474 0.3549107142857143 0.24402390438247012 0.265625 0.24402390438247012 0.265625 0.3794820717131474
0 0.15625 0.13147410358565736 0.24553571428571427 0.13147410358565736 0.24553571428571427 0.0398406374501992 0.15625 0.0398406374501992 0.15625 0.13147410358565736
0 0.125 0.8127490039840638 0.22470238095238096 0.8127490039840638 0.22470238095238096 0.6613545816733067 0.125 0.6613545816733067 0.125 0.8127490039840638
0 0.6480654761904762 0.853585657370518 0.7641369047619048 0.853585657370518 0.7641369047619048 0.6762948207171314 0.6480654761904762 0.6762948207171314 0.6480654761904762 0.853585657370518
0 0.2261904761904762 0.799800796812749 0.30654761904761907 0.799800796812749 0.30654761904761907 0.6344621513944223 0.2261904761904762 0.6344621513944223 0.2261904761904762 0.799800796812749
0 0.45610119047619047 0.2201195219123506 0.5349702380952381 0.2201195219123506 0.5349702380952381 0.11852589641434264 0.45610119047619047 0.11852589641434264 0.45610119047619047 0.2201195219123506
0 0.15401785714285715 0.9322709163346613 0.2552083333333333 0.9322709163346613 0.2552083333333333 0.8027888446215139 0.15401785714285715 0.8027888446215139 0.15401785714285715 0.9322709163346613
0 0.049107142857142856 0.12350597609561753 0.125 0.12350597609561753 0.125 0.05776892430278884 0.049107142857142856 0.05776892430278884 0.049107142857142856 0.12350597609561753