0 0.3962890625 0.9994791666666667 0.5912109375 0.9994791666666667 0.5912109375 0.7953125 0.3962890625 0.7953125 0.3962890625 0.9994791666666667
0 0.56796875 0.7528645833333333 0.71796875 0.7528645833333333 0.71796875 0.5877604166666667 0.56796875 0.5877604166666667 0.56796875 0.7528645833333333
0 0.4732421875 0.6981770833333333 0.6173828125 0.6981770833333333 0.6173828125 0.5190104166666667 0.4732421875 0.5190104166666667 0.4732421875 0.6981770833333333
0 0.5595703125 0.9513020833333333 0.7291015625 0.9513020833333333 0.7291015625 0.74140625 0.5595703125 0.74140625 0.5595703125 0.9513020833333333
0 0.3998046875 0.6143229166666667 0.5404296875 0.6143229166666667 0.5404296875 0.46484375 0.3998046875 0.46484375 0.3998046875 0.6143229166666667
0 0.8703125 0.5356770833333333 0.9609375 0.5356770833333333 0.9609375 0.42526041666666664 0.8703125 0.42526041666666664 0.8703125 0.5356770833333333
0 0.11015625 0.35651041666666666 0.16875 0.35651041666666666 0.16875 0.27578125 0.11015625 0.27578125 0.11015625 0.35651041666666666
0 0.0001953125 0.7111979166666667 0.0404296875 0.7111979166666667 0.0404296875 0.6002604166666666 0.0001953125 0.6002604166666666 0.0001953125 0.7111979166666667
0 0.5615234375 0.31666666666666665 0.6166015625 0.31666666666666665 0.6166015625 0.246875 0.5615234375 0.246875 0.5615234375 0.31666666666666665
0 0.6875 0.37526041666666665 0.744921875 0.37526041666666665 0.744921875 0.29348958333333336 0.6875 0.29348958333333336 0.6875 0.37526041666666665
0 0.2357421875 0.31145833333333334 0.2931640625 0.31145833333333334 0.2931640625 0.23802083333333332 0.2357421875 0.23802083333333332 0.2357421875 0.31145833333333334
0 0.6404296875 0.3296875 0.6951171875 0.3296875 0.6951171875 0.25885416666666666 0.6404296875 0.25885416666666666 0.6404296875 0.3296875
0 0.470703125 0.3375 0.533203125 0.3375 0.533203125 0.2520833333333333 0.470703125 0.2520833333333333 0.470703125 0.3375
0 0.1681640625 0.3390625 0.2259765625 0.3390625 0.2259765625 0.26614583333333336 0.1681640625 0.26614583333333336 0.1681640625 0.3390625
0 0.94140625 0.47291666666666665 0.99921875 0.47291666666666665 0.99921875 0.4 0.94140625 0.4 0.94140625 0.47291666666666665
0 0.0001953125 0.8744791666666667 0.0486328125 0.8744791666666667 0.0486328125 0.6916666666666667 0.0001953125 0.6916666666666667 0.0001953125 0.8744791666666667
0 0.0478515625 0.2921875 0.0927734375 0.2921875 0.0927734375 0.23645833333333333 0.0478515625 0.23645833333333333 0.0478515625 0.2921875
0 0.088671875 0.32109375 0.1359375 0.32109375 0.1359375 0.24505208333333334 0.088671875 0.24505208333333334 0.088671875 0.32109375
0 0.951953125 0.5932291666666667 0.999609375 0.5932291666666667 0.999609375 0.4671875 0.951953125 0.4671875 0.951953125 0.5932291666666667
0 0.7314453125 0.3606770833333333 0.7775390625 0.3606770833333333 0.7775390625 0.28515625 0.7314453125 0.28515625 0.7314453125 0.3606770833333333
0 0.001953125 0.29791666666666666 0.044921875 0.29791666666666666 0.044921875 0.24375 0.001953125 0.24375 0.001953125 0.29791666666666666
0 0.4779296875 0.2984375 0.5435546875 0.2984375 0.5435546875 0.23385416666666667 0.4779296875 0.23385416666666667 0.4779296875 0.2984375
0 0.138671875 0.2921875 0.18203125 0.2921875 0.18203125 0.24114583333333334 0.138671875 0.24114583333333334 0.138671875 0.2921875
0 0.1953125 0.2833333333333333 0.24375 0.2833333333333333 0.24375 0.22604166666666667 0.1953125 0.22604166666666667 0.1953125 0.2833333333333333
0 0.1958984375 0.23072916666666668 0.2369140625 0.23072916666666668 0.2369140625 0.19791666666666666 0.1958984375 0.19791666666666666 0.1958984375 0.23072916666666668
0 0.1705078125 0.28515625 0.2279296875 0.28515625 0.2279296875 0.24244791666666668 0.1705078125 0.24244791666666668 0.1705078125 0.28515625
0 0.9720703125 0.4791666666666667 0.9994140625 0.4791666666666667 0.9994140625 0.4432291666666667 0.9720703125 0.4432291666666667 0.9720703125 0.4791666666666667
0 0.1341796875 0.2755208333333333 0.1728515625 0.2755208333333333 0.1728515625 0.2375 0.1341796875 0.2375 0.1341796875 0.2755208333333333