0 0.9998046875 1 0.9998046875 0.8296875 0.8900390625 0.8296875 0.8900390625 1 0.9998046875 1
0 0.2294921875 0.325 0.2853515625 0.325 0.2853515625 0.24583333333333332 0.2294921875 0.24583333333333332 0.2294921875 0.325
0 0.919140625 0.45651041666666664 0.978125 0.45651041666666664 0.978125 0.35911458333333335 0.919140625 0.35911458333333335 0.919140625 0.45651041666666664
0 0.398046875 0.32265625 0.455859375 0.32265625 0.455859375 0.24869791666666666 0.398046875 0.24869791666666666 0.398046875 0.32265625
0 0.0796875 0.29661458333333335 0.125390625 0.29661458333333335 0.125390625 0.23515625 0.0796875 0.23515625 0.0796875 0.29661458333333335
0 0.26015625 0.3809895833333333 0.32890625 0.3809895833333333 0.32890625 0.28932291666666665 0.26015625 0.28932291666666665 0.26015625 0.3809895833333333
0 0.60546875 0.4005208333333333 0.671875 0.4005208333333333 0.671875 0.30416666666666664 0.60546875 0.30416666666666664 0.60546875 0.4005208333333333
0 0.3365234375 0.29791666666666666 0.3900390625 0.29791666666666666 0.3900390625 0.22760416666666666 0.3365234375 0.22760416666666666 0.3365234375 0.29791666666666666
0 0.0005859375 0.29765625 0.0494140625 0.29765625 0.0494140625 0.24036458333333333 0.0005859375 0.24036458333333333 0.0005859375 0.29765625
0 0.1677734375 0.3455729166666667 0.2306640625 0.3455729166666667 0.2306640625 0.26171875 0.1677734375 0.26171875 0.1677734375 0.3455729166666667
0 0.477734375 0.33645833333333336 0.53828125 0.33645833333333336 0.53828125 0.2515625 0.477734375 0.2515625 0.477734375 0.33645833333333336
0 0.7447265625 0.40260416666666665 0.8064453125 0.40260416666666665 0.8064453125 0.31666666666666665 0.7447265625 0.31666666666666665 0.7447265625 0.40260416666666665
0 0.2837890625 0.30494791666666665 0.3376953125 0.30494791666666665 0.3376953125 0.24088541666666666 0.2837890625 0.24088541666666666 0.2837890625 0.30494791666666665
0 0.5611328125 0.36796875 0.6224609375 0.36796875 0.6224609375 0.27786458333333336 0.5611328125 0.27786458333333336 0.5611328125 0.36796875
0 0.52734375 0.3216145833333333 0.583984375 0.3216145833333333 0.583984375 0.24557291666666667 0.52734375 0.24557291666666667 0.52734375 0.3216145833333333
0 0.8158203125 0.3736979166666667 0.8603515625 0.3736979166666667 0.8603515625 0.2981770833333333 0.8158203125 0.2981770833333333 0.8158203125 0.3736979166666667
0 0.7806640625 0.3848958333333333 0.8337890625 0.3848958333333333 0.8337890625 0.3020833333333333 0.7806640625 0.3020833333333333 0.7806640625 0.3848958333333333
0 0.871484375 0.38177083333333334 0.926953125 0.38177083333333334 0.926953125 0.3104166666666667 0.871484375 0.3104166666666667 0.871484375 0.38177083333333334
0 0.160546875 0.30442708333333335 0.21328125 0.30442708333333335 0.21328125 0.24713541666666666 0.160546875 0.24713541666666666 0.160546875 0.30442708333333335
0 0.8962890625 0.4125 0.9474609375 0.4125 0.9474609375 0.3359375 0.8962890625 0.3359375 0.8962890625 0.4125
0 0.6078125 0.32005208333333335 0.668359375 0.32005208333333335 0.668359375 0.27005208333333336 0.6078125 0.27005208333333336 0.6078125 0.32005208333333335
0 0.6046875 0.28619791666666666 0.665234375 0.28619791666666666 0.665234375 0.2565104166666667 0.6046875 0.2565104166666667 0.6046875 0.28619791666666666
0 0.985546875 0.3921875 0.999609375 0.3921875 0.999609375 0.3333333333333333 0.985546875 0.3333333333333333 0.985546875 0.3921875
0 0.9072265625 0.35052083333333334 0.9486328125 0.35052083333333334 0.9486328125 0.309375 0.9072265625 0.309375 0.9072265625 0.35052083333333334