0 0.74140625 1 0.74140625 0.815625 0.551171875 0.815625 0.551171875 1 0.74140625 1
0 0.4931640625 0.628125 0.6365234375 0.628125 0.6365234375 0.475 0.4931640625 0.475 0.4931640625 0.628125
0 0.580078125 0.7096354166666666 0.719921875 0.7096354166666666 0.719921875 0.5325520833333334 0.580078125 0.5325520833333334 0.580078125 0.7096354166666666
0 0.0017578125 0.9197916666666667 0.1478515625 0.9197916666666667 0.1478515625 0.7125 0.0017578125 0.7125 0.0017578125 0.9197916666666667
0 0.6818359375 0.77578125 0.8205078125 0.77578125 0.8205078125 0.6013020833333333 0.6818359375 0.6013020833333333 0.6818359375 0.77578125
0 0.6966796875 0.9583333333333334 0.8548828125 0.9583333333333334 0.8548828125 0.740625 0.6966796875 0.740625 0.6966796875 0.9583333333333334
0 0.9283203125 0.54375 0.9994140625 0.54375 0.9994140625 0.4375 0.9283203125 0.4375 0.9283203125 0.54375
0 0.0001953125 0.7627604166666667 0.1212890625 0.7627604166666667 0.1212890625 0.61328125 0.0001953125 0.61328125 0.0001953125 0.7627604166666667
0 0.1236328125 0.32369791666666664 0.1740234375 0.32369791666666664 0.1740234375 0.24348958333333334 0.1236328125 0.24348958333333334 0.1236328125 0.32369791666666664
0 0.278125 0.31328125 0.337109375 0.31328125 0.337109375 0.23880208333333333 0.278125 0.23880208333333333 0.278125 0.31328125
0 0.151171875 0.35833333333333334 0.212109375 0.35833333333333334 0.212109375 0.2765625 0.151171875 0.2765625 0.151171875 0.35833333333333334
0 0.6859375 0.3375 0.740234375 0.3375 0.740234375 0.26666666666666666 0.6859375 0.26666666666666666 0.6859375 0.3375
0 0.608203125 0.3229166666666667 0.662109375 0.3229166666666667 0.662109375 0.2515625 0.608203125 0.2515625 0.608203125 0.3229166666666667
0 0.0771484375 0.2911458333333333 0.1248046875 0.2911458333333333 0.1248046875 0.23229166666666667 0.0771484375 0.23229166666666667 0.0771484375 0.2911458333333333
0 0.7365234375 0.38333333333333336 0.7935546875 0.38333333333333336 0.7935546875 0.3020833333333333 0.7365234375 0.3020833333333333 0.7365234375 0.38333333333333336
0 0.21171875 0.34088541666666666 0.27109375 0.34088541666666666 0.27109375 0.26640625 0.21171875 0.26640625 0.21171875 0.34088541666666666
0 0.02890625 0.2955729166666667 0.071875 0.2955729166666667 0.071875 0.24036458333333333 0.02890625 0.24036458333333333 0.02890625 0.2955729166666667
0 0.5208984375 0.3419270833333333 0.5806640625 0.3419270833333333 0.5806640625 0.25494791666666666 0.5208984375 0.25494791666666666 0.5208984375 0.3419270833333333
0 0.0001953125 0.3104166666666667 0.0279296875 0.3104166666666667 0.0279296875 0.2552083333333333 0.0001953125 0.2552083333333333 0.0001953125 0.3104166666666667
0 0.7771484375 0.3684895833333333 0.8228515625 0.3684895833333333 0.8228515625 0.29348958333333336 0.7771484375 0.29348958333333336 0.7771484375 0.3684895833333333
0 0.1759765625 0.2916666666666667 0.2216796875 0.2916666666666667 0.2216796875 0.23958333333333334 0.1759765625 0.23958333333333334 0.1759765625 0.2916666666666667
0 0.2322265625 0.284375 0.2845703125 0.284375 0.2845703125 0.225 0.2322265625 0.225 0.2322265625 0.284375
0 0.2279296875 0.23177083333333334 0.2689453125 0.23177083333333334 0.2689453125 0.19635416666666666 0.2279296875 0.19635416666666666 0.2279296875 0.23177083333333334
0 0.2107421875 0.2864583333333333 0.2685546875 0.2864583333333333 0.2685546875 0.24166666666666667 0.2107421875 0.24166666666666667 0.2107421875 0.2864583333333333
0 0.5236328125 0.29765625 0.5912109375 0.29765625 0.5912109375 0.23776041666666667 0.5236328125 0.23776041666666667 0.5236328125 0.29765625
0 0.1697265625 0.27109375 0.2052734375 0.27109375 0.2052734375 0.23359375 0.1697265625 0.23359375 0.1697265625 0.27109375
0 0.9876953125 0.4546875 0.9994140625 0.4546875 0.9994140625 0.4166666666666667 0.9876953125 0.4166666666666667 0.9876953125 0.4546875
0 0.0673828125 0.25833333333333336 0.0982421875 0.25833333333333336 0.0982421875 0.215625 0.0673828125 0.215625 0.0673828125 0.25833333333333336