0 0.40843023255813954 0.814453125 0.48401162790697677 0.814453125 0.48401162790697677 0.708984375 0.40843023255813954 0.708984375 0.40843023255813954 0.814453125
0 0.47674418604651164 0.34375 0.5552325581395349 0.34375 0.5552325581395349 0.2421875 0.47674418604651164 0.2421875 0.47674418604651164 0.34375
0 0.3168604651162791 0.810546875 0.4011627906976744 0.810546875 0.4011627906976744 0.705078125 0.3168604651162791 0.705078125 0.3168604651162791 0.810546875
0 0.19622093023255813 0.47265625 0.27761627906976744 0.47265625 0.27761627906976744 0.3671875 0.19622093023255813 0.3671875 0.19622093023255813 0.47265625
0 0.561046511627907 0.228515625 0.6308139534883721 0.228515625 0.6308139534883721 0.123046875 0.561046511627907 0.123046875 0.561046511627907 0.228515625
0 0.08139534883720931 0.279296875 0.15988372093023256 0.279296875 0.15988372093023256 0.177734375 0.08139534883720931 0.177734375 0.08139534883720931 0.279296875
0 0.45494186046511625 0.947265625 0.5392441860465116 0.947265625 0.5392441860465116 0.841796875 0.45494186046511625 0.841796875 0.45494186046511625 0.947265625
0 0.6395348837209303 0.23046875 0.7034883720930233 0.23046875 0.7034883720930233 0.125 0.6395348837209303 0.125 0.6395348837209303 0.23046875
0 0.4113372093023256 0.4140625 0.49273255813953487 0.4140625 0.49273255813953487 0.30859375 0.4113372093023256 0.30859375 0.4113372093023256 0.4140625
0 0.48546511627906974 0.2265625 0.5552325581395349 0.2265625 0.5552325581395349 0.12890625 0.48546511627906974 0.12890625 0.48546511627906974 0.2265625
0 0.38226744186046513 0.103515625 0.45203488372093026 0.103515625 0.45203488372093026 0.005859375 0.38226744186046513 0.005859375 0.38226744186046513 0.103515625
0 0.5479651162790697 0.947265625 0.6177325581395349 0.947265625 0.6177325581395349 0.833984375 0.5479651162790697 0.833984375 0.5479651162790697 0.947265625
0 0.1816860465116279 0.287109375 0.2601744186046512 0.287109375 0.2601744186046512 0.181640625 0.1816860465116279 0.181640625 0.1816860465116279 0.287109375
0 0.6395348837209303 0.349609375 0.7122093023255814 0.349609375 0.7122093023255814 0.248046875 0.6395348837209303 0.248046875 0.6395348837209303 0.349609375
0 0.7616279069767442 0.80859375 0.8343023255813954 0.80859375 0.8343023255813954 0.69140625 0.7616279069767442 0.69140625 0.7616279069767442 0.80859375
0 0.6918604651162791 0.294921875 0.7645348837209303 0.294921875 0.7645348837209303 0.185546875 0.6918604651162791 0.185546875 0.6918604651162791 0.294921875
0 0.561046511627907 0.556640625 0.6308139534883721 0.556640625 0.6308139534883721 0.435546875 0.561046511627907 0.435546875 0.561046511627907 0.556640625
0 0.7107558139534884 0.951171875 0.7921511627906976 0.951171875 0.7921511627906976 0.830078125 0.7107558139534884 0.830078125 0.7107558139534884 0.951171875
0 0.5944767441860465 0.82421875 0.6700581395348837 0.82421875 0.6700581395348837 0.69921875 0.5944767441860465 0.69921875 0.5944767441860465 0.82421875
0 0.46075581395348836 0.109375 0.5188953488372093 0.109375 0.5188953488372093 0.0078125 0.46075581395348836 0.0078125 0.46075581395348836 0.109375
0 0.563953488372093 0.35546875 0.6308139534883721 0.35546875 0.6308139534883721 0.2421875 0.563953488372093 0.2421875 0.563953488372093 0.35546875
0 0.47819767441860467 0.54296875 0.5537790697674418 0.54296875 0.5537790697674418 0.43359375 0.47819767441860467 0.43359375 0.47819767441860467 0.54296875
0 0.24563953488372092 0.95703125 0.32703488372093026 0.95703125 0.32703488372093026 0.84375 0.24563953488372092 0.84375 0.24563953488372092 0.95703125
0 0.7616279069767442 0.599609375 0.8372093023255814 0.599609375 0.8372093023255814 0.498046875 0.7616279069767442 0.498046875 0.7616279069767442 0.599609375
0 0.2936046511627907 0 0.2936046511627907 0.109375 0.36046511627906974 0.109375 0.36046511627906974 0 0.2936046511627907 0
0 0.6686046511627907 0.6015625 0.747093023255814 0.6015625 0.747093023255814 0.48046875 0.6686046511627907 0.48046875 0.6686046511627907 0.6015625
0 0.7950581395348837 0.478515625 0.8677325581395349 0.478515625 0.8677325581395349 0.373046875 0.7950581395348837 0.373046875 0.7950581395348837 0.478515625
0 0.8197674418604651 0.87890625 0.9011627906976745 0.87890625 0.9011627906976745 0.7578125 0.8197674418604651 0.7578125 0.8197674418604651 0.87890625
0 0.7965116279069767 0.99609375 0.877906976744186 0.99609375 0.877906976744186 0.8984375 0.7965116279069767 0.8984375 0.7965116279069767 0.99609375
0 0.34156976744186046 0.162109375 0.41424418604651164 0.162109375 0.41424418604651164 0.060546875 0.34156976744186046 0.060546875 0.34156976744186046 0.162109375
0 0.5247093023255814 0.12890625 0.5915697674418605 0.12890625 0.5915697674418605 0.0078125 0.5247093023255814 0.0078125 0.5247093023255814 0.12890625
0 0.626453488372093 0.943359375 0.6991279069767442 0.943359375 0.6991279069767442 0.837890625 0.626453488372093 0.837890625 0.626453488372093 0.943359375
0 0.7369186046511628 0.41796875 0.8066860465116279 0.41796875 0.8066860465116279 0.3125 0.7369186046511628 0.3125 0.7369186046511628 0.41796875
0 0.6148255813953488 0.490234375 0.6875 0.490234375 0.6875 0.365234375 0.6148255813953488 0.365234375 0.6148255813953488 0.490234375
0 0.6787790697674418 0.82421875 0.7543604651162791 0.82421875 0.7543604651162791 0.69921875 0.6787790697674418 0.69921875 0.6787790697674418 0.82421875
0 0.7703488372093024 0.3046875 0.8226744186046512 0.3046875 0.8226744186046512 0.171875 0.7703488372093024 0.171875 0.7703488372093024 0.3046875
0 0.26453488372093026 0.541015625 0.3372093023255814 0.541015625 0.3372093023255814 0.435546875 0.26453488372093026 0.435546875 0.26453488372093026 0.541015625
0 0.5988372093023255 0.12109375 0.6627906976744186 0.12109375 0.6627906976744186 0.0078125 0.5988372093023255 0.0078125 0.5988372093023255 0.12109375
0 0.30523255813953487 0.474609375 0.375 0.474609375 0.375 0.373046875 0.30523255813953487 0.373046875 0.30523255813953487 0.474609375
0 0.16279069767441862 0.736328125 0.23837209302325582 0.736328125 0.23837209302325582 0.630859375 0.16279069767441862 0.630859375 0.16279069767441862 0.736328125
0 0.8343023255813954 0.666015625 0.9040697674418605 0.666015625 0.9040697674418605 0.544921875 0.8343023255813954 0.544921875 0.8343023255813954 0.666015625
0 0.626453488372093 0.677734375 0.6933139534883721 0.677734375 0.6933139534883721 0.560546875 0.626453488372093 0.560546875 0.626453488372093 0.677734375
0 0 0.794921875 0.06976744186046512 0.794921875 0.06976744186046512 0.701171875 0 0.701171875 0 0.794921875
0 0.7616279069767442 0.107421875 0.8372093023255814 0.107421875 0.8372093023255814 0.009765625 0.7616279069767442 0.009765625 0.7616279069767442 0.107421875
0 0.20784883720930233 0 0.20784883720930233 0.03515625 0.27761627906976744 0.03515625 0.27761627906976744 0 0.20784883720930233 0
0 0.5465116279069767 0.669921875 0.6191860465116279 0.669921875 0.6191860465116279 0.564453125 0.5465116279069767 0.564453125 0.5465116279069767 0.669921875
0 0 0.150390625 0.029069767441860465 0.150390625 0.029069767441860465 0.052734375 0 0.052734375 0 0.150390625
0 0.029069767441860465 0.55078125 0.10465116279069768 0.55078125 0.10465116279069768 0.4296875 0.029069767441860465 0.4296875 0.029069767441860465 0.55078125
0 0 0.408203125 0.029069767441860465 0.408203125 0.029069767441860465 0.306640625 0 0.306640625 0 0.408203125
0 0.22093023255813954 0.69140625 0.30523255813953487 0.69140625 0.30523255813953487 0.55859375 0.22093023255813954 0.55859375 0.22093023255813954 0.69140625
0 0.12790697674418605 0 0.12790697674418605 0.03515625 0.19767441860465115 0.03515625 0.19767441860465115 0 0.12790697674418605 0
0 0.01744186046511628 0 0.01744186046511628 0.03515625 0.09593023255813954 0.03515625 0.09593023255813954 0 0.01744186046511628 0
0 0.8822674418604651 0.99609375 0.940406976744186 0.99609375 0.940406976744186 0.95703125 0.8822674418604651 0.95703125 0.8822674418604651 0.99609375
0 0.07412790697674419 0.740234375 0.14970930232558138 0.740234375 0.14970930232558138 0.634765625 0.07412790697674419 0.634765625 0.07412790697674419 0.740234375
0 0.4738372093023256 0.73828125 0.5436046511627907 0.73828125 0.5436046511627907 0.62109375 0.4738372093023256 0.62109375 0.4738372093023256 0.73828125
0 0.6453488372093024 0 0.6453488372093024 0.05078125 0.7005813953488372 0.05078125 0.7005813953488372 0 0.6453488372093024 0
0 0.7572674418604651 0.99609375 0.8299418604651163 0.99609375 0.8299418604651163 0.96875 0.7572674418604651 0.96875 0.7572674418604651 0.99609375
0 0.7383720930232558 1 0.7383720930232558 0.98046875 0.686046511627907 0.98046875 0.686046511627907 1 0.7383720930232558 1
0 0.34738372093023256 0.552734375 0.4055232558139535 0.552734375 0.4055232558139535 0.458984375 0.34738372093023256 0.458984375 0.34738372093023256 0.552734375