0 0.13226744186046513 0.119140625 0.20494186046511628 0.119140625 0.20494186046511628 0.017578125 0.13226744186046513 0.017578125 0.13226744186046513 0.119140625
0 0.3241279069767442 0.900390625 0.40843023255813954 0.900390625 0.40843023255813954 0.794921875 0.3241279069767442 0.794921875 0.3241279069767442 0.900390625
0 0.20203488372093023 0.560546875 0.28343023255813954 0.560546875 0.28343023255813954 0.451171875 0.20203488372093023 0.451171875 0.20203488372093023 0.560546875
0 0.4186046511627907 0.90625 0.4941860465116279 0.90625 0.4941860465116279 0.796875 0.4186046511627907 0.796875 0.4186046511627907 0.90625
0 0.21220930232558138 0.119140625 0.2819767441860465 0.119140625 0.2819767441860465 0.021484375 0.21220930232558138 0.021484375 0.21220930232558138 0.119140625
0 0.19186046511627908 0.361328125 0.26453488372093026 0.361328125 0.26453488372093026 0.263671875 0.19186046511627908 0.263671875 0.19186046511627908 0.361328125
0 0.6497093023255814 0.427734375 0.7223837209302325 0.427734375 0.7223837209302325 0.326171875 0.6497093023255814 0.326171875 0.6497093023255814 0.427734375
0 0.4956395348837209 0.306640625 0.565406976744186 0.306640625 0.565406976744186 0.205078125 0.4956395348837209 0.205078125 0.4956395348837209 0.306640625
0 0.8343023255813954 0.958984375 0.9156976744186046 0.958984375 0.9156976744186046 0.849609375 0.8343023255813954 0.849609375 0.8343023255813954 0.958984375
0 0.08430232558139535 0.359375 0.15988372093023256 0.359375 0.15988372093023256 0.2578125 0.08430232558139535 0.2578125 0.08430232558139535 0.359375
0 0.07994186046511628 0.83203125 0.1555232558139535 0.83203125 0.1555232558139535 0.71875 0.07994186046511628 0.71875 0.07994186046511628 0.83203125
0 0.5726744186046512 0.30859375 0.6395348837209303 0.30859375 0.6395348837209303 0.203125 0.5726744186046512 0.203125 0.5726744186046512 0.30859375
0 0.16569767441860464 0.83203125 0.2441860465116279 0.83203125 0.2441860465116279 0.72265625 0.16569767441860464 0.72265625 0.16569767441860464 0.83203125
0 0.8386627906976745 0.75 0.9171511627906976 0.75 0.9171511627906976 0.640625 0.8386627906976745 0.640625 0.8386627906976745 0.75
0 0.48401162790697677 0.4296875 0.5625 0.4296875 0.5625 0.32421875 0.48401162790697677 0.32421875 0.48401162790697677 0.4296875
0 0.7005813953488372 0.373046875 0.7761627906976745 0.373046875 0.7761627906976745 0.267578125 0.7005813953488372 0.267578125 0.7005813953488372 0.373046875
0 0.6075581395348837 0.19921875 0.6744186046511628 0.19921875 0.6744186046511628 0.0859375 0.6075581395348837 0.0859375 0.6075581395348837 0.19921875
0 0.34593023255813954 0.2421875 0.42151162790697677 0.2421875 0.42151162790697677 0.1328125 0.34593023255813954 0.1328125 0.34593023255813954 0.2421875
0 0.5552325581395349 0.7734375 0.627906976744186 0.7734375 0.627906976744186 0.65234375 0.5552325581395349 0.65234375 0.5552325581395349 0.7734375
0 0.6468023255813954 0.3046875 0.7165697674418605 0.3046875 0.7165697674418605 0.19921875 0.6468023255813954 0.19921875 0.6468023255813954 0.3046875
0 0.6351744186046512 0.759765625 0.7049418604651163 0.759765625 0.7049418604651163 0.650390625 0.6351744186046512 0.650390625 0.6351744186046512 0.759765625
0 0.4883720930232558 0.630859375 0.563953488372093 0.630859375 0.563953488372093 0.513671875 0.4883720930232558 0.513671875 0.4883720930232558 0.630859375
0 0.38808139534883723 0.1875 0.46075581395348836 0.1875 0.46075581395348836 0.08203125 0.38808139534883723 0.08203125 0.38808139534883723 0.1875
0 0.0188953488372093 0.12109375 0.1002906976744186 0.12109375 0.1002906976744186 0.0078125 0.0188953488372093 0.0078125 0.0188953488372093 0.12109375
0 0.5712209302325582 0.62890625 0.6409883720930233 0.62890625 0.6409883720930233 0.51953125 0.5712209302325582 0.51953125 0.5712209302325582 0.62890625
0 0.5552325581395349 0.99609375 0.627906976744186 0.99609375 0.627906976744186 0.9296875 0.5552325581395349 0.9296875 0.5552325581395349 0.99609375
0 0.6366279069767442 0.99609375 0.7093023255813954 0.99609375 0.7093023255813954 0.92578125 0.6366279069767442 0.92578125 0.6366279069767442 0.99609375
0 0.7209302325581395 0.998046875 0.7994186046511628 0.998046875 0.7994186046511628 0.923828125 0.7209302325581395 0.923828125 0.7209302325581395 0.998046875
0 0.4680232558139535 0.201171875 0.5261627906976745 0.201171875 0.5261627906976745 0.087890625 0.4680232558139535 0.087890625 0.4680232558139535 0.201171875
0 0.4636627906976744 0.99609375 0.5479651162790697 0.99609375 0.5479651162790697 0.93359375 0.4636627906976744 0.93359375 0.4636627906976744 0.99609375
0 0.6002906976744186 0.904296875 0.6816860465116279 0.904296875 0.6816860465116279 0.791015625 0.6002906976744186 0.791015625 0.6002906976744186 0.904296875
0 0.251453488372093 0.99609375 0.33575581395348836 0.99609375 0.33575581395348836 0.93359375 0.251453488372093 0.93359375 0.251453488372093 0.99609375
0 0.4796511627906977 0.83203125 0.5552325581395349 0.83203125 0.5552325581395349 0.73046875 0.4796511627906977 0.73046875 0.4796511627906977 0.83203125
0 0.34156976744186046 0 0.34156976744186046 0.0703125 0.40261627906976744 0.0703125 0.40261627906976744 0 0.34156976744186046 0
0 0.7747093023255814 0.91015625 0.8473837209302325 0.91015625 0.8473837209302325 0.78125 0.7747093023255814 0.78125 0.7747093023255814 0.91015625
0 0.3008720930232558 0.19140625 0.36773255813953487 0.19140625 0.36773255813953487 0.0703125 0.3008720930232558 0.0703125 0.3008720930232558 0.19140625
0 0.42296511627906974 0.513671875 0.501453488372093 0.513671875 0.501453488372093 0.388671875 0.42296511627906974 0.388671875 0.42296511627906974 0.513671875
0 0.5348837209302325 0.208984375 0.5988372093023255 0.208984375 0.5988372093023255 0.080078125 0.5348837209302325 0.080078125 0.5348837209302325 0.208984375
0 0.622093023255814 0.580078125 0.7005813953488372 0.580078125 0.7005813953488372 0.451171875 0.622093023255814 0.451171875 0.622093023255814 0.580078125
0 0.2703488372093023 0.640625 0.34593023255813954 0.640625 0.34593023255813954 0.5234375 0.2703488372093023 0.5234375 0.2703488372093023 0.640625
0 0.2238372093023256 0.76953125 0.30523255813953487 0.76953125 0.30523255813953487 0.65234375 0.2238372093023256 0.65234375 0.2238372093023256 0.76953125
0 0.690406976744186 0.90625 0.7659883720930233 0.90625 0.7659883720930233 0.7890625 0.690406976744186 0.7890625 0.690406976744186 0.90625
0 0.75 0.501953125 0.8197674418604651 0.501953125 0.8197674418604651 0.392578125 0.75 0.392578125 0.75 0.501953125
0 0.7718023255813954 0.181640625 0.8473837209302325 0.181640625 0.8473837209302325 0.087890625 0.7718023255813954 0.087890625 0.7718023255813954 0.181640625
0 0.8081395348837209 0.5625 0.8808139534883721 0.5625 0.8808139534883721 0.453125 0.8081395348837209 0.453125 0.8081395348837209 0.5625
0 0.2616279069767442 0 0.2616279069767442 0.06640625 0.3313953488372093 0.06640625 0.3313953488372093 0 0.2616279069767442 0
0 0.5726744186046512 0.43359375 0.6395348837209303 0.43359375 0.6395348837209303 0.32421875 0.5726744186046512 0.32421875 0.5726744186046512 0.43359375
0 0.6453488372093024 0.126953125 0.7151162790697675 0.126953125 0.7151162790697675 0.025390625 0.6453488372093024 0.025390625 0.6453488372093024 0.126953125
0 0.3081395348837209 0.56640625 0.38372093023255816 0.56640625 0.38372093023255816 0.453125 0.3081395348837209 0.453125 0.3081395348837209 0.56640625
0 0.686046511627907 0.6875 0.7558139534883721 0.6875 0.7558139534883721 0.5703125 0.686046511627907 0.5703125 0.686046511627907 0.6875
0 0.7776162790697675 0.6953125 0.8502906976744186 0.6953125 0.8502906976744186 0.5859375 0.7776162790697675 0.5859375 0.7776162790697675 0.6953125
0 0 0.224609375 0.03197674418604651 0.224609375 0.03197674418604651 0.126953125 0 0.126953125 0 0.224609375
0 0.7819767441860465 0.376953125 0.8372093023255814 0.376953125 0.8372093023255814 0.251953125 0.7819767441860465 0.251953125 0.7819767441860465 0.376953125
0 0.684593023255814 0 0.684593023255814 0.0703125 0.7456395348837209 0.0703125 0.7456395348837209 0 0.684593023255814 0
0 0 0.498046875 0.03197674418604651 0.498046875 0.03197674418604651 0.388671875 0 0.388671875 0 0.498046875
0 0 0.923828125 0.0755813953488372 0.923828125 0.0755813953488372 0.791015625 0 0.791015625 0 0.923828125
0 0.03343023255813953 0.59765625 0.10610465116279069 0.59765625 0.10610465116279069 0.515625 0.03343023255813953 0.515625 0.03343023255813953 0.59765625