0 0.19186046511627908 0.396484375 0.2703488372093023 0.396484375 0.2703488372093023 0.287109375 0.19186046511627908 0.287109375 0.19186046511627908 0.396484375
0 0.5566860465116279 0.15234375 0.6206395348837209 0.15234375 0.6206395348837209 0.0546875 0.5566860465116279 0.0546875 0.5566860465116279 0.15234375
0 0.6831395348837209 0.21875 0.752906976744186 0.21875 0.752906976744186 0.11328125 0.6831395348837209 0.11328125 0.6831395348837209 0.21875
0 0.47819767441860467 0.154296875 0.5479651162790697 0.154296875 0.5479651162790697 0.056640625 0.47819767441860467 0.056640625 0.47819767441860467 0.154296875
0 0.5377906976744186 0.59765625 0.6075581395348837 0.59765625 0.6075581395348837 0.484375 0.5377906976744186 0.484375 0.5377906976744186 0.59765625
0 0.4069767441860465 0.333984375 0.48546511627906974 0.333984375 0.48546511627906974 0.228515625 0.4069767441860465 0.228515625 0.4069767441860465 0.333984375
0 0.17877906976744187 0.2109375 0.2543604651162791 0.2109375 0.2543604651162791 0.109375 0.17877906976744187 0.109375 0.17877906976744187 0.2109375
0 0.5392441860465116 0.87109375 0.6090116279069767 0.87109375 0.6090116279069767 0.75390625 0.5392441860465116 0.75390625 0.5392441860465116 0.87109375
0 0.6293604651162791 0.15625 0.6933139534883721 0.15625 0.6933139534883721 0.05078125 0.6293604651162791 0.05078125 0.6293604651162791 0.15625
0 0.5552325581395349 0.271484375 0.622093023255814 0.271484375 0.622093023255814 0.169921875 0.5552325581395349 0.169921875 0.5552325581395349 0.271484375
0 0.7005813953488372 0.875 0.7790697674418605 0.875 0.7790697674418605 0.75 0.7005813953488372 0.75 0.7005813953488372 0.875
0 0.6148255813953488 0.591796875 0.684593023255814 0.591796875 0.684593023255814 0.482421875 0.6148255813953488 0.482421875 0.6148255813953488 0.591796875
0 0.2136627906976744 0.58984375 0.28924418604651164 0.58984375 0.28924418604651164 0.4765625 0.2136627906976744 0.4765625 0.2136627906976744 0.58984375
0 0.752906976744186 0.5234375 0.8226744186046512 0.5234375 0.8226744186046512 0.41796875 0.752906976744186 0.41796875 0.752906976744186 0.5234375
0 0.45348837209302323 0.8671875 0.5290697674418605 0.8671875 0.5290697674418605 0.7578125 0.45348837209302323 0.7578125 0.45348837209302323 0.8671875
0 0.6322674418604651 0.27734375 0.7020348837209303 0.27734375 0.7020348837209303 0.171875 0.6322674418604651 0.171875 0.6322674418604651 0.27734375
0 0.6177325581395349 0.87109375 0.690406976744186 0.87109375 0.690406976744186 0.75390625 0.6177325581395349 0.75390625 0.6177325581395349 0.87109375
0 0.2921511627906977 0.3984375 0.36773255813953487 0.3984375 0.36773255813953487 0.29296875 0.2921511627906977 0.29296875 0.2921511627906977 0.3984375
0 0.47238372093023256 0.462890625 0.5450581395348837 0.462890625 0.5450581395348837 0.357421875 0.47238372093023256 0.357421875 0.47238372093023256 0.462890625
0 0.6642441860465116 0.5234375 0.7369186046511628 0.5234375 0.7369186046511628 0.41015625 0.6642441860465116 0.41015625 0.6642441860465116 0.5234375
0 0.46656976744186046 0.27734375 0.5450581395348837 0.27734375 0.5450581395348837 0.171875 0.46656976744186046 0.171875 0.46656976744186046 0.27734375
0 0.7281976744186046 0.34375 0.7950581395348837 0.34375 0.7950581395348837 0.23828125 0.7281976744186046 0.23828125 0.7281976744186046 0.34375
0 0.7441860465116279 0.994140625 0.8226744186046512 0.994140625 0.8226744186046512 0.880859375 0.7441860465116279 0.880859375 0.7441860465116279 0.994140625
0 0.5537790697674418 0.45703125 0.623546511627907 0.45703125 0.623546511627907 0.35546875 0.5537790697674418 0.35546875 0.5537790697674418 0.45703125
0 0.7877906976744186 0.92578125 0.8662790697674418 0.92578125 0.8662790697674418 0.8125 0.7877906976744186 0.8125 0.7877906976744186 0.92578125
0 0.7805232558139535 0.404296875 0.8590116279069767 0.404296875 0.8590116279069767 0.298828125 0.7805232558139535 0.298828125 0.7805232558139535 0.404296875
0 0.8677325581395349 0.99609375 0.9316860465116279 0.99609375 0.9316860465116279 0.875 0.8677325581395349 0.875 0.8677325581395349 0.99609375
0 0.6046511627906976 0.40234375 0.6802325581395349 0.40234375 0.6802325581395349 0.29296875 0.6046511627906976 0.29296875 0.6046511627906976 0.40234375
0 0.1816860465116279 0.99609375 0.26308139534883723 0.99609375 0.26308139534883723 0.90234375 0.1816860465116279 0.90234375 0.1816860465116279 0.99609375
0 0.8183139534883721 0.58984375 0.8938953488372093 0.58984375 0.8938953488372093 0.46484375 0.8183139534883721 0.46484375 0.8183139534883721 0.58984375
0 0.24563953488372092 0.869140625 0.32122093023255816 0.869140625 0.32122093023255816 0.755859375 0.24563953488372092 0.755859375 0.24563953488372092 0.869140625
0 0.811046511627907 0.787109375 0.8895348837209303 0.787109375 0.8895348837209303 0.677734375 0.811046511627907 0.677734375 0.811046511627907 0.787109375
0 0.31540697674418605 0.72265625 0.3938953488372093 0.72265625 0.3938953488372093 0.625 0.31540697674418605 0.625 0.31540697674418605 0.72265625
0 0.7601744186046512 0.2265625 0.815406976744186 0.2265625 0.815406976744186 0.09765625 0.7601744186046512 0.09765625 0.7601744186046512 0.2265625
0 0.0755813953488372 0.21484375 0.1511627906976744 0.21484375 0.1511627906976744 0.09765625 0.0755813953488372 0.09765625 0.0755813953488372 0.21484375
0 0.40406976744186046 0.73046875 0.4738372093023256 0.73046875 0.4738372093023256 0.61328125 0.40406976744186046 0.61328125 0.40406976744186046 0.73046875
0 0.752906976744186 0.73828125 0.8226744186046512 0.73828125 0.8226744186046512 0.62109375 0.752906976744186 0.62109375 0.752906976744186 0.73828125
0 0.25726744186046513 0.4609375 0.32994186046511625 0.4609375 0.32994186046511625 0.359375 0.25726744186046513 0.359375 0.25726744186046513 0.4609375
0 0.5465116279069767 0.99609375 0.6162790697674418 0.99609375 0.6162790697674418 0.9609375 0.5465116279069767 0.9609375 0.5465116279069767 0.99609375
0 0 0.310546875 0.02616279069767442 0.310546875 0.02616279069767442 0.232421875 0 0.232421875 0 0.310546875
0 0.5872093023255814 0.73828125 0.6598837209302325 0.73828125 0.6598837209302325 0.61328125 0.5872093023255814 0.61328125 0.5872093023255814 0.73828125
0 0.6729651162790697 0.724609375 0.7427325581395349 0.724609375 0.7427325581395349 0.619140625 0.6729651162790697 0.619140625 0.6729651162790697 0.724609375
0 0.06976744186046512 0.6484375 0.15988372093023256 0.6484375 0.15988372093023256 0.546875 0.06976744186046512 0.546875 0.06976744186046512 0.6484375
0 0.39098837209302323 0.99609375 0.46656976744186046 0.99609375 0.46656976744186046 0.9609375 0.39098837209302323 0.9609375 0.39098837209302323 0.99609375
0 0.6671511627906976 0.99609375 0.7398255813953488 0.99609375 0.7398255813953488 0.89453125 0.6671511627906976 0.89453125 0.6671511627906976 0.99609375
0 0.024709302325581394 0.44921875 0.1002906976744186 0.44921875 0.1002906976744186 0.34375 0.024709302325581394 0.34375 0.024709302325581394 0.44921875
0 0.627906976744186 0.99609375 0.6947674418604651 0.99609375 0.6947674418604651 0.95703125 0.627906976744186 0.95703125 0.627906976744186 0.99609375
0 0.46511627906976744 0.658203125 0.5377906976744186 0.658203125 0.5377906976744186 0.564453125 0.46511627906976744 0.564453125 0.46511627906976744 0.658203125
0 0.5915697674418605 0 0.5915697674418605 0.0390625 0.6555232558139535 0.0390625 0.6555232558139535 0 0.5915697674418605 0
0 0.5203488372093024 0 0.5203488372093024 0.03125 0.5813953488372093 0.03125 0.5813953488372093 0 0.5203488372093024 0
0 0.3313953488372093 0 0.3313953488372093 0.0859375 0.40406976744186046 0.0859375 0.40406976744186046 0 0.3313953488372093 0
0 0.7543604651162791 0 0.7543604651162791 0.03515625 0.8241279069767442 0.03515625 0.8241279069767442 0 0.7543604651162791 0
0 0.31540697674418605 0.998046875 0.3793604651162791 0.998046875 0.3793604651162791 0.966796875 0.31540697674418605 0.966796875 0.31540697674418605 0.998046875
0 0.45348837209302323 0 0.45348837209302323 0.03515625 0.5116279069767442 0.03515625 0.5116279069767442 0 0.45348837209302323 0
0 0.1569767441860465 0.654296875 0.22674418604651161 0.654296875 0.22674418604651161 0.548828125 0.1569767441860465 0.548828125 0.1569767441860465 0.654296875
0 0.4055232558139535 0 0.4055232558139535 0.03515625 0.4433139534883721 0.03515625 0.4433139534883721 0 0.4055232558139535 0
0 0.36046511627906974 0.451171875 0.4011627906976744 0.451171875 0.4011627906976744 0.376953125 0.36046511627906974 0.376953125 0.36046511627906974 0.451171875
0 0 0.7421875 0.06395348837209303 0.7421875 0.06395348837209303 0.609375 0 0.609375 0 0.7421875