0 0.31547619047619047 1 0.31547619047619047 0.8844621513944223 0.19642857142857142 0.8844621513944223 0.19642857142857142 1 0.31547619047619047 1
0 0.5744047619047619 0.6703187250996016 0.6696428571428571 0.6703187250996016 0.6696428571428571 0.5209163346613546 0.5744047619047619 0.5209163346613546 0.5744047619047619 0.6703187250996016
0 0.49404761904761907 0.19223107569721115 0.5729166666666666 0.19223107569721115 0.5729166666666666 0.07669322709163347 0.49404761904761907 0.07669322709163347 0.49404761904761907 0.19223107569721115
0 0.15252976190476192 0.46713147410358563 0.24330357142857142 0.46713147410358563 0.24330357142857142 0.3256972111553785 0.15252976190476192 0.3256972111553785 0.15252976190476192 0.46713147410358563
0 0.21279761904761904 0.4043824701195219 0.29910714285714285 0.4043824701195219 0.29910714285714285 0.2749003984063745 0.21279761904761904 0.2749003984063745 0.21279761904761904 0.4043824701195219
0 0.5163690476190477 0.5687250996015937 0.6071428571428571 0.5687250996015937 0.6071428571428571 0.4292828685258964 0.5163690476190477 0.4292828685258964 0.5163690476190477 0.5687250996015937
0 0.6525297619047619 0.6912350597609562 0.7284226190476191 0.6912350597609562 0.7284226190476191 0.5697211155378487 0.6525297619047619 0.5697211155378487 0.6525297619047619 0.6912350597609562
0 0.140625 0.898406374501992 0.24776785714285715 0.898406374501992 0.24776785714285715 0.7629482071713147 0.140625 0.7629482071713147 0.140625 0.898406374501992
0 0.24776785714285715 0.34163346613545814 0.33705357142857145 0.34163346613545814 0.33705357142857145 0.21812749003984064 0.24776785714285715 0.21812749003984064 0.24776785714285715 0.34163346613545814
0 0.38095238095238093 1 0.38095238095238093 0.9661354581673307 0.2961309523809524 0.9661354581673307 0.2961309523809524 1 0.38095238095238093 1
0 0.20461309523809523 0.7689243027888446 0.3087797619047619 0.7689243027888446 0.3087797619047619 0.6095617529880478 0.20461309523809523 0.6095617529880478 0.20461309523809523 0.7689243027888446
0 0.11830357142857142 0.7679282868525896 0.20014880952380953 0.7679282868525896 0.20014880952380953 0.6245019920318725 0.11830357142857142 0.6245019920318725 0.11830357142857142 0.7679282868525896