0 0.7581845238095238 1 0.7581845238095238 0.8685258964143426 0.6569940476190477 0.8685258964143426 0.6569940476190477 1 0.7581845238095238 1
0 0.515625 0.40139442231075695 0.5900297619047619 0.40139442231075695 0.5900297619047619 0.26593625498007967 0.515625 0.26593625498007967 0.515625 0.40139442231075695
0 0.16889880952380953 0.48904382470119523 0.2552083333333333 0.48904382470119523 0.2552083333333333 0.34163346613545814 0.16889880952380953 0.34163346613545814 0.16889880952380953 0.48904382470119523
0 0.23660714285714285 0.6364541832669323 0.34077380952380953 0.6364541832669323 0.34077380952380953 0.48705179282868527 0.23660714285714285 0.48705179282868527 0.23660714285714285 0.6364541832669323
0 0.38095238095238093 0.5507968127490039 0.47023809523809523 0.5507968127490039 0.47023809523809523 0.41932270916334663 0.38095238095238093 0.41932270916334663 0.38095238095238093 0.5507968127490039
0 0.17261904761904762 0.2679282868525896 0.25892857142857145 0.2679282868525896 0.25892857142857145 0.14243027888446216 0.17261904761904762 0.14243027888446216 0.17261904761904762 0.2679282868525896
0 0.2775297619047619 0.7320717131474104 0.38467261904761907 0.7320717131474104 0.38467261904761907 0.600597609561753 0.2775297619047619 0.600597609561753 0.2775297619047619 0.7320717131474104
0 0.5989583333333334 0.43227091633466136 0.6674107142857143 0.43227091633466136 0.6674107142857143 0.2948207171314741 0.5989583333333334 0.2948207171314741 0.5989583333333334 0.43227091633466136
0 0.5438988095238095 1 0.5438988095238095 0.9362549800796812 0.4427083333333333 0.9362549800796812 0.4427083333333333 1 0.5438988095238095 1
0 0.25669642857142855 0.4820717131474104 0.3444940476190476 0.4820717131474104 0.3444940476190476 0.3286852589641434 0.25669642857142855 0.3286852589641434 0.25669642857142855 0.4820717131474104
0 0.30505952380952384 0.5677290836653387 0.38244047619047616 0.5677290836653387 0.38244047619047616 0.4243027888446215 0.30505952380952384 0.4243027888446215 0.30505952380952384 0.5677290836653387
0 0.5394345238095238 0.8834661354581673 0.6421130952380952 0.8834661354581673 0.6421130952380952 0.7579681274900398 0.5394345238095238 0.7579681274900398 0.5394345238095238 0.8834661354581673
0 0.09821428571428571 0.6065737051792829 0.19791666666666666 0.6065737051792829 0.19791666666666666 0.4531872509960159 0.09821428571428571 0.4531872509960159 0.09821428571428571 0.6065737051792829
0 0.6369047619047619 0.8904382470119522 0.7380952380952381 0.8904382470119522 0.7380952380952381 0.7330677290836654 0.6369047619047619 0.7330677290836654 0.6369047619047619 0.8904382470119522
0 0.7172619047619048 0.8934262948207171 0.8095238095238095 0.8934262948207171 0.8095238095238095 0.7679282868525896 0.7172619047619048 0.7679282868525896 0.7172619047619048 0.8934262948207171
0 0.7358630952380952 0.7669322709163346 0.8132440476190477 0.7669322709163346 0.8132440476190477 0.6155378486055777 0.7358630952380952 0.6155378486055777 0.7358630952380952 0.7669322709163346
0 0.22395833333333334 0.20019920318725098 0.29538690476190477 0.20019920318725098 0.29538690476190477 0.09661354581673307 0.22395833333333334 0.09661354581673307 0.22395833333333334 0.20019920318725098
0 0.06994047619047619 0.1553784860557769 0.14434523809523808 0.1553784860557769 0.14434523809523808 0.04780876494023904 0.06994047619047619 0.04780876494023904 0.06994047619047619 0.1553784860557769
0 0.6049107142857143 0.7470119521912351 0.6956845238095238 0.7470119521912351 0.6956845238095238 0.6095617529880478 0.6049107142857143 0.6095617529880478 0.6049107142857143 0.7470119521912351
0 0.37797619047619047 0.9651394422310757 0.4836309523809524 0.9651394422310757 0.4836309523809524 0.8077689243027888 0.37797619047619047 0.8077689243027888 0.37797619047619047 0.9651394422310757
0 0.28273809523809523 0.11055776892430279 0.3541666666666667 0.11055776892430279 0.3541666666666667 0.030876494023904383 0.28273809523809523 0.030876494023904383 0.28273809523809523 0.11055776892430279