0 0.3444940476190476 0.1902390438247012 0.41592261904761907 0.1902390438247012 0.41592261904761907 0.0647410358565737 0.3444940476190476 0.0647410358565737 0.3444940476190476 0.1902390438247012
0 0.4174107142857143 0.16733067729083664 0.4962797619047619 0.16733067729083664 0.4962797619047619 0.055776892430278883 0.4174107142857143 0.055776892430278883 0.4174107142857143 0.16733067729083664
0 0.4575892857142857 0.23904382470119523 0.5364583333333334 0.23904382470119523 0.5364583333333334 0.13346613545816732 0.4575892857142857 0.13346613545816732 0.4575892857142857 0.23904382470119523
0 0.6413690476190477 0.4452191235059761 0.7157738095238095 0.4452191235059761 0.7157738095238095 0.33565737051792827 0.6413690476190477 0.33565737051792827 0.6413690476190477 0.4452191235059761
0 0.4486607142857143 0.5169322709163346 0.5319940476190477 0.5169322709163346 0.5319940476190477 0.4033864541832669 0.4486607142857143 0.4033864541832669 0.4486607142857143 0.5169322709163346
0 0.6748511904761905 0.999003984063745 0.7715773809523809 0.999003984063745 0.7715773809523809 0.8655378486055777 0.6748511904761905 0.8655378486055777 0.6748511904761905 0.999003984063745
0 0.8534226190476191 1 0.8534226190476191 0.9123505976095617 0.7596726190476191 0.9123505976095617 0.7596726190476191 1 0.8534226190476191 1
0 0.5491071428571429 0.74800796812749 0.6473214285714286 0.74800796812749 0.6473214285714286 0.6205179282868526 0.5491071428571429 0.6205179282868526 0.5491071428571429 0.74800796812749
0 0.13020833333333334 0.795816733067729 0.23288690476190477 0.795816733067729 0.23288690476190477 0.6424302788844621 0.13020833333333334 0.6424302788844621 0.13020833333333334 0.795816733067729
0 0.5907738095238095 0.951195219123506 0.6904761904761905 0.951195219123506 0.6904761904761905 0.8177290836653387 0.5907738095238095 0.8177290836653387 0.5907738095238095 0.951195219123506
0 0.5684523809523809 0.1693227091633466 0.6324404761904762 0.1693227091633466 0.6324404761904762 0.07569721115537849 0.5684523809523809 0.07569721115537849 0.5684523809523809 0.1693227091633466
0 0.7447916666666666 0.9163346613545816 0.8430059523809523 0.9163346613545816 0.8430059523809523 0.7649402390438247 0.7447916666666666 0.7649402390438247 0.7447916666666666 0.9163346613545816
0 0.5037202380952381 0.42231075697211157 0.5885416666666666 0.42231075697211157 0.5885416666666666 0.28087649402390436 0.5037202380952381 0.28087649402390436 0.5037202380952381 0.42231075697211157
0 0.109375 0.19223107569721115 0.18377976190476192 0.19223107569721115 0.18377976190476192 0.06673306772908366 0.109375 0.06673306772908366 0.109375 0.19223107569721115
0 0.5848214285714286 0.3934262948207171 0.6636904761904762 0.3934262948207171 0.6636904761904762 0.25 0.5848214285714286 0.25 0.5848214285714286 0.3934262948207171
0 0.4486607142857143 0.08964143426294821 0.5215773809523809 0.08964143426294821 0.5215773809523809 0.00597609561752988 0.4486607142857143 0.00597609561752988 0.4486607142857143 0.08964143426294821
0 0.3549107142857143 0.9352589641434262 0.45461309523809523 0.9352589641434262 0.45461309523809523 0.8017928286852589 0.3549107142857143 0.8017928286852589 0.3549107142857143 0.9352589641434262
0 0.8511904761904762 0.9950199203187251 0.9330357142857143 0.9950199203187251 0.9330357142857143 0.8735059760956175 0.8511904761904762 0.8735059760956175 0.8511904761904762 0.9950199203187251
0 0.5543154761904762 0.46713147410358563 0.6316964285714286 0.46713147410358563 0.6316964285714286 0.36354581673306774 0.5543154761904762 0.36354581673306774 0.5543154761904762 0.46713147410358563
0 0.7440476190476191 0.7649402390438247 0.8273809523809523 0.7649402390438247 0.8273809523809523 0.6155378486055777 0.7440476190476191 0.6155378486055777 0.7440476190476191 0.7649402390438247
0 0.6331845238095238 0.2061752988047809 0.6986607142857143 0.2061752988047809 0.6986607142857143 0.09063745019920319 0.6331845238095238 0.09063745019920319 0.6331845238095238 0.2061752988047809
0 0.45461309523809523 0.6414342629482072 0.5513392857142857 0.6414342629482072 0.5513392857142857 0.5059760956175299 0.45461309523809523 0.5059760956175299 0.45461309523809523 0.6414342629482072
0 0.43526785714285715 0.3595617529880478 0.5126488095238095 0.3595617529880478 0.5126488095238095 0.2360557768924303 0.43526785714285715 0.2360557768924303 0.43526785714285715 0.3595617529880478
0 0.5647321428571429 0.28087649402390436 0.6480654761904762 0.28087649402390436 0.6480654761904762 0.16334661354581673 0.5647321428571429 0.16334661354581673 0.5647321428571429 0.28087649402390436
0 0.39732142857142855 0.7290836653386454 0.49404761904761907 0.7290836653386454 0.49404761904761907 0.5896414342629482 0.39732142857142855 0.5896414342629482 0.39732142857142855 0.7290836653386454
0 0.6629464285714286 0.3595617529880478 0.7418154761904762 0.3595617529880478 0.7418154761904762 0.21812749003984064 0.6629464285714286 0.21812749003984064 0.6629464285714286 0.3595617529880478
0 0.4992559523809524 0.1902390438247012 0.5647321428571429 0.1902390438247012 0.5647321428571429 0.06673306772908366 0.4992559523809524 0.06673306772908366 0.4992559523809524 0.1902390438247012
0 0.5446428571428571 0.09362549800796813 0.6041666666666666 0.09362549800796813 0.6041666666666666 0.02390438247011952 0.5446428571428571 0.02390438247011952 0.5446428571428571 0.09362549800796813
0 0.4992559523809524 0.14940239043824702 0.5647321428571429 0.14940239043824702 0.5647321428571429 0.06772908366533864 0.4992559523809524 0.06772908366533864 0.4992559523809524 0.14940239043824702