0 0.7869685767097967 0.928125 0.9228280961182994 0.928125 0.9228280961182994 0.4578125 0.7869685767097967 0.4578125 0.7869685767097967 0.928125
0 0.6030499075785583 0.37734375 0.7019408502772643 0.37734375 0.7019408502772643 0.04609375 0.6030499075785583 0.04609375 0.6030499075785583 0.37734375
0 0.5972735674676525 0.86015625 0.6998613678373382 0.86015625 0.6998613678373382 0.34765625 0.5972735674676525 0.34765625 0.5972735674676525 0.86015625
0 0.3156192236598891 0.3828125 0.3798521256931608 0.3828125 0.3798521256931608 0.1125 0.3156192236598891 0.1125 0.3156192236598891 0.3828125
0 0.4967652495378928 0.79375 0.5979667282809612 0.79375 0.5979667282809612 0.3203125 0.4967652495378928 0.3203125 0.4967652495378928 0.79375
0 0.40157116451016633 0.88125 0.5023105360443623 0.88125 0.5023105360443623 0.4 0.40157116451016633 0.4 0.40157116451016633 0.88125
0 0.6677449168207024 0 0.6677449168207024 0.3015625 0.7509242144177449 0.3015625 0.7509242144177449 0 0.6677449168207024 0
0 0.3285582255083179 0.7640625 0.40988909426987064 0.7640625 0.40988909426987064 0.315625 0.3285582255083179 0.315625 0.3285582255083179 0.7640625
0 0.5240295748613678 0.42109375 0.6058225508317929 0.42109375 0.6058225508317929 0.12265625 0.5240295748613678 0.12265625 0.5240295748613678 0.42109375
0 0.37569316081330867 0.43515625 0.449630314232902 0.43515625 0.449630314232902 0.12109375 0.37569316081330867 0.12109375 0.37569316081330867 0.43515625
0 0.48937153419593343 0.26015625 0.5577634011090573 0.26015625 0.5577634011090573 0.00234375 0.48937153419593343 0.00234375 0.48937153419593343 0.26015625
0 0.3585951940850277 1 0.3585951940850277 0.8734375 0.2555452865064695 0.8734375 0.2555452865064695 1 0.3585951940850277 1
0 0.42606284658040666 0 0.42606284658040666 0.225 0.48937153419593343 0.225 0.48937153419593343 0 0.42606284658040666 0
0 0.44755083179297594 0.47890625 0.5214879852125693 0.47890625 0.5214879852125693 0.18046875 0.44755083179297594 0.18046875 0.44755083179297594 0.47890625
0 0.5628465804066544 0 0.5628465804066544 0.1984375 0.6233826247689463 0.1984375 0.6233826247689463 0 0.5628465804066544 0
0 0.3914048059149723 0 0.3914048059149723 0.1 0.44408502772643255 0.1 0.44408502772643255 0 0.3914048059149723 0
0 0.6187615526802218 0 0.6187615526802218 0.0484375 0.6728280961182994 0.0484375 0.6728280961182994 0 0.6187615526802218 0
0 0.22296672828096117 1 0.22296672828096117 0.9046875 0.1416358595194085 0.9046875 0.1416358595194085 1 0.22296672828096117 1
0 0.5311922365988909 0 0.5311922365988909 0.0828125 0.5718576709796673 0.0828125 0.5718576709796673 0 0.5311922365988909 0
0 0.477818853974122 0 0.477818853974122 0.053125 0.5157116451016636 0.053125 0.5157116451016636 0 0.477818853974122 0
0 0.7298983364140481 0 0.7298983364140481 0.0453125 0.7636321626617375 0.0453125 0.7636321626617375 0 0.7298983364140481 0