0 0.29910714285714285 0.4452191235059761 0.38839285714285715 0.4452191235059761 0.38839285714285715 0.3256972111553785 0.29910714285714285 0.3256972111553785 0.29910714285714285 0.4452191235059761
0 0.46577380952380953 0.30278884462151395 0.5476190476190477 0.30278884462151395 0.5476190476190477 0.1852589641434263 0.46577380952380953 0.1852589641434263 0.46577380952380953 0.30278884462151395
0 0.2916666666666667 0.32669322709163345 0.37648809523809523 0.32669322709163345 0.37648809523809523 0.21713147410358566 0.2916666666666667 0.21713147410358566 0.2916666666666667 0.32669322709163345
0 0.453125 0.199203187250996 0.5305059523809523 0.199203187250996 0.5305059523809523 0.09760956175298804 0.453125 0.09760956175298804 0.453125 0.199203187250996
0 0.37276785714285715 0.23207171314741035 0.45461309523809523 0.23207171314741035 0.45461309523809523 0.10856573705179283 0.37276785714285715 0.10856573705179283 0.37276785714285715 0.23207171314741035
0 0.671875 0.7739043824701195 0.7641369047619048 0.7739043824701195 0.7641369047619048 0.6384462151394422 0.671875 0.6384462151394422 0.671875 0.7739043824701195
0 0.6175595238095238 0.47310756972111556 0.7068452380952381 0.47310756972111556 0.7068452380952381 0.33565737051792827 0.6175595238095238 0.33565737051792827 0.6175595238095238 0.47310756972111556
0 0.5163690476190477 0.2539840637450199 0.5952380952380952 0.2539840637450199 0.5952380952380952 0.12250996015936255 0.5163690476190477 0.12250996015936255 0.5163690476190477 0.2539840637450199
0 0.24627976190476192 0.2649402390438247 0.32663690476190477 0.2649402390438247 0.32663690476190477 0.1394422310756972 0.24627976190476192 0.1394422310756972 0.24627976190476192 0.2649402390438247
0 0.6614583333333334 1 0.6614583333333334 0.8924302788844621 0.5617559523809523 0.8924302788844621 0.5617559523809523 1 0.6614583333333334 1
0 0.5357142857142857 0.1254980079681275 0.5982142857142857 0.1254980079681275 0.5982142857142857 0.029880478087649404 0.5357142857142857 0.029880478087649404 0.5357142857142857 0.1254980079681275
0 0.20238095238095238 0.896414342629482 0.2931547619047619 0.896414342629482 0.2931547619047619 0.7629482071713147 0.20238095238095238 0.7629482071713147 0.20238095238095238 0.896414342629482
0 0.13764880952380953 0.7888446215139442 0.234375 0.7888446215139442 0.234375 0.6454183266932271 0.13764880952380953 0.6454183266932271 0.13764880952380953 0.7888446215139442
0 0.5751488095238095 0.8097609561752988 0.6688988095238095 0.8097609561752988 0.6688988095238095 0.6802788844621513 0.5751488095238095 0.6802788844621513 0.5751488095238095 0.8097609561752988
0 0.1488095238095238 0.9711155378486056 0.2425595238095238 0.9711155378486056 0.2425595238095238 0.8575697211155379 0.1488095238095238 0.8575697211155379 0.1488095238095238 0.9711155378486056
0 0.20014880952380953 0.6434262948207171 0.2805059523809524 0.6434262948207171 0.2805059523809524 0.5059760956175299 0.20014880952380953 0.5059760956175299 0.20014880952380953 0.6434262948207171
0 0.9181547619047619 1 0.9181547619047619 0.8784860557768924 0.8273809523809523 0.8784860557768924 0.8273809523809523 1 0.9181547619047619 1
0 0.10639880952380952 0.6603585657370518 0.20461309523809523 0.6603585657370518 0.20461309523809523 0.5129482071713147 0.10639880952380952 0.5129482071713147 0.10639880952380952 0.6603585657370518
0 0.7730654761904762 1 0.7730654761904762 0.9422310756972112 0.6629464285714286 0.9422310756972112 0.6629464285714286 1 0.7730654761904762 1
0 0.6078869047619048 0.6743027888446215 0.6956845238095238 0.6743027888446215 0.6956845238095238 0.5368525896414342 0.6078869047619048 0.5368525896414342 0.6078869047619048 0.6743027888446215
0 0.43154761904761907 0.11952191235059761 0.5029761904761905 0.11952191235059761 0.5029761904761905 0.0199203187250996 0.43154761904761907 0.0199203187250996 0.43154761904761907 0.11952191235059761
0 0.17559523809523808 0.12649402390438247 0.25148809523809523 0.12649402390438247 0.25148809523809523 0.04282868525896414 0.17559523809523808 0.04282868525896414 0.17559523809523808 0.12649402390438247