0 0.14672216441207075 0.6338418862690708 0.2695109261186264 0.6338418862690708 0.2695109261186264 0.4389736477115118 0.14672216441207075 0.4389736477115118 0.14672216441207075 0.6338418862690708
0 0.05567117585848075 0.7385575589459085 0.16805411030176898 0.7385575589459085 0.16805411030176898 0.4895977808599168 0.05567117585848075 0.4895977808599168 0.05567117585848075 0.7385575589459085
0 0.23100936524453694 0.5384882108183079 0.35796045785639957 0.5384882108183079 0.35796045785639957 0.3567961165048544 0.23100936524453694 0.3567961165048544 0.23100936524453694 0.5384882108183079
0 0.18158168574401665 0.18932038834951456 0.25026014568158167 0.18932038834951456 0.25026014568158167 0.05894590846047157 0.18158168574401665 0.05894590846047157 0.18158168574401665 0.18932038834951456
0 0.14334027055150886 0.33183079056865467 0.21982310093652446 0.33183079056865467 0.21982310093652446 0.1730235783633842 0.14334027055150886 0.1730235783633842 0.14334027055150886 0.33183079056865467
0 0.6982310093652445 0.19382801664355062 0.7611862643080125 0.19382801664355062 0.7611862643080125 0.08980582524271845 0.6982310093652445 0.08980582524271845 0.6982310093652445 0.19382801664355062
0 0.27705515088449534 0.3907766990291262 0.3821540062434964 0.3907766990291262 0.3821540062434964 0.24029126213592233 0.27705515088449534 0.24029126213592233 0.27705515088449534 0.3907766990291262
0 0.24115504682622269 0.1553398058252427 0.31815816857440166 0.1553398058252427 0.31815816857440166 0.038834951456310676 0.24115504682622269 0.038834951456310676 0.24115504682622269 0.1553398058252427
0 0.8072320499479708 0.2739251040221914 0.8738293444328824 0.2739251040221914 0.8738293444328824 0.16990291262135923 0.8072320499479708 0.16990291262135923 0.8072320499479708 0.2739251040221914
0 0.17872008324661812 0.4441747572815534 0.2749739854318418 0.4441747572815534 0.2749739854318418 0.28883495145631066 0.17872008324661812 0.28883495145631066 0.17872008324661812 0.4441747572815534
0 0.2187825182101977 0.3235090152565881 0.3072320499479709 0.3235090152565881 0.3072320499479709 0.18411927877947296 0.2187825182101977 0.18411927877947296 0.2187825182101977 0.3235090152565881
0 0.7567637877211238 0.20110957004160887 0.8103537981269511 0.20110957004160887 0.8103537981269511 0.10471567267683772 0.7567637877211238 0.10471567267683772 0.7567637877211238 0.20110957004160887
0 0.22580645161290322 0 0.22580645161290322 0.03744798890429958 0.2804370447450572 0.03744798890429958 0.2804370447450572 0 0.22580645161290322 0
0 0.2843392299687825 0 0.2843392299687825 0.04160887656033287 0.3493756503642039 0.04160887656033287 0.3493756503642039 0 0.2843392299687825 0
0 0.6810613943808532 0.028779472954230237 0.7174817898022893 0.028779472954230237 0.7174817898022893 0.00034674063800277393 0.6810613943808532 0.00034674063800277393 0.6810613943808532 0.028779472954230237
0 0.7159209157127991 0.03640776699029126 0.7507804370447451 0.03640776699029126 0.7507804370447451 0.00034674063800277393 0.7159209157127991 0.00034674063800277393 0.7159209157127991 0.03640776699029126
0 0.7801768990634755 0.170249653259362 0.8322060353798127 0.170249653259362 0.8322060353798127 0.08703190013869626 0.7801768990634755 0.08703190013869626 0.7801768990634755 0.170249653259362
0 0.8249219562955254 0.23613037447988905 0.8842351716961498 0.23613037447988905 0.8842351716961498 0.1473647711511789 0.8249219562955254 0.1473647711511789 0.8249219562955254 0.23613037447988905
0 0.7786160249739854 0.10055478502080444 0.8181581685744017 0.10055478502080444 0.8181581685744017 0.0638002773925104 0.7786160249739854 0.0638002773925104 0.7786160249739854 0.10055478502080444
0 1 0.47018030513176146 0.9937565036420395 0.47018030513176146 0.9937565036420395 0.5353675450762829 1 0.5353675450762829 1 0.47018030513176146