0 0.15166493236212278 0.9996532593619972 0.31659729448491153 0.9996532593619972 0.31659729448491153 0.7777392510402219 0.15166493236212278 0.7777392510402219 0.15166493236212278 0.9996532593619972
0 0.6836628511966701 0.35852981969486825 0.7601456815816857 0.35852981969486825 0.7601456815816857 0.24271844660194175 0.6836628511966701 0.24271844660194175 0.6836628511966701 0.35852981969486825
0 0.16623309053069718 0.35194174757281554 0.2614464099895942 0.35194174757281554 0.2614464099895942 0.2125520110957004 0.16623309053069718 0.2125520110957004 0.16623309053069718 0.35194174757281554
0 0.20577523413111343 0.15083217753120665 0.2843392299687825 0.15083217753120665 0.2843392299687825 0.04056865464632455 0.20577523413111343 0.04056865464632455 0.20577523413111343 0.15083217753120665
0 0.9164932362122789 0.5790568654646324 0.9971383975026015 0.5790568654646324 0.9971383975026015 0.43966712898751736 0.9164932362122789 0.43966712898751736 0.9164932362122789 0.5790568654646324
0 0.012747138397502602 0.9993065187239945 0.17611862643080126 0.9993065187239945 0.17611862643080126 0.9042995839112344 0.012747138397502602 0.9042995839112344 0.012747138397502602 0.9993065187239945
0 0.2593652445369407 0 0.2593652445369407 0.059639389736477116 0.32180020811654525 0.059639389736477116 0.32180020811654525 0 0.2593652445369407 0
0 0.8506763787721123 0.27843273231622745 0.9172736732570239 0.27843273231622745 0.9172736732570239 0.1834257975034674 0.8506763787721123 0.1834257975034674 0.8506763787721123 0.27843273231622745
0 0 0.6199722607489597 0.03694068678459938 0.6199722607489597 0.03694068678459938 0.4445214979195562 0 0.4445214979195562 0 0.6199722607489597
0 0.22528616024973985 0 0.22528616024973985 0.033287101248266296 0.26170655567117584 0.033287101248266296 0.26170655567117584 0 0.22528616024973985 0
0 1 0.5305131761442441 0.9880332986472424 0.5305131761442441 0.9880332986472424 0.6171983356449375 1 0.6171983356449375 1 0.5305131761442441