0 0.41294642857142855 0.8067729083665338 0.5081845238095238 0.8067729083665338 0.5081845238095238 0.6653386454183267 0.41294642857142855 0.6653386454183267 0.41294642857142855 0.8067729083665338
0 0.35639880952380953 0.2400398406374502 0.4337797619047619 0.2400398406374502 0.4337797619047619 0.11653386454183266 0.35639880952380953 0.11653386454183266 0.35639880952380953 0.2400398406374502
0 0.4322916666666667 0.22709163346613545 0.5111607142857143 0.22709163346613545 0.5111607142857143 0.10557768924302789 0.4322916666666667 0.10557768924302789 0.4322916666666667 0.22709163346613545
0 0.7083333333333334 1 0.7083333333333334 0.900398406374502 0.6086309523809523 0.900398406374502 0.6086309523809523 1 0.7083333333333334 1
0 0.11458333333333333 0.23804780876494025 0.19345238095238096 0.23804780876494025 0.19345238095238096 0.11653386454183266 0.11458333333333333 0.11653386454183266 0.11458333333333333 0.23804780876494025
0 0.47098214285714285 0.301792828685259 0.5528273809523809 0.301792828685259 0.5528273809523809 0.18824701195219123 0.47098214285714285 0.18824701195219123 0.47098214285714285 0.301792828685259
0 0.4538690476190476 0.4262948207171315 0.5342261904761905 0.4262948207171315 0.5342261904761905 0.29282868525896416 0.4538690476190476 0.29282868525896416 0.4538690476190476 0.4262948207171315
0 0.6011904761904762 0.4302788844621514 0.6889880952380952 0.4302788844621514 0.6889880952380952 0.30677290836653387 0.6011904761904762 0.30677290836653387 0.6011904761904762 0.4302788844621514
0 0.4732142857142857 1 0.4732142857142857 0.8864541832669323 0.36904761904761907 0.8864541832669323 0.36904761904761907 1 0.4732142857142857 1
0 0.6622023809523809 0.5239043824701195 0.7425595238095238 0.5239043824701195 0.7425595238095238 0.39641434262948205 0.6622023809523809 0.39641434262948205 0.6622023809523809 0.5239043824701195
0 0.4635416666666667 0.5846613545816733 0.546875 0.5846613545816733 0.546875 0.4631474103585657 0.4635416666666667 0.4631474103585657 0.4635416666666667 0.5846613545816733
0 0.5684523809523809 0.8326693227091634 0.6726190476190477 0.8326693227091634 0.6726190476190477 0.6952191235059761 0.5684523809523809 0.6952191235059761 0.5684523809523809 0.8326693227091634
0 0.7976190476190477 1 0.7976190476190477 0.9462151394422311 0.7038690476190477 0.9462151394422311 0.7038690476190477 1 0.7976190476190477 1
0 0.5848214285714286 0.22709163346613545 0.6502976190476191 0.22709163346613545 0.6502976190476191 0.1254980079681275 0.5848214285714286 0.1254980079681275 0.5848214285714286 0.22709163346613545
0 0.46279761904761907 0.14243027888446216 0.5357142857142857 0.14243027888446216 0.5357142857142857 0.052788844621513946 0.46279761904761907 0.052788844621513946 0.46279761904761907 0.14243027888446216
0 0.14136904761904762 0.8665338645418327 0.24404761904761904 0.8665338645418327 0.24404761904761904 0.7211155378486056 0.14136904761904762 0.7211155378486056 0.14136904761904762 0.8665338645418327
0 0.8668154761904762 1 0.8668154761904762 0.8426294820717132 0.7686011904761905 0.8426294820717132 0.7686011904761905 1 0.8668154761904762 1
0 0.5200892857142857 0.47908366533864544 0.6034226190476191 0.47908366533864544 0.6034226190476191 0.33167330677290835 0.5200892857142857 0.33167330677290835 0.5200892857142857 0.47908366533864544
0 0.5126488095238095 0 0.5126488095238095 0.11553784860557768 0.5796130952380952 0.11553784860557768 0.5796130952380952 0 0.5126488095238095 0
0 0.5141369047619048 0.2549800796812749 0.5855654761904762 0.2549800796812749 0.5855654761904762 0.11752988047808766 0.5141369047619048 0.11752988047808766 0.5141369047619048 0.2549800796812749
0 0.7663690476190477 0.8466135458167331 0.8601190476190477 0.8466135458167331 0.8601190476190477 0.6892430278884463 0.7663690476190477 0.6892430278884463 0.7663690476190477 0.8466135458167331
0 0.47172619047619047 0.7201195219123506 0.5744047619047619 0.7201195219123506 0.5744047619047619 0.5747011952191236 0.47172619047619047 0.5747011952191236 0.47172619047619047 0.7201195219123506
0 0.5758928571428571 0.548804780876494 0.6651785714285714 0.548804780876494 0.6651785714285714 0.42729083665338646 0.5758928571428571 0.42729083665338646 0.5758928571428571 0.548804780876494
0 0.5863095238095238 0.351593625498008 0.6681547619047619 0.351593625498008 0.6681547619047619 0.21812749003984064 0.5863095238095238 0.21812749003984064 0.5863095238095238 0.351593625498008
0 0.5602678571428571 0.15637450199203187 0.6346726190476191 0.15637450199203187 0.6346726190476191 0.07270916334661355 0.5602678571428571 0.07270916334661355 0.5602678571428571 0.15637450199203187
0 0.9561011904761905 1 0.9561011904761905 0.9581673306772909 0.8757440476190477 0.9581673306772909 0.8757440476190477 1 0.9561011904761905 1
0 0.6845238095238095 0.4163346613545817 0.7663690476190477 0.4163346613545817 0.7663690476190477 0.27689243027888444 0.6845238095238095 0.27689243027888444 0.6845238095238095 0.4163346613545817
0 0.5677083333333334 0 0.5677083333333334 0.06772908366533864 0.6242559523809523 0.06772908366533864 0.6242559523809523 0 0.5677083333333334 0
0 0.6465773809523809 0.2679282868525896 0.7194940476190477 0.2679282868525896 0.7194940476190477 0.14243027888446216 0.6465773809523809 0.14243027888446216 0.6465773809523809 0.2679282868525896
0 0.2767857142857143 0.08067729083665338 0.35119047619047616 0.08067729083665338 0.35119047619047616 0.026892430278884463 0.2767857142857143 0.026892430278884463 0.2767857142857143 0.08067729083665338
0 0.8660714285714286 1 0.8660714285714286 0.9920318725099602 0.8258928571428571 0.9920318725099602 0.8258928571428571 1 0.8660714285714286 1