0 0.3574399260628466 0.36171875 0.4332255083179298 0.36171875 0.4332255083179298 0.04765625 0.3574399260628466 0.04765625 0.3574399260628466 0.36171875
0 0.4288354898336414 0.96875 0.5434380776340111 0.96875 0.5434380776340111 0.465625 0.4288354898336414 0.465625 0.4288354898336414 0.96875
0 0.2647874306839187 0.99765625 0.39510166358595195 0.99765625 0.39510166358595195 0.59921875 0.2647874306839187 0.59921875 0.2647874306839187 0.99765625
0 0.569547134935305 0.69609375 0.6818391866913124 0.69609375 0.6818391866913124 0.28046875 0.569547134935305 0.28046875 0.569547134935305 0.69609375
0 0.7322088724584104 0.753125 0.8537430683918669 0.753125 0.8537430683918669 0.3125 0.7322088724584104 0.3125 0.7322088724584104 0.753125
0 0.6088262476894639 0 0.6088262476894639 0.2953125 0.7030961182994455 0.2953125 0.7030961182994455 0 0.6088262476894639 0
0 0.8299445471349353 0 0.8299445471349353 0.3296875 0.9182070240295749 0.3296875 0.9182070240295749 0 0.8299445471349353 0
0 0.3008317929759704 0.296875 0.35813308687615525 0.296875 0.35813308687615525 0.0265625 0.3008317929759704 0.0265625 0.3008317929759704 0.296875
0 0.7740295748613678 0.3921875 0.8572088724584104 0.3921875 0.8572088724584104 0.090625 0.7740295748613678 0.090625 0.7740295748613678 0.3921875
0 0.6866913123844732 0.55859375 0.7777264325323475 0.55859375 0.7777264325323475 0.15859375 0.6866913123844732 0.15859375 0.6866913123844732 0.55859375
0 0.47273567467652494 0 0.47273567467652494 0.159375 0.5420517560073937 0.159375 0.5420517560073937 0 0.47273567467652494 0
0 0.40988909426987064 0.6546875 0.505083179297597 0.6546875 0.505083179297597 0.3171875 0.40988909426987064 0.3171875 0.40988909426987064 0.6546875
0 0.5348890942698706 0.49140625 0.6254621072088724 0.49140625 0.6254621072088724 0.14609375 0.5348890942698706 0.14609375 0.5348890942698706 0.49140625
0 0.5404343807763401 0 0.5404343807763401 0.159375 0.6208410351201479 0.159375 0.6208410351201479 0 0.5404343807763401 0
0 0.897181146025878 0 0.897181146025878 0.221875 0.9664972273567468 0.221875 0.9664972273567468 0 0.897181146025878 0
0 0.6890018484288355 0 0.6890018484288355 0.134375 0.7523105360443623 0.134375 0.7523105360443623 0 0.6890018484288355 0
0 0.45586876155268025 1 0.45586876155268025 0.8109375 0.32647874306839186 0.8109375 0.32647874306839186 1 0.45586876155268025 1
0 0.3140018484288355 1 0.3140018484288355 0.884375 0.20540665434380775 0.884375 0.20540665434380775 1 0.3140018484288355 1