0 0.18604651162790697 0.291015625 0.26453488372093026 0.291015625 0.26453488372093026 0.185546875 0.18604651162790697 0.185546875 0.18604651162790697 0.291015625
0 0.44476744186046513 0.818359375 0.5232558139534884 0.818359375 0.5232558139534884 0.708984375 0.44476744186046513 0.708984375 0.44476744186046513 0.818359375
0 0.5537790697674418 0.359375 0.6293604651162791 0.359375 0.6293604651162791 0.25390625 0.5537790697674418 0.25390625 0.5537790697674418 0.359375
0 0.47674418604651164 0.234375 0.5436046511627907 0.234375 0.5436046511627907 0.125 0.47674418604651164 0.125 0.47674418604651164 0.234375
0 0.7252906976744186 0.953125 0.7979651162790697 0.953125 0.7979651162790697 0.83984375 0.7252906976744186 0.83984375 0.7252906976744186 0.953125
0 0.8590116279069767 0.806640625 0.9375 0.806640625 0.9375 0.705078125 0.8590116279069767 0.705078125 0.8590116279069767 0.806640625
0 0.32994186046511625 0.232421875 0.3997093023255814 0.232421875 0.3997093023255814 0.126953125 0.32994186046511625 0.126953125 0.32994186046511625 0.232421875
0 0.4375 0.48046875 0.5043604651162791 0.48046875 0.5043604651162791 0.3828125 0.4375 0.3828125 0.4375 0.48046875
0 0.8226744186046512 0.3515625 0.8866279069767442 0.3515625 0.8866279069767442 0.2578125 0.8226744186046512 0.2578125 0.8226744186046512 0.3515625
0 0.40843023255813954 0.236328125 0.47238372093023256 0.236328125 0.47238372093023256 0.130859375 0.40843023255813954 0.130859375 0.40843023255813954 0.236328125
0 0.5305232558139535 0.81640625 0.5944767441860465 0.81640625 0.5944767441860465 0.7109375 0.5305232558139535 0.7109375 0.5305232558139535 0.81640625
0 0.42441860465116277 0.1171875 0.49709302325581395 0.1171875 0.49709302325581395 0.01171875 0.42441860465116277 0.01171875 0.42441860465116277 0.1171875
0 0.35319767441860467 0.818359375 0.42296511627906974 0.818359375 0.42296511627906974 0.697265625 0.35319767441860467 0.697265625 0.35319767441860467 0.818359375
0 0.40406976744186046 0.88671875 0.48255813953488375 0.88671875 0.48255813953488375 0.7734375 0.40406976744186046 0.7734375 0.40406976744186046 0.88671875
0 0.561046511627907 0.966796875 0.6366279069767442 0.966796875 0.6366279069767442 0.849609375 0.561046511627907 0.849609375 0.561046511627907 0.966796875
0 0.36046511627906974 0.48828125 0.4273255813953488 0.48828125 0.4273255813953488 0.37890625 0.36046511627906974 0.37890625 0.36046511627906974 0.48828125
0 0.7688953488372093 0.486328125 0.8386627906976745 0.486328125 0.8386627906976745 0.376953125 0.7688953488372093 0.376953125 0.7688953488372093 0.486328125
0 0.09593023255813954 0.162109375 0.17151162790697674 0.162109375 0.17151162790697674 0.060546875 0.09593023255813954 0.060546875 0.09593023255813954 0.162109375
0 0.7005813953488372 0.611328125 0.7732558139534884 0.611328125 0.7732558139534884 0.501953125 0.7005813953488372 0.501953125 0.7005813953488372 0.611328125
0 0.11046511627906977 0.494140625 0.19186046511627908 0.494140625 0.19186046511627908 0.373046875 0.11046511627906977 0.373046875 0.11046511627906977 0.494140625
0 0.686046511627907 0.1796875 0.7587209302325582 0.1796875 0.7587209302325582 0.0703125 0.686046511627907 0.0703125 0.686046511627907 0.1796875
0 0.09011627906976744 0.62109375 0.17151162790697674 0.62109375 0.17151162790697674 0.5 0.09011627906976744 0.5 0.09011627906976744 0.62109375
0 0.565406976744186 0.236328125 0.6380813953488372 0.236328125 0.6380813953488372 0.130859375 0.565406976744186 0.130859375 0.565406976744186 0.236328125
0 0.25872093023255816 0.751953125 0.33430232558139533 0.751953125 0.33430232558139533 0.642578125 0.25872093023255816 0.642578125 0.25872093023255816 0.751953125
0 0.3125 0.689453125 0.3851744186046512 0.689453125 0.3851744186046512 0.580078125 0.3125 0.580078125 0.3125 0.689453125
0 0.6831395348837209 0.822265625 0.7558139534883721 0.822265625 0.7558139534883721 0.705078125 0.6831395348837209 0.705078125 0.6831395348837209 0.822265625
0 0.6162790697674418 0.41796875 0.6918604651162791 0.41796875 0.6918604651162791 0.3125 0.6162790697674418 0.3125 0.6162790697674418 0.41796875
0 0.6438953488372093 0.962890625 0.7165697674418605 0.962890625 0.7165697674418605 0.841796875 0.6438953488372093 0.841796875 0.6438953488372093 0.962890625
0 0.8677325581395349 0.998046875 0.9287790697674418 0.998046875 0.9287790697674418 0.880859375 0.8677325581395349 0.880859375 0.8677325581395349 0.998046875
0 0.12063953488372094 0.99609375 0.20494186046511628 0.99609375 0.20494186046511628 0.91796875 0.12063953488372094 0.91796875 0.12063953488372094 0.99609375
0 0.7834302325581395 0.99609375 0.8619186046511628 0.99609375 0.8619186046511628 0.90625 0.7834302325581395 0.90625 0.7834302325581395 0.99609375
0 0.627906976744186 0.619140625 0.6918604651162791 0.619140625 0.6918604651162791 0.501953125 0.627906976744186 0.501953125 0.627906976744186 0.619140625
0 0.23546511627906977 0.99609375 0.313953488372093 0.99609375 0.313953488372093 0.921875 0.23546511627906977 0.921875 0.23546511627906977 0.99609375
0 0.6613372093023255 0.298828125 0.7311046511627907 0.298828125 0.7311046511627907 0.193359375 0.6613372093023255 0.193359375 0.6613372093023255 0.298828125
0 0.48255813953488375 0.427734375 0.561046511627907 0.427734375 0.561046511627907 0.310546875 0.48255813953488375 0.310546875 0.48255813953488375 0.427734375
0 0.5508720930232558 0.59375 0.6177325581395349 0.59375 0.6177325581395349 0.51171875 0.5508720930232558 0.51171875 0.5508720930232558 0.59375
0 0 0.404296875 0.029069767441860465 0.404296875 0.029069767441860465 0.302734375 0 0.302734375 0 0.404296875
0 0.7558139534883721 0.119140625 0.8284883720930233 0.119140625 0.8284883720930233 0.013671875 0.7558139534883721 0.013671875 0.7558139534883721 0.119140625
0 0.4622093023255814 0.61328125 0.5436046511627907 0.61328125 0.5436046511627907 0.51171875 0.4622093023255814 0.51171875 0.4622093023255814 0.61328125
0 0.6031976744186046 0.83203125 0.6729651162790697 0.83203125 0.6729651162790697 0.703125 0.6031976744186046 0.703125 0.6031976744186046 0.83203125
0 0.2805232558139535 0.482421875 0.35319767441860467 0.482421875 0.35319767441860467 0.384765625 0.2805232558139535 0.384765625 0.2805232558139535 0.482421875
0 0.684593023255814 0.490234375 0.7601744186046512 0.490234375 0.7601744186046512 0.376953125 0.684593023255814 0.376953125 0.684593023255814 0.490234375
0 0.7354651162790697 0.369140625 0.811046511627907 0.369140625 0.811046511627907 0.251953125 0.7354651162790697 0.251953125 0.7354651162790697 0.369140625
0 0.050872093023255814 0.771484375 0.13517441860465115 0.771484375 0.13517441860465115 0.630859375 0.050872093023255814 0.630859375 0.050872093023255814 0.771484375
0 0.622093023255814 0.126953125 0.688953488372093 0.126953125 0.688953488372093 0.017578125 0.622093023255814 0.017578125 0.622093023255814 0.126953125
0 0.17005813953488372 0.751953125 0.24854651162790697 0.751953125 0.24854651162790697 0.650390625 0.17005813953488372 0.650390625 0.17005813953488372 0.751953125
0 0.5479651162790697 0.115234375 0.6148255813953488 0.115234375 0.6148255813953488 0.013671875 0.5479651162790697 0.013671875 0.5479651162790697 0.115234375
0 0.03343023255813953 0.548828125 0.10901162790697674 0.548828125 0.10901162790697674 0.431640625 0.03343023255813953 0.431640625 0.03343023255813953 0.548828125
0 0.36046511627906974 0 0.36046511627906974 0.0546875 0.4331395348837209 0.0546875 0.4331395348837209 0 0.36046511627906974 0
0 0.8255813953488372 0.541015625 0.9011627906976745 0.541015625 0.9011627906976745 0.447265625 0.8255813953488372 0.447265625 0.8255813953488372 0.541015625
0 0.26308139534883723 0.10546875 0.32122093023255816 0.10546875 0.32122093023255816 0.0078125 0.26308139534883723 0.0078125 0.26308139534883723 0.10546875
0 0.48546511627906974 0 0.48546511627906974 0.06640625 0.5523255813953488 0.06640625 0.5523255813953488 0 0.48546511627906974 0
0 0.0436046511627907 0.33984375 0.11627906976744186 0.33984375 0.11627906976744186 0.25390625 0.0436046511627907 0.25390625 0.0436046511627907 0.33984375
0 0.7281976744186046 0.748046875 0.7950581395348837 0.748046875 0.7950581395348837 0.634765625 0.7281976744186046 0.634765625 0.7281976744186046 0.748046875
0 0.3938953488372093 0.689453125 0.45494186046511625 0.689453125 0.45494186046511625 0.583984375 0.3938953488372093 0.583984375 0.3938953488372093 0.689453125
0 0.7645348837209303 0.69140625 0.8372093023255814 0.69140625 0.8372093023255814 0.56640625 0.7645348837209303 0.56640625 0.7645348837209303 0.69140625
0 0 0.89453125 0.06686046511627906 0.89453125 0.06686046511627906 0.765625 0 0.765625 0 0.89453125
0 0 0.158203125 0.029069767441860465 0.158203125 0.029069767441860465 0.087890625 0 0.087890625 0 0.158203125
0 0.7936046511627907 1 0.7936046511627907 0.984375 0.7383720930232558 0.984375 0.7383720930232558 1 0.7936046511627907 1
0 0.7107558139534884 1 0.7107558139534884 0.984375 0.6584302325581395 0.984375 0.6584302325581395 1 0.7107558139534884 1
0 0.625 1 0.625 0.98828125 0.5726744186046512 0.98828125 0.5726744186046512 1 0.625 1