0 0.38114754098360654 0.47363636363636363 0.4453551912568306 0.47363636363636363 0.4453551912568306 0.36818181818181817 0.38114754098360654 0.36818181818181817 0.38114754098360654 0.47363636363636363
0 0.19467213114754098 0.9990909090909091 0.2739071038251366 0.9990909090909091 0.2739071038251366 0.9281818181818182 0.19467213114754098 0.9281818181818182 0.19467213114754098 0.9990909090909091
0 0.13797814207650272 0 0.13797814207650272 0.09636363636363636 0.20218579234972678 0.09636363636363636 0.20218579234972678 0 0.13797814207650272 0
0 0.22404371584699453 0.3009090909090909 0.2896174863387978 0.3009090909090909 0.2896174863387978 0.20454545454545456 0.22404371584699453 0.20454545454545456 0.22404371584699453 0.3009090909090909
0 0.35860655737704916 0.9981818181818182 0.42691256830601093 0.9981818181818182 0.42691256830601093 0.889090909090909 0.35860655737704916 0.889090909090909 0.35860655737704916 0.9981818181818182
0 0.4030054644808743 0.3281818181818182 0.46174863387978143 0.3281818181818182 0.46174863387978143 0.22818181818181818 0.4030054644808743 0.22818181818181818 0.4030054644808743 0.3281818181818182
0 0.1284153005464481 0.22454545454545455 0.1912568306010929 0.22454545454545455 0.1912568306010929 0.12272727272727273 0.1284153005464481 0.12272727272727273 0.1284153005464481 0.22454545454545455
0 0.7110655737704918 0.8790909090909091 0.7657103825136612 0.8790909090909091 0.7657103825136612 0.7681818181818182 0.7110655737704918 0.7681818181818182 0.7110655737704918 0.8790909090909091
0 0.46584699453551914 0.2718181818181818 0.5218579234972678 0.2718181818181818 0.5218579234972678 0.17727272727272728 0.46584699453551914 0.17727272727272728 0.46584699453551914 0.2718181818181818
0 0.42213114754098363 0.9218181818181819 0.4890710382513661 0.9218181818181819 0.4890710382513661 0.8054545454545454 0.42213114754098363 0.8054545454545454 0.42213114754098363 0.9218181818181819
0 0.4774590163934426 0.6154545454545455 0.532103825136612 0.6154545454545455 0.532103825136612 0.49 0.4774590163934426 0.49 0.4774590163934426 0.6154545454545455
0 0.2424863387978142 0.7818181818181819 0.3135245901639344 0.7818181818181819 0.3135245901639344 0.6581818181818182 0.2424863387978142 0.6581818181818182 0.2424863387978142 0.7818181818181819
0 0.37363387978142076 0.12454545454545454 0.42827868852459017 0.12454545454545454 0.42827868852459017 0.026363636363636363 0.37363387978142076 0.026363636363636363 0.37363387978142076 0.12454545454545454
0 0.5396174863387978 0.38545454545454544 0.592896174863388 0.38545454545454544 0.592896174863388 0.29818181818181816 0.5396174863387978 0.29818181818181816 0.5396174863387978 0.38545454545454544
0 0.351775956284153 0.639090909090909 0.4255464480874317 0.639090909090909 0.4255464480874317 0.5281818181818182 0.351775956284153 0.5281818181818182 0.351775956284153 0.639090909090909
0 0.40095628415300544 0.7990909090909091 0.4651639344262295 0.7990909090909091 0.4651639344262295 0.6954545454545454 0.40095628415300544 0.6954545454545454 0.40095628415300544 0.7990909090909091
0 0.5710382513661202 0.93 0.6379781420765027 0.93 0.6379781420765027 0.8136363636363636 0.5710382513661202 0.8136363636363636 0.5710382513661202 0.93
0 0.6010928961748634 0.3836363636363636 0.6612021857923497 0.3836363636363636 0.6612021857923497 0.28363636363636363 0.6010928961748634 0.28363636363636363 0.6010928961748634 0.3836363636363636
0 0.32308743169398907 0.29454545454545455 0.3790983606557377 0.29454545454545455 0.3790983606557377 0.19272727272727272 0.32308743169398907 0.19272727272727272 0.32308743169398907 0.29454545454545455
0 0.5457650273224044 0.2963636363636364 0.5922131147540983 0.2963636363636364 0.5922131147540983 0.2109090909090909 0.5457650273224044 0.2109090909090909 0.5457650273224044 0.2963636363636364
0 0.29713114754098363 0.9545454545454546 0.3709016393442623 0.9545454545454546 0.3709016393442623 0.8345454545454546 0.29713114754098363 0.8345454545454546 0.29713114754098363 0.9545454545454546
0 0.5956284153005464 0.29818181818181816 0.6407103825136612 0.29818181818181816 0.6407103825136612 0.2109090909090909 0.5956284153005464 0.2109090909090909 0.5956284153005464 0.29818181818181816
0 0.2718579234972678 0 0.2718579234972678 0.1 0.33060109289617484 0.1 0.33060109289617484 0 0.2718579234972678 0
0 0.5068306010928961 0.9681818181818181 0.569672131147541 0.9681818181818181 0.569672131147541 0.8427272727272728 0.5068306010928961 0.8427272727272728 0.5068306010928961 0.9681818181818181
0 0.19262295081967212 0.22272727272727272 0.25136612021857924 0.22272727272727272 0.25136612021857924 0.12090909090909091 0.19262295081967212 0.12090909090909091 0.19262295081967212 0.22272727272727272
0 0.6605191256830601 0.8327272727272728 0.7151639344262295 0.8327272727272728 0.7151639344262295 0.7272727272727273 0.6605191256830601 0.7272727272727273 0.6605191256830601 0.8327272727272728
0 0.273224043715847 0.21272727272727274 0.3360655737704918 0.21272727272727274 0.3360655737704918 0.10909090909090909 0.273224043715847 0.10909090909090909 0.273224043715847 0.21272727272727274
0 0.8545081967213115 0.9981818181818182 0.9091530054644809 0.9981818181818182 0.9091530054644809 0.9436363636363636 0.8545081967213115 0.9436363636363636 0.8545081967213115 0.9981818181818182
0 0.5648907103825137 0.5972727272727273 0.625 0.5972727272727273 0.625 0.4809090909090909 0.5648907103825137 0.4809090909090909 0.5648907103825137 0.5972727272727273
0 0.6653005464480874 0.4009090909090909 0.7144808743169399 0.4009090909090909 0.7144808743169399 0.3190909090909091 0.6653005464480874 0.3190909090909091 0.6653005464480874 0.4009090909090909
0 0.4993169398907104 0.6936363636363636 0.5662568306010929 0.6936363636363636 0.5662568306010929 0.5918181818181818 0.4993169398907104 0.5918181818181818 0.4993169398907104 0.6936363636363636
0 0.6379781420765027 0.91 0.6980874316939891 0.91 0.6980874316939891 0.7972727272727272 0.6379781420765027 0.7972727272727272 0.6379781420765027 0.91
0 0.48565573770491804 0.7818181818181819 0.5484972677595629 0.7818181818181819 0.5484972677595629 0.6727272727272727 0.48565573770491804 0.6727272727272727 0.48565573770491804 0.7818181818181819
0 0.8148907103825137 0.9545454545454546 0.8613387978142076 0.9545454545454546 0.8613387978142076 0.8472727272727273 0.8148907103825137 0.8472727272727273 0.8148907103825137 0.9545454545454546
0 0.5129781420765027 0.5490909090909091 0.5744535519125683 0.5490909090909091 0.5744535519125683 0.4381818181818182 0.5129781420765027 0.4381818181818182 0.5129781420765027 0.5490909090909091
0 0.6755464480874317 0.6127272727272727 0.7233606557377049 0.6127272727272727 0.7233606557377049 0.5054545454545455 0.6755464480874317 0.5054545454545455 0.6755464480874317 0.6127272727272727
0 0.6502732240437158 0.4718181818181818 0.7008196721311475 0.4718181818181818 0.7008196721311475 0.37363636363636366 0.6502732240437158 0.37363636363636366 0.6502732240437158 0.4718181818181818
0 0.6297814207650273 0.5736363636363636 0.6762295081967213 0.5736363636363636 0.6762295081967213 0.47363636363636363 0.6297814207650273 0.47363636363636363 0.6297814207650273 0.5736363636363636
0 0.5286885245901639 0.6481818181818182 0.5833333333333334 0.6481818181818182 0.5833333333333334 0.5390909090909091 0.5286885245901639 0.5390909090909091 0.5286885245901639 0.6481818181818182
0 0.7547814207650273 0.5827272727272728 0.8066939890710383 0.5827272727272728 0.8066939890710383 0.4827272727272727 0.7547814207650273 0.4827272727272727 0.7547814207650273 0.5827272727272728
0 0.7472677595628415 0.8027272727272727 0.7950819672131147 0.8027272727272727 0.7950819672131147 0.7027272727272728 0.7472677595628415 0.7027272727272728 0.7472677595628415 0.8027272727272727
0 0.7670765027322405 0.8936363636363637 0.8176229508196722 0.8936363636363637 0.8176229508196722 0.8045454545454546 0.7670765027322405 0.8045454545454546 0.7670765027322405 0.8936363636363637
0 0.7547814207650273 0.7218181818181818 0.8012295081967213 0.7218181818181818 0.8012295081967213 0.6472727272727272 0.7547814207650273 0.6472727272727272 0.7547814207650273 0.7218181818181818
0 0.6010928961748634 0.8027272727272727 0.657103825136612 0.8027272727272727 0.657103825136612 0.6972727272727273 0.6010928961748634 0.6972727272727273 0.6010928961748634 0.8027272727272727
0 0.6980874316939891 0.7036363636363636 0.755464480874317 0.7036363636363636 0.755464480874317 0.6018181818181818 0.6980874316939891 0.6018181818181818 0.6980874316939891 0.7036363636363636
0 0.9030054644808743 0.8945454545454545 0.9549180327868853 0.8945454545454545 0.9549180327868853 0.7981818181818182 0.9030054644808743 0.7981818181818182 0.9030054644808743 0.8945454545454545
0 0.24931693989071038 0.23727272727272727 0.3012295081967213 0.23727272727272727 0.3012295081967213 0.1590909090909091 0.24931693989071038 0.1590909090909091 0.24931693989071038 0.23727272727272727
0 0.680327868852459 0.7718181818181818 0.7418032786885246 0.7718181818181818 0.7418032786885246 0.6663636363636364 0.680327868852459 0.6663636363636364 0.680327868852459 0.7718181818181818
0 0.7042349726775956 0.5509090909090909 0.7561475409836066 0.5509090909090909 0.7561475409836066 0.4509090909090909 0.7042349726775956 0.4509090909090909 0.7042349726775956 0.5509090909090909
0 0.6441256830601093 0.3236363636363636 0.6892076502732241 0.3236363636363636 0.6892076502732241 0.2381818181818182 0.6441256830601093 0.2381818181818182 0.6441256830601093 0.3236363636363636
0 0.578551912568306 0.4990909090909091 0.6331967213114754 0.4990909090909091 0.6331967213114754 0.4209090909090909 0.578551912568306 0.4209090909090909 0.578551912568306 0.4990909090909091
0 0.5437158469945356 0.21636363636363637 0.5819672131147541 0.21636363636363637 0.5819672131147541 0.16 0.5437158469945356 0.16 0.5437158469945356 0.21636363636363637
0 0.5840163934426229 0.22363636363636363 0.6413934426229508 0.22363636363636363 0.6413934426229508 0.16363636363636364 0.5840163934426229 0.16363636363636364 0.5840163934426229 0.22363636363636363
0 0.7581967213114754 0.9863636363636363 0.819672131147541 0.9863636363636363 0.819672131147541 0.8881818181818182 0.7581967213114754 0.8881818181818182 0.7581967213114754 0.9863636363636363
0 0.35040983606557374 0.24363636363636362 0.39959016393442626 0.24363636363636362 0.39959016393442626 0.14909090909090908 0.35040983606557374 0.14909090909090908 0.35040983606557374 0.24363636363636362
0 0.41325136612021857 0 0.41325136612021857 0.08363636363636363 0.45969945355191255 0.08363636363636363 0.45969945355191255 0 0.41325136612021857 0
0 0.4870218579234973 0.11363636363636363 0.532103825136612 0.11363636363636363 0.532103825136612 0.02090909090909091 0.4870218579234973 0.02090909090909091 0.4870218579234973 0.11363636363636363
0 0.4583333333333333 0.1481818181818182 0.5061475409836066 0.1481818181818182 0.5061475409836066 0.060909090909090906 0.4583333333333333 0.060909090909090906 0.4583333333333333 0.1481818181818182
0 0.5840163934426229 0.09454545454545454 0.6331967213114754 0.09454545454545454 0.6331967213114754 0.012727272727272728 0.5840163934426229 0.012727272727272728 0.5840163934426229 0.09454545454545454
0 0.5976775956284153 0.4672727272727273 0.6509562841530054 0.4672727272727273 0.6509562841530054 0.3836363636363636 0.5976775956284153 0.3836363636363636 0.5976775956284153 0.4672727272727273
0 0.880464480874317 0.7927272727272727 0.9255464480874317 0.7927272727272727 0.9255464480874317 0.7 0.880464480874317 0.7 0.880464480874317 0.7927272727272727
0 0.7575136612021858 0.67 0.8148907103825137 0.67 0.8148907103825137 0.5845454545454546 0.7575136612021858 0.5845454545454546 0.7575136612021858 0.67
0 0.36065573770491804 0.1709090909090909 0.41530054644808745 0.1709090909090909 0.41530054644808745 0.10727272727272727 0.36065573770491804 0.10727272727272727 0.36065573770491804 0.1709090909090909
0 0.9357923497267759 0.9845454545454545 0.9781420765027322 0.9845454545454545 0.9781420765027322 0.9045454545454545 0.9357923497267759 0.9045454545454545 0.9357923497267759 0.9845454545454545
0 0.7049180327868853 0.3881818181818182 0.7513661202185792 0.3881818181818182 0.7513661202185792 0.3009090909090909 0.7049180327868853 0.3009090909090909 0.7049180327868853 0.3881818181818182
0 0.8046448087431693 0.73 0.8565573770491803 0.73 0.8565573770491803 0.6245454545454545 0.8046448087431693 0.6245454545454545 0.8046448087431693 0.73
0 0.6974043715846995 0.30636363636363634 0.7397540983606558 0.30636363636363634 0.7397540983606558 0.22636363636363635 0.6974043715846995 0.22636363636363635 0.6974043715846995 0.30636363636363634
0 0.48975409836065575 0.20636363636363636 0.5389344262295082 0.20636363636363636 0.5389344262295082 0.1390909090909091 0.48975409836065575 0.1390909090909091 0.48975409836065575 0.20636363636363636
0 0.5102459016393442 0.9981818181818182 0.5703551912568307 0.9981818181818182 0.5703551912568307 0.9709090909090909 0.5102459016393442 0.9709090909090909 0.5102459016393442 0.9981818181818182
0 0.9788251366120219 0.8363636363636363 0.9993169398907104 0.8363636363636363 0.9993169398907104 0.7181818181818181 0.9788251366120219 0.7181818181818181 0.9788251366120219 0.8363636363636363
0 0.6728142076502732 0.9990909090909091 0.7288251366120219 0.9990909090909091 0.7288251366120219 0.9754545454545455 0.6728142076502732 0.9754545454545455 0.6728142076502732 0.9990909090909091
0 0.9296448087431693 0.9990909090909091 0.9719945355191257 0.9990909090909091 0.9719945355191257 0.97 0.9296448087431693 0.97 0.9296448087431693 0.9990909090909091