0 0.6937984496124031 0.33462532299741604 0.7887596899224806 0.33462532299741604 0.7887596899224806 0.18863049095607234 0.6937984496124031 0.18863049095607234 0.6937984496124031 0.33462532299741604
0 0.1182170542635659 0.7900516795865633 0.21124031007751937 0.7900516795865633 0.21124031007751937 0.6182170542635659 0.1182170542635659 0.6182170542635659 0.1182170542635659 0.7900516795865633
0 0.5915697674418605 0.40633074935400515 0.6836240310077519 0.40633074935400515 0.6836240310077519 0.23708010335917312 0.5915697674418605 0.23708010335917312 0.5915697674418605 0.40633074935400515
0 0.500484496124031 0.42506459948320413 0.5925387596899225 0.42506459948320413 0.5925387596899225 0.2661498708010336 0.500484496124031 0.2661498708010336 0.500484496124031 0.42506459948320413
0 0.44622093023255816 0.5833333333333334 0.5479651162790697 0.5833333333333334 0.5479651162790697 0.42441860465116277 0.44622093023255816 0.42441860465116277 0.44622093023255816 0.5833333333333334
0 0.041666666666666664 0.8165374677002584 0.12209302325581395 0.8165374677002584 0.12209302325581395 0.6472868217054264 0.041666666666666664 0.6472868217054264 0.041666666666666664 0.8165374677002584
0 0.24031007751937986 0.7054263565891473 0.34689922480620156 0.7054263565891473 0.34689922480620156 0.5193798449612403 0.24031007751937986 0.5193798449612403 0.24031007751937986 0.7054263565891473
0 0.7727713178294574 0.14405684754521964 0.8435077519379846 0.14405684754521964 0.8435077519379846 0.0355297157622739 0.7727713178294574 0.0355297157622739 0.7727713178294574 0.14405684754521964
0 0.7160852713178295 0.19186046511627908 0.7936046511627907 0.19186046511627908 0.7936046511627907 0.07299741602067183 0.7160852713178295 0.07299741602067183 0.7160852713178295 0.19186046511627908
0 0.32897286821705424 0.7512919896640827 0.4258720930232558 0.7512919896640827 0.4258720930232558 0.563953488372093 0.32897286821705424 0.563953488372093 0.32897286821705424 0.7512919896640827
0 0.8604651162790697 0.12596899224806202 0.937984496124031 0.12596899224806202 0.937984496124031 0.013565891472868217 0.8604651162790697 0.013565891472868217 0.8604651162790697 0.12596899224806202
0 0.9021317829457365 0 0.9021317829457365 0.08010335917312661 0.9748062015503876 0.08010335917312661 0.9748062015503876 0 0.9021317829457365 0
0 0.3483527131782946 0.6027131782945736 0.4481589147286822 0.6027131782945736 0.4481589147286822 0.436046511627907 0.3483527131782946 0.436046511627907 0.3483527131782946 0.6027131782945736
0 0.6782945736434108 0.12726098191214472 0.7354651162790697 0.12726098191214472 0.7354651162790697 0.04844961240310078 0.6782945736434108 0.04844961240310078 0.6782945736434108 0.12726098191214472
0 0.39147286821705424 0.4095607235142119 0.4680232558139535 0.4095607235142119 0.4680232558139535 0.2997416020671835 0.39147286821705424 0.2997416020671835 0.39147286821705424 0.4095607235142119
0 0.5213178294573644 0.23255813953488372 0.5881782945736435 0.23255813953488372 0.5881782945736435 0.13178294573643412 0.5213178294573644 0.13178294573643412 0.5213178294573644 0.23255813953488372
0 0.6763565891472868 0.21188630490956073 0.7577519379844961 0.21188630490956073 0.7577519379844961 0.12403100775193798 0.6763565891472868 0.12403100775193798 0.6763565891472868 0.21188630490956073
0 0.2446705426356589 0.5633074935400517 0.34060077519379844 0.5633074935400517 0.34060077519379844 0.46770025839793283 0.2446705426356589 0.46770025839793283 0.2446705426356589 0.5633074935400517
0 0.5503875968992248 0.2868217054263566 0.625 0.2868217054263566 0.625 0.1731266149870801 0.5503875968992248 0.1731266149870801 0.5503875968992248 0.2868217054263566
0 0.7320736434108527 0 0.7320736434108527 0.07235142118863049 0.7873062015503876 0.07235142118863049 0.7873062015503876 0 0.7320736434108527 0
0 0.6216085271317829 0.31718346253229973 0.6952519379844961 0.31718346253229973 0.6952519379844961 0.18410852713178294 0.6216085271317829 0.18410852713178294 0.6216085271317829 0.31718346253229973
0 0.48304263565891475 0.35400516795865633 0.5547480620155039 0.35400516795865633 0.5547480620155039 0.22997416020671835 0.48304263565891475 0.22997416020671835 0.48304263565891475 0.35400516795865633
0 0.9704457364341085 0 0.9704457364341085 0.03875968992248062 0.999515503875969 0.03875968992248062 0.999515503875969 0 0.9704457364341085 0
0 0.3430232558139535 0.4722222222222222 0.4263565891472868 0.4722222222222222 0.4263565891472868 0.374031007751938 0.3430232558139535 0.374031007751938 0.3430232558139535 0.4722222222222222
0 0.6375968992248062 0.18992248062015504 0.689922480620155 0.18992248062015504 0.689922480620155 0.1227390180878553 0.6375968992248062 0.1227390180878553 0.6375968992248062 0.18992248062015504
0 0 0.9993540051679587 0.02616279069767442 0.9993540051679587 0.02616279069767442 0.8662790697674418 0 0.8662790697674418 0 0.9993540051679587
0 0.4331395348837209 0.4664082687338501 0.5242248062015504 0.4664082687338501 0.5242248062015504 0.355297157622739 0.4331395348837209 0.355297157622739 0.4331395348837209 0.4664082687338501
0 0.26405038759689925 0.5045219638242894 0.3435077519379845 0.5045219638242894 0.3435077519379845 0.40891472868217055 0.26405038759689925 0.40891472868217055 0.26405038759689925 0.5045219638242894
0 0.7853682170542635 0 0.7853682170542635 0.06330749354005168 0.8444767441860465 0.06330749354005168 0.8444767441860465 0 0.7853682170542635 0
0 0.8444767441860465 0 0.8444767441860465 0.09689922480620156 0.9045542635658915 0.09689922480620156 0.9045542635658915 0 0.8444767441860465 0
0 0.8396317829457365 0 0.8396317829457365 0.025839793281653745 0.8706395348837209 0.025839793281653745 0.8706395348837209 0 0.8396317829457365 0