0 0.43507751937984496 0.648578811369509 0.5358527131782945 0.648578811369509 0.5358527131782945 0.46770025839793283 0.43507751937984496 0.46770025839793283 0.43507751937984496 0.648578811369509
0 0.7301356589147286 0.38242894056847543 0.8289728682170543 0.38242894056847543 0.8289728682170543 0.23126614987080105 0.7301356589147286 0.23126614987080105 0.7301356589147286 0.38242894056847543
0 0.6468023255813954 0.41214470284237725 0.7320736434108527 0.41214470284237725 0.7320736434108527 0.25839793281653745 0.6468023255813954 0.25839793281653745 0.6468023255813954 0.41214470284237725
0 0.8871124031007752 0.2144702842377261 0.9762596899224806 0.2144702842377261 0.9762596899224806 0.07881136950904392 0.8871124031007752 0.07881136950904392 0.8871124031007752 0.2144702842377261
0 0.2611434108527132 0.6401808785529716 0.35707364341085274 0.6401808785529716 0.35707364341085274 0.4631782945736434 0.2611434108527132 0.4631782945736434 0.2611434108527132 0.6401808785529716
0 0.38372093023255816 0.35335917312661497 0.4563953488372093 0.35335917312661497 0.4563953488372093 0.229328165374677 0.38372093023255816 0.229328165374677 0.38372093023255816 0.35335917312661497
0 0.5537790697674418 0.43992248062015504 0.6516472868217055 0.43992248062015504 0.6516472868217055 0.2874677002583979 0.5537790697674418 0.2874677002583979 0.5537790697674418 0.43992248062015504
0 0.011627906976744186 0.9987080103359173 0.10949612403100775 0.9987080103359173 0.10949612403100775 0.8062015503875969 0.011627906976744186 0.8062015503875969 0.011627906976744186 0.9987080103359173
0 0.45930232558139533 0.4166666666666667 0.5513565891472868 0.4166666666666667 0.5513565891472868 0.27583979328165376 0.45930232558139533 0.27583979328165376 0.45930232558139533 0.4166666666666667
0 0.7931201550387597 0.23578811369509045 0.877422480620155 0.23578811369509045 0.877422480620155 0.0962532299741602 0.7931201550387597 0.0962532299741602 0.7931201550387597 0.23578811369509045
0 0.3541666666666667 0.6130490956072352 0.44137596899224807 0.6130490956072352 0.44137596899224807 0.4412144702842377 0.3541666666666667 0.4412144702842377 0.3541666666666667 0.6130490956072352
0 0.15164728682170542 0.9993540051679587 0.25920542635658916 0.9993540051679587 0.25920542635658916 0.8378552971576227 0.15164728682170542 0.8378552971576227 0.15164728682170542 0.9993540051679587
0 0.12209302325581395 0.8869509043927648 0.2189922480620155 0.8869509043927648 0.2189922480620155 0.7099483204134367 0.12209302325581395 0.7099483204134367 0.12209302325581395 0.8869509043927648
0 0.5121124031007752 0.19832041343669252 0.5721899224806202 0.19832041343669252 0.5721899224806202 0.08333333333333333 0.5121124031007752 0.08333333333333333 0.5121124031007752 0.19832041343669252
0 0.626937984496124 0.27583979328165376 0.7093023255813954 0.27583979328165376 0.7093023255813954 0.1686046511627907 0.626937984496124 0.1686046511627907 0.626937984496124 0.27583979328165376
0 0.6477713178294574 0.14147286821705427 0.7068798449612403 0.14147286821705427 0.7068798449612403 0.07041343669250646 0.6477713178294574 0.07041343669250646 0.6477713178294574 0.14147286821705427
0 0.9026162790697675 0 0.9026162790697675 0.037467700258397935 0.9636627906976745 0.037467700258397935 0.9636627906976745 0 0.9026162790697675 0
0 0.3556201550387597 0.481266149870801 0.4437984496124031 0.481266149870801 0.4437984496124031 0.3856589147286822 0.3556201550387597 0.3856589147286822 0.3556201550387597 0.481266149870801
0 0.5935077519379846 0.20219638242894056 0.6652131782945736 0.20219638242894056 0.6652131782945736 0.12080103359173126 0.5935077519379846 0.12080103359173126 0.5935077519379846 0.20219638242894056
0 0.15358527131782945 1 0.15358527131782945 0.8940568475452196 0.06346899224806202 0.8940568475452196 0.06346899224806202 1 0.15358527131782945 1
0 0.8478682170542635 0.14922480620155038 0.9253875968992248 0.14922480620155038 0.9253875968992248 0.034237726098191215 0.8478682170542635 0.034237726098191215 0.8478682170542635 0.14922480620155038
0 0.44476744186046513 0.2487080103359173 0.500968992248062 0.2487080103359173 0.500968992248062 0.14922480620155038 0.44476744186046513 0.14922480620155038 0.44476744186046513 0.2487080103359173
0 0.06782945736434108 0.6944444444444444 0.14728682170542637 0.6944444444444444 0.14728682170542637 0.5729974160206718 0.06782945736434108 0.5729974160206718 0.06782945736434108 0.6944444444444444
0 0.9646317829457365 0 0.9646317829457365 0.041343669250646 0.999515503875969 0.041343669250646 0.999515503875969 0 0.9646317829457365 0
0 0.6913759689922481 0.27583979328165376 0.7708333333333334 0.27583979328165376 0.7708333333333334 0.15051679586563307 0.6913759689922481 0.15051679586563307 0.6913759689922481 0.27583979328165376
0 0.7151162790697675 0.09108527131782945 0.7742248062015504 0.09108527131782945 0.7742248062015504 0.02131782945736434 0.7151162790697675 0.02131782945736434 0.7151162790697675 0.09108527131782945
0 0.7785852713178295 0.11950904392764858 0.8454457364341085 0.11950904392764858 0.8454457364341085 0.044573643410852716 0.7785852713178295 0.044573643410852716 0.7785852713178295 0.11950904392764858
0 0.8464147286821705 0.05878552971576227 0.9171511627906976 0.05878552971576227 0.9171511627906976 0.0006459948320413437 0.8464147286821705 0.0006459948320413437 0.8464147286821705 0.05878552971576227
0 0.7068798449612403 0.14599483204134367 0.7621124031007752 0.14599483204134367 0.7621124031007752 0.08010335917312661 0.7068798449612403 0.08010335917312661 0.7068798449612403 0.14599483204134367
0 0.7349806201550387 0.2235142118863049 0.7950581395348837 0.2235142118863049 0.7950581395348837 0.09689922480620156 0.7349806201550387 0.09689922480620156 0.7349806201550387 0.2235142118863049
0 0.06298449612403101 0.8410852713178295 0.14244186046511628 0.8410852713178295 0.14244186046511628 0.6731266149870802 0.06298449612403101 0.6731266149870802 0.06298449612403101 0.8410852713178295
0 0.2625968992248062 0.4437984496124031 0.35271317829457366 0.4437984496124031 0.35271317829457366 0.35723514211886304 0.2625968992248062 0.35723514211886304 0.2625968992248062 0.4437984496124031
0 0.2601744186046512 0.5 0.35319767441860467 0.5 0.35319767441860467 0.3979328165374677 0.2601744186046512 0.3979328165374677 0.2601744186046512 0.5
0 0.5426356589147286 0.31330749354005166 0.6201550387596899 0.31330749354005166 0.6201550387596899 0.20736434108527133 0.5426356589147286 0.20736434108527133 0.5426356589147286 0.31330749354005166
0 0.5392441860465116 0.2629198966408269 0.624515503875969 0.2629198966408269 0.624515503875969 0.17377260981912146 0.5392441860465116 0.17377260981912146 0.5392441860465116 0.2629198966408269
0 0.7785852713178295 0.06459948320413436 0.8396317829457365 0.06459948320413436 0.8396317829457365 0.00904392764857881 0.7785852713178295 0.00904392764857881 0.7785852713178295 0.06459948320413436
0 0.560562015503876 0.3094315245478036 0.6438953488372093 0.3094315245478036 0.6438953488372093 0.2487080103359173 0.560562015503876 0.2487080103359173 0.560562015503876 0.3094315245478036
0 0.4646317829457364 0.2971576227390181 0.5353682170542635 0.2971576227390181 0.5353682170542635 0.23772609819121446 0.4646317829457364 0.23772609819121446 0.4646317829457364 0.2971576227390181
0 0.6676356589147286 0.17958656330749354 0.7209302325581395 0.17958656330749354 0.7209302325581395 0.12790697674418605 0.6676356589147286 0.12790697674418605 0.6676356589147286 0.17958656330749354
0 0 0.9987080103359173 0.012596899224806201 0.9987080103359173 0.012596899224806201 0.872093023255814 0 0.872093023255814 0 0.9987080103359173
0 0.8173449612403101 0 0.8173449612403101 0.04909560723514212 0.8580426356589147 0.04909560723514212 0.8580426356589147 0 0.8173449612403101 0
0 0.751937984496124 0 0.751937984496124 0.040051679586563305 0.8003875968992248 0.040051679586563305 0.8003875968992248 0 0.751937984496124 0