0 0.7831395348837209 0.71972049689441 0.8622093023255814 0.71972049689441 0.8622093023255814 0.6187888198757764 0.7831395348837209 0.6187888198757764 0.7831395348837209 0.71972049689441
0 0.8354651162790697 0.24922360248447206 0.9075581395348837 0.24922360248447206 0.9075581395348837 0.15605590062111802 0.8354651162790697 0.15605590062111802 0.8354651162790697 0.24922360248447206
0 0.5976744186046512 0.9440993788819876 0.6709302325581395 0.9440993788819876 0.6709302325581395 0.8354037267080745 0.5976744186046512 0.8354037267080745 0.5976744186046512 0.9440993788819876
0 0.4377906976744186 0.5722049689440993 0.502906976744186 0.5722049689440993 0.502906976744186 0.46816770186335405 0.4377906976744186 0.46816770186335405 0.4377906976744186 0.5722049689440993
0 0.6976744186046512 0.703416149068323 0.7755813953488372 0.703416149068323 0.7755813953488372 0.6009316770186336 0.6976744186046512 0.6009316770186336 0.6976744186046512 0.703416149068323
0 0.7180232558139535 0.23214285714285715 0.7703488372093024 0.23214285714285715 0.7703488372093024 0.1420807453416149 0.7180232558139535 0.1420807453416149 0.7180232558139535 0.23214285714285715
0 0.5406976744186046 0.8517080745341615 0.6209302325581395 0.8517080745341615 0.6209302325581395 0.7445652173913043 0.5406976744186046 0.7445652173913043 0.5406976744186046 0.8517080745341615
0 0.6831395348837209 0.16847826086956522 0.7215116279069768 0.16847826086956522 0.7215116279069768 0.1110248447204969 0.6831395348837209 0.1110248447204969 0.6831395348837209 0.16847826086956522
0 0.6575581395348837 0 0.6575581395348837 0.06055900621118013 0.7040697674418605 0.06055900621118013 0.7040697674418605 0 0.6575581395348837 0
0 0.55 0.2554347826086957 0.6151162790697674 0.2554347826086957 0.6151162790697674 0.17158385093167702 0.55 0.17158385093167702 0.55 0.2554347826086957
0 0.5965116279069768 0.3517080745341615 0.6534883720930232 0.3517080745341615 0.6534883720930232 0.26009316770186336 0.5965116279069768 0.26009316770186336 0.5965116279069768 0.3517080745341615
0 0.2691860465116279 1 0.2691860465116279 0.9394409937888198 0.19825581395348837 0.9394409937888198 0.19825581395348837 1 0.2691860465116279 1
0 0.6412790697674419 0.6226708074534162 0.7063953488372093 0.6226708074534162 0.7063953488372093 0.5217391304347826 0.6412790697674419 0.5217391304347826 0.6412790697674419 0.6226708074534162
0 0.7540697674418605 0.10559006211180125 0.8145348837209302 0.10559006211180125 0.8145348837209302 0.037267080745341616 0.7540697674418605 0.037267080745341616 0.7540697674418605 0.10559006211180125
0 0.2872093023255814 0.6420807453416149 0.34651162790697676 0.6420807453416149 0.34651162790697676 0.5271739130434783 0.2872093023255814 0.5271739130434783 0.2872093023255814 0.6420807453416149
0 0.7569767441860465 0.28726708074534163 0.827906976744186 0.28726708074534163 0.827906976744186 0.20031055900621117 0.7569767441860465 0.20031055900621117 0.7569767441860465 0.28726708074534163
0 0.8104651162790698 0 0.8104651162790698 0.04503105590062112 0.8558139534883721 0.04503105590062112 0.8558139534883721 0 0.8104651162790698 0
0 0.4848837209302326 1 0.4848837209302326 0.9177018633540373 0.4290697674418605 0.9177018633540373 0.4290697674418605 1 0.4848837209302326 1
0 0.2441860465116279 0.8059006211180124 0.31511627906976747 0.8059006211180124 0.31511627906976747 0.703416149068323 0.2441860465116279 0.703416149068323 0.2441860465116279 0.8059006211180124
0 0.49011627906976746 0.2826086956521739 0.547093023255814 0.2826086956521739 0.547093023255814 0.20341614906832298 0.49011627906976746 0.20341614906832298 0.49011627906976746 0.2826086956521739
0 0.3715116279069767 0.9021739130434783 0.438953488372093 0.9021739130434783 0.438953488372093 0.8245341614906833 0.3715116279069767 0.8245341614906833 0.3715116279069767 0.9021739130434783
0 0.6436046511627908 0.40372670807453415 0.7168604651162791 0.40372670807453415 0.7168604651162791 0.2779503105590062 0.6436046511627908 0.2779503105590062 0.6436046511627908 0.40372670807453415
0 0.3430232558139535 0.65527950310559 0.4116279069767442 0.65527950310559 0.4116279069767442 0.5512422360248447 0.3430232558139535 0.5512422360248447 0.3430232558139535 0.65527950310559
0 0.6011627906976744 0.7375776397515528 0.6790697674418604 0.7375776397515528 0.6790697674418604 0.6257763975155279 0.6011627906976744 0.6257763975155279 0.6011627906976744 0.7375776397515528
0 0.6197674418604651 0.20108695652173914 0.6744186046511628 0.20108695652173914 0.6744186046511628 0.11568322981366459 0.6197674418604651 0.11568322981366459 0.6197674418604651 0.20108695652173914
0 0.5825581395348837 0.5225155279503105 0.6488372093023256 0.5225155279503105 0.6488372093023256 0.45419254658385094 0.5825581395348837 0.45419254658385094 0.5825581395348837 0.5225155279503105
0 0.4377906976744186 0.7399068322981367 0.4982558139534884 0.7399068322981367 0.4982558139534884 0.6513975155279503 0.4377906976744186 0.6513975155279503 0.4377906976744186 0.7399068322981367
0 0.5174418604651163 0.5085403726708074 0.5767441860465117 0.5085403726708074 0.5767441860465117 0.44021739130434784 0.5174418604651163 0.44021739130434784 0.5174418604651163 0.5085403726708074
0 0.48604651162790696 0.6327639751552795 0.5511627906976744 0.6327639751552795 0.5511627906976744 0.5395962732919255 0.48604651162790696 0.5395962732919255 0.48604651162790696 0.6327639751552795
0 0.4558139534883721 0.8982919254658385 0.5279069767441861 0.8982919254658385 0.5279069767441861 0.7911490683229814 0.4558139534883721 0.7911490683229814 0.4558139534883721 0.8982919254658385
0 0.6715116279069767 0.31521739130434784 0.7412790697674418 0.31521739130434784 0.7412790697674418 0.22981366459627328 0.6715116279069767 0.22981366459627328 0.6715116279069767 0.31521739130434784
0 0.2936046511627907 0.9402173913043478 0.3633720930232558 0.9402173913043478 0.3633720930232558 0.8548136645962733 0.2936046511627907 0.8548136645962733 0.2936046511627907 0.9402173913043478
0 0.413953488372093 1 0.413953488372093 0.9487577639751553 0.34418604651162793 0.9487577639751553 0.34418604651162793 1 0.413953488372093 1
0 0.688953488372093 0.08307453416149069 0.7401162790697674 0.08307453416149069 0.7401162790697674 0.02406832298136646 0.688953488372093 0.02406832298136646 0.688953488372093 0.08307453416149069
0 0.26453488372093026 0.8796583850931677 0.32848837209302323 0.8796583850931677 0.32848837209302323 0.7756211180124224 0.26453488372093026 0.7756211180124224 0.26453488372093026 0.8796583850931677
0 0.8075581395348838 0.19021739130434784 0.8436046511627907 0.19021739130434784 0.8436046511627907 0.1281055900621118 0.8075581395348838 0.1281055900621118 0.8075581395348838 0.19021739130434784
0 0.7372093023255814 0 0.7372093023255814 0.034161490683229816 0.7697674418604651 0.034161490683229816 0.7697674418604651 0 0.7372093023255814 0
0 0.5325581395348837 0.17546583850931677 0.5837209302325581 0.17546583850931677 0.5837209302325581 0.09161490683229814 0.5325581395348837 0.09161490683229814 0.5325581395348837 0.17546583850931677
0 0.3436046511627907 0.8260869565217391 0.4063953488372093 0.8260869565217391 0.4063953488372093 0.7251552795031055 0.3436046511627907 0.7251552795031055 0.3436046511627907 0.8260869565217391
0 0.5156976744186047 0.7608695652173914 0.5715116279069767 0.7608695652173914 0.5715116279069767 0.6754658385093167 0.5156976744186047 0.6754658385093167 0.5156976744186047 0.7608695652173914
0 0.3680232558139535 0.703416149068323 0.4308139534883721 0.703416149068323 0.4308139534883721 0.6118012422360248 0.3680232558139535 0.6118012422360248 0.3680232558139535 0.703416149068323
0 0.561046511627907 0.6358695652173914 0.6156976744186047 0.6358695652173914 0.6156976744186047 0.562888198757764 0.561046511627907 0.562888198757764 0.561046511627907 0.6358695652173914
0 0.6436046511627908 0.4029503105590062 0.7156976744186047 0.4029503105590062 0.7156976744186047 0.31288819875776397 0.6436046511627908 0.31288819875776397 0.6436046511627908 0.4029503105590062
0 0.5616279069767441 0.6366459627329193 0.6186046511627907 0.6366459627329193 0.6186046511627907 0.532608695652174 0.5616279069767441 0.532608695652174 0.5616279069767441 0.6366459627329193