0 0.4791666666666667 0.6253229974160207 0.5973837209302325 0.6253229974160207 0.5973837209302325 0.4483204134366925 0.4791666666666667 0.4483204134366925 0.4791666666666667 0.6253229974160207
0 0.5843023255813954 0.5310077519379846 0.6957364341085271 0.5310077519379846 0.6957364341085271 0.34366925064599485 0.5843023255813954 0.34366925064599485 0.5843023255813954 0.5310077519379846
0 0.7843992248062015 0.28165374677002586 0.8599806201550387 0.28165374677002586 0.8599806201550387 0.14857881136950904 0.7843992248062015 0.14857881136950904 0.7843992248062015 0.28165374677002586
0 0.36676356589147285 0.7280361757105943 0.4743217054263566 0.7280361757105943 0.4743217054263566 0.5342377260981912 0.36676356589147285 0.5342377260981912 0.36676356589147285 0.7280361757105943
0 0.02374031007751938 0.960594315245478 0.11676356589147287 0.960594315245478 0.11676356589147287 0.7758397932816538 0.02374031007751938 0.7758397932816538 0.02374031007751938 0.960594315245478
0 0.250968992248062 0.8443152454780362 0.3556201550387597 0.8443152454780362 0.3556201550387597 0.6324289405684754 0.250968992248062 0.6324289405684754 0.250968992248062 0.8443152454780362
0 0.8977713178294574 0.11434108527131782 0.9714147286821705 0.11434108527131782 0.9714147286821705 0.001937984496124031 0.8977713178294574 0.001937984496124031 0.8977713178294574 0.11434108527131782
0 0.8299418604651163 0.10852713178294573 0.8997093023255814 0.10852713178294573 0.8997093023255814 0.0012919896640826874 0.8299418604651163 0.0012919896640826874 0.8299418604651163 0.10852713178294573
0 0.7160852713178295 0.312015503875969 0.7887596899224806 0.312015503875969 0.7887596899224806 0.18281653746770027 0.7160852713178295 0.18281653746770027 0.7160852713178295 0.312015503875969
0 0.028585271317829456 0.7454780361757106 0.10998062015503876 0.7454780361757106 0.10998062015503876 0.5762273901808785 0.028585271317829456 0.5762273901808785 0.028585271317829456 0.7454780361757106
0 0.6443798449612403 0.30103359173126615 0.7267441860465116 0.30103359173126615 0.7267441860465116 0.15374677002583978 0.6443798449612403 0.15374677002583978 0.6443798449612403 0.30103359173126615
0 0.3856589147286822 0.560077519379845 0.47189922480620156 0.560077519379845 0.47189922480620156 0.42054263565891475 0.3856589147286822 0.42054263565891475 0.3856589147286822 0.560077519379845
0 0.563953488372093 0.3062015503875969 0.6443798449612403 0.3062015503875969 0.6443798449612403 0.18087855297157623 0.563953488372093 0.18087855297157623 0.563953488372093 0.3062015503875969
0 0.7558139534883721 0.12790697674418605 0.8304263565891473 0.12790697674418605 0.8304263565891473 0.015503875968992248 0.7558139534883721 0.015503875968992248 0.7558139534883721 0.12790697674418605
0 0.13953488372093023 0.9812661498708011 0.25387596899224807 0.9812661498708011 0.25387596899224807 0.7667958656330749 0.13953488372093023 0.7667958656330749 0.13953488372093023 0.9812661498708011
0 0.48498062015503873 0.31976744186046513 0.5625 0.31976744186046513 0.5625 0.20736434108527133 0.48498062015503873 0.20736434108527133 0.48498062015503873 0.31976744186046513
0 0.29844961240310075 0.6802325581395349 0.38275193798449614 0.6802325581395349 0.38275193798449614 0.5083979328165374 0.29844961240310075 0.5083979328165374 0.29844961240310075 0.6802325581395349
0 0.7170542635658915 0.1937984496124031 0.7887596899224806 0.1937984496124031 0.7887596899224806 0.11498708010335917 0.7170542635658915 0.11498708010335917 0.7170542635658915 0.1937984496124031
0 0.2000968992248062 0.7021963824289406 0.29408914728682173 0.7021963824289406 0.29408914728682173 0.5458656330749354 0.2000968992248062 0.5458656330749354 0.2000968992248062 0.7021963824289406
0 0.09932170542635659 0.813953488372093 0.18071705426356588 0.813953488372093 0.18071705426356588 0.6369509043927648 0.09932170542635659 0.6369509043927648 0.09932170542635659 0.813953488372093
0 0.2921511627906977 0.5594315245478036 0.38420542635658916 0.5594315245478036 0.38420542635658916 0.43669250645994834 0.2921511627906977 0.43669250645994834 0.2921511627906977 0.5594315245478036
0 0.16375968992248063 0.8352713178294574 0.2548449612403101 0.8352713178294574 0.2548449612403101 0.6866925064599483 0.16375968992248063 0.6866925064599483 0.16375968992248063 0.8352713178294574
0 0.37790697674418605 0.42764857881136953 0.4583333333333333 0.42764857881136953 0.4583333333333333 0.3087855297157623 0.37790697674418605 0.3087855297157623 0.37790697674418605 0.42764857881136953
0 0.6390503875968992 0.14857881136950904 0.7010658914728682 0.14857881136950904 0.7010658914728682 0.06459948320413436 0.6390503875968992 0.06459948320413436 0.6390503875968992 0.14857881136950904
0 0.6385658914728682 0.20478036175710596 0.7160852713178295 0.20478036175710596 0.7160852713178295 0.11175710594315245 0.6385658914728682 0.11175710594315245 0.6385658914728682 0.20478036175710596
0 0.21220930232558138 0.5729974160206718 0.2926356589147287 0.5729974160206718 0.2926356589147287 0.47351421188630494 0.21220930232558138 0.47351421188630494 0.21220930232558138 0.5729974160206718
0 0.5445736434108527 0.3643410852713178 0.626937984496124 0.3643410852713178 0.626937984496124 0.26356589147286824 0.5445736434108527 0.26356589147286824 0.5445736434108527 0.3643410852713178
0 0.7364341085271318 0 0.7364341085271318 0.09689922480620156 0.8023255813953488 0.09689922480620156 0.8023255813953488 0 0.7364341085271318 0
0 0.47238372093023256 0.5 0.5876937984496124 0.5 0.5876937984496124 0.3772609819121447 0.47238372093023256 0.3772609819121447 0.47238372093023256 0.5
0 0.4626937984496124 0.38372093023255816 0.5334302325581395 0.38372093023255816 0.5334302325581395 0.2958656330749354 0.4626937984496124 0.2958656330749354 0.4626937984496124 0.38372093023255816
0 0.562984496124031 0.4050387596899225 0.6472868217054264 0.4050387596899225 0.6472868217054264 0.3029715762273902 0.562984496124031 0.3029715762273902 0.562984496124031 0.4050387596899225
0 0.47093023255813954 0.417312661498708 0.5484496124031008 0.417312661498708 0.5484496124031008 0.34108527131782945 0.47093023255813954 0.34108527131782945 0.47093023255813954 0.417312661498708
0 0.3846899224806202 0.4541343669250646 0.4680232558139535 0.4541343669250646 0.4680232558139535 0.36757105943152457 0.3846899224806202 0.36757105943152457 0.3846899224806202 0.4541343669250646
0 0.9437984496124031 0 0.9437984496124031 0.025839793281653745 1 0.025839793281653745 1 0 0.9437984496124031 0
0 0.8081395348837209 0.03811369509043928 0.8507751937984496 0.03811369509043928 0.8507751937984496 0.0006459948320413437 0.8081395348837209 0.0006459948320413437 0.8081395348837209 0.03811369509043928
0 0.877422480620155 0 0.877422480620155 0.023255813953488372 0.9210271317829457 0.023255813953488372 0.9210271317829457 0 0.877422480620155 0
0 0 0.9993540051679587 0.00872093023255814 0.9993540051679587 0.00872093023255814 0.939922480620155 0 0.939922480620155 0 0.9993540051679587