0 0.38022648083623695 0.5401162790697674 0.4211672473867596 0.5401162790697674 0.4211672473867596 0.4563953488372093 0.38022648083623695 0.4563953488372093 0.38022648083623695 0.5401162790697674
0 0.4921602787456446 0.7854651162790698 0.5479094076655052 0.7854651162790698 0.5479094076655052 0.6819767441860465 0.4921602787456446 0.6819767441860465 0.4921602787456446 0.7854651162790698
0 0.31576655052264807 0.6377906976744186 0.36106271777003485 0.6377906976744186 0.36106271777003485 0.5459302325581395 0.31576655052264807 0.5459302325581395 0.31576655052264807 0.6377906976744186
0 0.4499128919860627 0.5372093023255814 0.492595818815331 0.5372093023255814 0.492595818815331 0.45465116279069767 0.4499128919860627 0.45465116279069767 0.4499128919860627 0.5372093023255814
0 0 0.49593023255813956 0.039198606271777 0.49593023255813956 0.039198606271777 0.4145348837209302 0 0.4145348837209302 0 0.49593023255813956
0 0.5923344947735192 0.5226744186046511 0.6350174216027874 0.5226744186046511 0.6350174216027874 0.44709302325581396 0.5923344947735192 0.44709302325581396 0.5923344947735192 0.5226744186046511
0 0.5509581881533101 0.37034883720930234 0.5927700348432056 0.37034883720930234 0.5927700348432056 0.2982558139534884 0.5509581881533101 0.2982558139534884 0.5509581881533101 0.37034883720930234
0 0.26480836236933797 0.4697674418604651 0.3057491289198606 0.4697674418604651 0.3057491289198606 0.38953488372093026 0.26480836236933797 0.38953488372093026 0.26480836236933797 0.4697674418604651
0 0.4011324041811847 0.46395348837209305 0.44294425087108014 0.46395348837209305 0.44294425087108014 0.38488372093023254 0.4011324041811847 0.38488372093023254 0.4011324041811847 0.46395348837209305
0 0.1332752613240418 0.8616279069767442 0.18554006968641115 0.8616279069767442 0.18554006968641115 0.763953488372093 0.1332752613240418 0.763953488372093 0.1332752613240418 0.8616279069767442
0 0.03266550522648084 0.6267441860465116 0.06925087108013937 0.6267441860465116 0.06925087108013937 0.5383720930232558 0.03266550522648084 0.5383720930232558 0.03266550522648084 0.6267441860465116
0 0.9124564459930313 0.4906976744186046 0.953397212543554 0.4906976744186046 0.953397212543554 0.4127906976744186 0.9124564459930313 0.4127906976744186 0.9124564459930313 0.4906976744186046
0 0.49956445993031356 0.6087209302325581 0.5474738675958188 0.6087209302325581 0.5474738675958188 0.5203488372093024 0.49956445993031356 0.5203488372093024 0.49956445993031356 0.6087209302325581
0 0.09625435540069686 0.4622093023255814 0.13632404181184668 0.4622093023255814 0.13632404181184668 0.37267441860465117 0.09625435540069686 0.37267441860465117 0.09625435540069686 0.4622093023255814
0 0.13153310104529617 0.5883720930232558 0.1750871080139373 0.5883720930232558 0.1750871080139373 0.49767441860465117 0.13153310104529617 0.49767441860465117 0.13153310104529617 0.5883720930232558
0 0.16463414634146342 0.541860465116279 0.2038327526132404 0.541860465116279 0.2038327526132404 0.45465116279069767 0.16463414634146342 0.45465116279069767 0.16463414634146342 0.541860465116279
0 0.6537456445993032 0.5 0.698170731707317 0.5 0.698170731707317 0.4197674418604651 0.6537456445993032 0.4197674418604651 0.6537456445993032 0.5
0 0.16681184668989546 0.6482558139534884 0.21036585365853658 0.6482558139534884 0.21036585365853658 0.5529069767441861 0.16681184668989546 0.5529069767441861 0.16681184668989546 0.6482558139534884
0 0.46994773519163763 0.6674418604651163 0.5230836236933798 0.6674418604651163 0.5230836236933798 0.5720930232558139 0.46994773519163763 0.5720930232558139 0.46994773519163763 0.6674418604651163
0 0.6955574912891986 0.536046511627907 0.747822299651568 0.536046511627907 0.747822299651568 0.4325581395348837 0.6955574912891986 0.4325581395348837 0.6955574912891986 0.536046511627907
0 0.2739547038327526 0.5883720930232558 0.31837979094076657 0.5883720930232558 0.31837979094076657 0.5069767441860465 0.2739547038327526 0.5069767441860465 0.2739547038327526 0.5883720930232558
0 0.17465156794425088 0.913953488372093 0.22778745644599302 0.913953488372093 0.22778745644599302 0.8023255813953488 0.17465156794425088 0.8023255813953488 0.17465156794425088 0.913953488372093
0 0.8449477351916377 0.32965116279069767 0.8850174216027874 0.32965116279069767 0.8850174216027874 0.2633720930232558 0.8449477351916377 0.2633720930232558 0.8449477351916377 0.32965116279069767
0 0.8745644599303136 0.5406976744186046 0.9128919860627178 0.5406976744186046 0.9128919860627178 0.4627906976744186 0.8745644599303136 0.4627906976744186 0.8745644599303136 0.5406976744186046
0 0.6193379790940766 0.3755813953488372 0.6602787456445993 0.3755813953488372 0.6602787456445993 0.30930232558139537 0.6193379790940766 0.30930232558139537 0.6193379790940766 0.3755813953488372
0 0.062282229965156796 0.502906976744186 0.10583623693379791 0.502906976744186 0.10583623693379791 0.42034883720930233 0.062282229965156796 0.42034883720930233 0.062282229965156796 0.502906976744186
0 0.6925087108013938 0.6308139534883721 0.740418118466899 0.6308139534883721 0.740418118466899 0.5412790697674419 0.6925087108013938 0.5412790697674419 0.6925087108013938 0.6308139534883721
0 0.5701219512195121 0.4459302325581395 0.6084494773519163 0.4459302325581395 0.6084494773519163 0.3633720930232558 0.5701219512195121 0.3633720930232558 0.5701219512195121 0.4459302325581395
0 0.28222996515679444 0.6854651162790698 0.32926829268292684 0.6854651162790698 0.32926829268292684 0.5854651162790697 0.28222996515679444 0.5854651162790697 0.28222996515679444 0.6854651162790698
0 0.40069686411149824 0.7052325581395349 0.4520905923344948 0.7052325581395349 0.4520905923344948 0.6133720930232558 0.40069686411149824 0.6133720930232558 0.40069686411149824 0.7052325581395349
0 0.8162020905923345 0.40406976744186046 0.8562717770034843 0.40406976744186046 0.8562717770034843 0.3319767441860465 0.8162020905923345 0.3319767441860465 0.8162020905923345 0.40406976744186046
0 0.36585365853658536 0.7656976744186047 0.42160278745644597 0.7656976744186047 0.42160278745644597 0.6656976744186046 0.36585365853658536 0.6656976744186046 0.36585365853658536 0.7656976744186047
0 0.5439895470383276 0.8401162790697675 0.5988675958188153 0.8401162790697675 0.5988675958188153 0.7273255813953489 0.5439895470383276 0.7273255813953489 0.5439895470383276 0.8401162790697675
0 0.7713414634146342 0.3691860465116279 0.8122822299651568 0.3691860465116279 0.8122822299651568 0.2936046511627907 0.7713414634146342 0.2936046511627907 0.7713414634146342 0.3691860465116279
0 0.6206445993031359 0.1063953488372093 0.6563588850174216 0.1063953488372093 0.6563588850174216 0.0377906976744186 0.6206445993031359 0.0377906976744186 0.6206445993031359 0.1063953488372093
0 0.945993031358885 0.30465116279069765 0.9799651567944251 0.30465116279069765 0.9799651567944251 0.24651162790697675 0.945993031358885 0.24651162790697675 0.945993031358885 0.30465116279069765
0 0.828397212543554 0.5104651162790698 0.8736933797909407 0.5104651162790698 0.8736933797909407 0.43488372093023253 0.828397212543554 0.43488372093023253 0.828397212543554 0.5104651162790698
0 0.7852787456445993 0.31802325581395346 0.8253484320557491 0.31802325581395346 0.8253484320557491 0.25290697674418605 0.7852787456445993 0.25290697674418605 0.7852787456445993 0.31802325581395346
0 0.05574912891986063 0.7773255813953488 0.10365853658536585 0.7773255813953488 0.10365853658536585 0.6773255813953488 0.05574912891986063 0.6773255813953488 0.05574912891986063 0.7773255813953488
0 0.8976480836236934 0.3122093023255814 0.9307491289198606 0.3122093023255814 0.9307491289198606 0.2552325581395349 0.8976480836236934 0.2552325581395349 0.8976480836236934 0.3122093023255814
0 0.9677700348432056 0.4011627906976744 0.9982578397212544 0.4011627906976744 0.9982578397212544 0.34186046511627904 0.9677700348432056 0.34186046511627904 0.9677700348432056 0.4011627906976744
0 0 0.5279069767441861 0.008710801393728223 0.5279069767441861 0.008710801393728223 0.4744186046511628 0 0.4744186046511628 0 0.5279069767441861
0 0.8436411149825784 0.4662790697674419 0.8854529616724739 0.4662790697674419 0.8854529616724739 0.40348837209302324 0.8436411149825784 0.40348837209302324 0.8436411149825784 0.4662790697674419
0 0.9856271777003485 0.45232558139534884 0.9995644599303136 0.45232558139534884 0.9995644599303136 0.38372093023255816 0.9856271777003485 0.38372093023255816 0.9856271777003485 0.45232558139534884
0 0.9094076655052264 0.27209302325581397 0.9451219512195121 0.27209302325581397 0.9451219512195121 0.22093023255813954 0.9094076655052264 0.22093023255813954 0.9094076655052264 0.27209302325581397
0 0.9812717770034843 0.33313953488372094 0.9995644599303136 0.33313953488372094 0.9995644599303136 0.2738372093023256 0.9812717770034843 0.2738372093023256 0.9812717770034843 0.33313953488372094
0 0.9821428571428571 0.3581395348837209 0.9995644599303136 0.3581395348837209 0.9995644599303136 0.3127906976744186 0.9821428571428571 0.3127906976744186 0.9821428571428571 0.3581395348837209
0 0.8270905923344948 0.6825581395348838 0.8540940766550522 0.6825581395348838 0.8540940766550522 0.6290697674418605 0.8270905923344948 0.6290697674418605 0.8270905923344948 0.6825581395348838
0 0.3423344947735192 0.8058139534883721 0.37456445993031356 0.8058139534883721 0.37456445993031356 0.7325581395348837 0.3423344947735192 0.7325581395348837 0.3423344947735192 0.8058139534883721
0 0.5844947735191638 0.7976744186046512 0.6193379790940766 0.7976744186046512 0.6193379790940766 0.736046511627907 0.5844947735191638 0.736046511627907 0.5844947735191638 0.7976744186046512
0 0.41681184668989546 0.8319767441860465 0.45339721254355403 0.8319767441860465 0.45339721254355403 0.7238372093023255 0.41681184668989546 0.7238372093023255 0.41681184668989546 0.8319767441860465