0 0.2916666666666667 1 0.2916666666666667 0.8204134366925064 0.16569767441860464 0.8204134366925064 0.16569767441860464 1 0.2916666666666667 1
0 0.6763565891472868 0.3682170542635659 0.7645348837209303 0.3682170542635659 0.7645348837209303 0.2222222222222222 0.6763565891472868 0.2222222222222222 0.6763565891472868 0.3682170542635659
0 0.9001937984496124 0.18087855297157623 0.9835271317829457 0.18087855297157623 0.9835271317829457 0.056847545219638244 0.9001937984496124 0.056847545219638244 0.9001937984496124 0.18087855297157623
0 0.4728682170542636 0.650516795865633 0.5707364341085271 0.650516795865633 0.5707364341085271 0.46963824289405687 0.4728682170542636 0.46963824289405687 0.4728682170542636 0.650516795865633
0 0.22674418604651161 0.6815245478036176 0.3178294573643411 0.6815245478036176 0.3178294573643411 0.49935400516795864 0.22674418604651161 0.49935400516795864 0.22674418604651161 0.6815245478036176
0 0.6569767441860465 0.2144702842377261 0.7432170542635659 0.2144702842377261 0.7432170542635659 0.08914728682170543 0.6569767441860465 0.08914728682170543 0.6569767441860465 0.2144702842377261
0 0.751453488372093 0.2248062015503876 0.8367248062015504 0.2248062015503876 0.8367248062015504 0.09819121447028424 0.751453488372093 0.09819121447028424 0.751453488372093 0.2248062015503876
0 0.3178294573643411 0.6537467700258398 0.41375968992248063 0.6537467700258398 0.41375968992248063 0.4702842377260982 0.3178294573643411 0.4702842377260982 0.3178294573643411 0.6537467700258398
0 0.8294573643410853 0.20219638242894056 0.9040697674418605 0.20219638242894056 0.9040697674418605 0.07428940568475452 0.8294573643410853 0.07428940568475452 0.8294573643410853 0.20219638242894056
0 0.5043604651162791 0.37790697674418605 0.5964147286821705 0.37790697674418605 0.5964147286821705 0.2280361757105943 0.5043604651162791 0.2280361757105943 0.5043604651162791 0.37790697674418605
0 0.41521317829457366 0.5387596899224806 0.5082364341085271 0.5387596899224806 0.5082364341085271 0.3992248062015504 0.41521317829457366 0.3992248062015504 0.41521317829457366 0.5387596899224806
0 0.14050387596899225 0.6931524547803618 0.22965116279069767 0.6931524547803618 0.22965116279069767 0.5277777777777778 0.14050387596899225 0.5277777777777778 0.14050387596899225 0.6931524547803618
0 0.38905038759689925 0.6886304909560723 0.47722868217054265 0.6886304909560723 0.47722868217054265 0.5193798449612403 0.38905038759689925 0.5193798449612403 0.38905038759689925 0.6886304909560723
0 0.5949612403100775 0.35142118863049093 0.6782945736434108 0.35142118863049093 0.6782945736434108 0.20930232558139536 0.5949612403100775 0.20930232558139536 0.5949612403100775 0.35142118863049093
0 0.00048449612403100775 0.8158914728682171 0.08478682170542635 0.8158914728682171 0.08478682170542635 0.6828165374677002 0.00048449612403100775 0.6828165374677002 0.00048449612403100775 0.8158914728682171
0 0.05329457364341085 0.9993540051679587 0.16666666666666666 0.9993540051679587 0.16666666666666666 0.8430232558139535 0.05329457364341085 0.8430232558139535 0.05329457364341085 0.9993540051679587
0 0.3313953488372093 0.436046511627907 0.40794573643410853 0.436046511627907 0.40794573643410853 0.31718346253229973 0.3313953488372093 0.31718346253229973 0.3313953488372093 0.436046511627907
0 0.09011627906976744 0.8016795865633075 0.1695736434108527 0.8016795865633075 0.1695736434108527 0.6750645994832042 0.09011627906976744 0.6750645994832042 0.09011627906976744 0.8016795865633075
0 0.9341085271317829 0.07816537467700259 0.999031007751938 0.07816537467700259 0.999031007751938 0.0006459948320413437 0.9341085271317829 0.0006459948320413437 0.9341085271317829 0.07816537467700259
0 0.34205426356589147 0.4819121447028424 0.4253875968992248 0.4819121447028424 0.4253875968992248 0.38372093023255816 0.34205426356589147 0.38372093023255816 0.34205426356589147 0.4819121447028424
0 0.7994186046511628 0.10077519379844961 0.8691860465116279 0.10077519379844961 0.8691860465116279 0.014211886304909561 0.7994186046511628 0.014211886304909561 0.7994186046511628 0.10077519379844961
0 0 0.9140826873385013 0.06589147286821706 0.9140826873385013 0.06589147286821706 0.787467700258398 0 0.787467700258398 0 0.9140826873385013
0 0.17151162790697674 0.7667958656330749 0.2693798449612403 0.7667958656330749 0.2693798449612403 0.6414728682170543 0.17151162790697674 0.6414728682170543 0.17151162790697674 0.7667958656330749
0 0.17248062015503876 0.8591731266149871 0.2761627906976744 0.8591731266149871 0.2761627906976744 0.7248062015503876 0.17248062015503876 0.7248062015503876 0.17248062015503876 0.8591731266149871
0 0.07897286821705427 0.877906976744186 0.16327519379844962 0.877906976744186 0.16327519379844962 0.7590439276485789 0.07897286821705427 0.7590439276485789 0.07897286821705427 0.877906976744186
0 0.045542635658914726 1 0.045542635658914726 0.8772609819121447 0 0.8772609819121447 0 1 0.045542635658914726 1
0 0.8575581395348837 0.10077519379844961 0.9186046511627907 0.10077519379844961 0.9186046511627907 0.002583979328165375 0.8575581395348837 0.002583979328165375 0.8575581395348837 0.10077519379844961
0 0.7572674418604651 0 0.7572674418604651 0.05297157622739018 0.8192829457364341 0.05297157622739018 0.8192829457364341 0 0.7572674418604651 0
0 0.5823643410852714 0.2596899224806202 0.6589147286821705 0.2596899224806202 0.6589147286821705 0.1744186046511628 0.5823643410852714 0.1744186046511628 0.5823643410852714 0.2596899224806202
0 0.876937984496124 0 0.876937984496124 0.05297157622739018 0.935077519379845 0.05297157622739018 0.935077519379845 0 0.876937984496124 0
0 0.6526162790697675 0.15051679586563307 0.7107558139534884 0.15051679586563307 0.7107558139534884 0.07170542635658915 0.6526162790697675 0.07170542635658915 0.6526162790697675 0.15051679586563307
0 0.4874031007751938 0.2596899224806202 0.5687984496124031 0.2596899224806202 0.5687984496124031 0.16149870801033592 0.4874031007751938 0.16149870801033592 0.4874031007751938 0.2596899224806202
0 0.7243217054263565 0.15568475452196381 0.7950581395348837 0.15568475452196381 0.7950581395348837 0.03940568475452196 0.7243217054263565 0.03940568475452196 0.7243217054263565 0.15568475452196381
0 0.49127906976744184 0.3087855297157623 0.5775193798449613 0.3087855297157623 0.5775193798449613 0.1834625322997416 0.49127906976744184 0.1834625322997416 0.49127906976744184 0.3087855297157623
0 0.5736434108527132 0.17377260981912146 0.6211240310077519 0.17377260981912146 0.6211240310077519 0.07299741602067183 0.5736434108527132 0.07299741602067183 0.5736434108527132 0.17377260981912146
0 0.7131782945736435 0.0917312661498708 0.7761627906976745 0.0917312661498708 0.7761627906976745 0.027131782945736434 0.7131782945736435 0.027131782945736434 0.7131782945736435 0.0917312661498708
0 0.6705426356589147 0 0.6705426356589147 0.056847545219638244 0.7238372093023255 0.056847545219638244 0.7238372093023255 0 0.6705426356589147 0
0 0.03924418604651163 0.9993540051679587 0.12354651162790697 0.9993540051679587 0.12354651162790697 0.9683462532299741 0.03924418604651163 0.9683462532299741 0.03924418604651163 0.9993540051679587
0 0.8255813953488372 0 0.8255813953488372 0.023255813953488372 0.8682170542635659 0.023255813953488372 0.8682170542635659 0 0.8255813953488372 0
0 0.752906976744186 0.15439276485788114 0.8255813953488372 0.15439276485788114 0.8255813953488372 0.06782945736434108 0.752906976744186 0.06782945736434108 0.752906976744186 0.15439276485788114