0 0.6303294573643411 0.4748062015503876 0.7388565891472868 0.4748062015503876 0.7388565891472868 0.29780361757105944 0.6303294573643411 0.29780361757105944 0.6303294573643411 0.4748062015503876
0 0.08381782945736434 0.8888888888888888 0.17684108527131784 0.8888888888888888 0.17684108527131784 0.7067183462532299 0.08381782945736434 0.7067183462532299 0.08381782945736434 0.8888888888888888
0 0.312984496124031 0.7687338501291989 0.41472868217054265 0.7687338501291989 0.41472868217054265 0.5671834625322998 0.312984496124031 0.5671834625322998 0.312984496124031 0.7687338501291989
0 0.5295542635658915 0.5633074935400517 0.6448643410852714 0.5633074935400517 0.6448643410852714 0.3953488372093023 0.5295542635658915 0.3953488372093023 0.5295542635658915 0.5633074935400517
0 0.08187984496124032 0.6886304909560723 0.16327519379844962 0.6886304909560723 0.16327519379844962 0.5219638242894057 0.08187984496124032 0.5219638242894057 0.08187984496124032 0.6886304909560723
0 0.8168604651162791 0.24354005167958656 0.8905038759689923 0.24354005167958656 0.8905038759689923 0.11692506459948321 0.8168604651162791 0.11692506459948321 0.8168604651162791 0.24354005167958656
0 0.9239341085271318 0 0.9239341085271318 0.08656330749354005 0.9946705426356589 0.08656330749354005 0.9946705426356589 0 0.9239341085271318 0
0 0.8536821705426356 0 0.8536821705426356 0.082687338501292 0.9253875968992248 0.082687338501292 0.9253875968992248 0 0.8536821705426356 0
0 0.20203488372093023 0.9031007751937985 0.31540697674418605 0.9031007751937985 0.31540697674418605 0.6989664082687338 0.20203488372093023 0.6989664082687338 0.20203488372093023 0.9031007751937985
0 0.42344961240310075 0.6595607235142119 0.5290697674418605 0.6595607235142119 0.5290697674418605 0.47739018087855295 0.42344961240310075 0.47739018087855295 0.42344961240310075 0.6595607235142119
0 0.751453488372093 0.27260981912144705 0.8202519379844961 0.27260981912144705 0.8202519379844961 0.14728682170542637 0.751453488372093 0.14728682170542637 0.751453488372093 0.27260981912144705
0 0.6802325581395349 0.26356589147286824 0.7596899224806202 0.26356589147286824 0.7596899224806202 0.12015503875968993 0.6802325581395349 0.12015503875968993 0.6802325581395349 0.26356589147286824
0 0.15455426356589147 0.748062015503876 0.23594961240310078 0.748062015503876 0.23594961240310078 0.5775193798449613 0.15455426356589147 0.5775193798449613 0.15455426356589147 0.748062015503876
0 0.7853682170542635 0 0.7853682170542635 0.10077519379844961 0.8561046511627907 0.10077519379844961 0.8561046511627907 0 0.7853682170542635 0
0 0.6027131782945736 0.2616279069767442 0.6812015503875969 0.2616279069767442 0.6812015503875969 0.1479328165374677 0.6027131782945736 0.1479328165374677 0.6027131782945736 0.2616279069767442
0 0.2548449612403101 0.6356589147286822 0.3498062015503876 0.6356589147286822 0.3498062015503876 0.4896640826873385 0.2548449612403101 0.4896640826873385 0.2548449612403101 0.6356589147286822
0 0.5247093023255814 0.2777777777777778 0.6012596899224806 0.2777777777777778 0.6012596899224806 0.17183462532299743 0.5247093023255814 0.17183462532299743 0.5247093023255814 0.2777777777777778
0 0.07073643410852713 1 0.07073643410852713 0.813953488372093 0 0.813953488372093 0 1 0.07073643410852713 1
0 0.35222868217054265 0.6156330749354005 0.43459302325581395 0.6156330749354005 0.43459302325581395 0.4528423772609819 0.35222868217054265 0.4528423772609819 0.35222868217054265 0.6156330749354005
0 0.437015503875969 0.49612403100775193 0.5203488372093024 0.49612403100775193 0.5203488372093024 0.3708010335917313 0.437015503875969 0.3708010335917313 0.437015503875969 0.49612403100775193
0 0.747093023255814 0.15310077519379844 0.8187984496124031 0.15310077519379844 0.8187984496124031 0.08462532299741603 0.747093023255814 0.08462532299741603 0.747093023255814 0.15310077519379844
0 0 0.8449612403100775 0.06201550387596899 0.8449612403100775 0.06201550387596899 0.7067183462532299 0 0.7067183462532299 0 0.8449612403100775
0 0.6686046511627907 0.12726098191214472 0.7306201550387597 0.12726098191214472 0.7306201550387597 0.03940568475452196 0.6686046511627907 0.03940568475452196 0.6686046511627907 0.12726098191214472
0 0.3430232558139535 0.5077519379844961 0.43023255813953487 0.5077519379844961 0.43023255813953487 0.3863049095607235 0.3430232558139535 0.3863049095607235 0.3430232558139535 0.5077519379844961
0 0.4219961240310077 0.3863049095607235 0.500484496124031 0.3863049095607235 0.500484496124031 0.26744186046511625 0.4219961240310077 0.26744186046511625 0.4219961240310077 0.3863049095607235
0 0.22141472868217055 0.7538759689922481 0.31443798449612403 0.7538759689922481 0.31443798449612403 0.6195090439276486 0.22141472868217055 0.6195090439276486 0.22141472868217055 0.7538759689922481
0 0.26308139534883723 0.5083979328165374 0.34156976744186046 0.5083979328165374 0.34156976744186046 0.42441860465116277 0.26308139534883723 0.42441860465116277 0.26308139534883723 0.5083979328165374
0 0.5857558139534884 0.31589147286821706 0.6661821705426356 0.31589147286821706 0.6661821705426356 0.22416020671834624 0.5857558139534884 0.22416020671834624 0.5857558139534884 0.31589147286821706
0 0.6729651162790697 0.1744186046511628 0.7456395348837209 0.1744186046511628 0.7456395348837209 0.082687338501292 0.6729651162790697 0.082687338501292 0.6729651162790697 0.1744186046511628
0 0.6007751937984496 0.35981912144702843 0.6908914728682171 0.35981912144702843 0.6908914728682171 0.2603359173126615 0.6007751937984496 0.2603359173126615 0.6007751937984496 0.35981912144702843
0 0.7640503875968992 0 0.7640503875968992 0.07493540051679587 0.7989341085271318 0.07493540051679587 0.7989341085271318 0 0.7640503875968992 0
0 0.5218023255813954 0.46511627906976744 0.6303294573643411 0.46511627906976744 0.6303294573643411 0.32945736434108525 0.5218023255813954 0.32945736434108525 0.5218023255813954 0.46511627906976744
0 0.4321705426356589 0.4134366925064599 0.5116279069767442 0.4134366925064599 0.5116279069767442 0.32170542635658916 0.4321705426356589 0.32170542635658916 0.4321705426356589 0.4134366925064599
0 0.5062984496124031 0.3417312661498708 0.5780038759689923 0.3417312661498708 0.5780038759689923 0.25516795865633074 0.5062984496124031 0.25516795865633074 0.5062984496124031 0.3417312661498708
0 0.5203488372093024 0.374031007751938 0.5901162790697675 0.374031007751938 0.5901162790697675 0.29780361757105944 0.5203488372093024 0.29780361757105944 0.5203488372093024 0.374031007751938
0 0.8372093023255814 0 0.8372093023255814 0.011627906976744186 0.8585271317829457 0.011627906976744186 0.8585271317829457 0 0.8372093023255814 0