0 0.5 0.8534883720930233 0.5574912891986062 0.8534883720930233 0.5574912891986062 0.7441860465116279 0.5 0.7441860465116279 0.5 0.8534883720930233
0 0.4076655052264808 0.7825581395348837 0.4651567944250871 0.7825581395348837 0.4651567944250871 0.6848837209302325 0.4076655052264808 0.6848837209302325 0.4076655052264808 0.7825581395348837
0 0.7395470383275261 0.7953488372093023 0.7909407665505227 0.7953488372093023 0.7909407665505227 0.6930232558139535 0.7395470383275261 0.6930232558139535 0.7395470383275261 0.7953488372093023
0 0.4642857142857143 0.436046511627907 0.5087108013937283 0.436046511627907 0.5087108013937283 0.3627906976744186 0.4642857142857143 0.3627906976744186 0.4642857142857143 0.436046511627907
0 0.20078397212543553 0.5691860465116279 0.24085365853658536 0.5691860465116279 0.24085365853658536 0.4866279069767442 0.20078397212543553 0.4866279069767442 0.20078397212543553 0.5691860465116279
0 0.4381533101045296 0.47732558139534886 0.48257839721254353 0.47732558139534886 0.48257839721254353 0.39825581395348836 0.4381533101045296 0.39825581395348836 0.4381533101045296 0.47732558139534886
0 0.5252613240418118 0.5529069767441861 0.5653310104529616 0.5529069767441861 0.5653310104529616 0.47151162790697676 0.5252613240418118 0.47151162790697676 0.5252613240418118 0.5529069767441861
0 0.36193379790940766 0.7203488372093023 0.4107142857142857 0.7203488372093023 0.4107142857142857 0.6261627906976744 0.36193379790940766 0.6261627906976744 0.36193379790940766 0.7203488372093023
0 0.6663763066202091 0.5587209302325581 0.7151567944250871 0.5587209302325581 0.7151567944250871 0.4703488372093023 0.6663763066202091 0.4703488372093023 0.6663763066202091 0.5587209302325581
0 0.8972125435540069 0.44709302325581396 0.9346689895470384 0.44709302325581396 0.9346689895470384 0.37965116279069766 0.8972125435540069 0.37965116279069766 0.8972125435540069 0.44709302325581396
0 0.037456445993031356 0.44534883720930235 0.07578397212543554 0.44534883720930235 0.07578397212543554 0.36627906976744184 0.037456445993031356 0.36627906976744184 0.037456445993031356 0.44534883720930235
0 0.6197735191637631 0.5081395348837209 0.6676829268292683 0.5081395348837209 0.6676829268292683 0.4197674418604651 0.6197735191637631 0.4197674418604651 0.6197735191637631 0.5081395348837209
0 0.688588850174216 0.7534883720930232 0.742595818815331 0.7534883720930232 0.742595818815331 0.663953488372093 0.688588850174216 0.663953488372093 0.688588850174216 0.7534883720930232
0 0.013501742160278746 0.8848837209302326 0.06576655052264808 0.8848837209302326 0.06576655052264808 0.7813953488372093 0.013501742160278746 0.7813953488372093 0.013501742160278746 0.8848837209302326
0 0.5344076655052264 0.4372093023255814 0.5753484320557491 0.4372093023255814 0.5753484320557491 0.3569767441860465 0.5344076655052264 0.3569767441860465 0.5344076655052264 0.4372093023255814
0 0.7587108013937283 0.5116279069767442 0.7996515679442509 0.5116279069767442 0.7996515679442509 0.4325581395348837 0.7587108013937283 0.4325581395348837 0.7587108013937283 0.5116279069767442
0 0.03440766550522648 0.5918604651162791 0.07273519163763066 0.5918604651162791 0.07273519163763066 0.5023255813953489 0.03440766550522648 0.5023255813953489 0.03440766550522648 0.5918604651162791
0 0.9529616724738676 0.4965116279069767 0.9973867595818815 0.4965116279069767 0.9973867595818815 0.4255813953488372 0.9529616724738676 0.4255813953488372 0.9529616724738676 0.4965116279069767
0 0.835801393728223 0.4552325581395349 0.8784843205574913 0.4552325581395349 0.8784843205574913 0.38313953488372093 0.835801393728223 0.38313953488372093 0.835801393728223 0.4552325581395349
0 0.05966898954703833 0.5296511627906977 0.10322299651567944 0.5296511627906977 0.10322299651567944 0.45406976744186045 0.05966898954703833 0.45406976744186045 0.05966898954703833 0.5296511627906977
0 0.09320557491289198 0.913953488372093 0.14198606271777003 0.913953488372093 0.14198606271777003 0.8034883720930233 0.09320557491289198 0.8034883720930233 0.09320557491289198 0.913953488372093
0 0.468205574912892 0.6813953488372093 0.5256968641114983 0.6813953488372093 0.5256968641114983 0.5813953488372093 0.468205574912892 0.5813953488372093 0.468205574912892 0.6813953488372093
0 0.5583623693379791 0.39825581395348836 0.5966898954703833 0.39825581395348836 0.5966898954703833 0.32732558139534884 0.5583623693379791 0.32732558139534884 0.5583623693379791 0.39825581395348836
0 0.5901567944250871 0.7023255813953488 0.644163763066202 0.7023255813953488 0.644163763066202 0.5965116279069768 0.5901567944250871 0.5965116279069768 0.5901567944250871 0.7023255813953488
0 0.9795296167247387 0.647093023255814 0.9995644599303136 0.647093023255814 0.9995644599303136 0.5622093023255814 0.9795296167247387 0.5622093023255814 0.9795296167247387 0.647093023255814
0 0.9394599303135889 0.5563953488372093 0.9873693379790941 0.5563953488372093 0.9873693379790941 0.475 0.9394599303135889 0.475 0.9394599303135889 0.5563953488372093
0 0.30052264808362367 0.4383720930232558 0.3353658536585366 0.4383720930232558 0.3353658536585366 0.37209302325581395 0.30052264808362367 0.37209302325581395 0.30052264808362367 0.4383720930232558
0 0.64198606271777 0.46511627906976744 0.686411149825784 0.46511627906976744 0.686411149825784 0.386046511627907 0.64198606271777 0.386046511627907 0.64198606271777 0.46511627906976744
0 0.9425087108013938 0.075 0.9764808362369338 0.075 0.9764808362369338 0.01686046511627907 0.9425087108013938 0.01686046511627907 0.9425087108013938 0.075
0 0.39372822299651566 0.6715116279069767 0.43989547038327526 0.6715116279069767 0.43989547038327526 0.5854651162790697 0.39372822299651566 0.5854651162790697 0.39372822299651566 0.6715116279069767
0 0.8436411149825784 0.38488372093023254 0.8819686411149826 0.38488372093023254 0.8819686411149826 0.3313953488372093 0.8436411149825784 0.3313953488372093 0.8436411149825784 0.38488372093023254
0 0.7164634146341463 0.39709302325581397 0.7617595818815331 0.39709302325581397 0.7617595818815331 0.3308139534883721 0.7164634146341463 0.3308139534883721 0.7164634146341463 0.39709302325581397
0 0.24695121951219512 0.7796511627906977 0.29834494773519166 0.7796511627906977 0.29834494773519166 0.6796511627906977 0.24695121951219512 0.6796511627906977 0.24695121951219512 0.7796511627906977
0 0.3118466898954704 0.5906976744186047 0.35452961672473865 0.5906976744186047 0.35452961672473865 0.4930232558139535 0.3118466898954704 0.4930232558139535 0.3118466898954704 0.5906976744186047
0 0.9760452961672473 0.3715116279069767 0.9995644599303136 0.3715116279069767 0.9995644599303136 0.2866279069767442 0.9760452961672473 0.2866279069767442 0.9760452961672473 0.3715116279069767
0 0.00043554006968641115 0.4790697674418605 0.010017421602787456 0.4790697674418605 0.010017421602787456 0.413953488372093 0.00043554006968641115 0.413953488372093 0.00043554006968641115 0.4790697674418605
0 0.8902439024390244 0.5790697674418605 0.9398954703832753 0.5790697674418605 0.9398954703832753 0.5162790697674419 0.8902439024390244 0.5162790697674419 0.8902439024390244 0.5790697674418605
0 0.7756968641114983 0.5796511627906977 0.8297038327526133 0.5796511627906977 0.8297038327526133 0.49127906976744184 0.7756968641114983 0.49127906976744184 0.7756968641114983 0.5796511627906977
0 0.30139372822299654 0.4982558139534884 0.3423344947735192 0.4982558139534884 0.3423344947735192 0.42965116279069765 0.30139372822299654 0.42965116279069765 0.30139372822299654 0.4982558139534884
0 0.9472996515679443 0.3075581395348837 0.9838850174216028 0.3075581395348837 0.9838850174216028 0.2563953488372093 0.9472996515679443 0.2563953488372093 0.9472996515679443 0.3075581395348837
0 0.8758710801393729 0.6505813953488372 0.9272648083623694 0.6505813953488372 0.9272648083623694 0.5633720930232559 0.8758710801393729 0.5633720930232559 0.8758710801393729 0.6505813953488372
0 0.801829268292683 0.5377906976744186 0.8462543554006968 0.5377906976744186 0.8462543554006968 0.4645348837209302 0.801829268292683 0.4645348837209302 0.801829268292683 0.5377906976744186
0 0.00043554006968641115 0.2436046511627907 0.03702090592334495 0.2436046511627907 0.03702090592334495 0.15406976744186046 0.00043554006968641115 0.15406976744186046 0.00043554006968641115 0.2436046511627907
0 0.7857142857142857 0.6965116279069767 0.818815331010453 0.6965116279069767 0.818815331010453 0.6476744186046511 0.7857142857142857 0.6476744186046511 0.7857142857142857 0.6965116279069767
0 0.8044425087108014 0.5372093023255814 0.8584494773519163 0.5372093023255814 0.8584494773519163 0.4604651162790698 0.8044425087108014 0.4604651162790698 0.8044425087108014 0.5372093023255814