0 0.7843023255813953 0.5636645962732919 0.8668604651162791 0.5636645962732919 0.8668604651162791 0.4673913043478261 0.7843023255813953 0.4673913043478261 0.7843023255813953 0.5636645962732919
0 0.9087209302325582 0.47127329192546585 0.975 0.47127329192546585 0.975 0.3687888198757764 0.9087209302325582 0.3687888198757764 0.9087209302325582 0.47127329192546585
0 0.48430232558139535 0.30357142857142855 0.5517441860465117 0.30357142857142855 0.5517441860465117 0.20885093167701863 0.48430232558139535 0.20885093167701863 0.48430232558139535 0.30357142857142855
0 0.5994186046511628 0.6420807453416149 0.6726744186046512 0.6420807453416149 0.6726744186046512 0.531832298136646 0.5994186046511628 0.531832298136646 0.5994186046511628 0.6420807453416149
0 0.4790697674418605 0.4945652173913043 0.5453488372093023 0.4945652173913043 0.5453488372093023 0.3951863354037267 0.4790697674418605 0.3951863354037267 0.4790697674418605 0.4945652173913043
0 0.36046511627906974 0.9611801242236024 0.44534883720930235 0.9611801242236024 0.44534883720930235 0.8416149068322981 0.36046511627906974 0.8416149068322981 0.36046511627906974 0.9611801242236024
0 0.6808139534883721 0.22826086956521738 0.7226744186046512 0.22826086956521738 0.7226744186046512 0.15372670807453417 0.6808139534883721 0.15372670807453417 0.6808139534883721 0.22826086956521738
0 0.7063953488372093 0.29037267080745344 0.7773255813953488 0.29037267080745344 0.7773255813953488 0.20186335403726707 0.7063953488372093 0.20186335403726707 0.7063953488372093 0.29037267080745344
0 0.5040697674418605 0.7996894409937888 0.5936046511627907 0.7996894409937888 0.5936046511627907 0.6909937888198758 0.5040697674418605 0.6909937888198758 0.5040697674418605 0.7996894409937888
0 0.6808139534883721 0.06444099378881987 0.7238372093023255 0.06444099378881987 0.7238372093023255 0.006987577639751553 0.6808139534883721 0.006987577639751553 0.6808139534883721 0.06444099378881987
0 0.6063953488372092 0.3555900621118012 0.6645348837209303 0.3555900621118012 0.6645348837209303 0.2779503105590062 0.6063953488372092 0.2779503105590062 0.6063953488372092 0.3555900621118012
0 0.6482558139534884 0.42701863354037267 0.7215116279069768 0.42701863354037267 0.7215116279069768 0.32608695652173914 0.6482558139534884 0.32608695652173914 0.6482558139534884 0.42701863354037267
0 0.7703488372093024 0.1172360248447205 0.8273255813953488 0.1172360248447205 0.8273255813953488 0.04114906832298137 0.7703488372093024 0.04114906832298137 0.7703488372093024 0.1172360248447205
0 0.6319767441860465 0.5341614906832298 0.7075581395348837 0.5341614906832298 0.7075581395348837 0.4440993788819876 0.6319767441860465 0.4440993788819876 0.6319767441860465 0.5341614906832298
0 0.42441860465116277 0.531832298136646 0.47790697674418603 0.531832298136646 0.47790697674418603 0.42624223602484473 0.42441860465116277 0.42624223602484473 0.42441860465116277 0.531832298136646
0 0.5465116279069767 0.29347826086956524 0.6011627906976744 0.29347826086956524 0.6011627906976744 0.23136645962732919 0.5465116279069767 0.23136645962732919 0.5465116279069767 0.29347826086956524
0 0.6337209302325582 0.9153726708074534 0.7232558139534884 0.9153726708074534 0.7232558139534884 0.8066770186335404 0.6337209302325582 0.8066770186335404 0.6337209302325582 0.9153726708074534
0 0.8831395348837209 0 0.8831395348837209 0.037267080745341616 0.9447674418604651 0.037267080745341616 0.9447674418604651 0 0.8831395348837209 0
0 0.8151162790697675 0.18245341614906832 0.8709302325581395 0.18245341614906832 0.8709302325581395 0.09704968944099379 0.8151162790697675 0.09704968944099379 0.8151162790697675 0.18245341614906832
0 0.43372093023255814 0.843167701863354 0.5081395348837209 0.843167701863354 0.5081395348837209 0.7298136645962733 0.43372093023255814 0.7298136645962733 0.43372093023255814 0.843167701863354
0 0.9482558139534883 0 0.9482558139534883 0.04192546583850932 0.9994186046511628 0.04192546583850932 0.9994186046511628 0 0.9482558139534883 0
0 0.5494186046511628 0.38975155279503104 0.5970930232558139 0.38975155279503104 0.5970930232558139 0.3198757763975155 0.5494186046511628 0.3198757763975155 0.5494186046511628 0.38975155279503104
0 0.622093023255814 0.04580745341614907 0.6697674418604651 0.04580745341614907 0.6697674418604651 0.0007763975155279503 0.622093023255814 0.0007763975155279503 0.622093023255814 0.04580745341614907
0 0.5151162790697674 0.6451863354037267 0.5813953488372093 0.6451863354037267 0.5813953488372093 0.5722049689440993 0.5151162790697674 0.5722049689440993 0.5151162790697674 0.6451863354037267
0 0.5691860465116279 0.19332298136645962 0.6215116279069768 0.19332298136645962 0.6215116279069768 0.1420807453416149 0.5691860465116279 0.1420807453416149 0.5691860465116279 0.19332298136645962
0 0.5697674418604651 1 0.5697674418604651 0.8788819875776398 0.4848837209302326 0.8788819875776398 0.4848837209302326 1 0.5697674418604651 1
0 0.6151162790697674 0.24456521739130435 0.6744186046511628 0.24456521739130435 0.6744186046511628 0.18090062111801242 0.6151162790697674 0.18090062111801242 0.6151162790697674 0.24456521739130435
0 0.6348837209302326 0.15993788819875776 0.6906976744186046 0.15993788819875776 0.6906976744186046 0.10093167701863354 0.6348837209302326 0.10093167701863354 0.6348837209302326 0.15993788819875776
0 0.8075581395348838 0 0.8075581395348838 0.055900621118012424 0.8656976744186047 0.055900621118012424 0.8656976744186047 0 0.8075581395348838 0
0 0.7796511627906977 0.26242236024844723 0.8436046511627907 0.26242236024844723 0.8436046511627907 0.15838509316770186 0.7796511627906977 0.15838509316770186 0.7796511627906977 0.26242236024844723
0 0.5947674418604652 0.03183229813664596 0.6284883720930232 0.03183229813664596 0.6284883720930232 0.0007763975155279503 0.5947674418604652 0.0007763975155279503 0.5947674418604652 0.03183229813664596
0 0.538953488372093 0.17080745341614906 0.588953488372093 0.17080745341614906 0.588953488372093 0.09316770186335403 0.538953488372093 0.09316770186335403 0.538953488372093 0.17080745341614906
0 0.6982558139534883 0.12422360248447205 0.7505813953488372 0.12422360248447205 0.7505813953488372 0.08385093167701864 0.6982558139534883 0.08385093167701864 0.6982558139534883 0.12422360248447205
0 0.5529069767441861 0.5038819875776398 0.6145348837209302 0.5038819875776398 0.6145348837209302 0.41847826086956524 0.5529069767441861 0.41847826086956524 0.5529069767441861 0.5038819875776398
0 0.513953488372093 0.12422360248447205 0.5686046511627907 0.12422360248447205 0.5686046511627907 0.043478260869565216 0.513953488372093 0.043478260869565216 0.513953488372093 0.12422360248447205
0 0.44011627906976747 0.6909937888198758 0.5017441860465116 0.6909937888198758 0.5017441860465116 0.6040372670807453 0.44011627906976747 0.6040372670807453 0.44011627906976747 0.6909937888198758
0 0.7389534883720931 0.07531055900621118 0.7854651162790698 0.07531055900621118 0.7854651162790698 0.0007763975155279503 0.7389534883720931 0.0007763975155279503 0.7389534883720931 0.07531055900621118
0 0.5575581395348838 0 0.5575581395348838 0.034161490683229816 0.5936046511627907 0.034161490683229816 0.5936046511627907 0 0.5575581395348838 0
0 0.6098837209302326 0.12267080745341614 0.6633720930232558 0.12267080745341614 0.6633720930232558 0.04503105590062112 0.6098837209302326 0.04503105590062112 0.6098837209302326 0.12267080745341614