0 0.40853658536585363 0.611046511627907 0.4564459930313589 0.611046511627907 0.4564459930313589 0.5156976744186047 0.40853658536585363 0.5156976744186047 0.40853658536585363 0.611046511627907
0 0.4011324041811847 0.8191860465116279 0.45426829268292684 0.8191860465116279 0.45426829268292684 0.7226744186046512 0.4011324041811847 0.7226744186046512 0.4011324041811847 0.8191860465116279
0 0.2613240418118467 0.5959302325581395 0.30139372822299654 0.5959302325581395 0.30139372822299654 0.5145348837209303 0.2613240418118467 0.5145348837209303 0.2613240418118467 0.5959302325581395
0 0.36585365853658536 0.5552325581395349 0.41114982578397213 0.5552325581395349 0.41114982578397213 0.46569767441860466 0.36585365853658536 0.46569767441860466 0.36585365853658536 0.5552325581395349
0 0.313588850174216 0.4308139534883721 0.35801393728222997 0.4308139534883721 0.35801393728222997 0.34825581395348837 0.313588850174216 0.34825581395348837 0.313588850174216 0.4308139534883721
0 0.8963414634146342 0.4866279069767442 0.945993031358885 0.4866279069767442 0.945993031358885 0.39127906976744187 0.8963414634146342 0.39127906976744187 0.8963414634146342 0.4866279069767442
0 0.39198606271777003 0.5081395348837209 0.43989547038327526 0.5081395348837209 0.43989547038327526 0.42441860465116277 0.39198606271777003 0.42441860465116277 0.39198606271777003 0.5081395348837209
0 0.5117595818815331 0.5558139534883721 0.556184668989547 0.5558139534883721 0.556184668989547 0.47093023255813954 0.5117595818815331 0.47093023255813954 0.5117595818815331 0.5558139534883721
0 0.5583623693379791 0.5953488372093023 0.6054006968641115 0.5953488372093023 0.6054006968641115 0.5046511627906977 0.5583623693379791 0.5046511627906977 0.5583623693379791 0.5953488372093023
0 0.11454703832752614 0.8313953488372093 0.17290940766550522 0.8313953488372093 0.17290940766550522 0.7162790697674418 0.11454703832752614 0.7162790697674418 0.11454703832752614 0.8313953488372093
0 0.4886759581881533 0.4366279069767442 0.5287456445993032 0.4366279069767442 0.5287456445993032 0.3656976744186046 0.4886759581881533 0.3656976744186046 0.4886759581881533 0.4366279069767442
0 0.6733449477351916 0.49593023255813956 0.7151567944250871 0.49593023255813956 0.7151567944250871 0.42151162790697677 0.6733449477351916 0.42151162790697677 0.6733449477351916 0.49593023255813956
0 0.7395470383275261 0.725 0.7952961672473867 0.725 0.7952961672473867 0.6261627906976744 0.7395470383275261 0.6261627906976744 0.7395470383275261 0.725
0 0.08057491289198607 0.7581395348837209 0.1328397212543554 0.7581395348837209 0.1328397212543554 0.6651162790697674 0.08057491289198607 0.6651162790697674 0.08057491289198607 0.7581395348837209
0 0.7848432055749129 0.09186046511627907 0.8170731707317073 0.09186046511627907 0.8170731707317073 0.029069767441860465 0.7848432055749129 0.029069767441860465 0.7848432055749129 0.09186046511627907
0 0.11803135888501742 0.7145348837209302 0.16158536585365854 0.7145348837209302 0.16158536585365854 0.6284883720930232 0.11803135888501742 0.6284883720930232 0.11803135888501742 0.7145348837209302
0 0.18771777003484322 0.5156976744186047 0.2304006968641115 0.5156976744186047 0.2304006968641115 0.4377906976744186 0.18771777003484322 0.4377906976744186 0.18771777003484322 0.5156976744186047
0 0.7900696864111498 0.7645348837209303 0.8545296167247387 0.7645348837209303 0.8545296167247387 0.6656976744186046 0.7900696864111498 0.6656976744186046 0.7900696864111498 0.7645348837209303
0 0.218205574912892 0.4720930232558139 0.2582752613240418 0.4720930232558139 0.2582752613240418 0.3930232558139535 0.218205574912892 0.3930232558139535 0.218205574912892 0.4720930232558139
0 0.7739547038327527 0.40988372093023256 0.8175087108013938 0.40988372093023256 0.8175087108013938 0.32848837209302323 0.7739547038327527 0.32848837209302323 0.7739547038327527 0.40988372093023256
0 0.31010452961672474 0.7488372093023256 0.3606271777003484 0.7488372093023256 0.3606271777003484 0.6441860465116279 0.31010452961672474 0.6441860465116279 0.31010452961672474 0.7488372093023256
0 0.7251742160278746 0.5598837209302325 0.7748257839721254 0.5598837209302325 0.7748257839721254 0.475 0.7251742160278746 0.475 0.7251742160278746 0.5598837209302325
0 0.6054006968641115 0.5011627906976744 0.6498257839721254 0.5011627906976744 0.6498257839721254 0.42093023255813955 0.6054006968641115 0.42093023255813955 0.6054006968641115 0.5011627906976744
0 0.28614982578397213 0.475 0.3279616724738676 0.475 0.3279616724738676 0.3936046511627907 0.28614982578397213 0.3936046511627907 0.28614982578397213 0.475
0 0.061411149825783974 0.4633720930232558 0.09102787456445993 0.4633720930232558 0.09102787456445993 0.4029069767441861 0.061411149825783974 0.4029069767441861 0.061411149825783974 0.4633720930232558
0 0.6202090592334495 0.7151162790697675 0.6750871080139372 0.7151162790697675 0.6750871080139372 0.6116279069767442 0.6202090592334495 0.6116279069767442 0.6202090592334495 0.7151162790697675
0 0.625 0.42790697674418604 0.6615853658536586 0.42790697674418604 0.6615853658536586 0.3674418604651163 0.625 0.3674418604651163 0.625 0.42790697674418604
0 0.1951219512195122 0.7261627906976744 0.24477351916376305 0.7261627906976744 0.24477351916376305 0.6273255813953489 0.1951219512195122 0.6273255813953489 0.1951219512195122 0.7261627906976744
0 0.6459059233449478 0.6447674418604651 0.6920731707317073 0.6447674418604651 0.6920731707317073 0.5656976744186046 0.6459059233449478 0.5656976744186046 0.6459059233449478 0.6447674418604651
0 0.20121951219512196 0.9093023255813953 0.25435540069686413 0.9093023255813953 0.25435540069686413 0.7941860465116279 0.20121951219512196 0.7941860465116279 0.20121951219512196 0.9093023255813953
0 0.8567073170731707 0.45930232558139533 0.9020034843205574 0.45930232558139533 0.9020034843205574 0.3825581395348837 0.8567073170731707 0.3825581395348837 0.8567073170731707 0.45930232558139533
0 0.5270034843205574 0.6482558139534884 0.5775261324041812 0.6482558139534884 0.5775261324041812 0.5424418604651163 0.5270034843205574 0.5424418604651163 0.5270034843205574 0.6482558139534884
0 0.8009581881533101 0.4813953488372093 0.8436411149825784 0.4813953488372093 0.8436411149825784 0.40813953488372096 0.8009581881533101 0.40813953488372096 0.8009581881533101 0.4813953488372093
0 0.4481707317073171 0.8668604651162791 0.5030487804878049 0.8668604651162791 0.5030487804878049 0.7575581395348837 0.4481707317073171 0.7575581395348837 0.4481707317073171 0.8668604651162791
0 0.8092334494773519 0.3436046511627907 0.8536585365853658 0.3436046511627907 0.8536585365853658 0.2761627906976744 0.8092334494773519 0.2761627906976744 0.8092334494773519 0.3436046511627907
0 0.9037456445993032 0.5767441860465117 0.9516550522648084 0.5767441860465117 0.9516550522648084 0.4930232558139535 0.9037456445993032 0.4930232558139535 0.9037456445993032 0.5767441860465117
0 0.9529616724738676 0.33313953488372094 0.9869337979094077 0.33313953488372094 0.9869337979094077 0.24011627906976743 0.9529616724738676 0.24011627906976743 0.9529616724738676 0.33313953488372094
0 0.04921602787456446 0.6273255813953489 0.0901567944250871 0.6273255813953489 0.0901567944250871 0.5447674418604651 0.04921602787456446 0.5447674418604651 0.04921602787456446 0.6273255813953489
0 0.710801393728223 0.622093023255814 0.7604529616724739 0.622093023255814 0.7604529616724739 0.5244186046511627 0.710801393728223 0.5244186046511627 0.710801393728223 0.622093023255814
0 0.04878048780487805 0.5459302325581395 0.09059233449477352 0.5459302325581395 0.09059233449477352 0.461046511627907 0.04878048780487805 0.461046511627907 0.04878048780487805 0.5459302325581395
0 0.7543554006968641 0.35290697674418603 0.8074912891986062 0.35290697674418603 0.8074912891986062 0.27151162790697675 0.7543554006968641 0.27151162790697675 0.7543554006968641 0.35290697674418603
0 0.00043554006968641115 0.8 0.01524390243902439 0.8 0.01524390243902439 0.7197674418604652 0.00043554006968641115 0.7197674418604652 0.00043554006968641115 0.8
0 0.9882404181184669 0.35755813953488375 0.9995644599303136 0.35755813953488375 0.9995644599303136 0.29593023255813955 0.9882404181184669 0.29593023255813955 0.9882404181184669 0.35755813953488375
0 0.9995644599303136 1 0.9995644599303136 0.9627906976744186 0.9795296167247387 0.9627906976744186 0.9795296167247387 1 0.9995644599303136 1