0 0.4253875968992248 0.6892764857881137 0.5474806201550387 0.6892764857881137 0.5474806201550387 0.5058139534883721 0.4253875968992248 0.5058139534883721 0.4253875968992248 0.6892764857881137
0 0.872577519379845 0.14147286821705427 0.9481589147286822 0.14147286821705427 0.9481589147286822 0.025193798449612403 0.872577519379845 0.025193798449612403 0.872577519379845 0.14147286821705427
0 0.749031007751938 0.32235142118863047 0.8284883720930233 0.32235142118863047 0.8284883720930233 0.18152454780361757 0.749031007751938 0.18152454780361757 0.749031007751938 0.32235142118863047
0 0.5358527131782945 0.5878552971576227 0.6521317829457365 0.5878552971576227 0.6521317829457365 0.39147286821705424 0.5358527131782945 0.39147286821705424 0.5358527131782945 0.5878552971576227
0 0.3076550387596899 0.7997416020671835 0.41908914728682173 0.7997416020671835 0.41908914728682173 0.5968992248062015 0.3076550387596899 0.5968992248062015 0.3076550387596899 0.7997416020671835
0 0.4437984496124031 0.3636950904392765 0.5213178294573644 0.3636950904392765 0.5213178294573644 0.24224806201550386 0.4437984496124031 0.24224806201550386 0.4437984496124031 0.3636950904392765
0 0.8013565891472868 0.13630490956072353 0.875968992248062 0.13630490956072353 0.875968992248062 0.020025839793281652 0.8013565891472868 0.020025839793281652 0.8013565891472868 0.13630490956072353
0 0.18943798449612403 0.9192506459948321 0.29505813953488375 0.9192506459948321 0.29505813953488375 0.7021963824289406 0.18943798449612403 0.7021963824289406 0.18943798449612403 0.9192506459948321
0 0.6797480620155039 0.35271317829457366 0.7543604651162791 0.35271317829457366 0.7543604651162791 0.21834625322997417 0.6797480620155039 0.21834625322997417 0.6797480620155039 0.35271317829457366
0 0.18846899224806202 1 0.18846899224806202 0.8449612403100775 0.07703488372093023 0.8449612403100775 0.07703488372093023 1 0.18846899224806202 1
0 0.6075581395348837 0.34108527131782945 0.689922480620155 0.34108527131782945 0.689922480620155 0.18992248062015504 0.6075581395348837 0.18992248062015504 0.6075581395348837 0.34108527131782945
0 0.33430232558139533 0.625968992248062 0.42151162790697677 0.625968992248062 0.42151162790697677 0.47351421188630494 0.33430232558139533 0.47351421188630494 0.33430232558139533 0.625968992248062
0 0.7301356589147286 0.15568475452196381 0.8037790697674418 0.15568475452196381 0.8037790697674418 0.03682170542635659 0.7301356589147286 0.03682170542635659 0.7301356589147286 0.15568475452196381
0 0.0436046511627907 0.8714470284237726 0.12403100775193798 0.8714470284237726 0.12403100775193798 0.6996124031007752 0.0436046511627907 0.6996124031007752 0.0436046511627907 0.8714470284237726
0 0.14534883720930233 0.7655038759689923 0.24127906976744187 0.7655038759689923 0.24127906976744187 0.6027131782945736 0.14534883720930233 0.6027131782945736 0.14534883720930233 0.7655038759689923
0 0.0562015503875969 1 0.0562015503875969 0.8423772609819121 0 0.8423772609819121 0 1 0.0562015503875969 1
0 0.5242248062015504 0.35400516795865633 0.6075581395348837 0.35400516795865633 0.6075581395348837 0.2144702842377261 0.5242248062015504 0.2144702842377261 0.5242248062015504 0.35400516795865633
0 0 0.8029715762273901 0.05717054263565891 0.8029715762273901 0.05717054263565891 0.6285529715762274 0 0.6285529715762274 0 0.8029715762273901
0 0.24273255813953487 0.7448320413436692 0.32994186046511625 0.7448320413436692 0.32994186046511625 0.5665374677002584 0.24273255813953487 0.5665374677002584 0.24273255813953487 0.7448320413436692
0 0.6807170542635659 0.22997416020671835 0.7572674418604651 0.22997416020671835 0.7572674418604651 0.14599483204134367 0.6807170542635659 0.14599483204134367 0.6807170542635659 0.22997416020671835
0 0.3318798449612403 0.4664082687338501 0.4161821705426357 0.4664082687338501 0.4161821705426357 0.3475452196382429 0.3318798449612403 0.3475452196382429 0.3318798449612403 0.4664082687338501
0 0.10125968992248062 0.9121447028423773 0.19428294573643412 0.9121447028423773 0.19428294573643412 0.7545219638242894 0.10125968992248062 0.7545219638242894 0.10125968992248062 0.9121447028423773
0 0.6051356589147286 0.1789405684754522 0.6710271317829457 0.1789405684754522 0.6710271317829457 0.09237726098191215 0.6051356589147286 0.09237726098191215 0.6051356589147286 0.1789405684754522
0 0.23982558139534885 0.601421188630491 0.33091085271317827 0.601421188630491 0.33091085271317827 0.4877260981912145 0.23982558139534885 0.4877260981912145 0.23982558139534885 0.601421188630491
0 0.9147286821705426 0 0.9147286821705426 0.04780361757105943 0.9912790697674418 0.04780361757105943 0.9912790697674418 0 0.9147286821705426 0
0 0.16085271317829458 0.6337209302325582 0.23934108527131784 0.6337209302325582 0.23934108527131784 0.5174418604651163 0.16085271317829458 0.5174418604651163 0.16085271317829458 0.6337209302325582
0 0.42441860465116277 0.5542635658914729 0.5406976744186046 0.5542635658914729 0.5406976744186046 0.4315245478036176 0.42441860465116277 0.4315245478036176 0.42441860465116277 0.5542635658914729
0 0.6046511627906976 0.2364341085271318 0.6802325581395349 0.2364341085271318 0.6802325581395349 0.1421188630490956 0.6046511627906976 0.1421188630490956 0.6046511627906976 0.2364341085271318
0 0.498546511627907 0.4108527131782946 0.5876937984496124 0.4108527131782946 0.5876937984496124 0.30361757105943155 0.498546511627907 0.30361757105943155 0.498546511627907 0.4108527131782946
0 0.3391472868217054 0.5 0.41957364341085274 0.5 0.41957364341085274 0.417312661498708 0.3391472868217054 0.417312661498708 0.3391472868217054 0.5
0 0.5174418604651163 0.4560723514211886 0.6065891472868217 0.4560723514211886 0.6065891472868217 0.35012919896640826 0.5174418604651163 0.35012919896640826 0.5174418604651163 0.4560723514211886
0 0.4186046511627907 0.43410852713178294 0.4941860465116279 0.43410852713178294 0.4941860465116279 0.3385012919896641 0.4186046511627907 0.3385012919896641 0.4186046511627907 0.43410852713178294
0 0.7083333333333334 0.12532299741602068 0.7771317829457365 0.12532299741602068 0.7771317829457365 0.006459948320413436 0.7083333333333334 0.006459948320413436 0.7083333333333334 0.12532299741602068
0 0.7800387596899225 0.06395348837209303 0.8420542635658915 0.06395348837209303 0.8420542635658915 0.0006459948320413437 0.7800387596899225 0.0006459948320413437 0.7800387596899225 0.06395348837209303
0 0.8352713178294574 0 0.8352713178294574 0.04392764857881137 0.9079457364341085 0.04392764857881137 0.9079457364341085 0 0.8352713178294574 0
0 0.42393410852713176 0.4657622739018088 0.5043604651162791 0.4657622739018088 0.5043604651162791 0.38824289405684753 0.42393410852713176 0.38824289405684753 0.42393410852713176 0.4657622739018088
0 0.9917635658914729 0 0.9917635658914729 0.03359173126614987 0.999515503875969 0.03359173126614987 0.999515503875969 0 0.9917635658914729 0
0 0.6739341085271318 0 0.6739341085271318 0.06718346253229975 0.7311046511627907 0.06718346253229975 0.7311046511627907 0 0.6739341085271318 0