0 0.27674418604651163 0.8486024844720497 0.34651162790697676 0.8486024844720497 0.34651162790697676 0.7274844720496895 0.27674418604651163 0.7274844720496895 0.27674418604651163 0.8486024844720497
0 0.5058139534883721 0.38975155279503104 0.5686046511627907 0.38975155279503104 0.5686046511627907 0.2857142857142857 0.5058139534883721 0.2857142857142857 0.5058139534883721 0.38975155279503104
0 0.8319767441860465 0.5139751552795031 0.9063953488372093 0.5139751552795031 0.9063953488372093 0.42857142857142855 0.8319767441860465 0.42857142857142855 0.8319767441860465 0.5139751552795031
0 0.3168604651162791 0.6024844720496895 0.38895348837209304 0.6024844720496895 0.38895348837209304 0.5046583850931677 0.3168604651162791 0.5046583850931677 0.3168604651162791 0.6024844720496895
0 0.6575581395348837 0.7119565217391305 0.733139534883721 0.7119565217391305 0.733139534883721 0.6110248447204969 0.6575581395348837 0.6110248447204969 0.6575581395348837 0.7119565217391305
0 0.8790697674418605 0.10403726708074534 0.9441860465116279 0.10403726708074534 0.9441860465116279 0.007763975155279503 0.8790697674418605 0.007763975155279503 0.8790697674418605 0.10403726708074534
0 0.5011627906976744 0.7849378881987578 0.55 0.7849378881987578 0.55 0.6855590062111802 0.5011627906976744 0.6855590062111802 0.5011627906976744 0.7849378881987578
0 0.6087209302325581 0.11413043478260869 0.6656976744186046 0.11413043478260869 0.6656976744186046 0.03493788819875776 0.6087209302325581 0.03493788819875776 0.6087209302325581 0.11413043478260869
0 0.6965116279069767 0.41847826086956524 0.7604651162790698 0.41847826086956524 0.7604651162790698 0.3361801242236025 0.6965116279069767 0.3361801242236025 0.6965116279069767 0.41847826086956524
0 0.7540697674418605 0.5015527950310559 0.8226744186046512 0.5015527950310559 0.8226744186046512 0.40062111801242234 0.7540697674418605 0.40062111801242234 0.7540697674418605 0.5015527950310559
0 0.6133720930232558 0.6281055900621118 0.6784883720930233 0.6281055900621118 0.6784883720930233 0.531832298136646 0.6133720930232558 0.531832298136646 0.6133720930232558 0.6281055900621118
0 0.41569767441860467 0.4658385093167702 0.475 0.4658385093167702 0.475 0.37577639751552794 0.41569767441860467 0.37577639751552794 0.41569767441860467 0.4658385093167702
0 0.5075581395348837 0.5364906832298136 0.5645348837209302 0.5364906832298136 0.5645348837209302 0.45108695652173914 0.5075581395348837 0.45108695652173914 0.5075581395348837 0.5364906832298136
0 0.40581395348837207 0.9619565217391305 0.47093023255813954 0.9619565217391305 0.47093023255813954 0.8641304347826086 0.40581395348837207 0.8641304347826086 0.40581395348837207 0.9619565217391305
0 0.6156976744186047 0.8354037267080745 0.6924418604651162 0.8354037267080745 0.6924418604651162 0.7251552795031055 0.6156976744186047 0.7251552795031055 0.6156976744186047 0.8354037267080745
0 0.3430232558139535 0.6677018633540373 0.40581395348837207 0.6677018633540373 0.40581395348837207 0.5760869565217391 0.3430232558139535 0.5760869565217391 0.3430232558139535 0.6677018633540373
0 0.34011627906976744 0.8532608695652174 0.4087209302325581 0.8532608695652174 0.4087209302325581 0.7756211180124224 0.34011627906976744 0.7756211180124224 0.34011627906976744 0.8532608695652174
0 0.766860465116279 0.08850931677018634 0.8145348837209302 0.08850931677018634 0.8145348837209302 0.003105590062111801 0.766860465116279 0.003105590062111801 0.766860465116279 0.08850931677018634
0 0.7296511627906976 0 0.7296511627906976 0.03571428571428571 0.766860465116279 0.03571428571428571 0.766860465116279 0 0.7296511627906976 0
0 0.3569767441860465 0.4549689440993789 0.4186046511627907 0.4549689440993789 0.4186046511627907 0.35714285714285715 0.3569767441860465 0.35714285714285715 0.3569767441860465 0.4549689440993789
0 0.5261627906976745 0.8773291925465838 0.611046511627907 0.8773291925465838 0.611046511627907 0.75 0.5261627906976745 0.75 0.5261627906976745 0.8773291925465838
0 0.661046511627907 0.5217391304347826 0.733139534883721 0.5217391304347826 0.733139534883721 0.43167701863354035 0.661046511627907 0.43167701863354035 0.661046511627907 0.5217391304347826
0 0.5843023255813954 0.5551242236024845 0.6319767441860465 0.5551242236024845 0.6319767441860465 0.47593167701863354 0.5843023255813954 0.47593167701863354 0.5843023255813954 0.5551242236024845
0 0.37209302325581395 0.718944099378882 0.436046511627907 0.718944099378882 0.436046511627907 0.6288819875776398 0.37209302325581395 0.6288819875776398 0.37209302325581395 0.718944099378882
0 0.5505813953488372 0.44254658385093165 0.611046511627907 0.44254658385093165 0.611046511627907 0.35714285714285715 0.5505813953488372 0.35714285714285715 0.5505813953488372 0.44254658385093165
0 0.44302325581395346 0.5069875776397516 0.5034883720930232 0.5069875776397516 0.5034883720930232 0.42934782608695654 0.44302325581395346 0.42934782608695654 0.44302325581395346 0.5069875776397516
0 0.44709302325581396 0.6777950310559007 0.5122093023255814 0.6777950310559007 0.5122093023255814 0.6125776397515528 0.44709302325581396 0.6125776397515528 0.44709302325581396 0.6777950310559007
0 0.8418604651162791 0 0.8418604651162791 0.04192546583850932 0.8813953488372093 0.04192546583850932 0.8813953488372093 0 0.8418604651162791 0
0 0.3988372093023256 1 0.3988372093023256 0.8866459627329193 0.33372093023255817 0.8866459627329193 0.33372093023255817 1 0.3988372093023256 1
0 0.6546511627906977 0.1972049689440994 0.7069767441860465 0.1972049689440994 0.7069767441860465 0.09782608695652174 0.6546511627906977 0.09782608695652174 0.6546511627906977 0.1972049689440994
0 0.5773255813953488 0.327639751552795 0.6343023255813953 0.327639751552795 0.6343023255813953 0.2686335403726708 0.5773255813953488 0.2686335403726708 0.5773255813953488 0.327639751552795
0 0.8029069767441861 0.140527950310559 0.8656976744186047 0.140527950310559 0.8656976744186047 0.056677018633540376 0.8029069767441861 0.056677018633540376 0.8029069767441861 0.140527950310559
0 0.6994186046511628 0.23369565217391305 0.7645348837209303 0.23369565217391305 0.7645348837209303 0.15605590062111802 0.6994186046511628 0.15605590062111802 0.6994186046511628 0.23369565217391305
0 0.41511627906976745 0.8245341614906833 0.4965116279069767 0.8245341614906833 0.4965116279069767 0.7220496894409938 0.41511627906976745 0.7220496894409938 0.41511627906976745 0.8245341614906833
0 0.6726744186046512 0 0.6726744186046512 0.06366459627329192 0.7238372093023255 0.06366459627329192 0.7238372093023255 0 0.6726744186046512 0
0 0.522093023255814 0.6754658385093167 0.5906976744186047 0.6754658385093167 0.5906976744186047 0.5667701863354038 0.522093023255814 0.5667701863354038 0.522093023255814 0.6754658385093167
0 0.5546511627906977 0.13509316770186336 0.6034883720930233 0.13509316770186336 0.6034883720930233 0.062111801242236024 0.5546511627906977 0.062111801242236024 0.5546511627906977 0.13509316770186336
0 0.5395348837209303 1 0.5395348837209303 0.953416149068323 0.45232558139534884 0.953416149068323 0.45232558139534884 1 0.5395348837209303 1
0 0.5930232558139535 0 0.5930232558139535 0.027950310559006212 0.6313953488372093 0.027950310559006212 0.6313953488372093 0 0.5930232558139535 0
0 0.413953488372093 0.609472049689441 0.4627906976744186 0.609472049689441 0.4627906976744186 0.5349378881987578 0.413953488372093 0.5349378881987578 0.413953488372093 0.609472049689441
0 0.6488372093023256 0.3408385093167702 0.7046511627906977 0.3408385093167702 0.7046511627906977 0.2833850931677019 0.6488372093023256 0.2833850931677019 0.6488372093023256 0.3408385093167702
0 0.7244186046511628 0.1622670807453416 0.7883720930232558 0.1622670807453416 0.7883720930232558 0.039596273291925464 0.7244186046511628 0.039596273291925464 0.7244186046511628 0.1622670807453416
0 0.625 0.44021739130434784 0.6773255813953488 0.44021739130434784 0.6773255813953488 0.3687888198757764 0.625 0.3687888198757764 0.625 0.44021739130434784
0 0.6063953488372092 0 0.6063953488372092 0.059006211180124224 0.6715116279069767 0.059006211180124224 0.6715116279069767 0 0.6063953488372092 0