0 0.5125968992248062 0.48578811369509045 0.6056201550387597 0.48578811369509045 0.6056201550387597 0.32945736434108525 0.5125968992248062 0.32945736434108525 0.5125968992248062 0.48578811369509045
0 0.42829457364341084 0.5064599483204134 0.5106589147286822 0.5064599483204134 0.5106589147286822 0.3397932816537468 0.42829457364341084 0.3397932816537468 0.42829457364341084 0.5064599483204134
0 0.21463178294573643 0.8785529715762274 0.3173449612403101 0.8785529715762274 0.3173449612403101 0.6834625322997416 0.21463178294573643 0.6834625322997416 0.21463178294573643 0.8785529715762274
0 0.623062015503876 0.3611111111111111 0.7083333333333334 0.3611111111111111 0.7083333333333334 0.2202842377260982 0.623062015503876 0.2202842377260982 0.623062015503876 0.3611111111111111
0 0.7340116279069767 0.26356589147286824 0.815406976744186 0.26356589147286824 0.815406976744186 0.13695090439276486 0.7340116279069767 0.13695090439276486 0.7340116279069767 0.26356589147286824
0 0.23352713178294573 0.4967700258397933 0.312015503875969 0.4967700258397933 0.312015503875969 0.3649870801033592 0.23352713178294573 0.3649870801033592 0.23352713178294573 0.4967700258397933
0 0.8546511627906976 0.12532299741602068 0.9331395348837209 0.12532299741602068 0.9331395348837209 0.012919896640826873 0.8546511627906976 0.012919896640826873 0.8546511627906976 0.12532299741602068
0 0.7766472868217055 0.14728682170542637 0.8512596899224806 0.14728682170542637 0.8512596899224806 0.03229974160206718 0.7766472868217055 0.03229974160206718 0.7766472868217055 0.14728682170542637
0 0.15164728682170542 0.563953488372093 0.22529069767441862 0.563953488372093 0.22529069767441862 0.4257105943152455 0.15164728682170542 0.4257105943152455 0.15164728682170542 0.563953488372093
0 0.3231589147286822 0.6789405684754521 0.42393410852713176 0.6789405684754521 0.42393410852713176 0.4967700258397933 0.3231589147286822 0.4967700258397933 0.3231589147286822 0.6789405684754521
0 0.47674418604651164 0.29651162790697677 0.5494186046511628 0.29651162790697677 0.5494186046511628 0.19315245478036175 0.47674418604651164 0.19315245478036175 0.47674418604651164 0.29651162790697677
0 0.12936046511627908 0.6531007751937985 0.20881782945736435 0.6531007751937985 0.20881782945736435 0.5445736434108527 0.12936046511627908 0.5445736434108527 0.12936046511627908 0.6531007751937985
0 0.4074612403100775 0.3462532299741602 0.48207364341085274 0.3462532299741602 0.48207364341085274 0.2648578811369509 0.4074612403100775 0.2648578811369509 0.4074612403100775 0.3462532299741602
0 0.5528100775193798 0.3456072351421189 0.623546511627907 0.3456072351421189 0.623546511627907 0.208656330749354 0.5528100775193798 0.208656330749354 0.5528100775193798 0.3456072351421189
0 0.940406976744186 0 0.940406976744186 0.040051679586563305 0.999515503875969 0.040051679586563305 0.999515503875969 0 0.940406976744186 0
0 0.1308139534883721 0.75 0.22674418604651161 0.75 0.22674418604651161 0.622093023255814 0.1308139534883721 0.622093023255814 0.1308139534883721 0.75
0 0.6448643410852714 0.15180878552971577 0.7039728682170543 0.15180878552971577 0.7039728682170543 0.0665374677002584 0.6448643410852714 0.0665374677002584 0.6448643410852714 0.15180878552971577
0 0.5062984496124031 0.1925064599483204 0.5683139534883721 0.1925064599483204 0.5683139534883721 0.08914728682170543 0.5062984496124031 0.08914728682170543 0.5062984496124031 0.1925064599483204
0 0.37112403100775193 0.48643410852713176 0.437015503875969 0.48643410852713176 0.437015503875969 0.32881136950904394 0.37112403100775193 0.32881136950904394 0.37112403100775193 0.48643410852713176
0 0.6012596899224806 0.23449612403100775 0.6613372093023255 0.23449612403100775 0.6613372093023255 0.13113695090439276 0.6012596899224806 0.13113695090439276 0.6012596899224806 0.23449612403100775
0 0.00048449612403100775 0.9618863049095607 0.09253875968992248 0.9618863049095607 0.09253875968992248 0.8016795865633075 0.00048449612403100775 0.8016795865633075 0.00048449612403100775 0.9618863049095607
0 0.11773255813953488 0.874031007751938 0.21656976744186046 0.874031007751938 0.21656976744186046 0.7164082687338501 0.11773255813953488 0.7164082687338501 0.11773255813953488 0.874031007751938
0 0.03682170542635659 0.7797157622739018 0.11046511627906977 0.7797157622739018 0.11046511627906977 0.646640826873385 0.03682170542635659 0.646640826873385 0.03682170542635659 0.7797157622739018
0 0.6477713178294574 0.2719638242894057 0.7320736434108527 0.2719638242894057 0.7320736434108527 0.14534883720930233 0.6477713178294574 0.14534883720930233 0.6477713178294574 0.2719638242894057
0 0.08042635658914729 0.9993540051679587 0.19864341085271317 0.9993540051679587 0.19864341085271317 0.9050387596899225 0.08042635658914729 0.9050387596899225 0.08042635658914729 0.9993540051679587
0 0.1002906976744186 0.9780361757105943 0.20494186046511628 0.9780361757105943 0.20494186046511628 0.7958656330749354 0.1002906976744186 0.7958656330749354 0.1002906976744186 0.9780361757105943
0 0.3076550387596899 0.5652454780361758 0.3958333333333333 0.5652454780361758 0.3958333333333333 0.4334625322997416 0.3076550387596899 0.4334625322997416 0.3076550387596899 0.5652454780361758
0 0.04844961240310078 0.6388888888888888 0.11724806201550388 0.6388888888888888 0.11724806201550388 0.49806201550387597 0.04844961240310078 0.49806201550387597 0.04844961240310078 0.6388888888888888
0 0.5406976744186046 0.23062015503875968 0.5978682170542635 0.23062015503875968 0.5978682170542635 0.1479328165374677 0.5406976744186046 0.1479328165374677 0.5406976744186046 0.23062015503875968
0 0.020833333333333332 0.8552971576227391 0.10513565891472869 0.8552971576227391 0.10513565891472869 0.7286821705426356 0.020833333333333332 0.7286821705426356 0.020833333333333332 0.8552971576227391
0 0.7054263565891473 0.11950904392764858 0.7771317829457365 0.11950904392764858 0.7771317829457365 0.047157622739018086 0.7054263565891473 0.047157622739018086 0.7054263565891473 0.11950904392764858
0 0.7059108527131783 0.17054263565891473 0.7776162790697675 0.17054263565891473 0.7776162790697675 0.09819121447028424 0.7059108527131783 0.09819121447028424 0.7059108527131783 0.17054263565891473
0 0.8929263565891473 0 0.8929263565891473 0.04780361757105943 0.940406976744186 0.04780361757105943 0.940406976744186 0 0.8929263565891473 0
0 0.48207364341085274 0.3785529715762274 0.5566860465116279 0.3785529715762274 0.5566860465116279 0.28165374677002586 0.48207364341085274 0.28165374677002586 0.48207364341085274 0.3785529715762274
0 0 0.725452196382429 0.029069767441860465 0.725452196382429 0.029069767441860465 0.5897932816537468 0 0.5897932816537468 0 0.725452196382429
0 0.8347868217054264 0 0.8347868217054264 0.07751937984496124 0.8929263565891473 0.07751937984496124 0.8929263565891473 0 0.8347868217054264 0
0 0 0.9993540051679587 0.07655038759689922 0.9993540051679587 0.07655038759689922 0.9218346253229974 0 0.9218346253229974 0 0.9993540051679587
0 0.7621124031007752 0.082687338501292 0.8318798449612403 0.082687338501292 0.8318798449612403 0.0103359173126615 0.7621124031007752 0.0103359173126615 0.7621124031007752 0.082687338501292
0 0.6623062015503876 0 0.6623062015503876 0.05813953488372093 0.7165697674418605 0.05813953488372093 0.7165697674418605 0 0.6623062015503876 0
0 0.812015503875969 0 0.812015503875969 0.028423772609819122 0.8401162790697675 0.028423772609819122 0.8401162790697675 0 0.812015503875969 0