0 0.3819686411149826 0.6290697674418605 0.42813588850174217 0.6290697674418605 0.42813588850174217 0.5348837209302325 0.3819686411149826 0.5348837209302325 0.3819686411149826 0.6290697674418605
0 0.5117595818815331 0.5267441860465116 0.551829268292683 0.5267441860465116 0.551829268292683 0.44302325581395346 0.5117595818815331 0.44302325581395346 0.5117595818815331 0.5267441860465116
0 0.43902439024390244 0.5296511627906977 0.48257839721254353 0.5296511627906977 0.48257839721254353 0.44709302325581396 0.43902439024390244 0.44709302325581396 0.43902439024390244 0.5296511627906977
0 0.2465156794425087 0.9040697674418605 0.29965156794425085 0.9040697674418605 0.29965156794425085 0.7947674418604651 0.2465156794425087 0.7947674418604651 0.2465156794425087 0.9040697674418605
0 0.2038327526132404 0.8558139534883721 0.2569686411149826 0.8558139534883721 0.2569686411149826 0.7569767441860465 0.2038327526132404 0.7569767441860465 0.2038327526132404 0.8558139534883721
0 0.34581881533101044 0.666860465116279 0.39634146341463417 0.666860465116279 0.39634146341463417 0.5738372093023256 0.34581881533101044 0.5738372093023256 0.34581881533101044 0.666860465116279
0 0.23301393728222997 0.6372093023255814 0.2730836236933798 0.6372093023255814 0.2730836236933798 0.5453488372093023 0.23301393728222997 0.5453488372093023 0.23301393728222997 0.6372093023255814
0 0.19381533101045295 0.5790697674418605 0.23911149825783973 0.5790697674418605 0.23911149825783973 0.4883720930232558 0.19381533101045295 0.4883720930232558 0.19381533101045295 0.5790697674418605
0 0.15810104529616725 0.45406976744186045 0.19817073170731708 0.45406976744186045 0.19817073170731708 0.36686046511627907 0.15810104529616725 0.36686046511627907 0.15810104529616725 0.45406976744186045
0 0.5605400696864111 0.7691860465116279 0.6189024390243902 0.7691860465116279 0.6189024390243902 0.6680232558139535 0.5605400696864111 0.6680232558139535 0.5605400696864111 0.7691860465116279
0 0.8641114982578397 0.3936046511627907 0.9050522648083623 0.3936046511627907 0.9050522648083623 0.325 0.8641114982578397 0.325 0.8641114982578397 0.3936046511627907
0 0.024825783972125436 0.5325581395348837 0.06489547038327526 0.5325581395348837 0.06489547038327526 0.4627906976744186 0.024825783972125436 0.4627906976744186 0.024825783972125436 0.5325581395348837
0 0.7539198606271778 0.5209302325581395 0.8027003484320557 0.5209302325581395 0.8027003484320557 0.4197674418604651 0.7539198606271778 0.4197674418604651 0.7539198606271778 0.5209302325581395
0 0.2273519163763066 0.5319767441860465 0.2682926829268293 0.5319767441860465 0.2682926829268293 0.44825581395348835 0.2273519163763066 0.44825581395348835 0.2273519163763066 0.5319767441860465
0 0.6502613240418118 0.5151162790697674 0.693815331010453 0.5151162790697674 0.693815331010453 0.4325581395348837 0.6502613240418118 0.4325581395348837 0.6502613240418118 0.5151162790697674
0 1 0.40406976744186046 0.9642857142857143 0.40406976744186046 0.9642857142857143 0.4796511627906977 1 0.4796511627906977 1 0.40406976744186046
0 0.7164634146341463 0.49011627906976746 0.7556620209059234 0.49011627906976746 0.7556620209059234 0.4063953488372093 0.7164634146341463 0.4063953488372093 0.7164634146341463 0.49011627906976746
0 0.6110627177700348 0.363953488372093 0.6476480836236934 0.363953488372093 0.6476480836236934 0.2930232558139535 0.6110627177700348 0.2930232558139535 0.6110627177700348 0.363953488372093
0 0.3405923344947735 0.5825581395348837 0.38414634146341464 0.5825581395348837 0.38414634146341464 0.49883720930232556 0.3405923344947735 0.49883720930232556 0.3405923344947735 0.5825581395348837
0 0.05574912891986063 0.49011627906976746 0.09843205574912892 0.49011627906976746 0.09843205574912892 0.40755813953488373 0.05574912891986063 0.40755813953488373 0.05574912891986063 0.49011627906976746
0 0.6750871080139372 0.3674418604651163 0.7151567944250871 0.3674418604651163 0.7151567944250871 0.30116279069767443 0.6750871080139372 0.30116279069767443 0.6750871080139372 0.3674418604651163
0 0.563588850174216 0.5965116279069768 0.6097560975609756 0.5965116279069768 0.6097560975609756 0.5162790697674419 0.563588850174216 0.5162790697674419 0.563588850174216 0.5965116279069768
0 0.8972125435540069 0.31976744186046513 0.9320557491289199 0.31976744186046513 0.9320557491289199 0.2593023255813954 0.8972125435540069 0.2593023255813954 0.8972125435540069 0.31976744186046513
0 0.6123693379790941 0.8180232558139535 0.6820557491289199 0.8180232558139535 0.6820557491289199 0.711046511627907 0.6123693379790941 0.711046511627907 0.6123693379790941 0.8180232558139535
0 0.32621951219512196 0.4622093023255814 0.3662891986062718 0.4622093023255814 0.3662891986062718 0.3843023255813954 0.32621951219512196 0.3843023255813954 0.32621951219512196 0.4622093023255814
0 0.4647212543554007 0.45290697674418606 0.5013066202090593 0.45290697674418606 0.5013066202090593 0.3808139534883721 0.4647212543554007 0.3808139534883721 0.4647212543554007 0.45290697674418606
0 0.09886759581881534 0.6180232558139535 0.13196864111498258 0.6180232558139535 0.13196864111498258 0.5343023255813953 0.09886759581881534 0.5343023255813953 0.09886759581881534 0.6180232558139535
0 0.884581881533101 0.49883720930232556 0.9377177700348432 0.49883720930232556 0.9377177700348432 0.3930232558139535 0.884581881533101 0.3930232558139535 0.884581881533101 0.49883720930232556
0 0.4372822299651568 0.7587209302325582 0.49564459930313587 0.7587209302325582 0.49564459930313587 0.6482558139534884 0.4372822299651568 0.6482558139534884 0.4372822299651568 0.7587209302325582
0 0.7534843205574913 0.6209302325581395 0.8031358885017421 0.6209302325581395 0.8031358885017421 0.5232558139534884 0.7534843205574913 0.5232558139534884 0.7534843205574913 0.6209302325581395
0 0.46646341463414637 0.6883720930232559 0.5204703832752613 0.6883720930232559 0.5204703832752613 0.5988372093023255 0.46646341463414637 0.5988372093023255 0.46646341463414637 0.6883720930232559
0 0.012195121951219513 0.7412790697674418 0.06184668989547038 0.7412790697674418 0.06184668989547038 0.647093023255814 0.012195121951219513 0.647093023255814 0.012195121951219513 0.7412790697674418
0 0.6280487804878049 0.4377906976744186 0.6733449477351916 0.4377906976744186 0.6733449477351916 0.35174418604651164 0.6280487804878049 0.35174418604651164 0.6280487804878049 0.4377906976744186
0 0.12151567944250871 0.7738372093023256 0.1798780487804878 0.7738372093023256 0.1798780487804878 0.6703488372093023 0.12151567944250871 0.6703488372093023 0.12151567944250871 0.7738372093023256
0 0.5348432055749129 0.6511627906976745 0.5914634146341463 0.6511627906976745 0.5914634146341463 0.563953488372093 0.5348432055749129 0.563953488372093 0.5348432055749129 0.6511627906976745
0 0.828397212543554 0.36104651162790696 0.8614982578397212 0.36104651162790696 0.8614982578397212 0.2738372093023256 0.828397212543554 0.2738372093023256 0.828397212543554 0.36104651162790696
0 0.9246515679442509 0.5302325581395348 0.9682055749128919 0.5302325581395348 0.9682055749128919 0.45813953488372094 0.9246515679442509 0.45813953488372094 0.9246515679442509 0.5302325581395348
0 0.12761324041811847 0.4965116279069767 0.16332752613240417 0.4965116279069767 0.16332752613240417 0.413953488372093 0.12761324041811847 0.413953488372093 0.12761324041811847 0.4965116279069767
0 0.8327526132404182 0.3058139534883721 0.8719512195121951 0.3058139534883721 0.8719512195121951 0.25232558139534883 0.8327526132404182 0.25232558139534883 0.8327526132404182 0.3058139534883721
0 0.7987804878048781 0.7430232558139535 0.828397212543554 0.7430232558139535 0.828397212543554 0.686046511627907 0.7987804878048781 0.686046511627907 0.7987804878048781 0.7430232558139535
0 0.9403310104529616 0.3040697674418605 0.9786585365853658 0.3040697674418605 0.9786585365853658 0.23895348837209301 0.9403310104529616 0.23895348837209301 0.9403310104529616 0.3040697674418605
0 0.007404181184668989 0.9284883720930233 0.05444250871080139 0.9284883720930233 0.05444250871080139 0.8156976744186046 0.007404181184668989 0.8156976744186046 0.007404181184668989 0.9284883720930233
0 0 0.9290697674418604 0.008710801393728223 0.9290697674418604 0.008710801393728223 0.8732558139534884 0 0.8732558139534884 0 0.9290697674418604
0 0.9882404181184669 0.29593023255813955 0.9995644599303136 0.29593023255813955 0.9995644599303136 0.23895348837209301 0.9882404181184669 0.23895348837209301 0.9882404181184669 0.29593023255813955
0 0.6650696864111498 0.10930232558139535 0.7025261324041812 0.10930232558139535 0.7025261324041812 0.037209302325581395 0.6650696864111498 0.037209302325581395 0.6650696864111498 0.10930232558139535
0 0.9991289198606271 1 0.9991289198606271 0.9767441860465116 0.9390243902439024 0.9767441860465116 0.9390243902439024 1 0.9991289198606271 1