0 0.675 0.2639751552795031 0.7377906976744186 0.2639751552795031 0.7377906976744186 0.18012422360248448 0.675 0.18012422360248448 0.675 0.2639751552795031
0 0.708139534883721 0.41304347826086957 0.7802325581395348 0.41304347826086957 0.7802325581395348 0.3167701863354037 0.708139534883721 0.3167701863354037 0.708139534883721 0.41304347826086957
0 0.7930232558139535 0.6444099378881988 0.8674418604651163 0.6444099378881988 0.8674418604651163 0.532608695652174 0.7930232558139535 0.532608695652174 0.7930232558139535 0.6444099378881988
0 0.6412790697674419 0.44642857142857145 0.7052325581395349 0.44642857142857145 0.7052325581395349 0.3610248447204969 0.6412790697674419 0.3610248447204969 0.6412790697674419 0.44642857142857145
0 0.5872093023255814 0.20885093167701863 0.641860465116279 0.20885093167701863 0.641860465116279 0.125 0.5872093023255814 0.125 0.5872093023255814 0.20885093167701863
0 0.7354651162790697 0.8268633540372671 0.8168604651162791 0.8268633540372671 0.8168604651162791 0.718167701863354 0.7354651162790697 0.718167701863354 0.7354651162790697 0.8268633540372671
0 0.811046511627907 0.12577639751552794 0.8738372093023256 0.12577639751552794 0.8738372093023256 0.04503105590062112 0.811046511627907 0.04503105590062112 0.811046511627907 0.12577639751552794
0 0.48023255813953486 0.8237577639751553 0.5488372093023256 0.8237577639751553 0.5488372093023256 0.7135093167701864 0.48023255813953486 0.7135093167701864 0.48023255813953486 0.8237577639751553
0 0.8232558139534883 0.8470496894409938 0.9046511627906977 0.8470496894409938 0.9046511627906977 0.735248447204969 0.8232558139534883 0.735248447204969 0.8232558139534883 0.8470496894409938
0 0.3430232558139535 0.7158385093167702 0.41511627906976745 0.7158385093167702 0.41511627906976745 0.6086956521739131 0.3430232558139535 0.6086956521739131 0.3430232558139535 0.7158385093167702
0 0.5773255813953488 0.7880434782608695 0.6598837209302325 0.7880434782608695 0.6598837209302325 0.6824534161490683 0.5773255813953488 0.6824534161490683 0.5773255813953488 0.7880434782608695
0 0.5674418604651162 0.47593167701863354 0.627906976744186 0.47593167701863354 0.627906976744186 0.38742236024844723 0.5674418604651162 0.38742236024844723 0.5674418604651162 0.47593167701863354
0 0.75 0.5566770186335404 0.8081395348837209 0.5566770186335404 0.8081395348837209 0.47748447204968947 0.75 0.47748447204968947 0.75 0.5566770186335404
0 0.40755813953488373 0.6669254658385093 0.47151162790697676 0.6669254658385093 0.47151162790697676 0.5690993788819876 0.40755813953488373 0.5690993788819876 0.40755813953488373 0.6669254658385093
0 0.7674418604651163 1 0.7674418604651163 0.9021739130434783 0.686046511627907 0.9021739130434783 0.686046511627907 1 0.7674418604651163 1
0 0.8488372093023255 0.6956521739130435 0.9255813953488372 0.6956521739130435 0.9255813953488372 0.6086956521739131 0.8488372093023255 0.6086956521739131 0.8488372093023255 0.6956521739130435
0 0.6877906976744186 0 0.6877906976744186 0.040372670807453416 0.7412790697674418 0.040372670807453416 0.7412790697674418 0 0.6877906976744186 0
0 0.5325581395348837 0.6824534161490683 0.5872093023255814 0.6824534161490683 0.5872093023255814 0.6032608695652174 0.5325581395348837 0.6032608695652174 0.5325581395348837 0.6824534161490683
0 0.4982558139534884 0.5124223602484472 0.5552325581395349 0.5124223602484472 0.5552325581395349 0.4254658385093168 0.4982558139534884 0.4254658385093168 0.4982558139534884 0.5124223602484472
0 0.5918604651162791 0.5791925465838509 0.6488372093023256 0.5791925465838509 0.6488372093023256 0.5046583850931677 0.5918604651162791 0.5046583850931677 0.5918604651162791 0.5791925465838509
0 0.2238372093023256 1 0.2238372093023256 0.9161490683229814 0.1563953488372093 0.9161490683229814 0.1563953488372093 1 0.2238372093023256 1
0 0.4965116279069767 0.609472049689441 0.5523255813953488 0.609472049689441 0.5523255813953488 0.5411490683229814 0.4965116279069767 0.5411490683229814 0.4965116279069767 0.609472049689441
0 0.7284883720930233 0.11180124223602485 0.7854651162790698 0.11180124223602485 0.7854651162790698 0.03881987577639751 0.7284883720930233 0.03881987577639751 0.7284883720930233 0.11180124223602485
0 0.7906976744186046 0 0.7906976744186046 0.052795031055900624 0.8302325581395349 0.052795031055900624 0.8302325581395349 0 0.7906976744186046 0
0 0.7063953488372093 0.6979813664596274 0.7877906976744186 0.6979813664596274 0.7877906976744186 0.5954968944099379 0.7063953488372093 0.5954968944099379 0.7063953488372093 0.6979813664596274
0 0.5575581395348838 1 0.5575581395348838 0.9347826086956522 0.4808139534883721 0.9347826086956522 0.4808139534883721 1 0.5575581395348838 1
0 0.5877906976744186 0.35248447204968947 0.6494186046511627 0.35248447204968947 0.6494186046511627 0.2919254658385093 0.5877906976744186 0.2919254658385093 0.5877906976744186 0.35248447204968947
0 0.44825581395348835 0.7422360248447205 0.49593023255813956 0.7422360248447205 0.49593023255813956 0.6521739130434783 0.44825581395348835 0.6521739130434783 0.44825581395348835 0.7422360248447205
0 0.536046511627907 0.9161490683229814 0.6186046511627907 0.9161490683229814 0.6186046511627907 0.8027950310559007 0.536046511627907 0.8027950310559007 0.536046511627907 0.9161490683229814
0 0.29534883720930233 1 0.29534883720930233 0.9472049689440993 0.2186046511627907 0.9472049689440993 0.2186046511627907 1 0.29534883720930233 1
0 0.5180232558139535 0.3967391304347826 0.5703488372093023 0.3967391304347826 0.5703488372093023 0.3268633540372671 0.5180232558139535 0.3268633540372671 0.5180232558139535 0.3967391304347826
0 0.5354651162790698 0.9153726708074534 0.6238372093023256 0.9153726708074534 0.6238372093023256 0.7430124223602484 0.5354651162790698 0.7430124223602484 0.5354651162790698 0.9153726708074534
0 0.5180232558139535 0.4440993788819876 0.575 0.4440993788819876 0.575 0.32608695652173914 0.5180232558139535 0.32608695652173914 0.5180232558139535 0.4440993788819876