0 0.4943379790940767 0.44302325581395346 0.5352787456445993 0.44302325581395346 0.5352787456445993 0.36511627906976746 0.4943379790940767 0.36511627906976746 0.4943379790940767 0.44302325581395346
0 0.36106271777003485 0.7947674418604651 0.4115853658536585 0.7947674418604651 0.4115853658536585 0.6947674418604651 0.36106271777003485 0.6947674418604651 0.36106271777003485 0.7947674418604651
0 0 0.5941860465116279 0.032229965156794424 0.5941860465116279 0.032229965156794424 0.5023255813953489 0 0.5023255813953489 0 0.5941860465116279
0 0.16071428571428573 0.5744186046511628 0.1999128919860627 0.5744186046511628 0.1999128919860627 0.4930232558139535 0.16071428571428573 0.4930232558139535 0.16071428571428573 0.5744186046511628
0 0.4834494773519164 0.5604651162790698 0.5235191637630662 0.5604651162790698 0.5235191637630662 0.48023255813953486 0.4834494773519164 0.48023255813953486 0.4834494773519164 0.5604651162790698
0 0.39677700348432055 0.48546511627906974 0.4420731707317073 0.48546511627906974 0.4420731707317073 0.4029069767441861 0.39677700348432055 0.4029069767441861 0.39677700348432055 0.48546511627906974
0 0.5209059233449478 0.40348837209302324 0.5618466898954704 0.40348837209302324 0.5618466898954704 0.3302325581395349 0.5209059233449478 0.3302325581395349 0.5209059233449478 0.40348837209302324
0 0.023954703832752614 0.5343023255813953 0.06315331010452961 0.5343023255813953 0.06315331010452961 0.45988372093023255 0.023954703832752614 0.45988372093023255 0.023954703832752614 0.5343023255813953
0 0.9420731707317073 0.3784883720930233 0.98301393728223 0.3784883720930233 0.98301393728223 0.3005813953488372 0.9420731707317073 0.3005813953488372 0.9420731707317073 0.3784883720930233
0 0.45252613240418116 0.8622093023255814 0.5213414634146342 0.8622093023255814 0.5213414634146342 0.7563953488372093 0.45252613240418116 0.7563953488372093 0.45252613240418116 0.8622093023255814
0 0.85801393728223 0.4563953488372093 0.8998257839721254 0.4563953488372093 0.8998257839721254 0.3843023255813954 0.85801393728223 0.3843023255813954 0.85801393728223 0.4563953488372093
0 0.041811846689895474 0.9186046511627907 0.09407665505226481 0.9186046511627907 0.09407665505226481 0.8104651162790698 0.041811846689895474 0.8104651162790698 0.041811846689895474 0.9186046511627907
0 0.3162020905923345 0.7296511627906976 0.36846689895470386 0.7296511627906976 0.36846689895470386 0.6308139534883721 0.3162020905923345 0.6308139534883721 0.3162020905923345 0.7296511627906976
0 0.6933797909407665 0.8063953488372093 0.7456445993031359 0.8063953488372093 0.7456445993031359 0.7017441860465117 0.6933797909407665 0.7017441860465117 0.6933797909407665 0.8063953488372093
0 0.4329268292682927 0.44069767441860463 0.46777003484320556 0.44069767441860463 0.46777003484320556 0.36511627906976746 0.4329268292682927 0.36511627906976746 0.4329268292682927 0.44069767441860463
0 0.6837979094076655 0.4052325581395349 0.7229965156794426 0.4052325581395349 0.7229965156794426 0.3308139534883721 0.6837979094076655 0.3308139534883721 0.6837979094076655 0.4052325581395349
0 0.9416376306620209 0.6651162790697674 0.9973867595818815 0.6651162790697674 0.9973867595818815 0.5709302325581396 0.9416376306620209 0.5709302325581396 0.9416376306620209 0.6651162790697674
0 0.6463414634146342 0.7610465116279069 0.6977351916376306 0.7610465116279069 0.6977351916376306 0.6796511627906977 0.6463414634146342 0.6796511627906977 0.6463414634146342 0.7610465116279069
0 0.9185540069686411 0.3122093023255814 0.9525261324041812 0.3122093023255814 0.9525261324041812 0.25290697674418605 0.9185540069686411 0.25290697674418605 0.9185540069686411 0.3122093023255814
0 0.004790940766550522 0.44825581395348835 0.04050522648083624 0.44825581395348835 0.04050522648083624 0.3784883720930233 0.004790940766550522 0.3784883720930233 0.004790940766550522 0.44825581395348835
0 0.429006968641115 0.6947674418604651 0.47865853658536583 0.6947674418604651 0.47865853658536583 0.588953488372093 0.429006968641115 0.588953488372093 0.429006968641115 0.6947674418604651
0 0.5492160278745645 0.7069767441860465 0.6040940766550522 0.7069767441860465 0.6040940766550522 0.6011627906976744 0.5492160278745645 0.6011627906976744 0.5492160278745645 0.7069767441860465
0 0.7186411149825784 0.5174418604651163 0.7656794425087108 0.5174418604651163 0.7656794425087108 0.43372093023255814 0.7186411149825784 0.43372093023255814 0.7186411149825784 0.5174418604651163
0 0.25653310104529614 0.4441860465116279 0.29660278745644597 0.4441860465116279 0.29660278745644597 0.3813953488372093 0.25653310104529614 0.3813953488372093 0.25653310104529614 0.4441860465116279
0 0.76698606271777 0.5488372093023256 0.811411149825784 0.5488372093023256 0.811411149825784 0.4627906976744186 0.76698606271777 0.4627906976744186 0.76698606271777 0.5488372093023256
0 0.8392857142857143 0.6517441860465116 0.8854529616724739 0.6517441860465116 0.8854529616724739 0.5668604651162791 0.8392857142857143 0.5668604651162791 0.8392857142857143 0.6517441860465116
0 0.8562717770034843 0.5912790697674418 0.9067944250871081 0.5912790697674418 0.9067944250871081 0.5203488372093024 0.8562717770034843 0.5203488372093024 0.8562717770034843 0.5912790697674418
0 0.2700348432055749 0.5965116279069768 0.3118466898954704 0.5965116279069768 0.3118466898954704 0.5011627906976744 0.2700348432055749 0.5011627906976744 0.2700348432055749 0.5965116279069768
0 0.6254355400696864 0.5691860465116279 0.6759581881533101 0.5691860465116279 0.6759581881533101 0.4738372093023256 0.6254355400696864 0.4738372093023256 0.6254355400696864 0.5691860465116279
0 0.9168118466898955 0.0941860465116279 0.953397212543554 0.0941860465116279 0.953397212543554 0.01744186046511628 0.9168118466898955 0.01744186046511628 0.9168118466898955 0.0941860465116279
0 0.5823170731707317 0.516860465116279 0.6258710801393729 0.516860465116279 0.6258710801393729 0.43197674418604654 0.5823170731707317 0.43197674418604654 0.5823170731707317 0.516860465116279
0 0.9804006968641115 0.44302325581395346 0.9995644599303136 0.44302325581395346 0.9995644599303136 0.3686046511627907 0.9804006968641115 0.3686046511627907 0.9804006968641115 0.44302325581395346
0 0.8140243902439024 0.3877906976744186 0.8514808362369338 0.3877906976744186 0.8514808362369338 0.3308139534883721 0.8140243902439024 0.3308139534883721 0.8140243902439024 0.3877906976744186
0 0.3479965156794425 0.6901162790697675 0.39764808362369336 0.6901162790697675 0.39764808362369336 0.5912790697674418 0.3479965156794425 0.5912790697674418 0.3479965156794425 0.6901162790697675
0 0.20209059233449478 0.7854651162790698 0.25174216027874563 0.7854651162790698 0.25174216027874563 0.6819767441860465 0.20209059233449478 0.6819767441860465 0.20209059233449478 0.7854651162790698
0 0.259581881533101 0.5081395348837209 0.30139372822299654 0.5081395348837209 0.30139372822299654 0.436046511627907 0.259581881533101 0.436046511627907 0.259581881533101 0.5081395348837209
0 0.6062717770034843 0.4720930232558139 0.6480836236933798 0.4720930232558139 0.6480836236933798 0.4046511627906977 0.6062717770034843 0.4046511627906977 0.6062717770034843 0.4720930232558139
0 0.9054878048780488 0.5691860465116279 0.953397212543554 0.5691860465116279 0.953397212543554 0.4761627906976744 0.9054878048780488 0.4761627906976744 0.9054878048780488 0.5691860465116279
0 0.801829268292683 0.46395348837209305 0.8462543554006968 0.46395348837209305 0.8462543554006968 0.3872093023255814 0.801829268292683 0.3872093023255814 0.801829268292683 0.46395348837209305
0 0.7399825783972126 0.5959302325581395 0.7896341463414634 0.5959302325581395 0.7896341463414634 0.502906976744186 0.7399825783972126 0.502906976744186 0.7399825783972126 0.5959302325581395
0 0 0.8813953488372093 0.020905923344947737 0.8813953488372093 0.020905923344947737 0.7872093023255814 0 0.7872093023255814 0 0.8813953488372093
0 0.919425087108014 0.502906976744186 0.962979094076655 0.502906976744186 0.962979094076655 0.44011627906976747 0.919425087108014 0.44011627906976747 0.919425087108014 0.502906976744186
0 0.962979094076655 0.31627906976744186 0.9995644599303136 0.31627906976744186 0.9995644599303136 0.27209302325581397 0.962979094076655 0.27209302325581397 0.962979094076655 0.31627906976744186