0 0.747093023255814 0.28552971576227393 0.8313953488372093 0.28552971576227393 0.8313953488372093 0.14987080103359174 0.747093023255814 0.14987080103359174 0.747093023255814 0.28552971576227393
0 0.2926356589147287 1 0.2926356589147287 0.8062015503875969 0.16666666666666666 0.8062015503875969 0.16666666666666666 1 0.2926356589147287 1
0 0.29554263565891475 0.8895348837209303 0.42054263565891475 0.8895348837209303 0.42054263565891475 0.6660206718346253 0.29554263565891475 0.6660206718346253 0.29554263565891475 0.8895348837209303
0 0.4946705426356589 0.5678294573643411 0.5780038759689923 0.5678294573643411 0.5780038759689923 0.4076227390180879 0.4946705426356589 0.4076227390180879 0.4946705426356589 0.5678294573643411
0 0.5736434108527132 0.5290697674418605 0.6647286821705426 0.5290697674418605 0.6647286821705426 0.3636950904392765 0.5736434108527132 0.3636950904392765 0.5736434108527132 0.5290697674418605
0 0.8846899224806202 0.14018087855297157 0.9534883720930233 0.14018087855297157 0.9534883720930233 0.02131782945736434 0.8846899224806202 0.02131782945736434 0.8846899224806202 0.14018087855297157
0 0.33091085271317827 0.5665374677002584 0.42005813953488375 0.5665374677002584 0.42005813953488375 0.39599483204134367 0.33091085271317827 0.39599483204134367 0.33091085271317827 0.5665374677002584
0 0.6681201550387597 0.27260981912144705 0.748546511627907 0.27260981912144705 0.748546511627907 0.13953488372093023 0.6681201550387597 0.13953488372093023 0.6681201550387597 0.27260981912144705
0 0.810562015503876 0.16149870801033592 0.8938953488372093 0.16149870801033592 0.8938953488372093 0.04263565891472868 0.810562015503876 0.04263565891472868 0.810562015503876 0.16149870801033592
0 0.08575581395348837 0.9270025839793282 0.17296511627906977 0.9270025839793282 0.17296511627906977 0.7409560723514211 0.08575581395348837 0.7409560723514211 0.08575581395348837 0.9270025839793282
0 0.9510658914728682 0.12015503875968993 0.999515503875969 0.12015503875968993 0.999515503875969 0.006459948320413436 0.9510658914728682 0.006459948320413436 0.9510658914728682 0.12015503875968993
0 0.5082364341085271 0.4257105943152455 0.5964147286821705 0.4257105943152455 0.5964147286821705 0.3055555555555556 0.5082364341085271 0.3055555555555556 0.5082364341085271 0.4257105943152455
0 0.5823643410852714 0.29780361757105944 0.6705426356589147 0.29780361757105944 0.6705426356589147 0.1582687338501292 0.5823643410852714 0.1582687338501292 0.5823643410852714 0.29780361757105944
0 0.24612403100775193 0.5781653746770026 0.3313953488372093 0.5781653746770026 0.3313953488372093 0.4257105943152455 0.24612403100775193 0.4257105943152455 0.24612403100775193 0.5781653746770026
0 0.4219961240310077 0.541343669250646 0.5101744186046512 0.541343669250646 0.5101744186046512 0.36563307493540054 0.4219961240310077 0.36563307493540054 0.4219961240310077 0.541343669250646
0 0.10804263565891473 0.6886304909560723 0.20203488372093023 0.6886304909560723 0.20203488372093023 0.5658914728682171 0.10804263565891473 0.5658914728682171 0.10804263565891473 0.6886304909560723
0 0.7218992248062015 0.15374677002583978 0.8023255813953488 0.15374677002583978 0.8023255813953488 0.037467700258397935 0.7218992248062015 0.037467700258397935 0.7218992248062015 0.15374677002583978
0 0.10804263565891473 0.7693798449612403 0.18653100775193798 0.7693798449612403 0.18653100775193798 0.6608527131782945 0.10804263565891473 0.6608527131782945 0.10804263565891473 0.7693798449612403
0 0.4186046511627907 0.35594315245478036 0.49127906976744184 0.35594315245478036 0.49127906976744184 0.23578811369509045 0.4186046511627907 0.23578811369509045 0.4186046511627907 0.35594315245478036
0 0.1749031007751938 0.8675710594315246 0.29796511627906974 0.8675710594315246 0.29796511627906974 0.6996124031007752 0.1749031007751938 0.6996124031007752 0.1749031007751938 0.8675710594315246
0 0 0.8953488372093024 0.0872093023255814 0.8953488372093024 0.0872093023255814 0.7493540051679587 0 0.7493540051679587 0 0.8953488372093024
0 0.03488372093023256 0.9993540051679587 0.14147286821705427 0.9993540051679587 0.14147286821705427 0.911498708010336 0.03488372093023256 0.911498708010336 0.03488372093023256 0.9993540051679587
0 0.4316860465116279 0.38695090439276486 0.5150193798449613 0.38695090439276486 0.5150193798449613 0.29651162790697677 0.4316860465116279 0.29651162790697677 0.4316860465116279 0.38695090439276486
0 0.8522286821705426 0 0.8522286821705426 0.05167958656330749 0.9181201550387597 0.05167958656330749 0.9181201550387597 0 0.8522286821705426 0
0 0.29021317829457366 0.7054263565891473 0.3938953488372093 0.7054263565891473 0.3938953488372093 0.58656330749354 0.29021317829457366 0.58656330749354 0.29021317829457366 0.7054263565891473
0 0.08236434108527131 1 0.08236434108527131 0.8527131782945736 0 0.8527131782945736 0 1 0.08236434108527131 1
0 0.20251937984496124 0.6589147286821705 0.2858527131782946 0.6589147286821705 0.2858527131782946 0.5555555555555556 0.20251937984496124 0.5555555555555556 0.20251937984496124 0.6589147286821705
0 0.2863372093023256 0.6285529715762274 0.38226744186046513 0.6285529715762274 0.38226744186046513 0.5135658914728682 0.2863372093023256 0.5135658914728682 0.2863372093023256 0.6285529715762274
0 0.5460271317829457 0.2157622739018088 0.6157945736434108 0.2157622739018088 0.6157945736434108 0.09689922480620156 0.5460271317829457 0.09689922480620156 0.5460271317829457 0.2157622739018088
0 0.19476744186046513 0.7351421188630491 0.2868217054263566 0.7351421188630491 0.2868217054263566 0.6291989664082688 0.19476744186046513 0.6291989664082688 0.19476744186046513 0.7351421188630491
0 0.7795542635658915 0 0.7795542635658915 0.07751937984496124 0.8483527131782945 0.07751937984496124 0.8483527131782945 0 0.7795542635658915 0
0 0.6526162790697675 0.19702842377260982 0.7262596899224806 0.19702842377260982 0.7262596899224806 0.10917312661498708 0.6526162790697675 0.10917312661498708 0.6526162790697675 0.19702842377260982
0 0.7693798449612403 0 0.7693798449612403 0.040051679586563305 0.8091085271317829 0.040051679586563305 0.8091085271317829 0 0.7693798449612403 0
0 0.7073643410852714 0.1227390180878553 0.7713178294573644 0.1227390180878553 0.7713178294573644 0.02454780361757106 0.7073643410852714 0.02454780361757106 0.7073643410852714 0.1227390180878553
0 0.5707364341085271 0.2454780361757106 0.6472868217054264 0.2454780361757106 0.6472868217054264 0.12015503875968993 0.5707364341085271 0.12015503875968993 0.5707364341085271 0.2454780361757106
0 0.9127906976744186 0 0.9127906976744186 0.04521963824289406 0.9563953488372093 0.04521963824289406 0.9563953488372093 0 0.9127906976744186 0
0 0.6690891472868217 0.047157622739018086 0.7185077519379846 0.047157622739018086 0.7185077519379846 0.0006459948320413437 0.6690891472868217 0.0006459948320413437 0.6690891472868217 0.047157622739018086
0 0.8023255813953488 0.10400516795865633 0.8808139534883721 0.10400516795865633 0.8808139534883721 0.018733850129198967 0.8023255813953488 0.018733850129198967 0.8023255813953488 0.10400516795865633
0 0.811046511627907 0.0710594315245478 0.8798449612403101 0.0710594315245478 0.8798449612403101 0.020671834625323 0.811046511627907 0.020671834625323 0.811046511627907 0.0710594315245478