0 0.544425087108014 0.8348837209302326 0.5940766550522648 0.8348837209302326 0.5940766550522648 0.7255813953488373 0.544425087108014 0.7255813953488373 0.544425087108014 0.8348837209302326
0 0.4499128919860627 0.5372093023255814 0.4943379790940767 0.5372093023255814 0.4943379790940767 0.45465116279069767 0.4499128919860627 0.45465116279069767 0.4499128919860627 0.5372093023255814
0 0.6546167247386759 0.4994186046511628 0.698170731707317 0.4994186046511628 0.698170731707317 0.41569767441860467 0.6546167247386759 0.41569767441860467 0.6546167247386759 0.4994186046511628
0 0.3806620209059233 0.5401162790697674 0.41986062717770034 0.5401162790697674 0.41986062717770034 0.4563953488372093 0.3806620209059233 0.4563953488372093 0.3806620209059233 0.5401162790697674
0 0.3162020905923345 0.6377906976744186 0.3614982578397213 0.6377906976744186 0.3614982578397213 0.5459302325581395 0.3162020905923345 0.5459302325581395 0.3162020905923345 0.6377906976744186
0 0.09625435540069686 0.46162790697674416 0.13893728222996515 0.46162790697674416 0.13893728222996515 0.3755813953488372 0.09625435540069686 0.3755813953488372 0.09625435540069686 0.46162790697674416
0 0.5 0.6098837209302326 0.5479094076655052 0.6098837209302326 0.5479094076655052 0.5203488372093024 0.5 0.5203488372093024 0.5 0.6098837209302326
0 0.5918989547038328 0.5238372093023256 0.634581881533101 0.5238372093023256 0.634581881533101 0.44476744186046513 0.5918989547038328 0.44476744186046513 0.5918989547038328 0.5238372093023256
0 0.13109756097560976 0.5872093023255814 0.17465156794425088 0.5872093023255814 0.17465156794425088 0.49767441860465117 0.13109756097560976 0.49767441860465117 0.13109756097560976 0.5872093023255814
0 0.6955574912891986 0.5354651162790698 0.7469512195121951 0.5354651162790698 0.7469512195121951 0.43197674418604654 0.6955574912891986 0.43197674418604654 0.6955574912891986 0.5354651162790698
0 0.551829268292683 0.37093023255813956 0.5927700348432056 0.37093023255813956 0.5927700348432056 0.29651162790697677 0.551829268292683 0.29651162790697677 0.551829268292683 0.37093023255813956
0 0.9124564459930313 0.48953488372093024 0.9525261324041812 0.48953488372093024 0.9525261324041812 0.4127906976744186 0.9124564459930313 0.4127906976744186 0.9124564459930313 0.48953488372093024
0 0.4011324041811847 0.4633720930232558 0.44294425087108014 0.4633720930232558 0.44294425087108014 0.38546511627906976 0.4011324041811847 0.38546511627906976 0.4011324041811847 0.4633720930232558
0 0.16637630662020905 0.6482558139534884 0.21080139372822299 0.6482558139534884 0.21080139372822299 0.5529069767441861 0.16637630662020905 0.5529069767441861 0.16637630662020905 0.6482558139534884
0 0.1332752613240418 0.8616279069767442 0.18554006968641115 0.8616279069767442 0.18554006968641115 0.7651162790697674 0.1332752613240418 0.7651162790697674 0.1332752613240418 0.8616279069767442
0 0.367595818815331 0.7645348837209303 0.42334494773519166 0.7645348837209303 0.42334494773519166 0.6633720930232558 0.367595818815331 0.6633720930232558 0.367595818815331 0.7645348837209303
0 0.0008710801393728223 0.4965116279069767 0.037456445993031356 0.4965116279069767 0.037456445993031356 0.41511627906976745 0.0008710801393728223 0.41511627906976745 0.0008710801393728223 0.4965116279069767
0 0.28310104529616725 0.6819767441860465 0.32926829268292684 0.6819767441860465 0.32926829268292684 0.5843023255813954 0.28310104529616725 0.5843023255813954 0.28310104529616725 0.6819767441860465
0 0.17334494773519163 0.9133720930232558 0.22996515679442509 0.9133720930232558 0.22996515679442509 0.8017441860465117 0.17334494773519163 0.8017441860465117 0.17334494773519163 0.9133720930232558
0 0.03092334494773519 0.6273255813953489 0.06925087108013937 0.6273255813953489 0.06925087108013937 0.5366279069767442 0.03092334494773519 0.5366279069767442 0.03092334494773519 0.6273255813953489
0 0.6197735191637631 0.37616279069767444 0.6615853658536586 0.37616279069767444 0.6615853658536586 0.30872093023255814 0.6197735191637631 0.30872093023255814 0.6197735191637631 0.37616279069767444
0 0.2665505226480836 0.4686046511627907 0.30226480836236935 0.4686046511627907 0.30226480836236935 0.3918604651162791 0.2665505226480836 0.3918604651162791 0.2665505226480836 0.4686046511627907
0 0.6206445993031359 0.1063953488372093 0.6563588850174216 0.1063953488372093 0.6563588850174216 0.038953488372093024 0.6206445993031359 0.038953488372093024 0.6206445993031359 0.1063953488372093
0 0.0627177700348432 0.502906976744186 0.10627177700348432 0.502906976744186 0.10627177700348432 0.4191860465116279 0.0627177700348432 0.4191860465116279 0.0627177700348432 0.502906976744186
0 0.4695121951219512 0.6680232558139535 0.5235191637630662 0.6680232558139535 0.5235191637630662 0.5715116279069767 0.4695121951219512 0.5715116279069767 0.4695121951219512 0.6680232558139535
0 0.16376306620209058 0.5406976744186046 0.2038327526132404 0.5406976744186046 0.2038327526132404 0.45348837209302323 0.16376306620209058 0.45348837209302323 0.16376306620209058 0.5406976744186046
0 0.2739547038327526 0.5866279069767442 0.3192508710801394 0.5866279069767442 0.3192508710801394 0.5063953488372093 0.2739547038327526 0.5063953488372093 0.2739547038327526 0.5866279069767442
0 0.8458188153310104 0.3308139534883721 0.8850174216027874 0.3308139534883721 0.8850174216027874 0.26453488372093026 0.8458188153310104 0.26453488372093026 0.8458188153310104 0.3308139534883721
0 0.4917247386759582 0.7947674418604651 0.546602787456446 0.7947674418604651 0.546602787456446 0.6808139534883721 0.4917247386759582 0.6808139534883721 0.4917247386759582 0.7947674418604651
0 0.05618466898954704 0.7802325581395348 0.10496515679442509 0.7802325581395348 0.10496515679442509 0.6755813953488372 0.05618466898954704 0.6755813953488372 0.05618466898954704 0.7802325581395348
0 0.570993031358885 0.4459302325581395 0.610191637630662 0.4459302325581395 0.610191637630662 0.36453488372093024 0.570993031358885 0.36453488372093024 0.570993031358885 0.4459302325581395
0 0.9455574912891986 0.3040697674418605 0.9804006968641115 0.3040697674418605 0.9804006968641115 0.24476744186046512 0.9455574912891986 0.24476744186046512 0.9455574912891986 0.3040697674418605
0 0.8166376306620209 0.40406976744186046 0.8540940766550522 0.40406976744186046 0.8540940766550522 0.3319767441860465 0.8166376306620209 0.3319767441860465 0.8166376306620209 0.40406976744186046
0 0.8745644599303136 0.538953488372093 0.9128919860627178 0.538953488372093 0.9128919860627178 0.4622093023255814 0.8745644599303136 0.4622093023255814 0.8745644599303136 0.538953488372093
0 0.6929442508710801 0.6284883720930232 0.7417247386759582 0.6284883720930232 0.7417247386759582 0.5377906976744186 0.6929442508710801 0.5377906976744186 0.6929442508710801 0.6284883720930232
0 0.40026132404181186 0.7069767441860465 0.45339721254355403 0.7069767441860465 0.45339721254355403 0.6139534883720931 0.40026132404181186 0.6139534883720931 0.40026132404181186 0.7069767441860465
0 0.7717770034843205 0.3686046511627907 0.8118466898954704 0.3686046511627907 0.8118466898954704 0.29534883720930233 0.7717770034843205 0.29534883720930233 0.7717770034843205 0.3686046511627907
0 0.828397212543554 0.5098837209302326 0.8745644599303136 0.5098837209302326 0.8745644599303136 0.438953488372093 0.828397212543554 0.438953488372093 0.828397212543554 0.5098837209302326
0 0.9677700348432056 0.40232558139534885 0.9991289198606271 0.40232558139534885 0.9991289198606271 0.3453488372093023 0.9677700348432056 0.3453488372093023 0.9677700348432056 0.40232558139534885
0 0.7857142857142857 0.31802325581395346 0.8222996515679443 0.31802325581395346 0.8222996515679443 0.2517441860465116 0.7857142857142857 0.2517441860465116 0.7857142857142857 0.31802325581395346
0 0.8980836236933798 0.3122093023255814 0.9303135888501742 0.3122093023255814 0.9303135888501742 0.25290697674418605 0.8980836236933798 0.25290697674418605 0.8980836236933798 0.3122093023255814
0 0.9847560975609756 0.45 0.9995644599303136 0.45 0.9995644599303136 0.3825581395348837 0.9847560975609756 0.3825581395348837 0.9847560975609756 0.45
0 0 0.5284883720930232 0.008710801393728223 0.5284883720930232 0.008710801393728223 0.47151162790697676 0 0.47151162790697676 0 0.5284883720930232
0 0.8436411149825784 0.4633720930232558 0.8854529616724739 0.4633720930232558 0.8854529616724739 0.40174418604651163 0.8436411149825784 0.40174418604651163 0.8436411149825784 0.4633720930232558
0 0.9821428571428571 0.32034883720930235 0.9995644599303136 0.32034883720930235 0.9995644599303136 0.275 0.9821428571428571 0.275 0.9821428571428571 0.32034883720930235
0 0.9098432055749129 0.27267441860465114 0.9446864111498258 0.27267441860465114 0.9446864111498258 0.22151162790697673 0.9098432055749129 0.22151162790697673 0.9098432055749129 0.27267441860465114
0 0.9812717770034843 0.35290697674418603 0.9995644599303136 0.35290697674418603 0.9995644599303136 0.30523255813953487 0.9812717770034843 0.30523255813953487 0.9812717770034843 0.35290697674418603
0 0.28310104529616725 0.8424418604651163 0.30313588850174217 0.8424418604651163 0.30313588850174217 0.7877906976744186 0.28310104529616725 0.7877906976744186 0.28310104529616725 0.8424418604651163