0 0.4917247386759582 0.7848837209302325 0.5474738675958188 0.7848837209302325 0.5474738675958188 0.6813953488372093 0.4917247386759582 0.6813953488372093 0.4917247386759582 0.7848837209302325
0 0.4499128919860627 0.5372093023255814 0.4943379790940767 0.5372093023255814 0.4943379790940767 0.45465116279069767 0.4499128919860627 0.45465116279069767 0.4499128919860627 0.5372093023255814
0 0.3806620209059233 0.5401162790697674 0.41986062717770034 0.5401162790697674 0.41986062717770034 0.4563953488372093 0.3806620209059233 0.4563953488372093 0.3806620209059233 0.5401162790697674
0 0.6546167247386759 0.4994186046511628 0.698170731707317 0.4994186046511628 0.698170731707317 0.41569767441860467 0.6546167247386759 0.41569767441860467 0.6546167247386759 0.4994186046511628
0 0.3162020905923345 0.6372093023255814 0.3614982578397213 0.6372093023255814 0.3614982578397213 0.5465116279069767 0.3162020905923345 0.5465116279069767 0.3162020905923345 0.6372093023255814
0 0.09625435540069686 0.4622093023255814 0.13893728222996515 0.4622093023255814 0.13893728222996515 0.375 0.09625435540069686 0.375 0.09625435540069686 0.4622093023255814
0 0.5918989547038328 0.5238372093023256 0.634581881533101 0.5238372093023256 0.634581881533101 0.44476744186046513 0.5918989547038328 0.44476744186046513 0.5918989547038328 0.5238372093023256
0 0.13109756097560976 0.5872093023255814 0.17465156794425088 0.5872093023255814 0.17465156794425088 0.49767441860465117 0.13109756097560976 0.49767441860465117 0.13109756097560976 0.5872093023255814
0 0.5 0.6098837209302326 0.5479094076655052 0.6098837209302326 0.5479094076655052 0.5203488372093024 0.5 0.5203488372093024 0.5 0.6098837209302326
0 0.551829268292683 0.37093023255813956 0.5927700348432056 0.37093023255813956 0.5927700348432056 0.29651162790697677 0.551829268292683 0.29651162790697677 0.551829268292683 0.37093023255813956
0 0.5439895470383276 0.8354651162790697 0.5979965156794426 0.8354651162790697 0.5979965156794426 0.7261627906976744 0.5439895470383276 0.7261627906976744 0.5439895470383276 0.8354651162790697
0 0.6955574912891986 0.5354651162790698 0.7469512195121951 0.5354651162790698 0.7469512195121951 0.43197674418604654 0.6955574912891986 0.43197674418604654 0.6955574912891986 0.5354651162790698
0 0.9124564459930313 0.49011627906976746 0.9525261324041812 0.49011627906976746 0.9525261324041812 0.41337209302325584 0.9124564459930313 0.41337209302325584 0.9124564459930313 0.49011627906976746
0 0.13371080139372823 0.8622093023255814 0.18510452961672474 0.8622093023255814 0.18510452961672474 0.7645348837209303 0.13371080139372823 0.7645348837209303 0.13371080139372823 0.8622093023255814
0 0.40069686411149824 0.4633720930232558 0.44337979094076657 0.4633720930232558 0.44337979094076657 0.38546511627906976 0.40069686411149824 0.38546511627906976 0.40069686411149824 0.4633720930232558
0 0.16637630662020905 0.6482558139534884 0.21080139372822299 0.6482558139534884 0.21080139372822299 0.5529069767441861 0.16637630662020905 0.5529069767441861 0.16637630662020905 0.6482558139534884
0 0.00043554006968641115 0.4965116279069767 0.03702090592334495 0.4965116279069767 0.03702090592334495 0.41511627906976745 0.00043554006968641115 0.41511627906976745 0.00043554006968641115 0.4965116279069767
0 0.17378048780487804 0.9133720930232558 0.22778745644599302 0.9133720930232558 0.22778745644599302 0.8017441860465117 0.17378048780487804 0.8017441860465117 0.17378048780487804 0.9133720930232558
0 0.3680313588850174 0.7686046511627908 0.42378048780487804 0.7686046511627908 0.42378048780487804 0.663953488372093 0.3680313588850174 0.663953488372093 0.3680313588850174 0.7686046511627908
0 0.6193379790940766 0.37616279069767444 0.6611498257839721 0.37616279069767444 0.6611498257839721 0.30872093023255814 0.6193379790940766 0.30872093023255814 0.6193379790940766 0.37616279069767444
0 0.03092334494773519 0.6273255813953489 0.06925087108013937 0.6273255813953489 0.06925087108013937 0.5366279069767442 0.03092334494773519 0.5366279069767442 0.03092334494773519 0.6273255813953489
0 0.6202090592334495 0.1063953488372093 0.6559233449477352 0.1063953488372093 0.6559233449477352 0.038953488372093024 0.6202090592334495 0.038953488372093024 0.6202090592334495 0.1063953488372093
0 0.2665505226480836 0.4697674418604651 0.30226480836236935 0.4697674418604651 0.30226480836236935 0.3918604651162791 0.2665505226480836 0.3918604651162791 0.2665505226480836 0.4697674418604651
0 0.06315331010452961 0.502906976744186 0.10583623693379791 0.502906976744186 0.10583623693379791 0.4191860465116279 0.06315331010452961 0.4191860465116279 0.06315331010452961 0.502906976744186
0 0.16376306620209058 0.5401162790697674 0.2038327526132404 0.5401162790697674 0.2038327526132404 0.45406976744186045 0.16376306620209058 0.45406976744186045 0.16376306620209058 0.5401162790697674
0 0.4695121951219512 0.6686046511627907 0.5235191637630662 0.6686046511627907 0.5235191637630662 0.5720930232558139 0.4695121951219512 0.5720930232558139 0.4695121951219512 0.6686046511627907
0 0.2739547038327526 0.5872093023255814 0.3192508710801394 0.5872093023255814 0.3192508710801394 0.5069767441860465 0.2739547038327526 0.5069767441860465 0.2739547038327526 0.5872093023255814
0 0.28310104529616725 0.6802325581395349 0.32926829268292684 0.6802325581395349 0.32926829268292684 0.5848837209302326 0.28310104529616725 0.5848837209302326 0.28310104529616725 0.6802325581395349
0 0.8458188153310104 0.3308139534883721 0.8850174216027874 0.3308139534883721 0.8850174216027874 0.26453488372093026 0.8458188153310104 0.26453488372093026 0.8458188153310104 0.3308139534883721
0 0.5714285714285714 0.44651162790697674 0.6106271777003485 0.44651162790697674 0.6106271777003485 0.363953488372093 0.5714285714285714 0.363953488372093 0.5714285714285714 0.44651162790697674
0 0.05618466898954704 0.7837209302325582 0.10496515679442509 0.7837209302325582 0.10496515679442509 0.6755813953488372 0.05618466898954704 0.6755813953488372 0.05618466898954704 0.7837209302325582
0 0.6929442508710801 0.6290697674418605 0.742595818815331 0.6290697674418605 0.742595818815331 0.5372093023255814 0.6929442508710801 0.5372093023255814 0.6929442508710801 0.6290697674418605
0 0.945993031358885 0.3040697674418605 0.980836236933798 0.3040697674418605 0.980836236933798 0.24476744186046512 0.945993031358885 0.24476744186046512 0.945993031358885 0.3040697674418605
0 0.8745644599303136 0.538953488372093 0.9128919860627178 0.538953488372093 0.9128919860627178 0.4622093023255814 0.8745644599303136 0.4622093023255814 0.8745644599303136 0.538953488372093
0 0.8170731707317073 0.40406976744186046 0.8536585365853658 0.40406976744186046 0.8536585365853658 0.3319767441860465 0.8170731707317073 0.3319767441860465 0.8170731707317073 0.40406976744186046
0 0.40069686411149824 0.7069767441860465 0.4529616724738676 0.7069767441860465 0.4529616724738676 0.6139534883720931 0.40069686411149824 0.6139534883720931 0.40069686411149824 0.7069767441860465
0 0.7717770034843205 0.3691860465116279 0.8118466898954704 0.3691860465116279 0.8118466898954704 0.29593023255813955 0.7717770034843205 0.29593023255813955 0.7717770034843205 0.3691860465116279
0 0.828397212543554 0.5098837209302326 0.8745644599303136 0.5098837209302326 0.8745644599303136 0.438953488372093 0.828397212543554 0.438953488372093 0.828397212543554 0.5098837209302326
0 0.9677700348432056 0.40232558139534885 0.9991289198606271 0.40232558139534885 0.9991289198606271 0.3453488372093023 0.9677700348432056 0.3453488372093023 0.9677700348432056 0.40232558139534885
0 0.7857142857142857 0.3186046511627907 0.8222996515679443 0.3186046511627907 0.8222996515679443 0.25232558139534883 0.7857142857142857 0.25232558139534883 0.7857142857142857 0.3186046511627907
0 0.8976480836236934 0.3116279069767442 0.9298780487804879 0.3116279069767442 0.9298780487804879 0.2534883720930233 0.8976480836236934 0.2534883720930233 0.8976480836236934 0.3116279069767442
0 0.9847560975609756 0.45 0.9995644599303136 0.45 0.9995644599303136 0.3825581395348837 0.9847560975609756 0.3825581395348837 0.9847560975609756 0.45
0 0 0.5290697674418605 0.008710801393728223 0.5290697674418605 0.008710801393728223 0.47093023255813954 0 0.47093023255813954 0 0.5290697674418605
0 0.8436411149825784 0.4633720930232558 0.8854529616724739 0.4633720930232558 0.8854529616724739 0.40174418604651163 0.8436411149825784 0.40174418604651163 0.8436411149825784 0.4633720930232558
0 0.9821428571428571 0.31976744186046513 0.9995644599303136 0.31976744186046513 0.9995644599303136 0.2755813953488372 0.9821428571428571 0.2755813953488372 0.9821428571428571 0.31976744186046513
0 1 0.30523255813953487 0.9817073170731707 0.30523255813953487 0.9817073170731707 0.35290697674418603 1 0.35290697674418603 1 0.30523255813953487
0 0.9098432055749129 0.27209302325581397 0.9446864111498258 0.27209302325581397 0.9446864111498258 0.22209302325581395 0.9098432055749129 0.22209302325581395 0.9098432055749129 0.27209302325581397
0 0.4229094076655052 0.8127906976744186 0.4490418118466899 0.8127906976744186 0.4490418118466899 0.7581395348837209 0.4229094076655052 0.7581395348837209 0.4229094076655052 0.8127906976744186