0 0.47093023255813954 0.45348837209302323 0.560077519379845 0.45348837209302323 0.560077519379845 0.3062015503875969 0.47093023255813954 0.3062015503875969 0.47093023255813954 0.45348837209302323
0 0.42344961240310075 0.3430232558139535 0.4951550387596899 0.3430232558139535 0.4951550387596899 0.2099483204134367 0.42344961240310075 0.2099483204134367 0.42344961240310075 0.3430232558139535
0 0.15988372093023256 0.9186046511627907 0.26744186046511625 0.9186046511627907 0.26744186046511625 0.6795865633074936 0.15988372093023256 0.6795865633074936 0.15988372093023256 0.9186046511627907
0 0.6686046511627907 0.35400516795865633 0.7567829457364341 0.35400516795865633 0.7567829457364341 0.2054263565891473 0.6686046511627907 0.2054263565891473 0.6686046511627907 0.35400516795865633
0 0.8905038759689923 0.17183462532299743 0.9728682170542635 0.17183462532299743 0.9728682170542635 0.03875968992248062 0.8905038759689923 0.03875968992248062 0.8905038759689923 0.17183462532299743
0 0.2969961240310077 0.8036175710594315 0.4113372093023256 0.8036175710594315 0.4113372093023256 0.5956072351421189 0.2969961240310077 0.5956072351421189 0.2969961240310077 0.8036175710594315
0 0.5935077519379846 0.43410852713178294 0.6942829457364341 0.43410852713178294 0.6942829457364341 0.28294573643410853 0.5935077519379846 0.28294573643410853 0.5935077519379846 0.43410852713178294
0 0.8207364341085271 0.22545219638242894 0.9108527131782945 0.22545219638242894 0.9108527131782945 0.09754521963824289 0.8207364341085271 0.09754521963824289 0.8207364341085271 0.22545219638242894
0 0.06492248062015504 0.915374677002584 0.1618217054263566 0.915374677002584 0.1618217054263566 0.712532299741602 0.06492248062015504 0.712532299741602 0.06492248062015504 0.915374677002584
0 0.7446705426356589 0.28552971576227393 0.8318798449612403 0.28552971576227393 0.8318798449612403 0.14470284237726097 0.7446705426356589 0.14470284237726097 0.7446705426356589 0.28552971576227393
0 0.5116279069767442 0.3643410852713178 0.5939922480620154 0.3643410852713178 0.5939922480620154 0.22997416020671835 0.5116279069767442 0.22997416020671835 0.5116279069767442 0.3643410852713178
0 0.38420542635658916 0.5355297157622739 0.48304263565891475 0.5355297157622739 0.48304263565891475 0.3714470284237726 0.38420542635658916 0.3714470284237726 0.38420542635658916 0.5355297157622739
0 0.9505813953488372 0 0.9505813953488372 0.05297157622739018 1 0.05297157622739018 1 0 0.9505813953488372 0
0 0.14728682170542637 0.5910852713178295 0.22868217054263565 0.5910852713178295 0.22868217054263565 0.45930232558139533 0.14728682170542637 0.45930232558139533 0.14728682170542637 0.5910852713178295
0 0.29748062015503873 0.6330749354005168 0.40310077519379844 0.6330749354005168 0.40310077519379844 0.4806201550387597 0.29748062015503873 0.4806201550387597 0.29748062015503873 0.6330749354005168
0 0 0.8772609819121447 0.045542635658914726 0.8772609819121447 0.045542635658914726 0.7312661498708011 0 0.7312661498708011 0 0.8772609819121447
0 0.6501937984496124 0.19573643410852712 0.7209302325581395 0.19573643410852712 0.7209302325581395 0.10529715762273902 0.6501937984496124 0.10529715762273902 0.6501937984496124 0.19573643410852712
0 0.16375968992248063 0.6815245478036176 0.25 0.6815245478036176 0.25 0.5368217054263565 0.16375968992248063 0.5368217054263565 0.16375968992248063 0.6815245478036176
0 0.3653100775193798 0.45219638242894056 0.438953488372093 0.45219638242894056 0.438953488372093 0.3165374677002584 0.3653100775193798 0.3165374677002584 0.3653100775193798 0.45219638242894056
0 0.07412790697674419 0.7435400516795866 0.16036821705426357 0.7435400516795866 0.16036821705426357 0.6285529715762274 0.07412790697674419 0.6285529715762274 0.07412790697674419 0.7435400516795866
0 0.2243217054263566 0.7603359173126615 0.3057170542635659 0.7603359173126615 0.3057170542635659 0.5717054263565892 0.2243217054263566 0.5717054263565892 0.2243217054263566 0.7603359173126615
0 0.6933139534883721 0.1111111111111111 0.7562984496124031 0.1111111111111111 0.7562984496124031 0.03617571059431524 0.6933139534883721 0.03617571059431524 0.6933139534883721 0.1111111111111111
0 0.8309108527131783 0.05878552971576227 0.8842054263565892 0.05878552971576227 0.8842054263565892 0.004521963824289405 0.8309108527131783 0.004521963824289405 0.8309108527131783 0.05878552971576227
0 0.06298449612403101 1 0.06298449612403101 0.8449612403100775 0 0.8449612403100775 0 1 0.06298449612403101 1
0 0.6787790697674418 0.2202842377260982 0.7466085271317829 0.2202842377260982 0.7466085271317829 0.14018087855297157 0.6787790697674418 0.14018087855297157 0.6787790697674418 0.2202842377260982
0 0.7635658914728682 0.08785529715762273 0.8178294573643411 0.08785529715762273 0.8178294573643411 0.027131782945736434 0.7635658914728682 0.027131782945736434 0.7635658914728682 0.08785529715762273
0 0.8885658914728682 0 0.8885658914728682 0.03617571059431524 0.9525193798449613 0.03617571059431524 0.9525193798449613 0 0.8885658914728682 0
0 0.5794573643410853 0.23578811369509045 0.6463178294573644 0.23578811369509045 0.6463178294573644 0.13372093023255813 0.5794573643410853 0.13372093023255813 0.5794573643410853 0.23578811369509045
0 0.5852713178294574 0.268733850129199 0.6744186046511628 0.268733850129199 0.6744186046511628 0.16925064599483206 0.5852713178294574 0.16925064599483206 0.5852713178294574 0.268733850129199
0 0.2800387596899225 0.5704134366925064 0.35755813953488375 0.5704134366925064 0.35755813953488375 0.4541343669250646 0.2800387596899225 0.4541343669250646 0.2800387596899225 0.5704134366925064
0 0.8580426356589147 0.08656330749354005 0.9152131782945736 0.08656330749354005 0.9152131782945736 0.021963824289405683 0.8580426356589147 0.021963824289405683 0.8580426356589147 0.08656330749354005
0 0.7320736434108527 0.16279069767441862 0.7940891472868217 0.16279069767441862 0.7940891472868217 0.08785529715762273 0.7320736434108527 0.08785529715762273 0.7320736434108527 0.16279069767441862
0 0.7984496124031008 0.16149870801033592 0.8827519379844961 0.16149870801033592 0.8827519379844961 0.06201550387596899 0.7984496124031008 0.06201550387596899 0.7984496124031008 0.16149870801033592
0 0.7170542635658915 0.13695090439276486 0.7742248062015504 0.13695090439276486 0.7742248062015504 0.06330749354005168 0.7170542635658915 0.06330749354005168 0.7170542635658915 0.13695090439276486
0 0.7621124031007752 0.04974160206718346 0.8260658914728682 0.04974160206718346 0.8260658914728682 0.0006459948320413437 0.7621124031007752 0.0006459948320413437 0.7621124031007752 0.04974160206718346
0 0.7834302325581395 0.11498708010335917 0.8376937984496124 0.11498708010335917 0.8376937984496124 0.04909560723514212 0.7834302325581395 0.04909560723514212 0.7834302325581395 0.11498708010335917
0 0.8284883720930233 0 0.8284883720930233 0.016795865633074936 0.8866279069767442 0.016795865633074936 0.8866279069767442 0 0.8284883720930233 0
0 0.5978682170542635 0.29780361757105944 0.6705426356589147 0.29780361757105944 0.6705426356589147 0.2409560723514212 0.5978682170542635 0.2409560723514212 0.5978682170542635 0.29780361757105944
0 0.5964147286821705 0.32622739018087854 0.6719961240310077 0.32622739018087854 0.6719961240310077 0.2409560723514212 0.5964147286821705 0.2409560723514212 0.5964147286821705 0.32622739018087854