0 0.29651162790697677 0.9611801242236024 0.38488372093023254 0.9611801242236024 0.38488372093023254 0.8245341614906833 0.29651162790697677 0.8245341614906833 0.29651162790697677 0.9611801242236024
0 0.7343023255813953 0.2686335403726708 0.7982558139534883 0.2686335403726708 0.7982558139534883 0.17701863354037267 0.7343023255813953 0.17701863354037267 0.7343023255813953 0.2686335403726708
0 0.5936046511627907 0.3548136645962733 0.647093023255814 0.3548136645962733 0.647093023255814 0.28183229813664595 0.5936046511627907 0.28183229813664595 0.5936046511627907 0.3548136645962733
0 0.8343023255813954 0.5869565217391305 0.911046511627907 0.5869565217391305 0.911046511627907 0.4906832298136646 0.8343023255813954 0.4906832298136646 0.8343023255813954 0.5869565217391305
0 0.3697674418604651 0.9161490683229814 0.45930232558139533 0.9161490683229814 0.45930232558139533 0.7919254658385093 0.3697674418604651 0.7919254658385093 0.3697674418604651 0.9161490683229814
0 0.5302325581395348 0.9037267080745341 0.6127906976744186 0.9037267080745341 0.6127906976744186 0.7981366459627329 0.5302325581395348 0.7981366459627329 0.5302325581395348 0.9037267080745341
0 0.6284883720930232 0.4409937888198758 0.7215116279069768 0.4409937888198758 0.7215116279069768 0.3198757763975155 0.6284883720930232 0.3198757763975155 0.6284883720930232 0.4409937888198758
0 1 0.11956521739130435 0.9441860465116279 0.11956521739130435 0.9441860465116279 0.2080745341614907 1 0.2080745341614907 1 0.11956521739130435
0 0.6488372093023256 0.8082298136645962 0.7290697674418605 0.8082298136645962 0.7290697674418605 0.6948757763975155 0.6488372093023256 0.6948757763975155 0.6488372093023256 0.8082298136645962
0 0.6715116279069767 0.9363354037267081 0.7563953488372093 0.9363354037267081 0.7563953488372093 0.8338509316770186 0.6715116279069767 0.8338509316770186 0.6715116279069767 0.9363354037267081
0 0.44302325581395346 0.875 0.5174418604651163 0.875 0.5174418604651163 0.7523291925465838 0.44302325581395346 0.7523291925465838 0.44302325581395346 0.875
0 0.5197674418604651 0.45729813664596275 0.5802325581395349 0.45729813664596275 0.5802325581395349 0.3579192546583851 0.5197674418604651 0.3579192546583851 0.5197674418604651 0.45729813664596275
0 0.4622093023255814 1 0.4622093023255814 0.9145962732919255 0.37732558139534883 0.9145962732919255 0.37732558139534883 1 0.4622093023255814 1
0 0.4965116279069767 0.625 0.5616279069767441 0.625 0.5616279069767441 0.5100931677018633 0.4965116279069767 0.5100931677018633 0.4965116279069767 0.625
0 0.7226744186046512 0.10170807453416149 0.7633720930232558 0.10170807453416149 0.7633720930232558 0.02562111801242236 0.7226744186046512 0.02562111801242236 0.7226744186046512 0.10170807453416149
0 0.6825581395348838 0.34782608695652173 0.7418604651162791 0.34782608695652173 0.7418604651162791 0.2608695652173913 0.6825581395348838 0.2608695652173913 0.6825581395348838 0.34782608695652173
0 0.5976744186046512 0.16614906832298137 0.6604651162790698 0.16614906832298137 0.6604651162790698 0.08385093167701864 0.5976744186046512 0.08385093167701864 0.5976744186046512 0.16614906832298137
0 0.788953488372093 0 0.788953488372093 0.07298136645962733 0.8563953488372092 0.07298136645962733 0.8563953488372092 0 0.788953488372093 0
0 0.5581395348837209 0.5240683229813664 0.6232558139534884 0.5240683229813664 0.6232558139534884 0.42934782608695654 0.5581395348837209 0.42934782608695654 0.5581395348837209 0.5240683229813664
0 0.5244186046511627 0.7569875776397516 0.5895348837209302 0.7569875776397516 0.5895348837209302 0.6358695652173914 0.5244186046511627 0.6358695652173914 0.5244186046511627 0.7569875776397516
0 0 0.6475155279503105 0.03372093023255814 0.6475155279503105 0.03372093023255814 0.5419254658385093 0 0.5419254658385093 0 0.6475155279503105
0 0.6424418604651163 0.2360248447204969 0.6947674418604651 0.2360248447204969 0.6947674418604651 0.17080745341614906 0.6424418604651163 0.17080745341614906 0.6424418604651163 0.2360248447204969
0 0.7546511627906977 0.1513975155279503 0.8244186046511628 0.1513975155279503 0.8244186046511628 0.05822981366459627 0.7546511627906977 0.05822981366459627 0.7546511627906977 0.1513975155279503
0 0.5563953488372093 1 0.5563953488372093 0.9161490683229814 0.4796511627906977 0.9161490683229814 0.4796511627906977 1 0.5563953488372093 1
0 0.6104651162790697 0.08307453416149069 0.6558139534883721 0.08307453416149069 0.6558139534883721 0.006987577639751553 0.6104651162790697 0.006987577639751553 0.6104651162790697 0.08307453416149069
0 0.5738372093023256 0.639751552795031 0.6284883720930232 0.639751552795031 0.6284883720930232 0.546583850931677 0.5738372093023256 0.546583850931677 0.5738372093023256 0.639751552795031
0 0.6645348837209303 0.1777950310559006 0.7226744186046512 0.1777950310559006 0.7226744186046512 0.08773291925465838 0.6645348837209303 0.08773291925465838 0.6645348837209303 0.1777950310559006
0 0.661046511627907 0.08618012422360248 0.7040697674418605 0.08618012422360248 0.7040697674418605 0.02096273291925466 0.661046511627907 0.02096273291925466 0.661046511627907 0.08618012422360248
0 0.38313953488372093 1 0.38313953488372093 0.967391304347826 0.31569767441860463 0.967391304347826 0.31569767441860463 1 0.38313953488372093 1