0 0.23885658914728683 0.9237726098191215 0.3648255813953488 0.9237726098191215 0.3648255813953488 0.7183462532299741 0.23885658914728683 0.7183462532299741 0.23885658914728683 0.9237726098191215
0 0.3638565891472868 0.8042635658914729 0.4888565891472868 0.8042635658914729 0.4888565891472868 0.584625322997416 0.3638565891472868 0.584625322997416 0.3638565891472868 0.8042635658914729
0 0.626453488372093 0.46770025839793283 0.7126937984496124 0.46770025839793283 0.7126937984496124 0.31266149870801035 0.626453488372093 0.31266149870801035 0.626453488372093 0.46770025839793283
0 0.7853682170542635 0.24289405684754523 0.8648255813953488 0.24289405684754523 0.8648255813953488 0.11369509043927649 0.7853682170542635 0.11369509043927649 0.7853682170542635 0.24289405684754523
0 0.3861434108527132 0.5045219638242894 0.4743217054263566 0.5045219638242894 0.4743217054263566 0.3430232558139535 0.3861434108527132 0.3430232558139535 0.3861434108527132 0.5045219638242894
0 0.5474806201550387 0.5051679586563308 0.6298449612403101 0.5051679586563308 0.6298449612403101 0.35142118863049093 0.5474806201550387 0.35142118863049093 0.5474806201550387 0.5051679586563308
0 0.9142441860465116 0.10917312661498708 0.9801356589147286 0.10917312661498708 0.9801356589147286 0.0006459948320413437 0.9142441860465116 0.0006459948320413437 0.9142441860465116 0.10917312661498708
0 0.5576550387596899 0.36886304909560724 0.6429263565891473 0.36886304909560724 0.6429263565891473 0.2603359173126615 0.5576550387596899 0.2603359173126615 0.5576550387596899 0.36886304909560724
0 0.11094961240310078 0.9993540051679587 0.22044573643410853 0.9993540051679587 0.22044573643410853 0.8171834625322998 0.11094961240310078 0.8171834625322998 0.11094961240310078 0.9993540051679587
0 0.15455426356589147 0.8462532299741602 0.2446705426356589 0.8462532299741602 0.2446705426356589 0.665374677002584 0.15455426356589147 0.665374677002584 0.15455426356589147 0.8462532299741602
0 0.8415697674418605 0.12919896640826872 0.9210271317829457 0.12919896640826872 0.9210271317829457 0.014211886304909561 0.8415697674418605 0.014211886304909561 0.8415697674418605 0.12919896640826872
0 0.7073643410852714 0.23191214470284238 0.7858527131782945 0.23191214470284238 0.7858527131782945 0.10400516795865633 0.7073643410852714 0.10400516795865633 0.7073643410852714 0.23191214470284238
0 0.4752906976744186 0.4819121447028424 0.563468992248062 0.4819121447028424 0.563468992248062 0.3152454780361757 0.4752906976744186 0.3152454780361757 0.4752906976744186 0.4819121447028424
0 0.626937984496124 0.2564599483204134 0.7093023255813954 0.2564599483204134 0.7093023255813954 0.12209302325581395 0.626937984496124 0.12209302325581395 0.626937984496124 0.2564599483204134
0 0.7567829457364341 0.12338501291989665 0.8333333333333334 0.12338501291989665 0.8333333333333334 0.008397932816537468 0.7567829457364341 0.008397932816537468 0.7567829457364341 0.12338501291989665
0 0.3023255813953488 0.5174418604651163 0.38372093023255816 0.5174418604651163 0.38372093023255816 0.3714470284237726 0.3023255813953488 0.3714470284237726 0.3023255813953488 0.5174418604651163
0 0.17102713178294573 0.6214470284237726 0.26308139534883723 0.6214470284237726 0.26308139534883723 0.5012919896640827 0.17102713178294573 0.5012919896640827 0.17102713178294573 0.6214470284237726
0 0.06346899224806202 0.8003875968992248 0.15455426356589147 0.8003875968992248 0.15455426356589147 0.6750645994832042 0.06346899224806202 0.6750645994832042 0.06346899224806202 0.8003875968992248
0 0.24563953488372092 0.7810077519379846 0.36773255813953487 0.7810077519379846 0.36773255813953487 0.6208010335917312 0.24563953488372092 0.6208010335917312 0.24563953488372092 0.7810077519379846
0 0.05862403100775194 0.9722222222222222 0.15261627906976744 0.9722222222222222 0.15261627906976744 0.7693798449612403 0.05862403100775194 0.7693798449612403 0.05862403100775194 0.9722222222222222
0 0.17296511627906977 0.6925064599483204 0.251453488372093 0.6925064599483204 0.251453488372093 0.5904392764857881 0.17296511627906977 0.5904392764857881 0.17296511627906977 0.6925064599483204
0 0.00048449612403100775 0.8294573643410853 0.06443798449612403 0.8294573643410853 0.06443798449612403 0.7080103359173127 0.00048449612403100775 0.7080103359173127 0.00048449612403100775 0.8294573643410853
0 0.46705426356589147 0.3145994832041344 0.5348837209302325 0.3145994832041344 0.5348837209302325 0.1996124031007752 0.46705426356589147 0.1996124031007752 0.46705426356589147 0.3145994832041344
0 0.4791666666666667 0.34366925064599485 0.564437984496124 0.34366925064599485 0.564437984496124 0.25064599483204136 0.4791666666666667 0.25064599483204136 0.4791666666666667 0.34366925064599485
0 0.3561046511627907 0.6324289405684754 0.4568798449612403 0.6324289405684754 0.4568798449612403 0.5174418604651163 0.3561046511627907 0.5174418604651163 0.3561046511627907 0.6324289405684754
0 0.00048449612403100775 0.9528423772609819 0.05571705426356589 0.9528423772609819 0.05571705426356589 0.8003875968992248 0.00048449612403100775 0.8003875968992248 0.00048449612403100775 0.9528423772609819
0 0.9772286821705426 0 0.9772286821705426 0.08527131782945736 0.999515503875969 0.08527131782945736 0.999515503875969 0 0.9772286821705426 0
0 0.3493217054263566 0.5671834625322998 0.44137596899224807 0.5671834625322998 0.44137596899224807 0.45219638242894056 0.3493217054263566 0.45219638242894056 0.3493217054263566 0.5671834625322998
0 0.5813953488372093 0.18540051679586564 0.6182170542635659 0.18540051679586564 0.6182170542635659 0.07945736434108527 0.5813953488372093 0.07945736434108527 0.5813953488372093 0.18540051679586564
0 0.26453488372093026 0.6007751937984496 0.3498062015503876 0.6007751937984496 0.3498062015503876 0.4896640826873385 0.26453488372093026 0.4896640826873385 0.26453488372093026 0.6007751937984496
0 0.6128875968992248 0.21059431524547803 0.685562015503876 0.21059431524547803 0.685562015503876 0.08527131782945736 0.6128875968992248 0.08527131782945736 0.6128875968992248 0.21059431524547803
0 0.2625968992248062 0.6382428940568475 0.3498062015503876 0.6382428940568475 0.3498062015503876 0.5594315245478036 0.2625968992248062 0.5594315245478036 0.2625968992248062 0.6382428940568475
0 0.689922480620155 0.16020671834625322 0.7577519379844961 0.16020671834625322 0.7577519379844961 0.07751937984496124 0.689922480620155 0.07751937984496124 0.689922480620155 0.16020671834625322
0 0 0.9993540051679587 0.07267441860465117 0.9993540051679587 0.07267441860465117 0.9412144702842378 0 0.9412144702842378 0 0.9993540051679587
0 0.813468992248062 0 0.813468992248062 0.04521963824289406 0.8609496124031008 0.04521963824289406 0.8609496124031008 0 0.813468992248062 0
0 0.7393410852713178 0 0.7393410852713178 0.0917312661498708 0.7984496124031008 0.0917312661498708 0.7984496124031008 0 0.7393410852713178 0
0 0.8919573643410853 0 0.8919573643410853 0.021963824289405683 0.9287790697674418 0.021963824289405683 0.9287790697674418 0 0.8919573643410853 0
0 0.8362403100775194 0 0.8362403100775194 0.08397932816537468 0.9060077519379846 0.08397932816537468 0.9060077519379846 0 0.8362403100775194 0
0 0.9593023255813954 0.01744186046511628 0.9815891472868217 0.01744186046511628 0.9815891472868217 0.0006459948320413437 0.9593023255813954 0.0006459948320413437 0.9593023255813954 0.01744186046511628
0 0.7117248062015504 0 0.7117248062015504 0.01808785529715762 0.7456395348837209 0.01808785529715762 0.7456395348837209 0 0.7117248062015504 0
0 0.8415697674418605 0 0.8415697674418605 0.056847545219638244 0.9055232558139535 0.056847545219638244 0.9055232558139535 0 0.8415697674418605 0