0 0.564922480620155 0.48255813953488375 0.6686046511627907 0.48255813953488375 0.6686046511627907 0.3145994832041344 0.564922480620155 0.3145994832041344 0.564922480620155 0.48255813953488375
0 0.6080426356589147 0.3023255813953488 0.6923449612403101 0.3023255813953488 0.6923449612403101 0.16795865633074936 0.6080426356589147 0.16795865633074936 0.6080426356589147 0.3023255813953488
0 0.44573643410852715 0.5684754521963824 0.5474806201550387 0.5684754521963824 0.5474806201550387 0.3772609819121447 0.44573643410852715 0.3772609819121447 0.44573643410852715 0.5684754521963824
0 0.8948643410852714 0.1182170542635659 0.9694767441860465 0.1182170542635659 0.9694767441860465 0.003229974160206718 0.8948643410852714 0.003229974160206718 0.8948643410852714 0.1182170542635659
0 0.7795542635658915 0.22286821705426357 0.8657945736434108 0.22286821705426357 0.8657945736434108 0.09496124031007752 0.7795542635658915 0.09496124031007752 0.7795542635658915 0.22286821705426357
0 0.17635658914728683 0.8049095607235142 0.2761627906976744 0.8049095607235142 0.2761627906976744 0.6175710594315246 0.17635658914728683 0.6175710594315246 0.17635658914728683 0.8049095607235142
0 0.060562015503875966 0.9179586563307494 0.17199612403100775 0.9179586563307494 0.17199612403100775 0.7202842377260982 0.060562015503875966 0.7202842377260982 0.060562015503875966 0.9179586563307494
0 0.8318798449612403 0.16731266149870802 0.9113372093023255 0.16731266149870802 0.9113372093023255 0.040697674418604654 0.8318798449612403 0.040697674418604654 0.8318798449612403 0.16731266149870802
0 0.3546511627906977 0.5859173126614987 0.4486434108527132 0.5859173126614987 0.4486434108527132 0.4102067183462532 0.3546511627906977 0.4102067183462532 0.3546511627906977 0.5859173126614987
0 0.6715116279069767 0.2409560723514212 0.751937984496124 0.2409560723514212 0.751937984496124 0.1182170542635659 0.6715116279069767 0.1182170542635659 0.6715116279069767 0.2409560723514212
0 0.27325581395348836 0.7881136950904393 0.3808139534883721 0.7881136950904393 0.3808139534883721 0.6072351421188631 0.27325581395348836 0.6072351421188631 0.27325581395348836 0.7881136950904393
0 0.13275193798449614 0.9890180878552972 0.2364341085271318 0.9890180878552972 0.2364341085271318 0.7771317829457365 0.13275193798449614 0.7771317829457365 0.13275193798449614 0.9890180878552972
0 0.38372093023255816 0.3649870801033592 0.4573643410852713 0.3649870801033592 0.4573643410852713 0.24224806201550386 0.38372093023255816 0.24224806201550386 0.38372093023255816 0.3649870801033592
0 0.4176356589147287 0.42377260981912146 0.5 0.42377260981912146 0.5 0.28940568475452194 0.4176356589147287 0.28940568475452194 0.4176356589147287 0.42377260981912146
0 0.2688953488372093 0.6434108527131783 0.36773255813953487 0.6434108527131783 0.36773255813953487 0.5167958656330749 0.2688953488372093 0.5167958656330749 0.2688953488372093 0.6434108527131783
0 0.9549418604651163 0.07428940568475452 0.999515503875969 0.07428940568475452 0.999515503875969 0.0006459948320413437 0.9549418604651163 0.0006459948320413437 0.9549418604651163 0.07428940568475452
0 0.7030038759689923 0.18410852713178294 0.7718023255813954 0.18410852713178294 0.7718023255813954 0.06136950904392765 0.7030038759689923 0.06136950904392765 0.7030038759689923 0.18410852713178294
0 0.5741279069767442 0.23449612403100775 0.6409883720930233 0.23449612403100775 0.6409883720930233 0.13242894056847546 0.5741279069767442 0.13242894056847546 0.5741279069767442 0.23449612403100775
0 0.4888565891472868 0.45930232558139533 0.5712209302325582 0.45930232558139533 0.5712209302325582 0.30684754521963825 0.4888565891472868 0.30684754521963825 0.4888565891472868 0.45930232558139533
0 0.5542635658914729 0.3333333333333333 0.6424418604651163 0.3333333333333333 0.6424418604651163 0.23772609819121446 0.5542635658914729 0.23772609819121446 0.5542635658914729 0.3333333333333333
0 0.6521317829457365 0.16925064599483206 0.7122093023255814 0.16925064599483206 0.7122093023255814 0.05297157622739018 0.6521317829457365 0.05297157622739018 0.6521317829457365 0.16925064599483206
0 0.17877906976744187 0.6698966408268734 0.2708333333333333 0.6698966408268734 0.2708333333333333 0.5355297157622739 0.17877906976744187 0.5355297157622739 0.17877906976744187 0.6698966408268734
0 0.24079457364341086 0.5729974160206718 0.32122093023255816 0.5729974160206718 0.32122093023255816 0.44250645994832044 0.24079457364341086 0.44250645994832044 0.24079457364341086 0.5729974160206718
0 0.34593023255813954 0.4702842377260982 0.42441860465116277 0.4702842377260982 0.42441860465116277 0.355297157622739 0.34593023255813954 0.355297157622739 0.34593023255813954 0.4702842377260982
0 0.1002906976744186 0.689922480620155 0.17587209302325582 0.689922480620155 0.17587209302325582 0.5723514211886305 0.1002906976744186 0.5723514211886305 0.1002906976744186 0.689922480620155
0 0 0.9967700258397932 0.02810077519379845 0.9967700258397932 0.02810077519379845 0.8275193798449613 0 0.8275193798449613 0 0.9967700258397932
0 0.8328488372093024 0.0562015503875969 0.8948643410852714 0.0562015503875969 0.8948643410852714 0.001937984496124031 0.8328488372093024 0.001937984496124031 0.8328488372093024 0.0562015503875969
0 0.5193798449612403 0.31136950904392763 0.5784883720930233 0.31136950904392763 0.5784883720930233 0.22868217054263565 0.5193798449612403 0.22868217054263565 0.5193798449612403 0.31136950904392763
0 0.7412790697674418 0 0.7412790697674418 0.060723514211886306 0.7984496124031008 0.060723514211886306 0.7984496124031008 0 0.7412790697674418 0
0 0.751453488372093 0.10142118863049096 0.8309108527131783 0.10142118863049096 0.8309108527131783 0.02131782945736434 0.751453488372093 0.02131782945736434 0.751453488372093 0.10142118863049096
0 0.06976744186046512 0.7680878552971576 0.17635658914728683 0.7680878552971576 0.17635658914728683 0.6440568475452196 0.06976744186046512 0.6440568475452196 0.06976744186046512 0.7680878552971576
0 0.8047480620155039 0 0.8047480620155039 0.05297157622739018 0.8638565891472868 0.05297157622739018 0.8638565891472868 0 0.8047480620155039 0
0 0.7703488372093024 0.18087855297157623 0.8323643410852714 0.18087855297157623 0.8323643410852714 0.06847545219638243 0.7703488372093024 0.06847545219638243 0.7703488372093024 0.18087855297157623
0 0.877906976744186 0 0.877906976744186 0.02454780361757106 0.9505813953488372 0.02454780361757106 0.9505813953488372 0 0.877906976744186 0
0 0.877906976744186 0 0.877906976744186 0.02454780361757106 0.9234496124031008 0.02454780361757106 0.9234496124031008 0 0.877906976744186 0