0 0.4921602787456446 0.7872093023255814 0.5461672473867596 0.7872093023255814 0.5461672473867596 0.6813953488372093 0.4921602787456446 0.6813953488372093 0.4921602787456446 0.7872093023255814
0 0.5439895470383276 0.8348837209302326 0.5988675958188153 0.8348837209302326 0.5988675958188153 0.7267441860465116 0.5439895470383276 0.7267441860465116 0.5439895470383276 0.8348837209302326
0 0.3162020905923345 0.6377906976744186 0.3614982578397213 0.6377906976744186 0.3614982578397213 0.5459302325581395 0.3162020905923345 0.5459302325581395 0.3162020905923345 0.6377906976744186
0 0.4499128919860627 0.5377906976744186 0.4943379790940767 0.5377906976744186 0.4943379790940767 0.45406976744186045 0.4499128919860627 0.45406976744186045 0.4499128919860627 0.5377906976744186
0 0.6546167247386759 0.5 0.698170731707317 0.5 0.698170731707317 0.4174418604651163 0.6546167247386759 0.4174418604651163 0.6546167247386759 0.5
0 0.09625435540069686 0.4622093023255814 0.13893728222996515 0.4622093023255814 0.13893728222996515 0.375 0.09625435540069686 0.375 0.09625435540069686 0.4622093023255814
0 0.13109756097560976 0.5877906976744186 0.17465156794425088 0.5877906976744186 0.17465156794425088 0.49709302325581395 0.13109756097560976 0.49709302325581395 0.13109756097560976 0.5877906976744186
0 0.5 0.6093023255813953 0.5479094076655052 0.6093023255813953 0.5479094076655052 0.5209302325581395 0.5 0.5209302325581395 0.5 0.6093023255813953
0 0.6951219512195121 0.5348837209302325 0.7473867595818815 0.5348837209302325 0.7473867595818815 0.4325581395348837 0.6951219512195121 0.4325581395348837 0.6951219512195121 0.5348837209302325
0 0.5513937282229965 0.37034883720930234 0.5932055749128919 0.37034883720930234 0.5932055749128919 0.2982558139534884 0.5513937282229965 0.2982558139534884 0.5513937282229965 0.37034883720930234
0 0.1328397212543554 0.8633720930232558 0.18597560975609756 0.8633720930232558 0.18597560975609756 0.7645348837209303 0.1328397212543554 0.7645348837209303 0.1328397212543554 0.8633720930232558
0 0.0627177700348432 0.502906976744186 0.10627177700348432 0.502906976744186 0.10627177700348432 0.4191860465116279 0.0627177700348432 0.4191860465116279 0.0627177700348432 0.502906976744186
0 0.3806620209059233 0.5401162790697674 0.42073170731707316 0.5401162790697674 0.42073170731707316 0.4563953488372093 0.3806620209059233 0.4563953488372093 0.3806620209059233 0.5401162790697674
0 0.00043554006968641115 0.4965116279069767 0.03789198606271777 0.4965116279069767 0.03789198606271777 0.41511627906976745 0.00043554006968641115 0.41511627906976745 0.00043554006968641115 0.4965116279069767
0 0.4011324041811847 0.4633720930232558 0.44381533101045295 0.4633720930232558 0.44381533101045295 0.38546511627906976 0.4011324041811847 0.38546511627906976 0.4011324041811847 0.4633720930232558
0 0.16637630662020905 0.6476744186046511 0.21080139372822299 0.6476744186046511 0.21080139372822299 0.5534883720930233 0.16637630662020905 0.5534883720930233 0.16637630662020905 0.6476744186046511
0 0.9128919860627178 0.49011627906976746 0.9520905923344948 0.49011627906976746 0.9520905923344948 0.4122093023255814 0.9128919860627178 0.4122093023255814 0.9128919860627178 0.49011627906976746
0 0.5914634146341463 0.522093023255814 0.6341463414634146 0.522093023255814 0.6341463414634146 0.44534883720930235 0.5914634146341463 0.44534883720930235 0.5914634146341463 0.522093023255814
0 0.2656794425087108 0.4697674418604651 0.30139372822299654 0.4697674418604651 0.30139372822299654 0.3918604651162791 0.2656794425087108 0.3918604651162791 0.2656794425087108 0.4697674418604651
0 0.6197735191637631 0.3755813953488372 0.6607142857142857 0.3755813953488372 0.6607142857142857 0.30930232558139537 0.6197735191637631 0.30930232558139537 0.6197735191637631 0.3755813953488372
0 0.1720383275261324 0.9151162790697674 0.22865853658536586 0.9151162790697674 0.22865853658536586 0.8011627906976744 0.1720383275261324 0.8011627906976744 0.1720383275261324 0.9151162790697674
0 0.46994773519163763 0.666860465116279 0.5239547038327527 0.666860465116279 0.5239547038327527 0.5715116279069767 0.46994773519163763 0.5715116279069767 0.46994773519163763 0.666860465116279
0 0.28222996515679444 0.6808139534883721 0.32926829268292684 0.6808139534883721 0.32926829268292684 0.5843023255813954 0.28222996515679444 0.5843023255813954 0.28222996515679444 0.6808139534883721
0 0.2739547038327526 0.5866279069767442 0.31837979094076657 0.5866279069767442 0.31837979094076657 0.5063953488372093 0.2739547038327526 0.5063953488372093 0.2739547038327526 0.5866279069767442
0 0.03048780487804878 0.627906976744186 0.06881533101045297 0.627906976744186 0.06881533101045297 0.536046511627907 0.03048780487804878 0.536046511627907 0.03048780487804878 0.627906976744186
0 0.16376306620209058 0.5406976744186046 0.2038327526132404 0.5406976744186046 0.2038327526132404 0.45465116279069767 0.16376306620209058 0.45465116279069767 0.16376306620209058 0.5406976744186046
0 0.6206445993031359 0.1063953488372093 0.6563588850174216 0.1063953488372093 0.6563588850174216 0.038953488372093024 0.6206445993031359 0.038953488372093024 0.6206445993031359 0.1063953488372093
0 0.8462543554006968 0.3302325581395349 0.8854529616724739 0.3302325581395349 0.8854529616724739 0.2651162790697674 0.8462543554006968 0.2651162790697674 0.8462543554006968 0.3302325581395349
0 0.570993031358885 0.44534883720930235 0.610191637630662 0.44534883720930235 0.610191637630662 0.363953488372093 0.570993031358885 0.363953488372093 0.570993031358885 0.44534883720930235
0 0.05618466898954704 0.7808139534883721 0.10670731707317073 0.7808139534883721 0.10670731707317073 0.675 0.05618466898954704 0.675 0.05618466898954704 0.7808139534883721
0 0.9455574912891986 0.30348837209302326 0.9804006968641115 0.30348837209302326 0.9804006968641115 0.2441860465116279 0.9455574912891986 0.2441860465116279 0.9455574912891986 0.30348837209302326
0 0.8170731707317073 0.40406976744186046 0.8545296167247387 0.40406976744186046 0.8545296167247387 0.3319767441860465 0.8170731707317073 0.3319767441860465 0.8170731707317073 0.40406976744186046
0 0.40026132404181186 0.7034883720930233 0.45165505226480834 0.7034883720930233 0.45165505226480834 0.6139534883720931 0.40026132404181186 0.6139534883720931 0.40026132404181186 0.7034883720930233
0 0.875 0.5395348837209303 0.9124564459930313 0.5395348837209303 0.9124564459930313 0.4627906976744186 0.875 0.4627906976744186 0.875 0.5395348837209303
0 0.3667247386759582 0.763953488372093 0.42770034843205573 0.763953488372093 0.42770034843205573 0.663953488372093 0.3667247386759582 0.663953488372093 0.3667247386759582 0.763953488372093
0 0.6933797909407665 0.6313953488372093 0.7430313588850174 0.6313953488372093 0.7430313588850174 0.5372093023255814 0.6933797909407665 0.5372093023255814 0.6933797909407665 0.6313953488372093
0 0.7713414634146342 0.3691860465116279 0.8122822299651568 0.3691860465116279 0.8122822299651568 0.2947674418604651 0.7713414634146342 0.2947674418604651 0.7713414634146342 0.3691860465116279
0 0.8279616724738676 0.5098837209302326 0.8741289198606271 0.5098837209302326 0.8741289198606271 0.438953488372093 0.8279616724738676 0.438953488372093 0.8279616724738676 0.5098837209302326
0 0.7857142857142857 0.3174418604651163 0.8222996515679443 0.3174418604651163 0.8222996515679443 0.25232558139534883 0.7857142857142857 0.25232558139534883 0.7857142857142857 0.3174418604651163
0 0.9673344947735192 0.4029069767441861 0.9995644599303136 0.4029069767441861 0.9995644599303136 0.34593023255813954 0.9673344947735192 0.34593023255813954 0.9673344947735192 0.4029069767441861
0 0.8445121951219512 0.46569767441860466 0.8854529616724739 0.46569767441860466 0.8854529616724739 0.40174418604651163 0.8445121951219512 0.40174418604651163 0.8445121951219512 0.46569767441860466
0 0.9856271777003485 0.4494186046511628 0.9995644599303136 0.4494186046511628 0.9995644599303136 0.38313953488372093 0.9856271777003485 0.38313953488372093 0.9856271777003485 0.4494186046511628
0 0.8976480836236934 0.3127906976744186 0.9307491289198606 0.3127906976744186 0.9307491289198606 0.25232558139534883 0.8976480836236934 0.25232558139534883 0.8976480836236934 0.3127906976744186
0 0 0.5290697674418605 0.008710801393728223 0.5290697674418605 0.008710801393728223 0.4720930232558139 0 0.4720930232558139 0 0.5290697674418605
0 0.9081010452961672 0.2738372093023256 0.9446864111498258 0.2738372093023256 0.9446864111498258 0.22151162790697673 0.9081010452961672 0.22151162790697673 0.9081010452961672 0.2738372093023256
0 0.9821428571428571 0.32151162790697674 0.9995644599303136 0.32151162790697674 0.9995644599303136 0.275 0.9821428571428571 0.275 0.9821428571428571 0.32151162790697674
0 0.9812717770034843 0.35348837209302325 0.9995644599303136 0.35348837209302325 0.9995644599303136 0.3058139534883721 0.9812717770034843 0.3058139534883721 0.9812717770034843 0.35348837209302325
0 0.649390243902439 0.7436046511627907 0.6781358885017421 0.7436046511627907 0.6781358885017421 0.6877906976744186 0.649390243902439 0.6877906976744186 0.649390243902439 0.7436046511627907