0 0.5052264808362369 0.7627906976744186 0.5644599303135889 0.7627906976744186 0.5644599303135889 0.6686046511627907 0.5052264808362369 0.6686046511627907 0.5052264808362369 0.7627906976744186
0 0.2887630662020906 0.5558139534883721 0.33057491289198604 0.5558139534883721 0.33057491289198604 0.47790697674418603 0.2887630662020906 0.47790697674418603 0.2887630662020906 0.5558139534883721
0 0.39590592334494773 0.5761627906976744 0.4412020905923345 0.5761627906976744 0.4412020905923345 0.4808139534883721 0.39590592334494773 0.4808139534883721 0.39590592334494773 0.5761627906976744
0 0.563588850174216 0.6686046511627907 0.6167247386759582 0.6686046511627907 0.6167247386759582 0.5651162790697675 0.563588850174216 0.5651162790697675 0.563588850174216 0.6686046511627907
0 0 0.5145348837209303 0.02264808362369338 0.5145348837209303 0.02264808362369338 0.42965116279069765 0 0.42965116279069765 0 0.5145348837209303
0 0.1171602787456446 0.8784883720930232 0.16681184668989546 0.8784883720930232 0.16681184668989546 0.7912790697674419 0.1171602787456446 0.7912790697674419 0.1171602787456446 0.8784883720930232
0 0.19076655052264807 0.8994186046511627 0.24390243902439024 0.8994186046511627 0.24390243902439024 0.7924418604651163 0.19076655052264807 0.7924418604651163 0.19076655052264807 0.8994186046511627
0 0.382404181184669 0.42790697674418604 0.42073170731707316 0.42790697674418604 0.42073170731707316 0.36627906976744184 0.382404181184669 0.36627906976744184 0.382404181184669 0.42790697674418604
0 0.8279616724738676 0.7662790697674419 0.8767421602787456 0.7662790697674419 0.8767421602787456 0.6662790697674419 0.8279616724738676 0.6662790697674419 0.8279616724738676 0.7662790697674419
0 0.8554006968641115 0.5651162790697675 0.9059233449477352 0.5651162790697675 0.9059233449477352 0.47790697674418603 0.8554006968641115 0.47790697674418603 0.8554006968641115 0.5651162790697675
0 0.04790940766550523 0.6296511627906977 0.08362369337979095 0.6296511627906977 0.08362369337979095 0.5401162790697674 0.04790940766550523 0.5401162790697674 0.04790940766550523 0.6296511627906977
0 0.6110627177700348 0.5366279069767442 0.649390243902439 0.5366279069767442 0.649390243902439 0.4622093023255814 0.6110627177700348 0.4622093023255814 0.6110627177700348 0.5366279069767442
0 0.7765679442508711 0.727906976744186 0.830574912891986 0.727906976744186 0.830574912891986 0.6348837209302326 0.7765679442508711 0.6348837209302326 0.7765679442508711 0.727906976744186
0 0.11759581881533102 0.583139534883721 0.1559233449477352 0.583139534883721 0.1559233449477352 0.4947674418604651 0.11759581881533102 0.4947674418604651 0.11759581881533102 0.583139534883721
0 0 0.6575581395348837 0.016550522648083623 0.6575581395348837 0.016550522648083623 0.5808139534883721 0 0.5808139534883721 0 0.6575581395348837
0 0.7482578397212544 0.5401162790697674 0.794425087108014 0.5401162790697674 0.794425087108014 0.4494186046511628 0.7482578397212544 0.4494186046511628 0.7482578397212544 0.5401162790697674
0 0.9507839721254355 0.6267441860465116 0.997822299651568 0.6267441860465116 0.997822299651568 0.5290697674418605 0.9507839721254355 0.5290697674418605 0.9507839721254355 0.6267441860465116
0 0.6032229965156795 0.8284883720930233 0.6572299651567944 0.8284883720930233 0.6572299651567944 0.7168604651162791 0.6032229965156795 0.7168604651162791 0.6032229965156795 0.8284883720930233
0 0.9085365853658537 0.43953488372093025 0.9425087108013938 0.43953488372093025 0.9425087108013938 0.3674418604651163 0.9085365853658537 0.3674418604651163 0.9085365853658537 0.43953488372093025
0 0.4560104529616725 0.7116279069767442 0.507404181184669 0.7116279069767442 0.507404181184669 0.6104651162790697 0.4560104529616725 0.6104651162790697 0.4560104529616725 0.7116279069767442
0 0.14503484320557491 0.5215116279069767 0.18423344947735193 0.5215116279069767 0.18423344947735193 0.44825581395348835 0.14503484320557491 0.44825581395348835 0.14503484320557491 0.5215116279069767
0 0.9655923344947736 0.4325581395348837 0.9995644599303136 0.4325581395348837 0.9995644599303136 0.3627906976744186 0.9655923344947736 0.3627906976744186 0.9655923344947736 0.4325581395348837
0 0.686411149825784 0.6697674418604651 0.7325783972125436 0.6697674418604651 0.7325783972125436 0.5755813953488372 0.686411149825784 0.5755813953488372 0.686411149825784 0.6697674418604651
0 0.34494773519163763 0.763953488372093 0.39547038327526135 0.763953488372093 0.39547038327526135 0.6627906976744186 0.34494773519163763 0.6627906976744186 0.34494773519163763 0.763953488372093
0 0.048344947735191636 0.5383720930232558 0.085801393728223 0.5383720930232558 0.085801393728223 0.4686046511627907 0.048344947735191636 0.4686046511627907 0.048344947735191636 0.5383720930232558
0 0.11933797909407666 0.4366279069767442 0.1524390243902439 0.4366279069767442 0.1524390243902439 0.3656976744186046 0.11933797909407666 0.3656976744186046 0.11933797909407666 0.4366279069767442
0 0.6123693379790941 0.42616279069767443 0.6533101045296167 0.42616279069767443 0.6533101045296167 0.34825581395348837 0.6123693379790941 0.34825581395348837 0.6123693379790941 0.42616279069767443
0 0.8323170731707317 0.4924418604651163 0.8767421602787456 0.4924418604651163 0.8767421602787456 0.4063953488372093 0.8323170731707317 0.4063953488372093 0.8323170731707317 0.4924418604651163
0 0.5483449477351916 0.42441860465116277 0.5901567944250871 0.42441860465116277 0.5901567944250871 0.3488372093023256 0.5483449477351916 0.3488372093023256 0.5483449477351916 0.42441860465116277
0 0.047473867595818814 0.4645348837209302 0.0901567944250871 0.4645348837209302 0.0901567944250871 0.39825581395348836 0.047473867595818814 0.39825581395348836 0.047473867595818814 0.4645348837209302
0 0.8784843205574913 0.5226744186046511 0.9237804878048781 0.5226744186046511 0.9237804878048781 0.4436046511627907 0.8784843205574913 0.4436046511627907 0.8784843205574913 0.5226744186046511
0 0.3876306620209059 0.49709302325581395 0.43118466898954705 0.49709302325581395 0.43118466898954705 0.4191860465116279 0.3876306620209059 0.4191860465116279 0.3876306620209059 0.49709302325581395
0 0.6363240418118467 0.38546511627906976 0.679006968641115 0.38546511627906976 0.679006968641115 0.311046511627907 0.6363240418118467 0.311046511627907 0.6363240418118467 0.38546511627906976
0 0.5226480836236934 0.4645348837209302 0.5662020905923345 0.4645348837209302 0.5662020905923345 0.38546511627906976 0.5226480836236934 0.38546511627906976 0.5226480836236934 0.4645348837209302
0 0.9682055749128919 0.5627906976744186 0.9995644599303136 0.5627906976744186 0.9995644599303136 0.4965116279069767 0.9682055749128919 0.4965116279069767 0.9682055749128919 0.5627906976744186
0 0.49346689895470386 0.638953488372093 0.5361498257839721 0.638953488372093 0.5361498257839721 0.5691860465116279 0.49346689895470386 0.5691860465116279 0.49346689895470386 0.638953488372093
0 0.7900696864111498 0.3877906976744186 0.8362369337979094 0.3877906976744186 0.8362369337979094 0.3133720930232558 0.7900696864111498 0.3133720930232558 0.7900696864111498 0.3877906976744186
0 0.7003484320557491 0.4947674418604651 0.7465156794425087 0.4947674418604651 0.7465156794425087 0.4063953488372093 0.7003484320557491 0.4063953488372093 0.7003484320557491 0.4947674418604651
0 0.9115853658536586 0.3691860465116279 0.943815331010453 0.3691860465116279 0.943815331010453 0.3122093023255814 0.9115853658536586 0.3122093023255814 0.9115853658536586 0.3691860465116279
0 0.7225609756097561 0.4511627906976744 0.7695993031358885 0.4511627906976744 0.7695993031358885 0.3686046511627907 0.7225609756097561 0.3686046511627907 0.7225609756097561 0.4511627906976744
0 0.992595818815331 0.07093023255813953 0.9995644599303136 0.07093023255813953 0.9995644599303136 0.018604651162790697 0.992595818815331 0.018604651162790697 0.992595818815331 0.07093023255813953