0 0.3376937984496124 0.7067183462532299 0.4433139534883721 0.7067183462532299 0.4433139534883721 0.5361757105943152 0.3376937984496124 0.5361757105943152 0.3376937984496124 0.7067183462532299
0 0.6157945736434108 0.42506459948320413 0.7146317829457365 0.42506459948320413 0.7146317829457365 0.2648578811369509 0.6157945736434108 0.2648578811369509 0.6157945736434108 0.42506459948320413
0 0.40891472868217055 0.522609819121447 0.5038759689922481 0.522609819121447 0.5038759689922481 0.3546511627906977 0.40891472868217055 0.3546511627906977 0.40891472868217055 0.522609819121447
0 0.00436046511627907 0.9257105943152455 0.09544573643410853 0.9257105943152455 0.09544573643410853 0.7409560723514211 0.00436046511627907 0.7409560723514211 0.00436046511627907 0.9257105943152455
0 0.24224806201550386 0.729328165374677 0.34108527131782945 0.729328165374677 0.34108527131782945 0.5484496124031008 0.24224806201550386 0.5484496124031008 0.24224806201550386 0.729328165374677
0 0.501937984496124 0.5058139534883721 0.5998062015503876 0.5058139534883721 0.5998062015503876 0.3236434108527132 0.501937984496124 0.3236434108527132 0.501937984496124 0.5058139534883721
0 0.6482558139534884 0.2603359173126615 0.7306201550387597 0.2603359173126615 0.7306201550387597 0.1298449612403101 0.6482558139534884 0.1298449612403101 0.6482558139534884 0.2603359173126615
0 0.7097868217054264 0.20478036175710596 0.7853682170542635 0.20478036175710596 0.7853682170542635 0.0872093023255814 0.7097868217054264 0.0872093023255814 0.7097868217054264 0.20478036175710596
0 0.6821705426356589 0.13113695090439276 0.7403100775193798 0.13113695090439276 0.7403100775193798 0.02648578811369509 0.6821705426356589 0.02648578811369509 0.6821705426356589 0.13113695090439276
0 0.8091085271317829 0.18604651162790697 0.8934108527131783 0.18604651162790697 0.8934108527131783 0.06201550387596899 0.8091085271317829 0.06201550387596899 0.8091085271317829 0.18604651162790697
0 0.4491279069767442 0.313953488372093 0.5179263565891473 0.313953488372093 0.5179263565891473 0.19121447028423771 0.4491279069767442 0.19121447028423771 0.4491279069767442 0.313953488372093
0 0.20445736434108527 0.9095607235142119 0.3062015503875969 0.9095607235142119 0.3062015503875969 0.7002583979328165 0.20445736434108527 0.7002583979328165 0.20445736434108527 0.9095607235142119
0 0.9229651162790697 0 0.9229651162790697 0.08785529715762273 0.9956395348837209 0.08785529715762273 0.9956395348837209 0 0.9229651162790697 0
0 0.8604651162790697 0.1330749354005168 0.935077519379845 0.1330749354005168 0.935077519379845 0.015503875968992248 0.8604651162790697 0.015503875968992248 0.8604651162790697 0.1330749354005168
0 0.125484496124031 0.8391472868217055 0.2320736434108527 0.8391472868217055 0.2320736434108527 0.6453488372093024 0.125484496124031 0.6453488372093024 0.125484496124031 0.8391472868217055
0 0.6143410852713178 0.1925064599483204 0.6782945736434108 0.1925064599483204 0.6782945736434108 0.1020671834625323 0.6143410852713178 0.1020671834625323 0.6143410852713178 0.1925064599483204
0 0.32848837209302323 0.5723514211886305 0.4263565891472868 0.5723514211886305 0.4263565891472868 0.45478036175710596 0.32848837209302323 0.45478036175710596 0.32848837209302323 0.5723514211886305
0 0.5397286821705426 0.4037467700258398 0.6172480620155039 0.4037467700258398 0.6172480620155039 0.2603359173126615 0.5397286821705426 0.2603359173126615 0.5397286821705426 0.4037467700258398
0 0.46560077519379844 0.3727390180878553 0.5469961240310077 0.3727390180878553 0.5469961240310077 0.24612403100775193 0.46560077519379844 0.24612403100775193 0.46560077519379844 0.3727390180878553
0 0.29893410852713176 0.5129198966408268 0.376453488372093 0.5129198966408268 0.376453488372093 0.39018087855297157 0.29893410852713176 0.39018087855297157 0.29893410852713176 0.5129198966408268
0 0.5998062015503876 0.2868217054263566 0.687015503875969 0.2868217054263566 0.687015503875969 0.1937984496124031 0.5998062015503876 0.1937984496124031 0.5998062015503876 0.2868217054263566
0 0.39728682170542634 0.43281653746770027 0.4738372093023256 0.43281653746770027 0.4738372093023256 0.30749354005167956 0.39728682170542634 0.30749354005167956 0.39728682170542634 0.43281653746770027
0 0.7359496124031008 0.14987080103359174 0.7989341085271318 0.14987080103359174 0.7989341085271318 0.03229974160206718 0.7359496124031008 0.03229974160206718 0.7359496124031008 0.14987080103359174
0 0.1618217054263566 0.6156330749354005 0.2374031007751938 0.6156330749354005 0.2374031007751938 0.5083979328165374 0.1618217054263566 0.5083979328165374 0.1618217054263566 0.6156330749354005
0 0.13517441860465115 0.689922480620155 0.24079457364341086 0.689922480620155 0.24079457364341086 0.5788113695090439 0.13517441860465115 0.5788113695090439 0.13517441860465115 0.689922480620155
0 0.564922480620155 0.2648578811369509 0.6172480620155039 0.2648578811369509 0.6172480620155039 0.18733850129198967 0.564922480620155 0.18733850129198967 0.564922480620155 0.2648578811369509
0 0.23982558139534885 0.584625322997416 0.32897286821705424 0.584625322997416 0.32897286821705424 0.47351421188630494 0.23982558139534885 0.47351421188630494 0.23982558139534885 0.584625322997416
0 0.7868217054263565 0 0.7868217054263565 0.07622739018087855 0.8604651162790697 0.07622739018087855 0.8604651162790697 0 0.7868217054263565 0
0 0.8633720930232558 0 0.8633720930232558 0.025839793281653745 0.9215116279069767 0.025839793281653745 0.9215116279069767 0 0.8633720930232558 0
0 0.7713178294573644 0.03682170542635659 0.8187984496124031 0.03682170542635659 0.8187984496124031 0.0006459948320413437 0.7713178294573644 0.0006459948320413437 0.7713178294573644 0.03682170542635659
0 0.7994186046511628 0.1524547803617571 0.8614341085271318 0.1524547803617571 0.8614341085271318 0.040051679586563305 0.7994186046511628 0.040051679586563305 0.7994186046511628 0.1524547803617571
0 0.9869186046511628 0 0.9869186046511628 0.04263565891472868 0.999515503875969 0.04263565891472868 0.999515503875969 0 0.9869186046511628 0
0 0.8430232558139535 0.023901808785529714 0.8672480620155039 0.023901808785529714 0.8672480620155039 0.0006459948320413437 0.8430232558139535 0.0006459948320413437 0.8430232558139535 0.023901808785529714