0 0.6019163763066202 0.7412790697674418 0.6628919860627178 0.7412790697674418 0.6628919860627178 0.6482558139534884 0.6019163763066202 0.6482558139534884 0.6019163763066202 0.7412790697674418
0 0.1994773519163763 0.5697674418604651 0.2421602787456446 0.5697674418604651 0.2421602787456446 0.4813953488372093 0.1994773519163763 0.4813953488372093 0.1994773519163763 0.5697674418604651
0 0.3784843205574913 0.5395348837209303 0.41681184668989546 0.5395348837209303 0.41681184668989546 0.46395348837209305 0.3784843205574913 0.46395348837209305 0.3784843205574913 0.5395348837209303
0 0.8588850174216028 0.7011627906976744 0.9137630662020906 0.7011627906976744 0.9137630662020906 0.6151162790697674 0.8588850174216028 0.6151162790697674 0.8588850174216028 0.7011627906976744
0 0.76698606271777 0.6494186046511627 0.8192508710801394 0.6494186046511627 0.8192508710801394 0.5540697674418604 0.76698606271777 0.5540697674418604 0.76698606271777 0.6494186046511627
0 0.9067944250871081 0.4755813953488372 0.9468641114982579 0.4755813953488372 0.9468641114982579 0.3988372093023256 0.9067944250871081 0.3988372093023256 0.9067944250871081 0.4755813953488372
0 0.19599303135888502 0.4255813953488372 0.23170731707317074 0.4255813953488372 0.23170731707317074 0.3488372093023256 0.19599303135888502 0.3488372093023256 0.19599303135888502 0.4255813953488372
0 0.2961672473867596 0.8848837209302326 0.34843205574912894 0.8848837209302326 0.34843205574912894 0.7755813953488372 0.2961672473867596 0.7755813953488372 0.2961672473867596 0.8848837209302326
0 0.13153310104529617 0.6156976744186047 0.17334494773519163 0.6156976744186047 0.17334494773519163 0.5284883720930232 0.13153310104529617 0.5284883720930232 0.13153310104529617 0.6156976744186047
0 0.23780487804878048 0.5098837209302326 0.2700348432055749 0.5098837209302326 0.2700348432055749 0.4331395348837209 0.23780487804878048 0.4331395348837209 0.23780487804878048 0.5098837209302326
0 0 0.6337209302325582 0.0313588850174216 0.6337209302325582 0.0313588850174216 0.541860465116279 0 0.541860465116279 0 0.6337209302325582
0 0.8658536585365854 0.37209302325581395 0.9024390243902439 0.37209302325581395 0.9024390243902439 0.3 0.8658536585365854 0.3 0.8658536585365854 0.37209302325581395
0 0.6337108013937283 0.40755813953488373 0.669425087108014 0.40755813953488373 0.669425087108014 0.3319767441860465 0.6337108013937283 0.3319767441860465 0.6337108013937283 0.40755813953488373
0 0.6567944250871081 0.6377906976744186 0.7012195121951219 0.6377906976744186 0.7012195121951219 0.547093023255814 0.6567944250871081 0.547093023255814 0.6567944250871081 0.6377906976744186
0 0.06358885017421603 0.6523255813953488 0.09930313588850175 0.6523255813953488 0.09930313588850175 0.5662790697674419 0.06358885017421603 0.5662790697674419 0.06358885017421603 0.6523255813953488
0 0.9115853658536586 0.7377906976744186 0.9682055749128919 0.7377906976744186 0.9682055749128919 0.6436046511627908 0.9115853658536586 0.6436046511627908 0.9115853658536586 0.7377906976744186
0 0.4647212543554007 0.4197674418604651 0.5013066202090593 0.4197674418604651 0.5013066202090593 0.3546511627906977 0.4647212543554007 0.3546511627906977 0.4647212543554007 0.4197674418604651
0 0.9298780487804879 0.5366279069767442 0.9786585365853658 0.5366279069767442 0.9786585365853658 0.45872093023255817 0.9298780487804879 0.45872093023255817 0.9298780487804879 0.5366279069767442
0 0.7787456445993032 0.4755813953488372 0.823170731707317 0.4755813953488372 0.823170731707317 0.3918604651162791 0.7787456445993032 0.3918604651162791 0.7787456445993032 0.4755813953488372
0 0.4412020905923345 0.7406976744186047 0.49346689895470386 0.7406976744186047 0.49346689895470386 0.6465116279069767 0.4412020905923345 0.6465116279069767 0.4412020905923345 0.7406976744186047
0 0.6903310104529616 0.4104651162790698 0.7338850174216028 0.4104651162790698 0.7338850174216028 0.3313953488372093 0.6903310104529616 0.3313953488372093 0.6903310104529616 0.4104651162790698
0 0.5492160278745645 0.6848837209302325 0.6014808362369338 0.6848837209302325 0.6014808362369338 0.5930232558139535 0.5492160278745645 0.5930232558139535 0.5492160278745645 0.6848837209302325
0 0.1332752613240418 0.20116279069767443 0.16986062717770034 0.20116279069767443 0.16986062717770034 0.1372093023255814 0.1332752613240418 0.1372093023255814 0.1332752613240418 0.20116279069767443
0 0.7142857142857143 0.3715116279069767 0.7578397212543554 0.3715116279069767 0.7578397212543554 0.2982558139534884 0.7142857142857143 0.2982558139534884 0.7142857142857143 0.3715116279069767
0 0.06576655052264808 0.5040697674418605 0.10322299651567944 0.5040697674418605 0.10322299651567944 0.42267441860465116 0.06576655052264808 0.42267441860465116 0.06576655052264808 0.5040697674418605
0 0.6951219512195121 0.5203488372093024 0.7360627177700348 0.5203488372093024 0.7360627177700348 0.4436046511627907 0.6951219512195121 0.4436046511627907 0.6951219512195121 0.5203488372093024
0 0.578397212543554 0.6430232558139535 0.6263066202090593 0.6430232558139535 0.6263066202090593 0.5441860465116279 0.578397212543554 0.5441860465116279 0.578397212543554 0.6430232558139535
0 0.6990418118466899 0.8017441860465117 0.7530487804878049 0.8017441860465117 0.7530487804878049 0.6959302325581396 0.6990418118466899 0.6959302325581396 0.6990418118466899 0.8017441860465117
0 0.21123693379790942 0.8656976744186047 0.2626306620209059 0.8656976744186047 0.2626306620209059 0.7563953488372093 0.21123693379790942 0.7563953488372093 0.21123693379790942 0.8656976744186047
0 0.9486062717770035 0.5017441860465116 0.9895470383275261 0.5017441860465116 0.9895470383275261 0.4308139534883721 0.9486062717770035 0.4308139534883721 0.9486062717770035 0.5017441860465116
0 0.8236062717770035 0.525 0.8697735191637631 0.525 0.8697735191637631 0.438953488372093 0.8236062717770035 0.438953488372093 0.8236062717770035 0.525
0 0.47343205574912894 0.4848837209302326 0.5204703832752613 0.4848837209302326 0.5204703832752613 0.4046511627906977 0.47343205574912894 0.4046511627906977 0.47343205574912894 0.4848837209302326
0 0.9725609756097561 0.42441860465116277 0.9995644599303136 0.42441860465116277 0.9995644599303136 0.3546511627906977 0.9725609756097561 0.3546511627906977 0.9725609756097561 0.42441860465116277
0 0.4882404181184669 0.561046511627907 0.5326655052264808 0.561046511627907 0.5326655052264808 0.47151162790697676 0.4882404181184669 0.47151162790697676 0.4882404181184669 0.561046511627907
0 0.9725609756097561 0.363953488372093 0.9995644599303136 0.363953488372093 0.9995644599303136 0.3058139534883721 0.9725609756097561 0.3058139534883721 0.9725609756097561 0.363953488372093
0 0.005662020905923345 0.5232558139534884 0.03702090592334495 0.5232558139534884 0.03702090592334495 0.45 0.005662020905923345 0.45 0.005662020905923345 0.5232558139534884
0 0.6106271777003485 0.45232558139534884 0.6454703832752613 0.45232558139534884 0.6454703832752613 0.37790697674418605 0.6106271777003485 0.37790697674418605 0.6106271777003485 0.45232558139534884
0 0.13414634146341464 0.4459302325581395 0.16550522648083624 0.4459302325581395 0.16550522648083624 0.39244186046511625 0.13414634146341464 0.39244186046511625 0.13414634146341464 0.4459302325581395
0 0.13066202090592335 0.5261627906976745 0.1672473867595819 0.5261627906976745 0.1672473867595819 0.4517441860465116 0.13066202090592335 0.4517441860465116 0.13066202090592335 0.5261627906976745
0 0 0.6680232558139535 0.009581881533101045 0.6680232558139535 0.009581881533101045 0.6296511627906977 0 0.6296511627906977 0 0.6680232558139535
0 0.7974738675958188 0.42034883720930233 0.8323170731707317 0.42034883720930233 0.8323170731707317 0.3563953488372093 0.7974738675958188 0.3563953488372093 0.7974738675958188 0.42034883720930233