0 0.626937984496124 0.42054263565891475 0.7209302325581395 0.42054263565891475 0.7209302325581395 0.2693798449612403 0.626937984496124 0.2693798449612403 0.626937984496124 0.42054263565891475
0 0.40939922480620156 0.7299741602067183 0.5101744186046512 0.7299741602067183 0.5101744186046512 0.5439276485788114 0.40939922480620156 0.5439276485788114 0.40939922480620156 0.7299741602067183
0 0.16279069767441862 0.7532299741602068 0.2548449612403101 0.7532299741602068 0.2548449612403101 0.5633074935400517 0.16279069767441862 0.5633074935400517 0.16279069767441862 0.7532299741602068
0 0.8687015503875969 0.21705426356589147 0.9549418604651163 0.21705426356589147 0.9549418604651163 0.08914728682170543 0.8687015503875969 0.08914728682170543 0.8687015503875969 0.21705426356589147
0 0.5358527131782945 0.21059431524547803 0.6056201550387597 0.21059431524547803 0.6056201550387597 0.10335917312661498 0.5358527131782945 0.10335917312661498 0.5358527131782945 0.21059431524547803
0 0.7974806201550387 0.24160206718346253 0.8701550387596899 0.24160206718346253 0.8701550387596899 0.10852713178294573 0.7974806201550387 0.10852713178294573 0.7974806201550387 0.24160206718346253
0 0.45494186046511625 0.42764857881136953 0.5489341085271318 0.42764857881136953 0.5489341085271318 0.2751937984496124 0.45494186046511625 0.2751937984496124 0.45494186046511625 0.42764857881136953
0 0.9079457364341085 0 0.9079457364341085 0.10723514211886305 0.9825581395348837 0.10723514211886305 0.9825581395348837 0 0.9079457364341085 0
0 0.2548449612403101 0.7267441860465116 0.3546511627906977 0.7267441860465116 0.3546511627906977 0.5355297157622739 0.2548449612403101 0.5355297157622739 0.2548449612403101 0.7267441860465116
0 0.7136627906976745 0.2655038759689923 0.7999031007751938 0.2655038759689923 0.7999031007751938 0.13372093023255813 0.7136627906976745 0.13372093023255813 0.7136627906976745 0.2655038759689923
0 0.07655038759689922 0.7551679586563308 0.16569767441860464 0.7551679586563308 0.16569767441860464 0.5910852713178295 0.07655038759689922 0.5910852713178295 0.07655038759689922 0.7551679586563308
0 0.5484496124031008 0.4018087855297158 0.6308139534883721 0.4018087855297158 0.6308139534883721 0.25452196382428943 0.5484496124031008 0.25452196382428943 0.5484496124031008 0.4018087855297158
0 0.6211240310077519 0.2532299741602067 0.7073643410852714 0.2532299741602067 0.7073643410852714 0.12919896640826872 0.6211240310077519 0.12919896640826872 0.6211240310077519 0.2532299741602067
0 0.3541666666666667 0.6124031007751938 0.4500968992248062 0.6124031007751938 0.4500968992248062 0.4573643410852713 0.3541666666666667 0.4573643410852713 0.3541666666666667 0.6124031007751938
0 0.27761627906976744 0.47997416020671835 0.3551356589147287 0.47997416020671835 0.3551356589147287 0.36757105943152457 0.27761627906976744 0.36757105943152457 0.27761627906976744 0.47997416020671835
0 0.3250968992248062 0.772609819121447 0.4132751937984496 0.772609819121447 0.4132751937984496 0.5930232558139535 0.3250968992248062 0.5930232558139535 0.3250968992248062 0.772609819121447
0 0.7684108527131783 0.13049095607235142 0.8362403100775194 0.13049095607235142 0.8362403100775194 0.04392764857881137 0.7684108527131783 0.04392764857881137 0.7684108527131783 0.13049095607235142
0 0.025193798449612403 0.8837209302325582 0.09883720930232558 0.8837209302325582 0.09883720930232558 0.7493540051679587 0.025193798449612403 0.7493540051679587 0.025193798449612403 0.8837209302325582
0 0.10416666666666667 0.8662790697674418 0.20300387596899225 0.8662790697674418 0.20300387596899225 0.7177002583979328 0.10416666666666667 0.7177002583979328 0.10416666666666667 0.8662790697674418
0 0.09932170542635659 0.9664082687338501 0.20300387596899225 0.9664082687338501 0.20300387596899225 0.8036175710594315 0.09932170542635659 0.8036175710594315 0.09932170542635659 0.9664082687338501
0 0.011627906976744186 0.9767441860465116 0.09011627906976744 0.9767441860465116 0.09011627906976744 0.8449612403100775 0.011627906976744186 0.8449612403100775 0.011627906976744186 0.9767441860465116
0 0.8527131782945736 0 0.8527131782945736 0.08397932816537468 0.9079457364341085 0.08397932816537468 0.9079457364341085 0 0.8527131782945736 0
0 0.7272286821705426 0.07945736434108527 0.7902131782945736 0.07945736434108527 0.7902131782945736 0.01227390180878553 0.7272286821705426 0.01227390180878553 0.7272286821705426 0.07945736434108527
0 0.09011627906976744 0.9993540051679587 0.2005813953488372 0.9993540051679587 0.2005813953488372 0.915374677002584 0.09011627906976744 0.915374677002584 0.09011627906976744 0.9993540051679587
0 0.28488372093023256 0.5581395348837209 0.3691860465116279 0.5581395348837209 0.3691860465116279 0.4392764857881137 0.28488372093023256 0.4392764857881137 0.28488372093023256 0.5581395348837209
0 0.8255813953488372 0.12790697674418605 0.8934108527131783 0.12790697674418605 0.8934108527131783 0.031007751937984496 0.8255813953488372 0.031007751937984496 0.8255813953488372 0.12790697674418605
0 0.9636627906976745 0 0.9636627906976745 0.041343669250646 0.998546511627907 0.041343669250646 0.998546511627907 0 0.9636627906976745 0
0 0.5358527131782945 0.31976744186046513 0.6172480620155039 0.31976744186046513 0.6172480620155039 0.21382428940568476 0.5358527131782945 0.21382428940568476 0.5358527131782945 0.31976744186046513
0 0 0.9993540051679587 0.07655038759689922 0.9993540051679587 0.07655038759689922 0.9282945736434108 0 0.9282945736434108 0 0.9993540051679587
0 0.8236434108527132 0 0.8236434108527132 0.028423772609819122 0.8691860465116279 0.028423772609819122 0.8691860465116279 0 0.8236434108527132 0
0 0.6187015503875969 0.17183462532299743 0.6768410852713178 0.17183462532299743 0.6768410852713178 0.1020671834625323 0.6187015503875969 0.1020671834625323 0.6187015503875969 0.17183462532299743
0 0.6787790697674418 0.13113695090439276 0.750484496124031 0.13113695090439276 0.750484496124031 0.053617571059431525 0.6787790697674418 0.053617571059431525 0.6787790697674418 0.13113695090439276
0 0.44573643410852715 0.3404392764857881 0.5319767441860465 0.3404392764857881 0.5319767441860465 0.22286821705426357 0.44573643410852715 0.22286821705426357 0.44573643410852715 0.3404392764857881
0 0.7688953488372093 0 0.7688953488372093 0.03359173126614987 0.8212209302325582 0.03359173126614987 0.8212209302325582 0 0.7688953488372093 0
0 0.44137596899224807 0.29651162790697677 0.5208333333333334 0.29651162790697677 0.5208333333333334 0.1996124031007752 0.44137596899224807 0.1996124031007752 0.44137596899224807 0.29651162790697677
0 0.6923449612403101 0.187984496124031 0.7553294573643411 0.187984496124031 0.7553294573643411 0.07687338501291989 0.6923449612403101 0.07687338501291989 0.6923449612403101 0.187984496124031
0 0.9907945736434108 0.07170542635658915 0.999515503875969 0.07170542635658915 0.999515503875969 0.001937984496124031 0.9907945736434108 0.001937984496124031 0.9907945736434108 0.07170542635658915
0 0 0.8850129198966409 0.01937984496124031 0.8850129198966409 0.01937984496124031 0.7687338501291989 0 0.7687338501291989 0 0.8850129198966409
0 0.7969961240310077 0.053617571059431525 0.8425387596899225 0.053617571059431525 0.8425387596899225 0.01744186046511628 0.7969961240310077 0.01744186046511628 0.7969961240310077 0.053617571059431525
0 0.8948643410852714 0 0.8948643410852714 0.015503875968992248 0.9181201550387597 0.015503875968992248 0.9181201550387597 0 0.8948643410852714 0
0 0.6589147286821705 0 0.6589147286821705 0.06976744186046512 0.6928294573643411 0.06976744186046512 0.6928294573643411 0 0.6589147286821705 0
0 0.7112403100775194 0.1866925064599483 0.7877906976744186 0.1866925064599483 0.7877906976744186 0.10529715762273902 0.7112403100775194 0.10529715762273902 0.7112403100775194 0.1866925064599483