0 0.25813953488372093 0.9347826086956522 0.3372093023255814 0.9347826086956522 0.3372093023255814 0.8027950310559007 0.25813953488372093 0.8027950310559007 0.25813953488372093 0.9347826086956522
0 0.35174418604651164 0.6482919254658385 0.41569767441860467 0.6482919254658385 0.41569767441860467 0.531832298136646 0.35174418604651164 0.531832298136646 0.35174418604651164 0.6482919254658385
0 0.7662790697674419 1 0.7662790697674419 0.8928571428571429 0.6732558139534883 0.8928571428571429 0.6732558139534883 1 0.7662790697674419 1
0 0.8761627906976744 0.3330745341614907 0.9459302325581396 0.3330745341614907 0.9459302325581396 0.24767080745341616 0.8761627906976744 0.24767080745341616 0.8761627906976744 0.3330745341614907
0 0.5924418604651163 0.6537267080745341 0.6715116279069767 0.6537267080745341 0.6715116279069767 0.5496894409937888 0.5924418604651163 0.5496894409937888 0.5924418604651163 0.6537267080745341
0 0.8005813953488372 0.328416149068323 0.8691860465116279 0.328416149068323 0.8691860465116279 0.23835403726708074 0.8005813953488372 0.23835403726708074 0.8005813953488372 0.328416149068323
0 0.4255813953488372 0.30357142857142855 0.4790697674418605 0.30357142857142855 0.4790697674418605 0.20729813664596272 0.4255813953488372 0.20729813664596272 0.4255813953488372 0.30357142857142855
0 0.5709302325581396 0.2406832298136646 0.6232558139534884 0.2406832298136646 0.6232558139534884 0.15993788819875776 0.5709302325581396 0.15993788819875776 0.5709302325581396 0.2406832298136646
0 0.4761627906976744 0.7360248447204969 0.5412790697674419 0.7360248447204969 0.5412790697674419 0.6350931677018633 0.4761627906976744 0.6350931677018633 0.4761627906976744 0.7360248447204969
0 0.7162790697674418 0.3517080745341615 0.7848837209302325 0.3517080745341615 0.7848837209302325 0.26009316770186336 0.7162790697674418 0.26009316770186336 0.7162790697674418 0.3517080745341615
0 0.6098837209302326 0.2732919254658385 0.6680232558139535 0.2732919254658385 0.6680232558139535 0.20031055900621117 0.6098837209302326 0.20031055900621117 0.6098837209302326 0.2732919254658385
0 0.6703488372093023 0.4355590062111801 0.7366279069767442 0.4355590062111801 0.7366279069767442 0.34860248447204967 0.6703488372093023 0.34860248447204967 0.6703488372093023 0.4355590062111801
0 0.5709302325581396 0.3555900621118012 0.6267441860465116 0.3555900621118012 0.6267441860465116 0.2857142857142857 0.5709302325581396 0.2857142857142857 0.5709302325581396 0.3555900621118012
0 0.522093023255814 0.8338509316770186 0.6023255813953489 0.8338509316770186 0.6023255813953489 0.7127329192546584 0.522093023255814 0.7127329192546584 0.522093023255814 0.8338509316770186
0 0.5668604651162791 0.5760869565217391 0.6168604651162791 0.5760869565217391 0.6168604651162791 0.4829192546583851 0.5668604651162791 0.4829192546583851 0.5668604651162791 0.5760869565217391
0 0.7197674418604652 0.5093167701863354 0.786046511627907 0.5093167701863354 0.786046511627907 0.4083850931677019 0.7197674418604652 0.4083850931677019 0.7197674418604652 0.5093167701863354
0 0.6994186046511628 0 0.6994186046511628 0.06366459627329192 0.7563953488372093 0.06366459627329192 0.7563953488372093 0 0.6994186046511628 0
0 0.38895348837209304 0.42391304347826086 0.4563953488372093 0.42391304347826086 0.4563953488372093 0.33695652173913043 0.38895348837209304 0.33695652173913043 0.38895348837209304 0.42391304347826086
0 0.8168604651162791 0.906055900621118 0.8924418604651163 0.906055900621118 0.8924418604651163 0.7958074534161491 0.8168604651162791 0.7958074534161491 0.8168604651162791 0.906055900621118
0 0.4191860465116279 0.937111801242236 0.4994186046511628 0.937111801242236 0.4994186046511628 0.8066770186335404 0.4191860465116279 0.8066770186335404 0.4191860465116279 0.937111801242236
0 0.40813953488372096 0.47903726708074534 0.4744186046511628 0.47903726708074534 0.4744186046511628 0.3982919254658385 0.40813953488372096 0.3982919254658385 0.40813953488372096 0.47903726708074534
0 0.33372093023255817 0.9029503105590062 0.4116279069767442 0.9029503105590062 0.4116279069767442 0.7833850931677019 0.33372093023255817 0.7833850931677019 0.33372093023255817 0.9029503105590062
0 0.5046511627906977 0.968944099378882 0.5895348837209302 0.968944099378882 0.5895348837209302 0.8307453416149069 0.5046511627906977 0.8307453416149069 0.5046511627906977 0.968944099378882
0 0.7488372093023256 0.26242236024844723 0.8058139534883721 0.26242236024844723 0.8058139534883721 0.17857142857142858 0.7488372093023256 0.17857142857142858 0.7488372093023256 0.26242236024844723
0 0.5174418604651163 0.484472049689441 0.5744186046511628 0.484472049689441 0.5744186046511628 0.4254658385093168 0.5174418604651163 0.4254658385093168 0.5174418604651163 0.484472049689441
0 0.7476744186046511 0.09937888198757763 0.8104651162790698 0.09937888198757763 0.8104651162790698 0.013975155279503106 0.7476744186046511 0.013975155279503106 0.7476744186046511 0.09937888198757763
0 0.44069767441860463 0.5240683229813664 0.5046511627906977 0.5240683229813664 0.5046511627906977 0.4495341614906832 0.44069767441860463 0.4495341614906832 0.44069767441860463 0.5240683229813664
0 0.6784883720930233 0.6211180124223602 0.747093023255814 0.6211180124223602 0.747093023255814 0.5217391304347826 0.6784883720930233 0.5217391304347826 0.6784883720930233 0.6211180124223602
0 0.4790697674418605 0.3004658385093168 0.5383720930232558 0.3004658385093168 0.5383720930232558 0.22282608695652173 0.4790697674418605 0.22282608695652173 0.4790697674418605 0.3004658385093168
0 0.41686046511627906 0.6413043478260869 0.4808139534883721 0.6413043478260869 0.4808139534883721 0.5419254658385093 0.41686046511627906 0.5419254658385093 0.41686046511627906 0.6413043478260869
0 0.6424418604651163 0.37111801242236025 0.6866279069767441 0.37111801242236025 0.6866279069767441 0.3027950310559006 0.6424418604651163 0.3027950310559006 0.6424418604651163 0.37111801242236025
0 0.5883720930232558 0.45729813664596275 0.6523255813953488 0.45729813664596275 0.6523255813953488 0.3796583850931677 0.5883720930232558 0.3796583850931677 0.5883720930232558 0.45729813664596275
0 0.5023255813953489 0.3299689440993789 0.563953488372093 0.3299689440993789 0.563953488372093 0.27096273291925466 0.5023255813953489 0.27096273291925466 0.5023255813953489 0.3299689440993789
0 0.6837209302325581 0.2701863354037267 0.727906976744186 0.2701863354037267 0.727906976744186 0.2127329192546584 0.6837209302325581 0.2127329192546584 0.6837209302325581 0.2701863354037267
0 0.4924418604651163 0.6203416149068323 0.5691860465116279 0.6203416149068323 0.5691860465116279 0.514751552795031 0.4924418604651163 0.514751552795031 0.4924418604651163 0.6203416149068323
0 0.48255813953488375 0.4277950310559006 0.5267441860465116 0.4277950310559006 0.5267441860465116 0.3532608695652174 0.48255813953488375 0.3532608695652174 0.48255813953488375 0.4277950310559006
0 0.8546511627906976 0 0.8546511627906976 0.009316770186335404 0.8988372093023256 0.009316770186335404 0.8988372093023256 0 0.8546511627906976 0
0 0.4104651162790698 0.7934782608695652 0.4686046511627907 0.7934782608695652 0.4686046511627907 0.6816770186335404 0.4104651162790698 0.6816770186335404 0.4104651162790698 0.7934782608695652
0 0.6069767441860465 0 0.6069767441860465 0.015527950310559006 0.65 0.015527950310559006 0.65 0 0.6069767441860465 0
0 0.6476744186046511 0.21428571428571427 0.6918604651162791 0.21428571428571427 0.6918604651162791 0.13664596273291926 0.6476744186046511 0.13664596273291926 0.6476744186046511 0.21428571428571427
0 0.6953488372093023 0.18711180124223603 0.75 0.18711180124223603 0.75 0.1358695652173913 0.6953488372093023 0.1358695652173913 0.6953488372093023 0.18711180124223603
0 0.7895348837209303 0 0.7895348837209303 0.046583850931677016 0.8302325581395349 0.046583850931677016 0.8302325581395349 0 0.7895348837209303 0