0 0.5765503875968992 0.4392764857881137 0.6676356589147286 0.4392764857881137 0.6676356589147286 0.29198966408268734 0.5765503875968992 0.29198966408268734 0.5765503875968992 0.4392764857881137
0 0.8357558139534884 0.14470284237726097 0.9161821705426356 0.14470284237726097 0.9161821705426356 0.03359173126614987 0.8357558139534884 0.03359173126614987 0.8357558139534884 0.14470284237726097
0 0.437015503875969 0.5678294573643411 0.5329457364341085 0.5678294573643411 0.5329457364341085 0.39987080103359174 0.437015503875969 0.39987080103359174 0.437015503875969 0.5678294573643411
0 0.29069767441860467 0.49547803617571057 0.37112403100775193 0.49547803617571057 0.37112403100775193 0.35594315245478036 0.29069767441860467 0.35594315245478036 0.29069767441860467 0.49547803617571057
0 0.2999031007751938 0.7280361757105943 0.40261627906976744 0.7280361757105943 0.40261627906976744 0.5458656330749354 0.2999031007751938 0.5458656330749354 0.2999031007751938 0.7280361757105943
0 0.7325581395348837 0.2558139534883721 0.8197674418604651 0.2558139534883721 0.8197674418604651 0.12661498708010335 0.7325581395348837 0.12661498708010335 0.7325581395348837 0.2558139534883721
0 0.4811046511627907 0.458656330749354 0.5741279069767442 0.458656330749354 0.5741279069767442 0.2997416020671835 0.4811046511627907 0.2997416020671835 0.4811046511627907 0.458656330749354
0 0.08333333333333333 0.9677002583979328 0.18313953488372092 0.9677002583979328 0.18313953488372092 0.7648578811369509 0.08333333333333333 0.7648578811369509 0.08333333333333333 0.9677002583979328
0 0.03343023255813953 0.7021963824289406 0.10998062015503876 0.7021963824289406 0.10998062015503876 0.5562015503875969 0.03343023255813953 0.5562015503875969 0.03343023255813953 0.7021963824289406
0 0.21463178294573643 0.560077519379845 0.2911821705426357 0.560077519379845 0.2911821705426357 0.4437984496124031 0.21463178294573643 0.4437984496124031 0.21463178294573643 0.560077519379845
0 0.4903100775193798 0.3016795865633075 0.5591085271317829 0.3016795865633075 0.5591085271317829 0.19444444444444445 0.4903100775193798 0.19444444444444445 0.4903100775193798 0.3016795865633075
0 0.6458333333333334 0.28229974160206717 0.7311046511627907 0.28229974160206717 0.7311046511627907 0.15180878552971577 0.6458333333333334 0.15180878552971577 0.6458333333333334 0.28229974160206717
0 0.20978682170542637 0.7493540051679587 0.29893410852713176 0.7493540051679587 0.29893410852713176 0.5568475452196382 0.20978682170542637 0.5568475452196382 0.20978682170542637 0.7493540051679587
0 0.7737403100775194 0.16343669250645995 0.8386627906976745 0.16343669250645995 0.8386627906976745 0.053617571059431525 0.7737403100775194 0.053617571059431525 0.7737403100775194 0.16343669250645995
0 0.36724806201550386 0.5381136950904393 0.4428294573643411 0.5381136950904393 0.4428294573643411 0.3830749354005168 0.36724806201550386 0.3830749354005168 0.36724806201550386 0.5381136950904393
0 0.08381782945736434 0.8016795865633075 0.17199612403100775 0.8016795865633075 0.17199612403100775 0.6698966408268734 0.08381782945736434 0.6698966408268734 0.08381782945736434 0.8016795865633075
0 0.3561046511627907 0.3242894056847545 0.42102713178294576 0.3242894056847545 0.42102713178294576 0.2144702842377261 0.3561046511627907 0.2144702842377261 0.3561046511627907 0.3242894056847545
0 0.43459302325581395 0.40633074935400515 0.498546511627907 0.40633074935400515 0.498546511627907 0.28229974160206717 0.43459302325581395 0.28229974160206717 0.43459302325581395 0.40633074935400515
0 0.15746124031007752 0.7099483204134367 0.22722868217054262 0.7099483204134367 0.22722868217054262 0.5329457364341085 0.15746124031007752 0.5329457364341085 0.15746124031007752 0.7099483204134367
0 0.3648255813953488 0.39599483204134367 0.4326550387596899 0.39599483204134367 0.4326550387596899 0.30426356589147285 0.3648255813953488 0.30426356589147285 0.3648255813953488 0.39599483204134367
0 0.5494186046511628 0.3313953488372093 0.6385658914728682 0.3313953488372093 0.6385658914728682 0.23578811369509045 0.5494186046511628 0.23578811369509045 0.5494186046511628 0.3313953488372093
0 0.5658914728682171 0.28294573643410853 0.6482558139534884 0.28294573643410853 0.6482558139534884 0.16925064599483206 0.5658914728682171 0.16925064599483206 0.5658914728682171 0.28294573643410853
0 0.2824612403100775 0.5904392764857881 0.375484496124031 0.5904392764857881 0.375484496124031 0.47416020671834624 0.2824612403100775 0.47416020671834624 0.2824612403100775 0.5904392764857881
0 0.7422480620155039 0.08333333333333333 0.8062015503875969 0.08333333333333333 0.8062015503875969 0.020025839793281652 0.7422480620155039 0.020025839793281652 0.7422480620155039 0.08333333333333333
0 0.6671511627906976 0.11886304909560723 0.7369186046511628 0.11886304909560723 0.7369186046511628 0.037467700258397935 0.6671511627906976 0.037467700258397935 0.6671511627906976 0.11886304909560723
0 0.810077519379845 0.07364341085271318 0.876937984496124 0.07364341085271318 0.876937984496124 0.007751937984496124 0.810077519379845 0.007751937984496124 0.810077519379845 0.07364341085271318
0 0.7189922480620154 0 0.7189922480620154 0.06459948320413436 0.7781007751937985 0.06459948320413436 0.7781007751937985 0 0.7189922480620154 0
0 0 0.7777777777777778 0.015503875968992248 0.7777777777777778 0.015503875968992248 0.6472868217054264 0 0.6472868217054264 0 0.7777777777777778
0 0.8546511627906976 0 0.8546511627906976 0.031007751937984496 0.9031007751937985 0.031007751937984496 0.9031007751937985 0 0.8546511627906976 0
0 0.7868217054263565 0 0.7868217054263565 0.046511627906976744 0.8546511627906976 0.046511627906976744 0.8546511627906976 0 0.7868217054263565 0
0 0.5406976744186046 0.16795865633074936 0.5959302325581395 0.16795865633074936 0.5959302325581395 0.056847545219638244 0.5406976744186046 0.056847545219638244 0.5406976744186046 0.16795865633074936
0 0.7151162790697675 0.19638242894056848 0.7829457364341085 0.19638242894056848 0.7829457364341085 0.07493540051679587 0.7151162790697675 0.07493540051679587 0.7151162790697675 0.19638242894056848
0 0.689922480620155 0.1388888888888889 0.7412790697674418 0.1388888888888889 0.7412790697674418 0.06782945736434108 0.689922480620155 0.06782945736434108 0.689922480620155 0.1388888888888889
0 0.6332364341085271 0.21511627906976744 0.7126937984496124 0.21511627906976744 0.7126937984496124 0.1182170542635659 0.6332364341085271 0.1182170542635659 0.6332364341085271 0.21511627906976744