0 0.9098837209302325 0 0.9098837209302325 0.07298136645962733 0.9726744186046512 0.07298136645962733 0.9726744186046512 0 0.9098837209302325 0
0 0.7982558139534883 0.30667701863354035 0.8738372093023256 0.30667701863354035 0.8738372093023256 0.20729813664596272 0.7982558139534883 0.20729813664596272 0.7982558139534883 0.30667701863354035
0 0.41627906976744183 1 0.41627906976744183 0.8881987577639752 0.32906976744186045 0.8881987577639752 0.32906976744186045 1 0.41627906976744183 1
0 0.43953488372093025 0.59472049689441 0.5034883720930232 0.59472049689441 0.5034883720930232 0.4751552795031056 0.43953488372093025 0.4751552795031056 0.43953488372093025 0.59472049689441
0 0.49127906976744184 0.9301242236024845 0.5691860465116279 0.9301242236024845 0.5691860465116279 0.8214285714285714 0.49127906976744184 0.8214285714285714 0.49127906976744184 0.9301242236024845
0 0.5633720930232559 0.889751552795031 0.6482558139534884 0.889751552795031 0.6482558139534884 0.7857142857142857 0.5633720930232559 0.7857142857142857 0.5633720930232559 0.889751552795031
0 0.6767441860465117 0.3858695652173913 0.7348837209302326 0.3858695652173913 0.7348837209302326 0.29891304347826086 0.6767441860465117 0.29891304347826086 0.6767441860465117 0.3858695652173913
0 0.7034883720930233 0.4937888198757764 0.7744186046511627 0.4937888198757764 0.7744186046511627 0.39751552795031053 0.7034883720930233 0.39751552795031053 0.7034883720930233 0.4937888198757764
0 0.5680232558139535 0.3718944099378882 0.6296511627906977 0.3718944099378882 0.6296511627906977 0.26319875776397517 0.5680232558139535 0.26319875776397517 0.5680232558139535 0.3718944099378882
0 0.6558139534883721 0 0.6558139534883721 0.046583850931677016 0.7046511627906977 0.046583850931677016 0.7046511627906977 0 0.6558139534883721 0
0 0.6075581395348837 0.4720496894409938 0.6715116279069767 0.4720496894409938 0.6715116279069767 0.3804347826086957 0.6075581395348837 0.3804347826086957 0.6075581395348837 0.4720496894409938
0 0.5383720930232558 0.6847826086956522 0.6162790697674418 0.6847826086956522 0.6162790697674418 0.5388198757763976 0.5383720930232558 0.5388198757763976 0.5383720930232558 0.6847826086956522
0 0.5947674418604652 0.08462732919254658 0.6552325581395348 0.08462732919254658 0.6552325581395348 0.0007763975155279503 0.5947674418604652 0.0007763975155279503 0.5947674418604652 0.08462732919254658
0 0.35174418604651164 0.889751552795031 0.42616279069767443 0.889751552795031 0.42616279069767443 0.7608695652173914 0.35174418604651164 0.7608695652173914 0.35174418604651164 0.889751552795031
0 0.4331395348837209 0.8097826086956522 0.5122093023255814 0.8097826086956522 0.5122093023255814 0.6964285714285714 0.4331395348837209 0.6964285714285714 0.4331395348837209 0.8097826086956522
0 0.6906976744186046 0.24378881987577639 0.7511627906976744 0.24378881987577639 0.7511627906976744 0.14751552795031056 0.6906976744186046 0.14751552795031056 0.6906976744186046 0.24378881987577639
0 0.7058139534883721 0 0.7058139534883721 0.055900621118012424 0.7651162790697674 0.055900621118012424 0.7651162790697674 0 0.7058139534883721 0
0 0.40988372093023256 0.9720496894409938 0.49011627906976746 0.9720496894409938 0.49011627906976746 0.8664596273291926 0.40988372093023256 0.8664596273291926 0.40988372093023256 0.9720496894409938
0 0.6883720930232559 0.13354037267080746 0.7430232558139535 0.13354037267080746 0.7430232558139535 0.06366459627329192 0.6883720930232559 0.06366459627329192 0.6883720930232559 0.13354037267080746
0 0.7563953488372093 0.13664596273291926 0.8203488372093023 0.13664596273291926 0.8203488372093023 0.04503105590062112 0.7563953488372093 0.04503105590062112 0.7563953488372093 0.13664596273291926
0 0.6273255813953489 0.2748447204968944 0.6843023255813954 0.2748447204968944 0.6843023255813954 0.17857142857142858 0.6273255813953489 0.17857142857142858 0.6273255813953489 0.2748447204968944
0 0.7808139534883721 0 0.7808139534883721 0.06677018633540373 0.8459302325581395 0.06677018633540373 0.8459302325581395 0 0.7808139534883721 0
0 0.6284883720930232 0.17313664596273293 0.6808139534883721 0.17313664596273293 0.6808139534883721 0.09704968944099379 0.6284883720930232 0.09704968944099379 0.6284883720930232 0.17313664596273293
0 0.6267441860465116 0.27562111801242234 0.6883720930232559 0.27562111801242234 0.6883720930232559 0.14518633540372672 0.6267441860465116 0.14518633540372672 0.6267441860465116 0.27562111801242234