0 0.3177154582763338 0.7868852459016393 0.5071819425444597 0.7868852459016393 0.5071819425444597 0.5227686703096539 0.3177154582763338 0.5227686703096539 0.3177154582763338 0.7868852459016393
0 0.25786593707250344 0.5737704918032787 0.43980848153214774 0.5737704918032787 0.43980848153214774 0.34335154826958103 0.25786593707250344 0.34335154826958103 0.25786593707250344 0.5737704918032787
0 0.417578659370725 0.6466302367941712 0.5646374829001368 0.6466302367941712 0.5646374829001368 0.4198542805100182 0.417578659370725 0.4198542805100182 0.417578659370725 0.6466302367941712
0 0.3854309165526676 0.401183970856102 0.5085499316005472 0.401183970856102 0.5085499316005472 0.19171220400728597 0.3854309165526676 0.19171220400728597 0.3854309165526676 0.401183970856102
0 0.12517099863201095 0.23451730418943534 0.2503419972640219 0.23451730418943534 0.2503419972640219 0.06693989071038252 0.12517099863201095 0.06693989071038252 0.12517099863201095 0.23451730418943534
0 0.2657318741450068 0.28233151183970856 0.3813269493844049 0.28233151183970856 0.3813269493844049 0.10564663023679417 0.2657318741450068 0.10564663023679417 0.2657318741450068 0.28233151183970856
0 0.5232558139534884 0.31876138433515483 0.6272229822161423 0.31876138433515483 0.6272229822161423 0.14845173041894352 0.5232558139534884 0.14845173041894352 0.5232558139534884 0.31876138433515483
0 0.4059507523939809 0.1830601092896175 0.49623803009575923 0.1830601092896175 0.49623803009575923 0.030965391621129327 0.4059507523939809 0.030965391621129327 0.4059507523939809 0.1830601092896175
0 0.811217510259918 0.3866120218579235 0.9021887824897401 0.3866120218579235 0.9021887824897401 0.21539162112932606 0.811217510259918 0.21539162112932606 0.811217510259918 0.3866120218579235
0 0.3081395348837209 0.16894353369763207 0.40253077975376195 0.16894353369763207 0.40253077975376195 0.03051001821493625 0.3081395348837209 0.03051001821493625 0.3081395348837209 0.16894353369763207
0 0.22366621067031464 0.18123861566484517 0.3002735978112175 0.18123861566484517 0.3002735978112175 0.04644808743169399 0.22366621067031464 0.04644808743169399 0.22366621067031464 0.18123861566484517
0 0.15800273597811218 0 0.15800273597811218 0.058287795992714025 0.2476060191518468 0.058287795992714025 0.2476060191518468 0 0.15800273597811218 0
0 0.24589603283173733 0 0.24589603283173733 0.06557377049180328 0.323187414500684 0.06557377049180328 0.323187414500684 0 0.24589603283173733 0
0 0.3259233926128591 0 0.3259233926128591 0.039162112932604735 0.41347469220246236 0.039162112932604735 0.41347469220246236 0 0.3259233926128591 0