0 0.4801641586867305 0.7463570127504554 0.6450068399452804 0.7463570127504554 0.6450068399452804 0.5623861566484517 0.4801641586867305 0.5623861566484517 0.4801641586867305 0.7463570127504554
0 0.28488372093023256 0.7258652094717668 0.463406292749658 0.7258652094717668 0.463406292749658 0.4763205828779599 0.28488372093023256 0.4763205828779599 0.28488372093023256 0.7258652094717668
0 0.6870725034199726 0.5377959927140255 0.810875512995896 0.5377959927140255 0.810875512995896 0.3292349726775956 0.6870725034199726 0.3292349726775956 0.6870725034199726 0.5377959927140255
0 0.33036935704514364 0.7978142076502732 0.493844049247606 0.7978142076502732 0.493844049247606 0.6211293260473588 0.33036935704514364 0.6211293260473588 0.33036935704514364 0.7978142076502732
0 0.2301641586867305 0.4553734061930783 0.35259917920656636 0.4553734061930783 0.35259917920656636 0.19216757741347906 0.2301641586867305 0.19216757741347906 0.2301641586867305 0.4553734061930783
0 0.3645690834473324 0.6038251366120219 0.53077975376197 0.6038251366120219 0.53077975376197 0.3770491803278688 0.3645690834473324 0.3770491803278688 0.3645690834473324 0.6038251366120219
0 0.3539671682626539 0.4107468123861566 0.490766073871409 0.4107468123861566 0.490766073871409 0.23224043715846995 0.3539671682626539 0.23224043715846995 0.3539671682626539 0.4107468123861566
0 0.17783857729138167 0.3073770491803279 0.3166894664842681 0.3073770491803279 0.3166894664842681 0.12340619307832422 0.17783857729138167 0.12340619307832422 0.17783857729138167 0.3073770491803279
0 0.12004103967168263 0.1621129326047359 0.2212722298221614 0.1621129326047359 0.2212722298221614 0.007285974499089253 0.12004103967168263 0.007285974499089253 0.12004103967168263 0.1621129326047359
0 0.41347469220246236 0.3510928961748634 0.5283857729138167 0.3510928961748634 0.5283857729138167 0.18169398907103826 0.41347469220246236 0.18169398907103826 0.41347469220246236 0.3510928961748634
0 0.39158686730506154 0 0.39158686730506154 0.122040072859745 0.46614227086183313 0.122040072859745 0.46614227086183313 0 0.39158686730506154 0
0 0 0.36657559198542805 0.032147742818057455 0.36657559198542805 0.032147742818057455 0.1871584699453552 0 0.1871584699453552 0 0.36657559198542805
0 0.22264021887824897 0.17349726775956284 0.32729138166894667 0.17349726775956284 0.32729138166894667 0.052367941712204005 0.22264021887824897 0.052367941712204005 0.22264021887824897 0.17349726775956284
0 0.1658686730506156 0 0.1658686730506156 0.060109289617486336 0.2643638850889193 0.060109289617486336 0.2643638850889193 0 0.1658686730506156 0
0 0.8183994528043775 0.6438979963570127 0.8936388508891929 0.6438979963570127 0.8936388508891929 0.5655737704918032 0.8183994528043775 0.5655737704918032 0.8183994528043775 0.6438979963570127