0 0.286593707250342 0.7117486338797814 0.4890560875512996 0.7117486338797814 0.4890560875512996 0.45309653916211295 0.286593707250342 0.45309653916211295 0.286593707250342 0.7117486338797814
0 0.1347469220246238 0.3073770491803279 0.2715458276333789 0.3073770491803279 0.2715458276333789 0.1197632058287796 0.1347469220246238 0.1197632058287796 0.1347469220246238 0.3073770491803279
0 0.41894664842681256 0.49635701275045535 0.5550615595075239 0.49635701275045535 0.5550615595075239 0.2668488160291439 0.41894664842681256 0.2668488160291439 0.41894664842681256 0.49635701275045535
0 0.28830369357045144 0.3633879781420765 0.41347469220246236 0.3633879781420765 0.41347469220246236 0.1703096539162113 0.28830369357045144 0.1703096539162113 0.28830369357045144 0.3633879781420765
0 0.46443228454172364 0.7336065573770492 0.6258549931600548 0.7336065573770492 0.6258549931600548 0.5441712204007286 0.46443228454172364 0.5441712204007286 0.46443228454172364 0.7336065573770492
0 0.5642954856361149 0.3929872495446266 0.6744186046511628 0.3929872495446266 0.6744186046511628 0.2099271402550091 0.5642954856361149 0.2099271402550091 0.5642954856361149 0.3929872495446266
0 0.4353625170998632 0.2395264116575592 0.5311217510259918 0.2395264116575592 0.5311217510259918 0.07650273224043716 0.4353625170998632 0.07650273224043716 0.4353625170998632 0.2395264116575592
0 0.3286593707250342 0.2226775956284153 0.4333105335157319 0.2226775956284153 0.4333105335157319 0.08151183970856102 0.3286593707250342 0.08151183970856102 0.3286593707250342 0.2226775956284153
0 0.8604651162790697 0.45901639344262296 0.9562243502051984 0.45901639344262296 0.9562243502051984 0.27595628415300544 0.8604651162790697 0.27595628415300544 0.8604651162790697 0.45901639344262296
0 0.16723666210670315 0 0.16723666210670315 0.11020036429872496 0.26367989056087554 0.11020036429872496 0.26367989056087554 0 0.16723666210670315 0
0 0.26744186046511625 0 0.26744186046511625 0.1092896174863388 0.3447332421340629 0.1092896174863388 0.3447332421340629 0 0.26744186046511625 0
0 0.3816689466484268 0.7795992714025501 0.5465116279069767 0.7795992714025501 0.5465116279069767 0.6794171220400729 0.3816689466484268 0.6794171220400729 0.3816689466484268 0.7795992714025501
0 0.3484952120383037 0 0.3484952120383037 0.09562841530054644 0.4408344733242134 0.09562841530054644 0.4408344733242134 0 0.3484952120383037 0
0 0.23495212038303692 0.24089253187613843 0.32113543091655267 0.24089253187613843 0.32113543091655267 0.09608378870673953 0.23495212038303692 0.09608378870673953 0.23495212038303692 0.24089253187613843