0 0.46580027359781123 0.74408014571949 0.6354309165526676 0.74408014571949 0.6354309165526676 0.5136612021857924 0.46580027359781123 0.5136612021857924 0.46580027359781123 0.74408014571949
0 0.3071135430916553 0.7973588342440802 0.46580027359781123 0.7973588342440802 0.46580027359781123 0.47404371584699456 0.3071135430916553 0.47404371584699456 0.3071135430916553 0.7973588342440802
0 0.1436388508891929 0.35837887067395263 0.2756497948016416 0.35837887067395263 0.2756497948016416 0.1552823315118397 0.1436388508891929 0.1552823315118397 0.1436388508891929 0.35837887067395263
0 0.26880984952120385 0.38342440801457195 0.4076607387140903 0.38342440801457195 0.4076607387140903 0.2167577413479053 0.26880984952120385 0.2167577413479053 0.26880984952120385 0.38342440801457195
0 0.5194938440492476 0.6174863387978142 0.670656634746922 0.6174863387978142 0.670656634746922 0.4198542805100182 0.5194938440492476 0.4198542805100182 0.5194938440492476 0.6174863387978142
0 0.22879616963064295 0.5919854280510018 0.4127906976744186 0.5919854280510018 0.4127906976744186 0.3524590163934426 0.22879616963064295 0.3524590163934426 0.22879616963064295 0.5919854280510018
0 0.47024623803009574 0.2773224043715847 0.5625854993160054 0.2773224043715847 0.5625854993160054 0.11794171220400729 0.47024623803009574 0.11794171220400729 0.47024623803009574 0.2773224043715847
0 0.2021203830369357 0.22950819672131148 0.32045143638850887 0.22950819672131148 0.32045143638850887 0.061930783242258654 0.2021203830369357 0.061930783242258654 0.2021203830369357 0.22950819672131148
0 0.45588235294117646 0 0.45588235294117646 0.122040072859745 0.5379616963064295 0.122040072859745 0.5379616963064295 0 0.45588235294117646 0
0 0.0003419972640218878 0.6989981785063752 0.04138166894664843 0.6989981785063752 0.04138166894664843 0.46948998178506374 0.0003419972640218878 0.46948998178506374 0.0003419972640218878 0.6989981785063752
0 0.28488372093023256 0.19080145719489983 0.37243502051983585 0.19080145719489983 0.37243502051983585 0.04326047358834244 0.28488372093023256 0.04326047358834244 0.28488372093023256 0.19080145719489983
0 0.31326949384404923 0.14617486338797814 0.4110807113543092 0.14617486338797814 0.4110807113543092 0.004098360655737705 0.31326949384404923 0.004098360655737705 0.31326949384404923 0.14617486338797814
0 0.17510259917920656 0.13615664845173042 0.2715458276333789 0.13615664845173042 0.2715458276333789 0.004098360655737705 0.17510259917920656 0.004098360655737705 0.17510259917920656 0.13615664845173042
0 0.38269493844049246 0 0.38269493844049246 0.10746812386156648 0.4469904240766074 0.10746812386156648 0.4469904240766074 0 0.38269493844049246 0
0 0.23392612859097128 0 0.23392612859097128 0.042805100182149364 0.3221614227086183 0.042805100182149364 0.3221614227086183 0 0.23392612859097128 0
0 0.15355677154582764 0 0.15355677154582764 0.04189435336976321 0.22811217510259918 0.04189435336976321 0.22811217510259918 0 0.15355677154582764 0