0 0.2554719562243502 0.5765027322404371 0.40800273597811215 0.5765027322404371 0.40800273597811215 0.29508196721311475 0.2554719562243502 0.29508196721311475 0.2554719562243502 0.5765027322404371
0 0.4100547195622435 0.558287795992714 0.5448016415868673 0.558287795992714 0.5448016415868673 0.33970856102003644 0.4100547195622435 0.33970856102003644 0.4100547195622435 0.558287795992714
0 0.5188098495212038 0.6224954462659381 0.6419288645690835 0.6224954462659381 0.6419288645690835 0.4166666666666667 0.5188098495212038 0.4166666666666667 0.5188098495212038 0.6224954462659381
0 0.2048563611491108 0.4089253187613843 0.3389192886456908 0.4089253187613843 0.3389192886456908 0.21129326047358835 0.2048563611491108 0.21129326047358835 0.2048563611491108 0.4089253187613843
0 0.1631326949384405 0.1894353369763206 0.2753077975376197 0.1894353369763206 0.2753077975376197 0.037340619307832425 0.1631326949384405 0.037340619307832425 0.1631326949384405 0.1894353369763206
0 0.34131326949384405 0.3966302367941712 0.472640218878249 0.3966302367941712 0.472640218878249 0.18989071038251365 0.34131326949384405 0.18989071038251365 0.34131326949384405 0.3966302367941712
0 0.5324897400820794 0.7404371584699454 0.6713406292749658 0.7404371584699454 0.6713406292749658 0.5856102003642987 0.5324897400820794 0.5856102003642987 0.5324897400820794 0.7404371584699454
0 0.5222298221614227 0.3224043715846995 0.6234610123119015 0.3224043715846995 0.6234610123119015 0.16393442622950818 0.5222298221614227 0.16393442622950818 0.5222298221614227 0.3224043715846995
0 0.07181942544459645 0 0.07181942544459645 0.11202185792349727 0.14979480164158687 0.11202185792349727 0.14979480164158687 0 0.07181942544459645 0
0 0.5495896032831737 0.48816029143898 0.6590287277701778 0.48816029143898 0.6590287277701778 0.32604735883424407 0.5495896032831737 0.32604735883424407 0.5495896032831737 0.48816029143898
0 0.43091655266757867 0.2755009107468124 0.5273597811217511 0.2755009107468124 0.5273597811217511 0.11247723132969034 0.43091655266757867 0.11247723132969034 0.43091655266757867 0.2755009107468124
0 0.25991792065663477 0.2609289617486339 0.3679890560875513 0.2609289617486339 0.3679890560875513 0.1470856102003643 0.25991792065663477 0.1470856102003643 0.25991792065663477 0.2609289617486339
0 0.7366621067031464 0.6794171220400729 0.86593707250342 0.6794171220400729 0.86593707250342 0.5355191256830601 0.7366621067031464 0.5355191256830601 0.7366621067031464 0.6794171220400729
0 0.28214774281805743 0.12750455373406194 0.3655950752393981 0.12750455373406194 0.3655950752393981 0.009107468123861567 0.28214774281805743 0.009107468123861567 0.28214774281805743 0.12750455373406194
0 0.31497948016415867 0.1848816029143898 0.4168946648426813 0.1848816029143898 0.4168946648426813 0.10109289617486339 0.31497948016415867 0.10109289617486339 0.31497948016415867 0.1848816029143898
0 0.43399452804377564 0.11020036429872496 0.5078659370725034 0.11020036429872496 0.5078659370725034 0.03278688524590164 0.43399452804377564 0.03278688524590164 0.43399452804377564 0.11020036429872496
0 0.37209302325581395 0.16256830601092895 0.4411764705882353 0.16256830601092895 0.4411764705882353 0.06693989071038252 0.37209302325581395 0.06693989071038252 0.37209302325581395 0.16256830601092895
0 0.34678522571819426 0 0.34678522571819426 0.05555555555555555 0.420656634746922 0.05555555555555555 0.420656634746922 0 0.34678522571819426 0
0 0.43057455540355677 0 0.43057455540355677 0.04189435336976321 0.5017099863201094 0.04189435336976321 0.5017099863201094 0 0.43057455540355677 0
0 0.1993844049247606 0 0.1993844049247606 0.08014571948998178 0.28830369357045144 0.08014571948998178 0.28830369357045144 0 0.1993844049247606 0
0 0.9743502051983585 0.5455373406193078 0.9996580027359782 0.5455373406193078 0.9996580027359782 0.453551912568306 0.9743502051983585 0.453551912568306 0.9743502051983585 0.5455373406193078
0 0.15355677154582764 0 0.15355677154582764 0.037340619307832425 0.2158002735978112 0.037340619307832425 0.2158002735978112 0 0.15355677154582764 0