0 0.2390560875512996 0.6033697632058288 0.40937072503419975 0.6033697632058288 0.40937072503419975 0.3620218579234973 0.2390560875512996 0.3620218579234973 0.2390560875512996 0.6033697632058288
0 0.09302325581395349 0.4367030965391621 0.213406292749658 0.4367030965391621 0.213406292749658 0.21721311475409835 0.09302325581395349 0.21721311475409835 0.09302325581395349 0.4367030965391621
0 0.4049247606019152 0.4872495446265938 0.5376196990424077 0.4872495446265938 0.5376196990424077 0.28051001821493626 0.4049247606019152 0.28051001821493626 0.4049247606019152 0.4872495446265938
0 0.28898768809849523 0.39435336976320584 0.4209986320109439 0.39435336976320584 0.4209986320109439 0.22495446265938068 0.28898768809849523 0.22495446265938068 0.28898768809849523 0.39435336976320584
0 0.20417236662106703 0.29735883424408016 0.3136114911080711 0.29735883424408016 0.3136114911080711 0.11065573770491803 0.20417236662106703 0.11065573770491803 0.20417236662106703 0.29735883424408016
0 0.1210670314637483 0.19808743169398907 0.22503419972640218 0.19808743169398907 0.22503419972640218 0.045081967213114756 0.1210670314637483 0.045081967213114756 0.1210670314637483 0.19808743169398907
0 0.47024623803009574 0.6948998178506375 0.634404924760602 0.6948998178506375 0.634404924760602 0.5018214936247724 0.47024623803009574 0.5018214936247724 0.47024623803009574 0.6948998178506375
0 0.0003419972640218878 0 0.0003419972640218878 0.11202185792349727 0.030437756497948016 0.11202185792349727 0.030437756497948016 0 0.0003419972640218878 0
0 0.5218878248974008 0.5655737704918032 0.6600547195622435 0.5655737704918032 0.6600547195622435 0.39526411657559196 0.5218878248974008 0.39526411657559196 0.5218878248974008 0.5655737704918032
0 0.5889192886456909 0.35200364298724957 0.6874145006839946 0.35200364298724957 0.6874145006839946 0.20081967213114754 0.5889192886456909 0.20081967213114754 0.5889192886456909 0.35200364298724957
0 0.47058823529411764 0.3938979963570127 0.585499316005472 0.3938979963570127 0.585499316005472 0.2062841530054645 0.47058823529411764 0.2062841530054645 0.47058823529411764 0.3938979963570127
0 0.5991792065663475 0.4872495446265938 0.7209302325581395 0.4872495446265938 0.7209302325581395 0.3224043715846995 0.5991792065663475 0.3224043715846995 0.5991792065663475 0.4872495446265938
0 0.37756497948016415 0.28642987249544627 0.47127222982216144 0.28642987249544627 0.47127222982216144 0.15163934426229508 0.37756497948016415 0.15163934426229508 0.37756497948016415 0.28642987249544627
0 0.6388508891928865 0.691712204007286 0.771545827633379 0.691712204007286 0.771545827633379 0.48679417122040075 0.6388508891928865 0.48679417122040075 0.6388508891928865 0.691712204007286
0 0.40800273597811215 0.7695810564663024 0.5954172366621067 0.7695810564663024 0.5954172366621067 0.6320582877959927 0.40800273597811215 0.6320582877959927 0.40800273597811215 0.7695810564663024
0 0.3765389876880985 0.19216757741347906 0.4839261285909713 0.19216757741347906 0.4839261285909713 0.07194899817850638 0.3765389876880985 0.07194899817850638 0.3765389876880985 0.19216757741347906
0 0.22264021887824897 0.10154826958105646 0.31497948016415867 0.10154826958105646 0.31497948016415867 0.006830601092896175 0.22264021887824897 0.006830601092896175 0.22264021887824897 0.10154826958105646
0 0.2756497948016416 0.22495446265938068 0.37140902872777015 0.22495446265938068 0.37140902872777015 0.075591985428051 0.2756497948016416 0.075591985428051 0.2756497948016416 0.22495446265938068
0 0.3378932968536252 0.127959927140255 0.41928864569083446 0.127959927140255 0.41928864569083446 0.011384335154826957 0.3378932968536252 0.011384335154826957 0.3378932968536252 0.127959927140255
0 0.4326265389876881 0.18670309653916212 0.5235978112175103 0.18670309653916212 0.5235978112175103 0.039162112932604735 0.4326265389876881 0.039162112932604735 0.4326265389876881 0.18670309653916212
0 0.484610123119015 0.14025500910746813 0.5530095759233926 0.14025500910746813 0.5530095759233926 0.018214936247723135 0.484610123119015 0.018214936247723135 0.484610123119015 0.14025500910746813
0 0.7517099863201094 0.674863387978142 0.8673050615595075 0.674863387978142 0.8673050615595075 0.5591985428051002 0.7517099863201094 0.5591985428051002 0.7517099863201094 0.674863387978142
0 0.15218878248974008 0 0.15218878248974008 0.05191256830601093 0.24521203830369356 0.05191256830601093 0.24521203830369356 0 0.15218878248974008 0
0 0.27941176470588236 0 0.27941176470588236 0.07285974499089254 0.3437072503419973 0.07285974499089254 0.3437072503419973 0 0.27941176470588236 0