0 0.2982216142270862 0.7627504553734062 0.4835841313269494 0.7627504553734062 0.4835841313269494 0.4858834244080146 0.2982216142270862 0.4858834244080146 0.2982216142270862 0.7627504553734062
0 0.5502735978112175 0.5865209471766849 0.6816005471956225 0.5865209471766849 0.6816005471956225 0.33060109289617484 0.5502735978112175 0.33060109289617484 0.5502735978112175 0.5865209471766849
0 0.25239398084815323 0.5601092896174863 0.4015047879616963 0.5601092896174863 0.4015047879616963 0.3342440801457195 0.25239398084815323 0.3342440801457195 0.25239398084815323 0.5601092896174863
0 0.387140902872777 0.4216757741347905 0.5280437756497948 0.4216757741347905 0.5280437756497948 0.2495446265938069 0.387140902872777 0.2495446265938069 0.387140902872777 0.4216757741347905
0 0.4045827633378933 0.6188524590163934 0.5571135430916553 0.6188524590163934 0.5571135430916553 0.37841530054644806 0.4045827633378933 0.37841530054644806 0.4045827633378933 0.6188524590163934
0 0.5109439124487004 0.30965391621129323 0.5984952120383037 0.30965391621129323 0.5984952120383037 0.14116575591985428 0.5109439124487004 0.14116575591985428 0.5109439124487004 0.30965391621129323
0 0.20314637482900136 0.31830601092896177 0.3112175102599179 0.31830601092896177 0.3112175102599179 0.11065573770491803 0.20314637482900136 0.11065573770491803 0.20314637482900136 0.31830601092896177
0 0.31634746922024626 0.29143897996357016 0.40800273597811215 0.29143897996357016 0.40800273597811215 0.12386156648451731 0.31634746922024626 0.12386156648451731 0.31634746922024626 0.29143897996357016
0 0.16244870041039672 0 0.16244870041039672 0.1721311475409836 0.24931600547195623 0.1721311475409836 0.24931600547195623 0 0.16244870041039672 0
0 0.603625170998632 0.29918032786885246 0.6966484268125855 0.29918032786885246 0.6966484268125855 0.1407103825136612 0.603625170998632 0.1407103825136612 0.603625170998632 0.29918032786885246
0 0.33036935704514364 0.16347905282331512 0.420656634746922 0.16347905282331512 0.420656634746922 0.06876138433515483 0.33036935704514364 0.06876138433515483 0.33036935704514364 0.16347905282331512
0 0.23768809849521202 0.4134790528233151 0.3806429548563611 0.4134790528233151 0.3806429548563611 0.24043715846994534 0.23768809849521202 0.24043715846994534 0.23768809849521202 0.4134790528233151
0 0.4158686730506156 0.2436247723132969 0.5041039671682627 0.2436247723132969 0.5041039671682627 0.1343351548269581 0.4158686730506156 0.1343351548269581 0.4158686730506156 0.2436247723132969
0 0.4274965800273598 0.1657559198542805 0.5218878248974008 0.1657559198542805 0.5218878248974008 0.06739526411657559 0.4274965800273598 0.06739526411657559 0.4274965800273598 0.1657559198542805
0 0.4692202462380301 0.12887067395264118 0.5485636114911081 0.12887067395264118 0.5485636114911081 0.027777777777777776 0.4692202462380301 0.027777777777777776 0.4692202462380301 0.12887067395264118
0 0.25718194254445964 0.11065573770491803 0.3481532147742818 0.11065573770491803 0.3481532147742818 0.0004553734061930783 0.25718194254445964 0.0004553734061930783 0.25718194254445964 0.11065573770491803
0 0.23392612859097128 0.1557377049180328 0.31874145006839943 0.1557377049180328 0.31874145006839943 0.060109289617486336 0.23392612859097128 0.060109289617486336 0.23392612859097128 0.1557377049180328
0 0.4168946648426813 0 0.4168946648426813 0.05737704918032787 0.5003419972640218 0.05737704918032787 0.5003419972640218 0 0.4168946648426813 0