0 0.4551983584131327 0.598816029143898 0.6043091655266758 0.598816029143898 0.6043091655266758 0.34744990892531874 0.4551983584131327 0.34744990892531874 0.4551983584131327 0.598816029143898
0 0.1436388508891929 0.38342440801457195 0.2920656634746922 0.38342440801457195 0.2920656634746922 0.17941712204007285 0.1436388508891929 0.17941712204007285 0.1436388508891929 0.38342440801457195
0 0.3173734610123119 0.7973588342440802 0.539671682626539 0.7973588342440802 0.539671682626539 0.5742258652094717 0.3173734610123119 0.5742258652094717 0.3173734610123119 0.7973588342440802
0 0.31087551299589605 0.44581056466302366 0.4463064295485636 0.44581056466302366 0.4463064295485636 0.24089253187613843 0.31087551299589605 0.24089253187613843 0.31087551299589605 0.44581056466302366
0 0.6053351573187414 0.4722222222222222 0.719562243502052 0.4722222222222222 0.719562243502052 0.2773224043715847 0.6053351573187414 0.2773224043715847 0.6053351573187414 0.4722222222222222
0 0.46511627906976744 0.30100182149362475 0.5636114911080712 0.30100182149362475 0.5636114911080712 0.12431693989071038 0.46511627906976744 0.12431693989071038 0.46511627906976744 0.30100182149362475
0 0.3508891928864569 0.2855191256830601 0.4637482900136799 0.2855191256830601 0.4637482900136799 0.13160291438979962 0.3508891928864569 0.13160291438979962 0.3508891928864569 0.2855191256830601
0 0.1771545827633379 0.16302367941712204 0.27975376196990426 0.16302367941712204 0.27975376196990426 0.01912568306010929 0.1771545827633379 0.01912568306010929 0.1771545827633379 0.16302367941712204
0 0.9107387140902873 0.5273224043715847 0.9996580027359782 0.5273224043715847 0.9996580027359782 0.3442622950819672 0.9107387140902873 0.3442622950819672 0.9107387140902873 0.5273224043715847
0 0.2814637482900137 0.15664845173041894 0.36696306429548564 0.15664845173041894 0.36696306429548564 0.010018214936247723 0.2814637482900137 0.010018214936247723 0.2814637482900137 0.15664845173041894
0 0.3693570451436389 0.13979963570127504 0.46716826265389877 0.13979963570127504 0.46716826265389877 0.02413479052823315 0.3693570451436389 0.02413479052823315 0.3693570451436389 0.13979963570127504
0 0.24658002735978113 0.31420765027322406 0.3450752393980848 0.31420765027322406 0.3450752393980848 0.14571948998178508 0.24658002735978113 0.14571948998178508 0.24658002735978113 0.31420765027322406
0 0.14740082079343364 0 0.14740082079343364 0.07377049180327869 0.23495212038303692 0.07377049180327869 0.23495212038303692 0 0.14740082079343364 0
0 0.5222298221614227 0.7463570127504554 0.6453488372093024 0.7463570127504554 0.6453488372093024 0.680783242258652 0.5222298221614227 0.680783242258652 0.5222298221614227 0.7463570127504554
0 0.28761969904240764 0 0.28761969904240764 0.04553734061930783 0.38269493844049246 0.04553734061930783 0.38269493844049246 0 0.28761969904240764 0
0 0.23495212038303692 0 0.23495212038303692 0.04553734061930783 0.28830369357045144 0.04553734061930783 0.28830369357045144 0 0.23495212038303692 0