0 0.2815533980582524 0.21482412060301506 0.3616504854368932 0.21482412060301506 0.3616504854368932 0.114321608040201 0.2815533980582524 0.114321608040201 0.2815533980582524 0.21482412060301506
0 0.6674757281553398 0.21733668341708542 0.7378640776699029 0.21733668341708542 0.7378640776699029 0.114321608040201 0.6674757281553398 0.114321608040201 0.6674757281553398 0.21733668341708542
0 0.5449029126213593 0.21231155778894473 0.6201456310679612 0.21231155778894473 0.6201456310679612 0.10678391959798995 0.5449029126213593 0.10678391959798995 0.5449029126213593 0.21231155778894473
0 0.47451456310679613 0.6520100502512562 0.566747572815534 0.6520100502512562 0.566747572815534 0.5339195979899497 0.47451456310679613 0.5339195979899497 0.47451456310679613 0.6520100502512562
0 0.404126213592233 0.6067839195979899 0.49393203883495146 0.6067839195979899 0.49393203883495146 0.48115577889447236 0.404126213592233 0.48115577889447236 0.404126213592233 0.6067839195979899
0 0.6941747572815534 0.6130653266331658 0.7839805825242718 0.6130653266331658 0.7839805825242718 0.4949748743718593 0.6941747572815534 0.4949748743718593 0.6941747572815534 0.6130653266331658
0 0.7973300970873787 0.2562814070351759 0.875 0.2562814070351759 0.875 0.15577889447236182 0.7973300970873787 0.15577889447236182 0.7973300970873787 0.2562814070351759
0 0.508495145631068 0.5464824120603015 0.595873786407767 0.5464824120603015 0.595873786407767 0.42839195979899497 0.508495145631068 0.42839195979899497 0.508495145631068 0.5464824120603015
0 0 0.9221105527638191 0.04611650485436893 0.9221105527638191 0.04611650485436893 0.8090452261306532 0 0.8090452261306532 0 0.9221105527638191
0 0.3580097087378641 0.6922110552763819 0.4550970873786408 0.6922110552763819 0.4550970873786408 0.5565326633165829 0.3580097087378641 0.5565326633165829 0.3580097087378641 0.6922110552763819
0 0.7961165048543689 0.5904522613065326 0.8810679611650486 0.5904522613065326 0.8810679611650486 0.4623115577889447 0.7961165048543689 0.4623115577889447 0.7961165048543689 0.5904522613065326
0 0.8640776699029126 0.24623115577889448 0.9368932038834952 0.24623115577889448 0.9368932038834952 0.12814070351758794 0.8640776699029126 0.12814070351758794 0.8640776699029126 0.24623115577889448
0 0 0.6432160804020101 0.050970873786407765 0.6432160804020101 0.050970873786407765 0.5301507537688442 0 0.5301507537688442 0 0.6432160804020101
0 0.8349514563106796 0.1658291457286432 0.9077669902912622 0.1658291457286432 0.9077669902912622 0.08793969849246232 0.8349514563106796 0.08793969849246232 0.8349514563106796 0.1658291457286432
0 0.5885922330097088 0.6520100502512562 0.6735436893203883 0.6520100502512562 0.6735436893203883 0.5339195979899497 0.5885922330097088 0.5339195979899497 0.5885922330097088 0.6520100502512562
0 0.5752427184466019 0.5703517587939698 0.6577669902912622 0.5703517587939698 0.6577669902912622 0.457286432160804 0.5752427184466019 0.457286432160804 0.5752427184466019 0.5703517587939698