0 0.7933168316831684 0.13135593220338984 0.8849009900990099 0.13135593220338984 0.8849009900990099 0.046610169491525424 0.7933168316831684 0.046610169491525424 0.7933168316831684 0.13135593220338984
0 0.40594059405940597 0.6045197740112994 0.49257425742574257 0.6045197740112994 0.49257425742574257 0.5028248587570622 0.40594059405940597 0.5028248587570622 0.40594059405940597 0.6045197740112994
0 0.724009900990099 0.5720338983050848 0.8279702970297029 0.5720338983050848 0.8279702970297029 0.4731638418079096 0.724009900990099 0.4731638418079096 0.724009900990099 0.5720338983050848
0 0.6720297029702971 0.3601694915254237 0.7710396039603961 0.3601694915254237 0.7710396039603961 0.2641242937853107 0.6720297029702971 0.2641242937853107 0.6720297029702971 0.3601694915254237
0 0.6398514851485149 0.6680790960451978 0.7289603960396039 0.6680790960451978 0.7289603960396039 0.5522598870056498 0.6398514851485149 0.5522598870056498 0.6398514851485149 0.6680790960451978
0 0.5965346534653465 0.4406779661016949 0.6955445544554455 0.4406779661016949 0.6955445544554455 0.3474576271186441 0.5965346534653465 0.3474576271186441 0.5965346534653465 0.4406779661016949
0 0.7920792079207921 0.2838983050847458 0.8762376237623762 0.2838983050847458 0.8762376237623762 0.2019774011299435 0.7920792079207921 0.2019774011299435 0.7920792079207921 0.2838983050847458
0 0.03341584158415842 0.576271186440678 0.12252475247524752 0.576271186440678 0.12252475247524752 0.4858757062146893 0.03341584158415842 0.4858757062146893 0.03341584158415842 0.576271186440678
0 0.8304455445544554 0.4279661016949153 0.9294554455445545 0.4279661016949153 0.9294554455445545 0.3290960451977401 0.8304455445544554 0.3290960451977401 0.8304455445544554 0.4279661016949153
0 0.4938118811881188 0.5889830508474576 0.5829207920792079 0.5889830508474576 0.5829207920792079 0.4901129943502825 0.4938118811881188 0.4901129943502825 0.4938118811881188 0.5889830508474576
0 0.37004950495049505 0.2612994350282486 0.46410891089108913 0.2612994350282486 0.46410891089108913 0.17372881355932204 0.37004950495049505 0.17372881355932204 0.37004950495049505 0.2612994350282486
0 0.43564356435643564 0.7824858757062146 0.5346534653465347 0.7824858757062146 0.5346534653465347 0.6779661016949152 0.43564356435643564 0.6779661016949152 0.43564356435643564 0.7824858757062146
0 0.5693069306930693 0.6299435028248588 0.6534653465346535 0.6299435028248588 0.6534653465346535 0.5225988700564972 0.5693069306930693 0.5225988700564972 0.5693069306930693 0.6299435028248588
0 1 0.20903954802259886 0.9529702970297029 0.20903954802259886 0.9529702970297029 0.2994350282485876 1 0.2994350282485876 1 0.20903954802259886
0 0.8081683168316832 0.3531073446327684 0.9022277227722773 0.3531073446327684 0.9022277227722773 0.2740112994350282 0.8081683168316832 0.2740112994350282 0.8081683168316832 0.3531073446327684
0 0.5160891089108911 0.8305084745762712 0.6150990099009901 0.8305084745762712 0.6150990099009901 0.7259887005649718 0.5160891089108911 0.7259887005649718 0.5160891089108911 0.8305084745762712