0 0.2874617737003058 0.8662109375 0.3853211009174312 0.8662109375 0.3853211009174312 0.7080078125 0.2874617737003058 0.7080078125 0.2874617737003058 0.8662109375
0 0.37003058103975534 0.3037109375 0.4541284403669725 0.3037109375 0.4541284403669725 0.1669921875 0.37003058103975534 0.1669921875 0.37003058103975534 0.3037109375
0 0.17813455657492355 0.998046875 0.29281345565749234 0.998046875 0.29281345565749234 0.853515625 0.17813455657492355 0.853515625 0.17813455657492355 0.998046875
0 0.13914373088685014 0.8740234375 0.23394495412844038 0.8740234375 0.23394495412844038 0.7177734375 0.13914373088685014 0.7177734375 0.13914373088685014 0.8740234375
0 0.20336391437308868 0.216796875 0.27675840978593275 0.216796875 0.27675840978593275 0.09765625 0.20336391437308868 0.09765625 0.20336391437308868 0.216796875
0 0.7492354740061162 0.1875 0.8409785932721713 0.1875 0.8409785932721713 0.044921875 0.7492354740061162 0.044921875 0.7492354740061162 0.1875
0 0.7003058103975535 0.3466796875 0.7920489296636085 0.3466796875 0.7920489296636085 0.2021484375 0.7003058103975535 0.2021484375 0.7003058103975535 0.3466796875
0 0.03746177370030581 0.6884765625 0.12614678899082568 0.6884765625 0.12614678899082568 0.5322265625 0.03746177370030581 0.5322265625 0.03746177370030581 0.6884765625
0 0.7805810397553516 0.37890625 0.8600917431192661 0.37890625 0.8600917431192661 0.220703125 0.7805810397553516 0.220703125 0.7805810397553516 0.37890625
0 0.6559633027522935 0.6259765625 0.7568807339449541 0.6259765625 0.7568807339449541 0.4755859375 0.6559633027522935 0.4755859375 0.6559633027522935 0.6259765625
0 0.4984709480122324 0.77734375 0.6024464831804281 0.77734375 0.6024464831804281 0.591796875 0.4984709480122324 0.591796875 0.4984709480122324 0.77734375
0 0.07568807339449542 0.8134765625 0.15061162079510704 0.8134765625 0.15061162079510704 0.6708984375 0.07568807339449542 0.6708984375 0.07568807339449542 0.8134765625
0 0.8715596330275229 0.2236328125 0.9556574923547401 0.2236328125 0.9556574923547401 0.0615234375 0.8715596330275229 0.0615234375 0.8715596330275229 0.2236328125
0 0.5749235474006116 0.814453125 0.6834862385321101 0.814453125 0.6834862385321101 0.642578125 0.5749235474006116 0.642578125 0.5749235474006116 0.814453125
0 0.6207951070336392 0.9375 0.7155963302752294 0.9375 0.7155963302752294 0.75390625 0.6207951070336392 0.75390625 0.6207951070336392 0.9375
0 0.8990825688073395 0 0.8990825688073395 0.0703125 0.9801223241590215 0.0703125 0.9801223241590215 0 0.8990825688073395 0