0 0.11266666666666666 0.9993781094527363 0.178 0.9993781094527363 0.178 0.9011194029850746 0.11266666666666666 0.9011194029850746 0.11266666666666666 0.9993781094527363
0 0.08666666666666667 0.47450248756218905 0.14866666666666667 0.47450248756218905 0.14866666666666667 0.35261194029850745 0.08666666666666667 0.35261194029850745 0.08666666666666667 0.47450248756218905
0 0.14366666666666666 0.970771144278607 0.22033333333333333 0.970771144278607 0.22033333333333333 0.8128109452736318 0.14366666666666666 0.8128109452736318 0.14366666666666666 0.970771144278607
0 0.079 0.7524875621890548 0.14766666666666667 0.7524875621890548 0.14766666666666667 0.6106965174129353 0.079 0.6106965174129353 0.079 0.7524875621890548
0 0.567 0.4172885572139303 0.6163333333333333 0.4172885572139303 0.6163333333333333 0.31405472636815923 0.567 0.31405472636815923 0.567 0.4172885572139303
0 0.07633333333333334 0.263681592039801 0.123 0.263681592039801 0.123 0.1455223880597015 0.07633333333333334 0.1455223880597015 0.07633333333333334 0.263681592039801
0 0.11333333333333333 0.6125621890547264 0.17533333333333334 0.6125621890547264 0.17533333333333334 0.4595771144278607 0.11333333333333333 0.4595771144278607 0.11333333333333333 0.6125621890547264
0 0.045 0.552860696517413 0.11833333333333333 0.552860696517413 0.11833333333333333 0.4135572139303483 0.045 0.4135572139303483 0.045 0.552860696517413
0 0.473 0.23694029850746268 0.5156666666666667 0.23694029850746268 0.5156666666666667 0.1486318407960199 0.473 0.1486318407960199 0.473 0.23694029850746268
0 0.674 0.9098258706467661 0.7346666666666667 0.9098258706467661 0.7346666666666667 0.7804726368159204 0.674 0.7804726368159204 0.674 0.9098258706467661
0 0.019666666666666666 0.27052238805970147 0.07566666666666666 0.27052238805970147 0.07566666666666666 0.15733830845771143 0.019666666666666666 0.15733830845771143 0.019666666666666666 0.27052238805970147
0 0.2796666666666667 0 0.2796666666666667 0.0945273631840796 0.32366666666666666 0.0945273631840796 0.32366666666666666 0 0.2796666666666667 0
0 0.5396666666666666 0.27425373134328357 0.583 0.27425373134328357 0.583 0.17848258706467662 0.5396666666666666 0.17848258706467662 0.5396666666666666 0.27425373134328357
0 0.6483333333333333 0.7730099502487562 0.7043333333333334 0.7730099502487562 0.7043333333333334 0.6461442786069652 0.6483333333333333 0.6461442786069652 0.6483333333333333 0.7730099502487562
0 0.6823333333333333 0.9987562189054726 0.7396666666666667 0.9987562189054726 0.7396666666666667 0.9502487562189055 0.6823333333333333 0.9502487562189055 0.6823333333333333 0.9987562189054726
0 0.7216666666666667 0.8196517412935324 0.763 0.8196517412935324 0.763 0.7201492537313433 0.7216666666666667 0.7201492537313433 0.7216666666666667 0.8196517412935324
0 0.625 0.6498756218905473 0.6823333333333333 0.6498756218905473 0.6823333333333333 0.5180348258706468 0.625 0.5180348258706468 0.625 0.6498756218905473
0 0.7863333333333333 0.9987562189054726 0.837 0.9987562189054726 0.837 0.9228855721393034 0.7863333333333333 0.9228855721393034 0.7863333333333333 0.9987562189054726
0 0.48533333333333334 0.14987562189054726 0.5166666666666667 0.14987562189054726 0.5166666666666667 0.06902985074626866 0.48533333333333334 0.06902985074626866 0.48533333333333334 0.14987562189054726
0 0.442 0.5199004975124378 0.492 0.5199004975124378 0.492 0.4291044776119403 0.442 0.4291044776119403 0.442 0.5199004975124378
0 0.24666666666666667 0 0.24666666666666667 0.07338308457711443 0.29333333333333333 0.07338308457711443 0.29333333333333333 0 0.24666666666666667 0
0 0.734 0.9944029850746269 0.78 0.9944029850746269 0.78 0.9123134328358209 0.734 0.9123134328358209 0.734 0.9944029850746269
0 0.015 0.17412935323383086 0.06233333333333333 0.17412935323383086 0.06233333333333333 0.09079601990049752 0.015 0.09079601990049752 0.015 0.17412935323383086
0 0.294 0.30907960199004975 0.342 0.30907960199004975 0.342 0.19465174129353233 0.294 0.19465174129353233 0.294 0.30907960199004975
0 0.18566666666666667 0.835820895522388 0.24233333333333335 0.835820895522388 0.24233333333333335 0.7101990049751243 0.18566666666666667 0.7101990049751243 0.18566666666666667 0.835820895522388
0 0.5466666666666666 0.6623134328358209 0.5953333333333334 0.6623134328358209 0.5953333333333334 0.5690298507462687 0.5466666666666666 0.5690298507462687 0.5466666666666666 0.6623134328358209