0 0.09043478260869565 0.6162921348314607 0.24434782608695652 0.6162921348314607 0.24434782608695652 0.44887640449438204 0.09043478260869565 0.44887640449438204 0.09043478260869565 0.6162921348314607
0 0.12565217391304348 0.8185393258426966 0.27 0.8185393258426966 0.27 0.6129213483146068 0.12565217391304348 0.6129213483146068 0.12565217391304348 0.8185393258426966
0 0.8895652173913043 0.3348314606741573 0.9686956521739131 0.3348314606741573 0.9686956521739131 0.20898876404494382 0.8895652173913043 0.20898876404494382 0.8895652173913043 0.3348314606741573
0 0.8073913043478261 0.1949438202247191 0.8891304347826087 0.1949438202247191 0.8891304347826087 0.09044943820224718 0.8073913043478261 0.09044943820224718 0.8073913043478261 0.1949438202247191
0 0.7630434782608696 0.3539325842696629 0.8656521739130435 0.3539325842696629 0.8656521739130435 0.2393258426966292 0.7630434782608696 0.2393258426966292 0.7630434782608696 0.3539325842696629
0 0.6539130434782608 0.11123595505617978 0.7434782608695653 0.11123595505617978 0.7434782608695653 0.006741573033707865 0.6539130434782608 0.006741573033707865 0.6539130434782608 0.11123595505617978
0 0.8704347826086957 0.5264044943820225 0.9773913043478261 0.5264044943820225 0.9773913043478261 0.4084269662921348 0.8704347826086957 0.4084269662921348 0.8704347826086957 0.5264044943820225
0 0.348695652173913 0.998876404494382 0.4895652173913044 0.998876404494382 0.4895652173913044 0.9337078651685393 0.348695652173913 0.9337078651685393 0.348695652173913 0.998876404494382
0 0.7252173913043478 0.1707865168539326 0.808695652173913 0.1707865168539326 0.808695652173913 0.07415730337078652 0.7252173913043478 0.07415730337078652 0.7252173913043478 0.1707865168539326
0 0.7752173913043479 0.09943820224719101 0.8473913043478261 0.09943820224719101 0.8473913043478261 0.0050561797752808986 0.7752173913043479 0.0050561797752808986 0.7752173913043479 0.09943820224719101
0 0.8104347826086956 0.30842696629213484 0.8904347826086957 0.30842696629213484 0.8904347826086957 0.2050561797752809 0.8104347826086956 0.2050561797752809 0.8104347826086956 0.30842696629213484
0 0.9030434782608696 0.47808988764044946 0.9995652173913043 0.47808988764044946 0.9995652173913043 0.3657303370786517 0.9030434782608696 0.3657303370786517 0.9030434782608696 0.47808988764044946
0 0.21217391304347827 0.998314606741573 0.348695652173913 0.998314606741573 0.348695652173913 0.9455056179775281 0.21217391304347827 0.9455056179775281 0.21217391304347827 0.998314606741573
0 0.7121739130434782 0 0.7121739130434782 0.07303370786516854 0.7773913043478261 0.07303370786516854 0.7773913043478261 0 0.7121739130434782 0