0 0.21854026845637584 0.3938223938223938 0.2789429530201342 0.3938223938223938 0.2789429530201342 0.222007722007722 0.21854026845637584 0.222007722007722 0.21854026845637584 0.3938223938223938
0 0.8271812080536913 0.943050193050193 0.9085570469798657 0.943050193050193 0.9085570469798657 0.75 0.8271812080536913 0.75 0.8271812080536913 0.943050193050193
0 0.912751677852349 0.5675675675675675 0.9748322147651006 0.5675675675675675 0.9748322147651006 0.39768339768339767 0.912751677852349 0.39768339768339767 0.912751677852349 0.5675675675675675
0 0.3653523489932886 0.3001930501930502 0.42827181208053694 0.3001930501930502 0.42827181208053694 0.15733590733590733 0.3653523489932886 0.15733590733590733 0.3653523489932886 0.3001930501930502
0 0.7462248322147651 0.7277992277992278 0.8192114093959731 0.7277992277992278 0.8192114093959731 0.5366795366795367 0.7462248322147651 0.5366795366795367 0.7462248322147651 0.7277992277992278
0 0.9458892617449665 0 0.9458892617449665 0.10810810810810811 0.9937080536912751 0.10810810810810811 0.9937080536912751 0 0.9458892617449665 0
0 0.8053691275167785 0.333011583011583 0.8615771812080537 0.333011583011583 0.8615771812080537 0.14189189189189189 0.8053691275167785 0.14189189189189189 0.8053691275167785 0.333011583011583
0 0.8863255033557047 0.8455598455598455 0.9567953020134228 0.8455598455598455 0.9567953020134228 0.6814671814671814 0.8863255033557047 0.6814671814671814 0.8863255033557047 0.8455598455598455
0 0.8305369127516778 0.749034749034749 0.9060402684563759 0.749034749034749 0.9060402684563759 0.584942084942085 0.8305369127516778 0.584942084942085 0.8305369127516778 0.749034749034749
0 0.3276006711409396 0.16891891891891891 0.39052013422818793 0.16891891891891891 0.39052013422818793 0.02027027027027027 0.3276006711409396 0.02027027027027027 0.3276006711409396 0.16891891891891891
0 0.3162751677852349 0.32142857142857145 0.37583892617449666 0.32142857142857145 0.37583892617449666 0.18243243243243243 0.3162751677852349 0.18243243243243243 0.3162751677852349 0.32142857142857145
0 0.9358221476510067 0.33783783783783783 0.9828020134228188 0.33783783783783783 0.9828020134228188 0.20463320463320464 0.9358221476510067 0.20463320463320464 0.9358221476510067 0.33783783783783783
0 0.2961409395973154 0.22297297297297297 0.35822147651006714 0.22297297297297297 0.35822147651006714 0.10521235521235521 0.2961409395973154 0.10521235521235521 0.2961409395973154 0.22297297297297297
0 0.48447986577181207 0.25 0.5373322147651006 0.25 0.5373322147651006 0.12258687258687259 0.48447986577181207 0.12258687258687259 0.48447986577181207 0.25