0 0.7257281553398058 0.6344221105527639 0.8131067961165048 0.6344221105527639 0.8131067961165048 0.5087939698492462 0.7257281553398058 0.5087939698492462 0.7257281553398058 0.6344221105527639
0 0.6237864077669902 0.6683417085427136 0.7087378640776699 0.6683417085427136 0.7087378640776699 0.5527638190954773 0.6237864077669902 0.5527638190954773 0.6237864077669902 0.6683417085427136
0 0.2827669902912621 0.5979899497487438 0.37014563106796117 0.5979899497487438 0.37014563106796117 0.4723618090452261 0.2827669902912621 0.4723618090452261 0.2827669902912621 0.5979899497487438
0 0.7766990291262136 0.18216080402010051 0.8543689320388349 0.18216080402010051 0.8543689320388349 0.08668341708542714 0.7766990291262136 0.08668341708542714 0.7766990291262136 0.18216080402010051
0 0.9381067961165048 0.26256281407035176 0.9987864077669902 0.26256281407035176 0.9987864077669902 0.1620603015075377 0.9381067961165048 0.1620603015075377 0.9381067961165048 0.26256281407035176
0 0.38106796116504854 0.21608040201005024 0.4538834951456311 0.21608040201005024 0.4538834951456311 0.1306532663316583 0.38106796116504854 0.1306532663316583 0.38106796116504854 0.21608040201005024
0 0.2196601941747573 0.6532663316582915 0.316747572815534 0.6532663316582915 0.316747572815534 0.5201005025125628 0.2196601941747573 0.5201005025125628 0.2196601941747573 0.6532663316582915
0 0.6808252427184466 0.19597989949748743 0.7487864077669902 0.19597989949748743 0.7487864077669902 0.10804020100502512 0.6808252427184466 0.10804020100502512 0.6808252427184466 0.19597989949748743
0 0.537621359223301 0.9183417085427136 0.6298543689320388 0.9183417085427136 0.6298543689320388 0.8479899497487438 0.537621359223301 0.8479899497487438 0.537621359223301 0.9183417085427136
0 0.9235436893203883 0.5653266331658291 0.9987864077669902 0.5653266331658291 0.9987864077669902 0.4547738693467337 0.9235436893203883 0.4547738693467337 0.9235436893203883 0.5653266331658291
0 0.30097087378640774 0.25 0.3786407766990291 0.25 0.3786407766990291 0.1444723618090452 0.30097087378640774 0.1444723618090452 0.30097087378640774 0.25
0 0.8956310679611651 0.17839195979899497 0.9660194174757282 0.17839195979899497 0.9660194174757282 0.09296482412060302 0.8956310679611651 0.09296482412060302 0.8956310679611651 0.17839195979899497
0 0.7293689320388349 0.22613065326633167 0.8070388349514563 0.22613065326633167 0.8070388349514563 0.13316582914572864 0.7293689320388349 0.13316582914572864 0.7293689320388349 0.22613065326633167
0 0.25485436893203883 0.20728643216080403 0.3446601941747573 0.20728643216080403 0.3446601941747573 0.11683417085427136 0.25485436893203883 0.11683417085427136 0.25485436893203883 0.20728643216080403
0 0.3895631067961165 0.5778894472361809 0.47936893203883496 0.5778894472361809 0.47936893203883496 0.4849246231155779 0.3895631067961165 0.4849246231155779 0.3895631067961165 0.5778894472361809
0 0.75 0.29020100502512564 0.8228155339805825 0.29020100502512564 0.8228155339805825 0.1871859296482412 0.75 0.1871859296482412 0.75 0.29020100502512564
0 0.3932038834951456 0.6821608040201005 0.47815533980582525 0.6821608040201005 0.47815533980582525 0.5640703517587939 0.3932038834951456 0.5640703517587939 0.3932038834951456 0.6821608040201005
0 0.6019417475728155 0.550251256281407 0.6771844660194175 0.550251256281407 0.6771844660194175 0.43467336683417085 0.6019417475728155 0.43467336683417085 0.6019417475728155 0.550251256281407
0 1 0.5314070351758794 0.9563106796116505 0.5314070351758794 0.9563106796116505 0.6494974874371859 1 0.6494974874371859 1 0.5314070351758794
0 0.6516990291262136 0.5741206030150754 0.7317961165048543 0.5741206030150754 0.7317961165048543 0.4685929648241206 0.6516990291262136 0.4685929648241206 0.6516990291262136 0.5741206030150754