0 0.11771844660194175 0.6419597989949749 0.2099514563106796 0.6419597989949749 0.2099514563106796 0.5138190954773869 0.11771844660194175 0.5138190954773869 0.11771844660194175 0.6419597989949749
0 0.6529126213592233 0.20728643216080403 0.7281553398058253 0.20728643216080403 0.7281553398058253 0.10427135678391959 0.6529126213592233 0.10427135678391959 0.6529126213592233 0.20728643216080403
0 0.3932038834951456 0.20979899497487436 0.4733009708737864 0.20979899497487436 0.4733009708737864 0.1092964824120603 0.3932038834951456 0.1092964824120603 0.3932038834951456 0.20979899497487436
0 0.0012135922330097086 0.3065326633165829 0.05703883495145631 0.3065326633165829 0.05703883495145631 0.20351758793969849 0.0012135922330097086 0.20351758793969849 0.0012135922330097086 0.3065326633165829
0 0.14684466019417475 0.9208542713567839 0.24150485436893204 0.9208542713567839 0.24150485436893204 0.8077889447236181 0.14684466019417475 0.8077889447236181 0.14684466019417475 0.9208542713567839
0 0.7754854368932039 0.20854271356783918 0.8434466019417476 0.20854271356783918 0.8434466019417476 0.11557788944723618 0.7754854368932039 0.11557788944723618 0.7754854368932039 0.20854271356783918
0 0.007281553398058253 0.21733668341708542 0.08009708737864078 0.21733668341708542 0.08009708737864078 0.12939698492462312 0.007281553398058253 0.12939698492462312 0.007281553398058253 0.21733668341708542
0 0.6359223300970874 0.6457286432160804 0.7233009708737864 0.6457286432160804 0.7233009708737864 0.5276381909547738 0.6359223300970874 0.5276381909547738 0.6359223300970874 0.6457286432160804
0 0.7281553398058253 0.5603015075376885 0.808252427184466 0.5603015075376885 0.808252427184466 0.45226130653266333 0.7281553398058253 0.45226130653266333 0.7281553398058253 0.5603015075376885
0 0.5266990291262136 0.6909547738693468 0.6189320388349514 0.6909547738693468 0.6189320388349514 0.5527638190954773 0.5266990291262136 0.5527638190954773 0.5266990291262136 0.6909547738693468
0 1 0.4547738693467337 0.9441747572815534 0.4547738693467337 0.9441747572815534 0.5879396984924623 1 0.5879396984924623 1 0.4547738693467337
0 0.8495145631067961 0.6080402010050251 0.9320388349514563 0.6080402010050251 0.9320388349514563 0.49246231155778897 0.8495145631067961 0.49246231155778897 0.8495145631067961 0.6080402010050251
0 0.5594660194174758 0.5992462311557789 0.6468446601941747 0.5992462311557789 0.6468446601941747 0.47110552763819097 0.5594660194174758 0.47110552763819097 0.5594660194174758 0.5992462311557789
0 0.6504854368932039 0.5326633165829145 0.7330097087378641 0.5326633165829145 0.7330097087378641 0.41959798994974873 0.6504854368932039 0.41959798994974873 0.6504854368932039 0.5326633165829145
0 0.7475728155339806 0.6457286432160804 0.837378640776699 0.6457286432160804 0.837378640776699 0.5276381909547738 0.7475728155339806 0.5276381909547738 0.7475728155339806 0.6457286432160804
0 0.9089805825242718 0.24748743718592964 0.9842233009708737 0.24748743718592964 0.9842233009708737 0.14949748743718594 0.9089805825242718 0.14949748743718594 0.9089805825242718 0.24748743718592964
0 0.9356796116504854 0.20979899497487436 0.9987864077669902 0.20979899497487436 0.9987864077669902 0.07663316582914573 0.9356796116504854 0.07663316582914573 0.9356796116504854 0.20979899497487436
0 0.9381067961165048 0.1507537688442211 0.9987864077669902 0.1507537688442211 0.9987864077669902 0.07035175879396985 0.9381067961165048 0.07035175879396985 0.9381067961165048 0.1507537688442211