0 0.8663366336633663 0.1426553672316384 0.9579207920792079 0.1426553672316384 0.9579207920792079 0.05790960451977401 0.8663366336633663 0.05790960451977401 0.8663366336633663 0.1426553672316384
0 0.7004950495049505 0.2867231638418079 0.7821782178217822 0.2867231638418079 0.7821782178217822 0.19350282485875706 0.7004950495049505 0.19350282485875706 0.7004950495049505 0.2867231638418079
0 0.823019801980198 0.4632768361581921 0.9195544554455446 0.4632768361581921 0.9195544554455446 0.3644067796610169 0.823019801980198 0.3644067796610169 0.823019801980198 0.4632768361581921
0 0.7475247524752475 0.4279661016949153 0.8415841584158416 0.4279661016949153 0.8415841584158416 0.3319209039548023 0.7475247524752475 0.3319209039548023 0.7475247524752475 0.4279661016949153
0 0.3378712871287129 0.9957627118644068 0.4443069306930693 0.9957627118644068 0.4443069306930693 0.9251412429378532 0.3378712871287129 0.9251412429378532 0.3378712871287129 0.9957627118644068
0 0.0012376237623762376 0.5324858757062146 0.0853960396039604 0.5324858757062146 0.0853960396039604 0.4364406779661017 0.0012376237623762376 0.4364406779661017 0.0012376237623762376 0.5324858757062146
0 0.10396039603960396 0.943502824858757 0.21287128712871287 0.943502824858757 0.21287128712871287 0.8361581920903954 0.10396039603960396 0.8361581920903954 0.10396039603960396 0.943502824858757
0 1 0.2231638418079096 0.9306930693069307 0.2231638418079096 0.9306930693069307 0.327683615819209 1 0.327683615819209 1 0.2231638418079096
0 0.7834158415841584 0.268361581920904 0.8626237623762376 0.268361581920904 0.8626237623762376 0.1751412429378531 0.7834158415841584 0.1751412429378531 0.7834158415841584 0.268361581920904
0 0.9306930693069307 0 0.9306930693069307 0.07344632768361582 1 0.07344632768361582 1 0 0.9306930693069307 0
0 0.8601485148514851 0.2980225988700565 0.9368811881188119 0.2980225988700565 0.9368811881188119 0.19915254237288135 0.8601485148514851 0.19915254237288135 0.8601485148514851 0.2980225988700565
0 0.16336633663366337 0.3672316384180791 0.24504950495049505 0.3672316384180791 0.24504950495049505 0.2796610169491525 0.16336633663366337 0.2796610169491525 0.16336633663366337 0.3672316384180791
0 0.125 0.4745762711864407 0.2042079207920792 0.4745762711864407 0.2042079207920792 0.3870056497175141 0.125 0.3870056497175141 0.125 0.4745762711864407
0 0.22277227722772278 0.3983050847457627 0.29455445544554454 0.3983050847457627 0.29455445544554454 0.2966101694915254 0.22277227722772278 0.2966101694915254 0.22277227722772278 0.3983050847457627
0 0.33044554455445546 0.2740112994350282 0.41707920792079206 0.2740112994350282 0.41707920792079206 0.18361581920903955 0.33044554455445546 0.18361581920903955 0.33044554455445546 0.2740112994350282
0 0.1188118811881188 0.9971751412429378 0.2103960396039604 0.9971751412429378 0.2103960396039604 0.923728813559322 0.1188118811881188 0.923728813559322 0.1188118811881188 0.9971751412429378
0 0.024752475247524754 0.9943502824858758 0.11633663366336634 0.9943502824858758 0.11633663366336634 0.940677966101695 0.024752475247524754 0.940677966101695 0.024752475247524754 0.9943502824858758