0 0.6336633663366337 0.16242937853107345 0.7202970297029703 0.16242937853107345 0.7202970297029703 0.07768361581920905 0.6336633663366337 0.07768361581920905 0.6336633663366337 0.16242937853107345
0 0.38366336633663367 0.9929378531073446 0.4801980198019802 0.9929378531073446 0.4801980198019802 0.882768361581921 0.38366336633663367 0.882768361581921 0.38366336633663367 0.9929378531073446
0 0.47029702970297027 0.24717514124293785 0.5668316831683168 0.24717514124293785 0.5668316831683168 0.16242937853107345 0.47029702970297027 0.16242937853107345 0.47029702970297027 0.24717514124293785
0 0.7673267326732673 0.3898305084745763 0.8564356435643564 0.3898305084745763 0.8564356435643564 0.2937853107344633 0.7673267326732673 0.2937853107344633 0.7673267326732673 0.3898305084745763
0 0.8601485148514851 0.3742937853107345 0.9467821782178217 0.3742937853107345 0.9467821782178217 0.2669491525423729 0.8601485148514851 0.2669491525423729 0.8601485148514851 0.3742937853107345
0 0.36757425742574257 0.8107344632768362 0.46163366336633666 0.8107344632768362 0.46163366336633666 0.7062146892655368 0.36757425742574257 0.7062146892655368 0.36757425742574257 0.8107344632768362
0 0.5544554455445545 0.7740112994350282 0.6683168316831684 0.7740112994350282 0.6683168316831684 0.6694915254237288 0.5544554455445545 0.6694915254237288 0.5544554455445545 0.7740112994350282
0 0.3378712871287129 0.4152542372881356 0.422029702970297 0.4152542372881356 0.422029702970297 0.3305084745762712 0.3378712871287129 0.3305084745762712 0.3378712871287129 0.4152542372881356
0 0.5544554455445545 0.673728813559322 0.655940594059406 0.673728813559322 0.655940594059406 0.5861581920903954 0.5544554455445545 0.5861581920903954 0.5544554455445545 0.673728813559322
0 1 0.2076271186440678 0.9554455445544554 0.2076271186440678 0.9554455445544554 0.2980225988700565 1 0.2980225988700565 1 0.2076271186440678
0 0.46410891089108913 0.7909604519774012 0.5532178217821783 0.7909604519774012 0.5532178217821783 0.6836158192090396 0.46410891089108913 0.6836158192090396 0.46410891089108913 0.7909604519774012