0 0.8560606060606061 0.7397119341563786 0.9648760330578512 0.7397119341563786 0.9648760330578512 0.581275720164609 0.8560606060606061 0.581275720164609 0.8560606060606061 0.7397119341563786
0 0.6088154269972452 0.3940329218106996 0.696969696969697 0.3940329218106996 0.696969696969697 0.28497942386831276 0.6088154269972452 0.28497942386831276 0.6088154269972452 0.3940329218106996
0 0.6418732782369146 0.9958847736625515 0.7534435261707989 0.9958847736625515 0.7534435261707989 0.8251028806584362 0.6418732782369146 0.8251028806584362 0.6418732782369146 0.9958847736625515
0 0.22865013774104684 0.2109053497942387 0.29338842975206614 0.2109053497942387 0.29338842975206614 0.10390946502057613 0.22865013774104684 0.10390946502057613 0.22865013774104684 0.2109053497942387
0 0.5365013774104683 0.35802469135802467 0.609504132231405 0.35802469135802467 0.609504132231405 0.2366255144032922 0.5365013774104683 0.2366255144032922 0.5365013774104683 0.35802469135802467
0 0.24449035812672176 0.4002057613168724 0.3174931129476584 0.4002057613168724 0.3174931129476584 0.30349794238683125 0.24449035812672176 0.30349794238683125 0.24449035812672176 0.4002057613168724
0 0.02134986225895317 0.5997942386831275 0.09022038567493113 0.5997942386831275 0.09022038567493113 0.49074074074074076 0.02134986225895317 0.49074074074074076 0.02134986225895317 0.5997942386831275
0 0.1721763085399449 0.4176954732510288 0.24242424242424243 0.4176954732510288 0.24242424242424243 0.3148148148148148 0.1721763085399449 0.3148148148148148 0.1721763085399449 0.4176954732510288
0 0.13292011019283748 0.6234567901234568 0.21418732782369146 0.6234567901234568 0.21418732782369146 0.5020576131687243 0.13292011019283748 0.5020576131687243 0.13292011019283748 0.6234567901234568
0 0.2493112947658402 0.31275720164609055 0.31955922865013775 0.31275720164609055 0.31955922865013775 0.23251028806584362 0.2493112947658402 0.23251028806584362 0.2493112947658402 0.31275720164609055
0 0.1246556473829201 0.3816872427983539 0.1825068870523416 0.3816872427983539 0.1825068870523416 0.2808641975308642 0.1246556473829201 0.2808641975308642 0.1246556473829201 0.3816872427983539
0 0.0881542699724518 0.5792181069958847 0.15564738292011018 0.5792181069958847 0.15564738292011018 0.45987654320987653 0.0881542699724518 0.45987654320987653 0.0881542699724518 0.5792181069958847
0 0.48278236914600553 0.3343621399176955 0.5475206611570248 0.3343621399176955 0.5475206611570248 0.21707818930041153 0.48278236914600553 0.21707818930041153 0.48278236914600553 0.3343621399176955
0 0.06129476584022039 0.4074074074074074 0.12603305785123967 0.4074074074074074 0.12603305785123967 0.30864197530864196 0.06129476584022039 0.30864197530864196 0.06129476584022039 0.4074074074074074
0 0.9676308539944903 0.34156378600823045 0.9993112947658402 0.34156378600823045 0.9993112947658402 0.22839506172839505 0.9676308539944903 0.22839506172839505 0.9676308539944903 0.34156378600823045
0 0 0.5853909465020576 0.026170798898071626 0.5853909465020576 0.026170798898071626 0.5174897119341564 0 0.5174897119341564 0 0.5853909465020576