0 0.20233333333333334 0.1318407960199005 0.257 0.1318407960199005 0.257 0.02736318407960199 0.20233333333333334 0.02736318407960199 0.20233333333333334 0.1318407960199005
0 0.687 0.9340796019900498 0.7403333333333333 0.9340796019900498 0.7403333333333333 0.8146766169154229 0.687 0.8146766169154229 0.687 0.9340796019900498
0 0.6166666666666667 0.5329601990049752 0.6666666666666666 0.5329601990049752 0.6666666666666666 0.4322139303482587 0.6166666666666667 0.4322139303482587 0.6166666666666667 0.5329601990049752
0 0.6346666666666667 0.9664179104477612 0.6973333333333334 0.9664179104477612 0.6973333333333334 0.8582089552238806 0.6346666666666667 0.8582089552238806 0.6346666666666667 0.9664179104477612
0 0.5496666666666666 0.4048507462686567 0.6016666666666667 0.4048507462686567 0.6016666666666667 0.2904228855721393 0.5496666666666666 0.2904228855721393 0.5496666666666666 0.4048507462686567
0 0.24633333333333332 0.1623134328358209 0.2976666666666667 0.1623134328358209 0.2976666666666667 0.05783582089552239 0.24633333333333332 0.05783582089552239 0.24633333333333332 0.1623134328358209
0 0.323 0.43034825870646765 0.37966666666666665 0.43034825870646765 0.37966666666666665 0.31592039800995025 0.323 0.31592039800995025 0.323 0.43034825870646765
0 0.11566666666666667 0.5677860696517413 0.18433333333333332 0.5677860696517413 0.18433333333333332 0.42723880597014924 0.11566666666666667 0.42723880597014924 0.11566666666666667 0.5677860696517413
0 0.468 0.9981343283582089 0.5313333333333333 0.9981343283582089 0.5313333333333333 0.8837064676616916 0.468 0.8837064676616916 0.468 0.9981343283582089
0 0.5 0.31592039800995025 0.546 0.31592039800995025 0.546 0.22014925373134328 0.5 0.22014925373134328 0.5 0.31592039800995025
0 0.050333333333333334 0.5652985074626866 0.11566666666666667 0.5652985074626866 0.11566666666666667 0.4496268656716418 0.050333333333333334 0.4496268656716418 0.050333333333333334 0.5652985074626866
0 0.17133333333333334 0.6013681592039801 0.23333333333333334 0.6013681592039801 0.23333333333333334 0.47450248756218905 0.17133333333333334 0.47450248756218905 0.17133333333333334 0.6013681592039801
0 0.429 0.4608208955223881 0.48433333333333334 0.4608208955223881 0.48433333333333334 0.3351990049751244 0.429 0.3351990049751244 0.429 0.4608208955223881
0 0.46366666666666667 0.138681592039801 0.503 0.138681592039801 0.503 0.05783582089552239 0.46366666666666667 0.05783582089552239 0.46366666666666667 0.138681592039801
0 0.38866666666666666 0.9769900497512438 0.4673333333333333 0.9769900497512438 0.4673333333333333 0.8327114427860697 0.38866666666666666 0.8327114427860697 0.38866666666666666 0.9769900497512438
0 0.6323333333333333 0.7406716417910447 0.6856666666666666 0.7406716417910447 0.6856666666666666 0.621268656716418 0.6323333333333333 0.621268656716418 0.6323333333333333 0.7406716417910447
0 0.30833333333333335 0.8439054726368159 0.377 0.8439054726368159 0.377 0.707089552238806 0.30833333333333335 0.707089552238806 0.30833333333333335 0.8439054726368159
0 0.4543333333333333 0.2767412935323383 0.5036666666666667 0.2767412935323383 0.5036666666666667 0.17848258706467662 0.4543333333333333 0.17848258706467662 0.4543333333333333 0.2767412935323383
0 0.3883333333333333 0 0.3883333333333333 0.07587064676616916 0.435 0.07587064676616916 0.435 0 0.3883333333333333 0
0 0.758 0.9993781094527363 0.8146666666666667 0.9993781094527363 0.8146666666666667 0.9210199004975125 0.758 0.9210199004975125 0.758 0.9993781094527363
0 0.057666666666666665 0.417910447761194 0.11766666666666667 0.417910447761194 0.11766666666666667 0.27114427860696516 0.057666666666666665 0.27114427860696516 0.057666666666666665 0.417910447761194
0 0.436 0 0.436 0.07835820895522388 0.474 0.07835820895522388 0.474 0 0.436 0
0 0.113 0.7779850746268657 0.17566666666666667 0.7779850746268657 0.17566666666666667 0.6299751243781094 0.113 0.6299751243781094 0.113 0.7779850746268657
0 0.216 0.26741293532338306 0.2753333333333333 0.26741293532338306 0.2753333333333333 0.13681592039800994 0.216 0.13681592039800994 0.216 0.26741293532338306
0 0.5113333333333333 0.23694029850746268 0.55 0.23694029850746268 0.55 0.16106965174129353 0.5113333333333333 0.16106965174129353 0.5113333333333333 0.23694029850746268
0 0.421 0.8731343283582089 0.47633333333333333 0.8731343283582089 0.47633333333333333 0.7475124378109452 0.421 0.7475124378109452 0.421 0.8731343283582089
0 0.38233333333333336 0.6784825870646766 0.43566666666666665 0.6784825870646766 0.43566666666666665 0.5478855721393034 0.38233333333333336 0.5478855721393034 0.38233333333333336 0.6784825870646766
0 0.2853333333333333 0.21206467661691542 0.31666666666666665 0.21206467661691542 0.31666666666666665 0.13246268656716417 0.2853333333333333 0.13246268656716417 0.2853333333333333 0.21206467661691542
0 0.819 0.9993781094527363 0.853 0.9993781094527363 0.853 0.9483830845771144 0.819 0.9483830845771144 0.819 0.9993781094527363