0 0.46166666666666667 0.9502487562189055 0.5143333333333333 0.9502487562189055 0.5143333333333333 0.8246268656716418 0.46166666666666667 0.8246268656716418 0.46166666666666667 0.9502487562189055
0 0.695 0.8700248756218906 0.7536666666666667 0.8700248756218906 0.7536666666666667 0.7468905472636815 0.695 0.7468905472636815 0.695 0.8700248756218906
0 0.5826666666666667 0.5615671641791045 0.6326666666666667 0.5615671641791045 0.6326666666666667 0.4695273631840796 0.5826666666666667 0.4695273631840796 0.5826666666666667 0.5615671641791045
0 0.5266666666666666 0.5914179104477612 0.5846666666666667 0.5914179104477612 0.5846666666666667 0.48818407960199006 0.5266666666666666 0.48818407960199006 0.5266666666666666 0.5914179104477612
0 0.5306666666666666 0.49129353233830847 0.5873333333333334 0.49129353233830847 0.5873333333333334 0.36691542288557216 0.5306666666666666 0.36691542288557216 0.5306666666666666 0.49129353233830847
0 0.04633333333333333 0.5373134328358209 0.099 0.5373134328358209 0.099 0.39427860696517414 0.04633333333333333 0.39427860696517414 0.04633333333333333 0.5373134328358209
0 0.028333333333333332 0.31156716417910446 0.087 0.31156716417910446 0.087 0.19838308457711443 0.028333333333333332 0.19838308457711443 0.028333333333333332 0.31156716417910446
0 0.7506666666666667 0.9738805970149254 0.8066666666666666 0.9738805970149254 0.8066666666666666 0.8594527363184079 0.7506666666666667 0.8594527363184079 0.7506666666666667 0.9738805970149254
0 0.6323333333333333 0.6044776119402985 0.6816666666666666 0.6044776119402985 0.6816666666666666 0.48009950248756217 0.6323333333333333 0.48009950248756217 0.6323333333333333 0.6044776119402985
0 0.38666666666666666 0.9011194029850746 0.462 0.9011194029850746 0.462 0.7705223880597015 0.38666666666666666 0.7705223880597015 0.38666666666666666 0.9011194029850746
0 0.5683333333333334 0.7817164179104478 0.6223333333333333 0.7817164179104478 0.6223333333333333 0.6847014925373134 0.5683333333333334 0.6847014925373134 0.5683333333333334 0.7817164179104478
0 0.34833333333333333 0.6411691542288557 0.40166666666666667 0.6411691542288557 0.40166666666666667 0.5043532338308457 0.34833333333333333 0.5043532338308457 0.34833333333333333 0.6411691542288557
0 0.514 0.37997512437810943 0.5706666666666667 0.37997512437810943 0.5706666666666667 0.26803482587064675 0.514 0.26803482587064675 0.514 0.37997512437810943
0 0.49633333333333335 0.2879353233830846 0.5496666666666666 0.2879353233830846 0.5496666666666666 0.17101990049751245 0.49633333333333335 0.17101990049751245 0.49633333333333335 0.2879353233830846
0 0.7066666666666667 0.7543532338308457 0.7593333333333333 0.7543532338308457 0.7593333333333333 0.6548507462686567 0.7066666666666667 0.6548507462686567 0.7066666666666667 0.7543532338308457
0 0.4563333333333333 0.09203980099502487 0.493 0.09203980099502487 0.493 0.021144278606965175 0.4563333333333333 0.021144278606965175 0.4563333333333333 0.09203980099502487
0 0.07866666666666666 0.43283582089552236 0.136 0.43283582089552236 0.136 0.3308457711442786 0.07866666666666666 0.3308457711442786 0.07866666666666666 0.43283582089552236
0 0.5766666666666667 0.45460199004975127 0.6226666666666667 0.45460199004975127 0.6226666666666667 0.3289800995024876 0.5766666666666667 0.3289800995024876 0.5766666666666667 0.45460199004975127
0 0.341 0.16791044776119404 0.373 0.16791044776119404 0.373 0.0945273631840796 0.341 0.0945273631840796 0.341 0.16791044776119404
0 0.11133333333333334 0.39738805970149255 0.17266666666666666 0.39738805970149255 0.17266666666666666 0.27549751243781095 0.11133333333333334 0.27549751243781095 0.11133333333333334 0.39738805970149255
0 0.053 0.20335820895522388 0.109 0.20335820895522388 0.109 0.04788557213930348 0.053 0.04788557213930348 0.053 0.20335820895522388
0 0.426 0.27798507462686567 0.4613333333333333 0.27798507462686567 0.4613333333333333 0.20460199004975124 0.426 0.20460199004975124 0.426 0.27798507462686567