0 0.6415229885057471 0.684375 0.7679597701149425 0.684375 0.7679597701149425 0.5260416666666666 0.6415229885057471 0.5260416666666666 0.6415229885057471 0.684375
0 0.2550287356321839 0.39791666666666664 0.34410919540229884 0.39791666666666664 0.34410919540229884 0.29375 0.2550287356321839 0.29375 0.2550287356321839 0.39791666666666664
0 0.07974137931034483 0.5479166666666667 0.15732758620689655 0.5479166666666667 0.15732758620689655 0.43333333333333335 0.07974137931034483 0.43333333333333335 0.07974137931034483 0.5479166666666667
0 0.26436781609195403 0 0.26436781609195403 0.09583333333333334 0.33764367816091956 0.09583333333333334 0.33764367816091956 0 0.26436781609195403 0
0 0.6149425287356322 0.878125 0.728448275862069 0.878125 0.728448275862069 0.6989583333333333 0.6149425287356322 0.6989583333333333 0.6149425287356322 0.878125
0 0.8017241379310345 0.37395833333333334 0.9109195402298851 0.37395833333333334 0.9109195402298851 0.23020833333333332 0.8017241379310345 0.23020833333333332 0.8017241379310345 0.37395833333333334
0 0.1846264367816092 0.19166666666666668 0.2665229885057471 0.19166666666666668 0.2665229885057471 0.09791666666666667 0.1846264367816092 0.09791666666666667 0.1846264367816092 0.19166666666666668
0 0.11494252873563218 0.35625 0.19827586206896552 0.35625 0.19827586206896552 0.25416666666666665 0.11494252873563218 0.25416666666666665 0.11494252873563218 0.35625
0 0.1817528735632184 0.109375 0.25646551724137934 0.109375 0.25646551724137934 0.036458333333333336 0.1817528735632184 0.036458333333333336 0.1817528735632184 0.109375
0 0 0.4979166666666667 0.040229885057471264 0.4979166666666667 0.040229885057471264 0.39791666666666664 0 0.39791666666666664 0 0.4979166666666667
0 0.1968390804597701 0.31354166666666666 0.2614942528735632 0.31354166666666666 0.2614942528735632 0.20729166666666668 0.1968390804597701 0.20729166666666668 0.1968390804597701 0.31354166666666666
0 0.38936781609195403 0 0.38936781609195403 0.05625 0.47270114942528735 0.05625 0.47270114942528735 0 0.38936781609195403 0
0 0.08045977011494253 0.2760416666666667 0.14367816091954022 0.2760416666666667 0.14367816091954022 0.16354166666666667 0.08045977011494253 0.16354166666666667 0.08045977011494253 0.2760416666666667
0 0.034482758620689655 0.5229166666666667 0.10201149425287356 0.5229166666666667 0.10201149425287356 0.40625 0.034482758620689655 0.40625 0.034482758620689655 0.5229166666666667
0 0.2579022988505747 0.30416666666666664 0.33405172413793105 0.30416666666666664 0.33405172413793105 0.21875 0.2579022988505747 0.21875 0.2579022988505747 0.30416666666666664
0 0.3290229885057471 0 0.3290229885057471 0.04791666666666667 0.3922413793103448 0.04791666666666667 0.3922413793103448 0 0.3290229885057471 0
0 0.12284482758620689 0.2625 0.19468390804597702 0.2625 0.19468390804597702 0.19166666666666668 0.12284482758620689 0.19166666666666668 0.12284482758620689 0.2625