0 0.286697247706422 0.8662109375 0.386085626911315 0.8662109375 0.386085626911315 0.7080078125 0.286697247706422 0.7080078125 0.286697247706422 0.8662109375
0 0.7003058103975535 0.3505859375 0.7920489296636085 0.3505859375 0.7920489296636085 0.2001953125 0.7003058103975535 0.2001953125 0.7003058103975535 0.3505859375
0 0.17889908256880735 0.998046875 0.29204892966360857 0.998046875 0.29204892966360857 0.8515625 0.17889908256880735 0.8515625 0.17889908256880735 0.998046875
0 0.37003058103975534 0.3017578125 0.4541284403669725 0.3017578125 0.4541284403669725 0.1669921875 0.37003058103975534 0.1669921875 0.37003058103975534 0.3017578125
0 0.7798165137614679 0.3779296875 0.8608562691131498 0.3779296875 0.8608562691131498 0.2177734375 0.7798165137614679 0.2177734375 0.7798165137614679 0.3779296875
0 0.7477064220183486 0.1865234375 0.8409785932721713 0.1865234375 0.8409785932721713 0.0439453125 0.7477064220183486 0.0439453125 0.7477064220183486 0.1865234375
0 0.20336391437308868 0.21875 0.27675840978593275 0.21875 0.27675840978593275 0.09765625 0.20336391437308868 0.09765625 0.20336391437308868 0.21875
0 0.6521406727828746 0.626953125 0.7545871559633027 0.626953125 0.7545871559633027 0.474609375 0.6521406727828746 0.474609375 0.6521406727828746 0.626953125
0 0.13761467889908258 0.87890625 0.2324159021406728 0.87890625 0.2324159021406728 0.716796875 0.13761467889908258 0.716796875 0.13761467889908258 0.87890625
0 0.07568807339449542 0.8134765625 0.1536697247706422 0.8134765625 0.1536697247706422 0.6708984375 0.07568807339449542 0.6708984375 0.07568807339449542 0.8134765625
0 0.8715596330275229 0.21875 0.9571865443425076 0.21875 0.9571865443425076 0.0625 0.8715596330275229 0.0625 0.8715596330275229 0.21875
0 0.49770642201834864 0.775390625 0.6032110091743119 0.775390625 0.6032110091743119 0.591796875 0.49770642201834864 0.591796875 0.49770642201834864 0.775390625
0 0.035932721712538224 0.6875 0.12614678899082568 0.6875 0.12614678899082568 0.53125 0.035932721712538224 0.53125 0.035932721712538224 0.6875
0 0.6215596330275229 0.9345703125 0.7148318042813455 0.9345703125 0.7148318042813455 0.7548828125 0.6215596330275229 0.7548828125 0.6215596330275229 0.9345703125
0 0.8990825688073395 0 0.8990825688073395 0.06640625 0.9801223241590215 0.06640625 0.9801223241590215 0 0.8990825688073395 0
0 0.5749235474006116 0.826171875 0.6834862385321101 0.826171875 0.6834862385321101 0.642578125 0.5749235474006116 0.642578125 0.5749235474006116 0.826171875