0 0.5655940594059405 0.3728813559322034 0.6646039603960396 0.3728813559322034 0.6646039603960396 0.2824858757062147 0.5655940594059405 0.2824858757062147 0.5655940594059405 0.3728813559322034
0 0.41955445544554454 0.635593220338983 0.525990099009901 0.635593220338983 0.525990099009901 0.5338983050847458 0.41955445544554454 0.5338983050847458 0.41955445544554454 0.635593220338983
0 0.452970297029703 0.8968926553672316 0.5618811881188119 0.8968926553672316 0.5618811881188119 0.78954802259887 0.452970297029703 0.78954802259887 0.452970297029703 0.8968926553672316
0 0.3341584158415842 0.730225988700565 0.4381188118811881 0.730225988700565 0.4381188118811881 0.6313559322033898 0.3341584158415842 0.6313559322033898 0.3341584158415842 0.730225988700565
0 0.7153465346534653 0.5833333333333334 0.8118811881188119 0.5833333333333334 0.8118811881188119 0.481638418079096 0.7153465346534653 0.481638418079096 0.7153465346534653 0.5833333333333334
0 0.12004950495049505 0.5070621468926554 0.21905940594059406 0.5070621468926554 0.21905940594059406 0.4166666666666667 0.12004950495049505 0.4166666666666667 0.12004950495049505 0.5070621468926554
0 0.35396039603960394 0.9971751412429378 0.452970297029703 0.9971751412429378 0.452970297029703 0.8757062146892656 0.35396039603960394 0.8757062146892656 0.35396039603960394 0.9971751412429378
0 0.21534653465346534 0.8968926553672316 0.3094059405940594 0.8968926553672316 0.3094059405940594 0.78954802259887 0.21534653465346534 0.78954802259887 0.21534653465346534 0.8968926553672316
0 0.5507425742574258 0.556497175141243 0.6423267326732673 0.556497175141243 0.6423267326732673 0.4689265536723164 0.5507425742574258 0.4689265536723164 0.5507425742574258 0.556497175141243
0 0.7957920792079208 0.4858757062146893 0.8997524752475248 0.4858757062146893 0.8997524752475248 0.3926553672316384 0.7957920792079208 0.3926553672316384 0.7957920792079208 0.4858757062146893
0 0.12252475247524752 0.9124293785310734 0.21658415841584158 0.9124293785310734 0.21658415841584158 0.8050847457627118 0.12252475247524752 0.8050847457627118 0.12252475247524752 0.9124293785310734
0 0.8737623762376238 0.12146892655367232 0.9603960396039604 0.12146892655367232 0.9603960396039604 0.03672316384180791 0.8737623762376238 0.03672316384180791 0.8737623762376238 0.12146892655367232
0 0.7896039603960396 0.403954802259887 0.8861386138613861 0.403954802259887 0.8861386138613861 0.3248587570621469 0.7896039603960396 0.3248587570621469 0.7896039603960396 0.403954802259887
0 0.5754950495049505 0.7288135593220338 0.681930693069307 0.7288135593220338 0.681930693069307 0.6242937853107344 0.5754950495049505 0.6242937853107344 0.5754950495049505 0.7288135593220338
0 0.2871287128712871 0.9519774011299436 0.3787128712871287 0.9519774011299436 0.3787128712871287 0.8361581920903954 0.2871287128712871 0.8361581920903954 0.2871287128712871 0.9519774011299436
0 0.5594059405940595 0.634180790960452 0.6608910891089109 0.634180790960452 0.6608910891089109 0.5550847457627118 0.5594059405940595 0.5550847457627118 0.5594059405940595 0.634180790960452
0 0.8007425742574258 0.096045197740113 0.8774752475247525 0.096045197740113 0.8774752475247525 0.00847457627118644 0.8007425742574258 0.00847457627118644 0.8007425742574258 0.096045197740113
0 0.6806930693069307 0 0.6806930693069307 0.05367231638418079 0.75 0.05367231638418079 0.75 0 0.6806930693069307 0
0 0.75 0 0.75 0.07627118644067797 0.8118811881188119 0.07627118644067797 0.8118811881188119 0 0.75 0
0 1 0.02401129943502825 0.9628712871287128 0.02401129943502825 0.9628712871287128 0.10875706214689265 1 0.10875706214689265 1 0.02401129943502825
0 0.9331683168316832 0 0.9331683168316832 0.0480225988700565 1 0.0480225988700565 1 0 0.9331683168316832 0
0 0.8663366336633663 0 0.8663366336633663 0.02824858757062147 0.9306930693069307 0.02824858757062147 0.9306930693069307 0 0.8663366336633663 0