0 0.17660550458715596 0.9990234375 0.28363914373088683 0.9990234375 0.28363914373088683 0.8544921875 0.17660550458715596 0.8544921875 0.17660550458715596 0.9990234375
0 0.28593272171253825 0.8662109375 0.3837920489296636 0.8662109375 0.3837920489296636 0.7080078125 0.28593272171253825 0.7080078125 0.28593272171253825 0.8662109375
0 0.20412844036697247 0.2158203125 0.2759938837920489 0.2158203125 0.2759938837920489 0.0966796875 0.20412844036697247 0.0966796875 0.20412844036697247 0.2158203125
0 0.13761467889908258 0.8759765625 0.2324159021406728 0.8759765625 0.2324159021406728 0.7177734375 0.13761467889908258 0.7177734375 0.13761467889908258 0.8759765625
0 0.617737003058104 0.9375 0.7125382262996942 0.9375 0.7125382262996942 0.751953125 0.617737003058104 0.751953125 0.617737003058104 0.9375
0 0.654434250764526 0.6240234375 0.7553516819571865 0.6240234375 0.7553516819571865 0.4697265625 0.654434250764526 0.4697265625 0.654434250764526 0.6240234375
0 0.4954128440366973 0.77734375 0.6024464831804281 0.77734375 0.6024464831804281 0.59375 0.4954128440366973 0.59375 0.4954128440366973 0.77734375
0 0.37079510703363916 0.3056640625 0.4518348623853211 0.3056640625 0.4518348623853211 0.1650390625 0.37079510703363916 0.1650390625 0.37079510703363916 0.3056640625
0 0.6995412844036697 0.34375 0.7897553516819572 0.34375 0.7897553516819572 0.1953125 0.6995412844036697 0.1953125 0.6995412844036697 0.34375
0 0.039755351681957186 0.6865234375 0.12538226299694188 0.6865234375 0.12538226299694188 0.5439453125 0.039755351681957186 0.5439453125 0.039755351681957186 0.6865234375
0 0.7492354740061162 0.1865234375 0.8363914373088684 0.1865234375 0.8363914373088684 0.0458984375 0.7492354740061162 0.0458984375 0.7492354740061162 0.1865234375
0 0.8723241590214067 0.2216796875 0.9564220183486238 0.2216796875 0.9564220183486238 0.0615234375 0.8723241590214067 0.0615234375 0.8723241590214067 0.2216796875
0 0.7805810397553516 0.3740234375 0.8585626911314985 0.3740234375 0.8585626911314985 0.2158203125 0.7805810397553516 0.2158203125 0.7805810397553516 0.3740234375
0 0.5741590214067278 0.8173828125 0.6842507645259939 0.8173828125 0.6842507645259939 0.6533203125 0.5741590214067278 0.6533203125 0.5741590214067278 0.8173828125
0 0.07492354740061162 0.8095703125 0.14984709480122324 0.8095703125 0.14984709480122324 0.6708984375 0.07492354740061162 0.6708984375 0.07492354740061162 0.8095703125
0 0.9029051987767585 0 0.9029051987767585 0.068359375 0.9793577981651376 0.068359375 0.9793577981651376 0 0.9029051987767585 0
0 1 0.9267578125 0.9831804281345565 0.9267578125 0.9831804281345565 0.9990234375 1 0.9990234375 1 0.9267578125