0 0.11217391304347826 0.753370786516854 0.2817391304347826 0.753370786516854 0.2817391304347826 0.5803370786516854 0.11217391304347826 0.5803370786516854 0.11217391304347826 0.753370786516854
0 0.6756521739130434 0.21460674157303372 0.7808695652173913 0.21460674157303372 0.7808695652173913 0.10674157303370786 0.6756521739130434 0.10674157303370786 0.6756521739130434 0.21460674157303372
0 0.20043478260869566 0.35730337078651686 0.31869565217391305 0.35730337078651686 0.31869565217391305 0.21460674157303372 0.20043478260869566 0.21460674157303372 0.20043478260869566 0.35730337078651686
0 0.8021739130434783 0.42696629213483145 0.9082608695652173 0.42696629213483145 0.9082608695652173 0.30674157303370786 0.8021739130434783 0.30674157303370786 0.8021739130434783 0.42696629213483145
0 0.8908695652173914 0.34831460674157305 0.9821739130434782 0.34831460674157305 0.9821739130434782 0.24269662921348314 0.8908695652173914 0.24269662921348314 0.8908695652173914 0.34831460674157305
0 0.033478260869565214 0.1651685393258427 0.15347826086956523 0.1651685393258427 0.15347826086956523 0.03146067415730337 0.033478260869565214 0.03146067415730337 0.033478260869565214 0.1651685393258427
0 0.8221739130434783 0.14269662921348314 0.9082608695652173 0.14269662921348314 0.9082608695652173 0.04719101123595506 0.8221739130434783 0.04719101123595506 0.8221739130434783 0.14269662921348314
0 0.8039130434782609 0.28876404494382024 0.898695652173913 0.28876404494382024 0.898695652173913 0.18089887640449437 0.8039130434782609 0.18089887640449437 0.8039130434782609 0.28876404494382024
0 0.12478260869565218 0.15 0.23434782608695653 0.15 0.23434782608695653 0.0050561797752808986 0.12478260869565218 0.0050561797752808986 0.12478260869565218 0.15
0 0.8847826086956522 0.4926966292134832 0.9734782608695652 0.4926966292134832 0.9734782608695652 0.38595505617977527 0.8847826086956522 0.38595505617977527 0.8847826086956522 0.4926966292134832
0 0.050869565217391305 0.31685393258426964 0.15782608695652173 0.31685393258426964 0.15782608695652173 0.16179775280898875 0.050869565217391305 0.16179775280898875 0.050869565217391305 0.31685393258426964
0 0.7573913043478261 0 0.7573913043478261 0.08314606741573034 0.8252173913043478 0.08314606741573034 0.8252173913043478 0 0.7573913043478261 0
0 0.6756521739130434 0 0.6756521739130434 0.06179775280898876 0.7634782608695653 0.06179775280898876 0.7634782608695653 0 0.6756521739130434 0
0 0.8539130434782609 0.24044943820224718 0.9321739130434783 0.24044943820224718 0.9321739130434783 0.15730337078651685 0.8539130434782609 0.15730337078651685 0.8539130434782609 0.24044943820224718
0 0.961304347826087 0.4 0.9995652173913043 0.4 0.9995652173913043 0.32696629213483147 0.961304347826087 0.32696629213483147 0.961304347826087 0.4
0 0.9752173913043478 0.5 0.9995652173913043 0.5 0.9995652173913043 0.398876404494382 0.9752173913043478 0.398876404494382 0.9752173913043478 0.5