0 0.579 0.9968905472636815 0.633 0.9968905472636815 0.633 0.8874378109452736 0.579 0.8874378109452736 0.579 0.9968905472636815
0 0.6706666666666666 0.6281094527363185 0.72 0.6281094527363185 0.72 0.5199004975124378 0.6706666666666666 0.5199004975124378 0.6706666666666666 0.6281094527363185
0 0.595 0.6032338308457711 0.649 0.6032338308457711 0.649 0.4925373134328358 0.595 0.4925373134328358 0.595 0.6032338308457711
0 0.10766666666666666 0.9993781094527363 0.19633333333333333 0.9993781094527363 0.19633333333333333 0.9334577114427861 0.10766666666666666 0.9334577114427861 0.10766666666666666 0.9993781094527363
0 0.36966666666666664 0.4129353233830846 0.42433333333333334 0.4129353233830846 0.42433333333333334 0.291044776119403 0.36966666666666664 0.291044776119403 0.36966666666666664 0.4129353233830846
0 0.7083333333333334 0.7935323383084577 0.7556666666666667 0.7935323383084577 0.7556666666666667 0.6990049751243781 0.7083333333333334 0.6990049751243781 0.7083333333333334 0.7935323383084577
0 0.154 0.9751243781094527 0.22666666666666666 0.9751243781094527 0.22666666666666666 0.8345771144278606 0.154 0.8345771144278606 0.154 0.9751243781094527
0 0.050333333333333334 0.582089552238806 0.115 0.582089552238806 0.115 0.44527363184079605 0.050333333333333334 0.44527363184079605 0.050333333333333334 0.582089552238806
0 0.4663333333333333 0.12997512437810946 0.505 0.12997512437810946 0.505 0.04539800995024876 0.4663333333333333 0.04539800995024876 0.4663333333333333 0.12997512437810946
0 0.06533333333333333 0.6909203980099502 0.132 0.6909203980099502 0.132 0.5553482587064676 0.06533333333333333 0.5553482587064676 0.06533333333333333 0.6909203980099502
0 0.398 0.7101990049751243 0.45 0.7101990049751243 0.45 0.5746268656716418 0.398 0.5746268656716418 0.398 0.7101990049751243
0 0.3243333333333333 0.36318407960199006 0.38166666666666665 0.36318407960199006 0.38166666666666665 0.2512437810945274 0.3243333333333333 0.2512437810945274 0.3243333333333333 0.36318407960199006
0 0.13433333333333333 0.6809701492537313 0.191 0.6809701492537313 0.191 0.5279850746268657 0.13433333333333333 0.5279850746268657 0.13433333333333333 0.6809701492537313
0 0.6016666666666667 0.4832089552238806 0.6436666666666667 0.4832089552238806 0.6436666666666667 0.3725124378109453 0.6016666666666667 0.3725124378109453 0.6016666666666667 0.4832089552238806
0 0.25 0.10758706467661691 0.302 0.10758706467661691 0.302 0.0018656716417910447 0.25 0.0018656716417910447 0.25 0.10758706467661691
0 0.024666666666666667 0.38370646766169153 0.082 0.38370646766169153 0.082 0.23196517412935325 0.024666666666666667 0.23196517412935325 0.024666666666666667 0.38370646766169153
0 0.026 0.3370646766169154 0.08133333333333333 0.3370646766169154 0.08133333333333333 0.2300995024875622 0.026 0.2300995024875622 0.026 0.3370646766169154
0 0.7886666666666666 0.9993781094527363 0.836 0.9993781094527363 0.836 0.9633084577114428 0.7886666666666666 0.9633084577114428 0.7886666666666666 0.9993781094527363