0 0.8533057851239669 0.6193415637860082 0.9552341597796143 0.6193415637860082 0.9552341597796143 0.4835390946502058 0.8533057851239669 0.4835390946502058 0.8533057851239669 0.6193415637860082
0 0.05440771349862259 0.5123456790123457 0.11776859504132231 0.5123456790123457 0.11776859504132231 0.4012345679012346 0.05440771349862259 0.4012345679012346 0.05440771349862259 0.5123456790123457
0 0.31129476584022037 0.4125514403292181 0.39118457300275483 0.4125514403292181 0.39118457300275483 0.2993827160493827 0.31129476584022037 0.2993827160493827 0.31129476584022037 0.4125514403292181
0 0 0.6039094650205762 0.06887052341597796 0.6039094650205762 0.06887052341597796 0.5051440329218106 0 0.5051440329218106 0 0.6039094650205762
0 0.18663911845730027 0.4711934156378601 0.26239669421487605 0.4711934156378601 0.26239669421487605 0.36213991769547327 0.18663911845730027 0.36213991769547327 0.18663911845730027 0.4711934156378601
0 0.4428374655647383 0.23559670781893005 0.518595041322314 0.23559670781893005 0.518595041322314 0.12654320987654322 0.4428374655647383 0.12654320987654322 0.4428374655647383 0.23559670781893005
0 0.378099173553719 0.31995884773662553 0.4524793388429752 0.31995884773662553 0.4524793388429752 0.20679012345679013 0.378099173553719 0.20679012345679013 0.378099173553719 0.31995884773662553
0 0.650137741046832 0.9979423868312757 0.7865013774104683 0.9979423868312757 0.7865013774104683 0.9197530864197531 0.650137741046832 0.9197530864197531 0.650137741046832 0.9979423868312757
0 0.22245179063360881 0.17901234567901234 0.2775482093663912 0.17901234567901234 0.2775482093663912 0.09670781893004116 0.22245179063360881 0.09670781893004116 0.22245179063360881 0.17901234567901234
0 0.2988980716253444 0 0.2988980716253444 0.07613168724279835 0.37052341597796146 0.07613168724279835 0.37052341597796146 0 0.2988980716253444 0
0 0.07024793388429752 0.6080246913580247 0.1446280991735537 0.6080246913580247 0.1446280991735537 0.49897119341563784 0.07024793388429752 0.49897119341563784 0.07024793388429752 0.6080246913580247
0 0.3140495867768595 0.20781893004115226 0.38292011019283745 0.20781893004115226 0.38292011019283745 0.12962962962962962 0.3140495867768595 0.12962962962962962 0.3140495867768595 0.20781893004115226
0 0.5165289256198347 0 0.5165289256198347 0.06584362139917696 0.5826446280991735 0.06584362139917696 0.5826446280991735 0 0.5165289256198347 0
0 0.2527548209366391 0.3775720164609053 0.3243801652892562 0.3775720164609053 0.3243801652892562 0.27469135802469136 0.2527548209366391 0.27469135802469136 0.2527548209366391 0.3775720164609053
0 0.3856749311294766 0.13477366255144033 0.45867768595041325 0.13477366255144033 0.45867768595041325 0.06275720164609054 0.3856749311294766 0.06275720164609054 0.3856749311294766 0.13477366255144033
0 0.3877410468319559 0.20679012345679013 0.4497245179063361 0.20679012345679013 0.4497245179063361 0.12037037037037036 0.3877410468319559 0.12037037037037036 0.3877410468319559 0.20679012345679013
0 0.10674931129476584 0.3446502057613169 0.17011019283746556 0.3446502057613169 0.17011019283746556 0.2397119341563786 0.10674931129476584 0.2397119341563786 0.10674931129476584 0.3446502057613169
0 0.14600550964187328 0.35699588477366256 0.21074380165289255 0.35699588477366256 0.21074380165289255 0.26440329218106995 0.14600550964187328 0.26440329218106995 0.14600550964187328 0.35699588477366256
0 0.3271349862258953 0.2932098765432099 0.38360881542699726 0.2932098765432099 0.38360881542699726 0.19650205761316872 0.3271349862258953 0.19650205761316872 0.3271349862258953 0.2932098765432099
0 0.24586776859504134 0.2952674897119342 0.32575757575757575 0.2952674897119342 0.32575757575757575 0.20679012345679013 0.24586776859504134 0.20679012345679013 0.24586776859504134 0.2952674897119342
0 0.14325068870523416 0.2417695473251029 0.19834710743801653 0.2417695473251029 0.19834710743801653 0.15123456790123457 0.14325068870523416 0.15123456790123457 0.14325068870523416 0.2417695473251029
0 0.2534435261707989 0.22016460905349794 0.3181818181818182 0.22016460905349794 0.3181818181818182 0.15843621399176955 0.2534435261707989 0.15843621399176955 0.2534435261707989 0.22016460905349794
0 0.14118457300275483 0.43621399176954734 0.19765840220385675 0.43621399176954734 0.19765840220385675 0.34156378600823045 0.14118457300275483 0.34156378600823045 0.14118457300275483 0.43621399176954734
0 0.5771349862258953 0 0.5771349862258953 0.037037037037037035 0.6432506887052342 0.037037037037037035 0.6432506887052342 0 0.5771349862258953 0