0 0.7239932885906041 0.8996138996138996 0.802013422818792 0.8996138996138996 0.802013422818792 0.7046332046332047 0.7239932885906041 0.7046332046332047 0.7239932885906041 0.8996138996138996
0 0.7869127516778524 0.41312741312741313 0.8489932885906041 0.41312741312741313 0.8489932885906041 0.25675675675675674 0.7869127516778524 0.25675675675675674 0.7869127516778524 0.41312741312741313
0 0.3225671140939597 0.43532818532818535 0.3938758389261745 0.43532818532818535 0.3938758389261745 0.2731660231660232 0.3225671140939597 0.2731660231660232 0.3225671140939597 0.43532818532818535
0 0.2898489932885906 0.6196911196911197 0.35444630872483224 0.6196911196911197 0.35444630872483224 0.44015444015444016 0.2898489932885906 0.44015444015444016 0.2898489932885906 0.6196911196911197
0 0.9010067114093959 0.7258687258687259 0.9672818791946308 0.7258687258687259 0.9672818791946308 0.5463320463320464 0.9010067114093959 0.5463320463320464 0.9010067114093959 0.7258687258687259
0 0.9362416107382551 0.2133204633204633 0.9890939597315436 0.2133204633204633 0.9890939597315436 0.07239382239382239 0.9362416107382551 0.07239382239382239 0.9362416107382551 0.2133204633204633
0 0.28481543624161076 0.28474903474903474 0.35192953020134227 0.28474903474903474 0.35192953020134227 0.12451737451737452 0.28481543624161076 0.12451737451737452 0.28481543624161076 0.28474903474903474
0 0.2525167785234899 0.37258687258687256 0.3179530201342282 0.37258687258687256 0.3179530201342282 0.21621621621621623 0.2525167785234899 0.21621621621621623 0.2525167785234899 0.37258687258687256
0 0.9274328859060402 0.46332046332046334 0.9769295302013423 0.46332046332046334 0.9769295302013423 0.3204633204633205 0.9274328859060402 0.3204633204633205 0.9274328859060402 0.46332046332046334
0 0.26971476510067116 0.4546332046332046 0.33179530201342283 0.4546332046332046 0.33179530201342283 0.29633204633204635 0.26971476510067116 0.29633204633204635 0.26971476510067116 0.4546332046332046
0 0.8095637583892618 0.944980694980695 0.8934563758389261 0.944980694980695 0.8934563758389261 0.7557915057915058 0.8095637583892618 0.7557915057915058 0.8095637583892618 0.944980694980695
0 0.87248322147651 0.943050193050193 0.912751677852349 0.943050193050193 0.912751677852349 0.8503861003861004 0.87248322147651 0.8503861003861004 0.87248322147651 0.943050193050193