0 0.11165048543689321 0.9221105527638191 0.20388349514563106 0.9221105527638191 0.20388349514563106 0.8015075376884422 0.11165048543689321 0.8015075376884422 0.11165048543689321 0.9221105527638191
0 0.3713592233009709 0.20979899497487436 0.44902912621359226 0.20979899497487436 0.44902912621359226 0.11180904522613065 0.3713592233009709 0.11180904522613065 0.3713592233009709 0.20979899497487436
0 0.08980582524271845 0.6469849246231156 0.17718446601941748 0.6469849246231156 0.17718446601941748 0.5138190954773869 0.08980582524271845 0.5138190954773869 0.08980582524271845 0.6469849246231156
0 0.633495145631068 0.20979899497487436 0.7063106796116505 0.20979899497487436 0.7063106796116505 0.10427135678391959 0.633495145631068 0.10427135678391959 0.633495145631068 0.20979899497487436
0 0.6043689320388349 0.6494974874371859 0.691747572815534 0.6494974874371859 0.691747572815534 0.5263819095477387 0.6043689320388349 0.5263819095477387 0.6043689320388349 0.6494974874371859
0 0.7560679611650486 0.21105527638190955 0.8240291262135923 0.21105527638190955 0.8240291262135923 0.10804020100502512 0.7560679611650486 0.10804020100502512 0.7560679611650486 0.21105527638190955
0 0.9162621359223301 0.5816582914572864 0.9987864077669902 0.5816582914572864 0.9987864077669902 0.45603015075376885 0.9162621359223301 0.45603015075376885 0.9162621359223301 0.5816582914572864
0 0.8859223300970874 0.25125628140703515 0.9660194174757282 0.25125628140703515 0.9660194174757282 0.1507537688442211 0.8859223300970874 0.1507537688442211 0.8859223300970874 0.25125628140703515
0 0 0.2198492462311558 0.06067961165048544 0.2198492462311558 0.06067961165048544 0.12939698492462312 0 0.12939698492462312 0 0.2198492462311558
0 0.5327669902912622 0.6017587939698492 0.6201456310679612 0.6017587939698492 0.6201456310679612 0.47613065326633164 0.5327669902912622 0.47613065326633164 0.5327669902912622 0.6017587939698492
0 0.4963592233009709 0.6896984924623115 0.5885922330097088 0.6896984924623115 0.5885922330097088 0.5540201005025126 0.4963592233009709 0.5540201005025126 0.4963592233009709 0.6896984924623115
0 0.6262135922330098 0.5326633165829145 0.7087378640776699 0.5326633165829145 0.7087378640776699 0.4221105527638191 0.6262135922330098 0.4221105527638191 0.6262135922330098 0.5326633165829145
0 0.8216019417475728 0.6080402010050251 0.9016990291262136 0.6080402010050251 0.9016990291262136 0.4849246231155779 0.8216019417475728 0.4849246231155779 0.8216019417475728 0.6080402010050251
0 0 0.30402010050251255 0.03398058252427184 0.30402010050251255 0.03398058252427184 0.20603015075376885 0 0.20603015075376885 0 0.30402010050251255
0 0.6990291262135923 0.5653266331658291 0.7815533980582524 0.5653266331658291 0.7815533980582524 0.45226130653266333 0.6990291262135923 0.45226130653266333 0.6990291262135923 0.5653266331658291
0 0.7196601941747572 0.6507537688442211 0.8021844660194175 0.6507537688442211 0.8021844660194175 0.5276381909547738 0.7196601941747572 0.5276381909547738 0.7196601941747572 0.6507537688442211
0 0.9211165048543689 0.15326633165829145 0.9963592233009708 0.15326633165829145 0.9963592233009708 0.0829145728643216 0.9211165048543689 0.0829145728643216 0.9211165048543689 0.15326633165829145
0 0.9429611650485437 0.22738693467336685 0.9987864077669902 0.22738693467336685 0.9987864077669902 0.11683417085427136 0.9429611650485437 0.11683417085427136 0.9429611650485437 0.22738693467336685