0 0.2524752475247525 0.8036723163841808 0.34405940594059403 0.8036723163841808 0.34405940594059403 0.6878531073446328 0.2524752475247525 0.6878531073446328 0.2524752475247525 0.8036723163841808
0 0.568069306930693 0.7669491525423728 0.6670792079207921 0.7669491525423728 0.6670792079207921 0.6624293785310734 0.568069306930693 0.6624293785310734 0.568069306930693 0.7669491525423728
0 0.37623762376237624 0.9858757062146892 0.4752475247524752 0.9858757062146892 0.4752475247524752 0.8757062146892656 0.37623762376237624 0.8757062146892656 0.37623762376237624 0.9858757062146892
0 0.9245049504950495 0.2245762711864407 0.9987623762376238 0.2245762711864407 0.9987623762376238 0.13135593220338984 0.9245049504950495 0.13135593220338984 0.9245049504950495 0.2245762711864407
0 0.4777227722772277 0.8771186440677966 0.5792079207920792 0.8771186440677966 0.5792079207920792 0.769774011299435 0.4777227722772277 0.769774011299435 0.4777227722772277 0.8771186440677966
0 0.20173267326732675 0.3361581920903955 0.2834158415841584 0.3361581920903955 0.2834158415841584 0.2457627118644068 0.20173267326732675 0.2457627118644068 0.20173267326732675 0.3361581920903955
0 0.17945544554455445 0.9957627118644068 0.2834158415841584 0.9957627118644068 0.2834158415841584 0.9110169491525424 0.17945544554455445 0.9110169491525424 0.17945544554455445 0.9957627118644068
0 0.5111386138613861 0.1016949152542373 0.5903465346534653 0.1016949152542373 0.5903465346534653 0.01977401129943503 0.5111386138613861 0.01977401129943503 0.5111386138613861 0.1016949152542373
0 0.3997524752475248 0.826271186440678 0.5012376237623762 0.826271186440678 0.5012376237623762 0.7274011299435028 0.3997524752475248 0.7274011299435028 0.3997524752475248 0.826271186440678
0 0.8725247524752475 0.10028248587570622 0.9492574257425742 0.10028248587570622 0.9492574257425742 0.015536723163841809 0.8725247524752475 0.015536723163841809 0.8725247524752475 0.10028248587570622
0 0.33044554455445546 0.6963276836158192 0.4319306930693069 0.6963276836158192 0.4319306930693069 0.594632768361582 0.33044554455445546 0.594632768361582 0.33044554455445546 0.6963276836158192
0 0.3527227722772277 0.1864406779661017 0.42945544554455445 0.1864406779661017 0.42945544554455445 0.1016949152542373 0.3527227722772277 0.1016949152542373 0.3527227722772277 0.1864406779661017
0 0.349009900990099 0.7768361581920904 0.43564356435643564 0.7768361581920904 0.43564356435643564 0.6666666666666666 0.349009900990099 0.6666666666666666 0.349009900990099 0.7768361581920904
0 0 0.847457627118644 0.08168316831683169 0.847457627118644 0.08168316831683169 0.751412429378531 0 0.751412429378531 0 0.847457627118644
0 0.4121287128712871 0.2132768361581921 0.4814356435643564 0.2132768361581921 0.4814356435643564 0.12005649717514125 0.4121287128712871 0.12005649717514125 0.4121287128712871 0.2132768361581921
0 0.9504950495049505 0 0.9504950495049505 0.08192090395480225 1 0.08192090395480225 1 0 0.9504950495049505 0
0 0.32301980198019803 0.2838983050847458 0.3972772277227723 0.2838983050847458 0.3972772277227723 0.18785310734463276 0.32301980198019803 0.18785310734463276 0.32301980198019803 0.2838983050847458
0 0 0.940677966101695 0.08415841584158416 0.940677966101695 0.08415841584158416 0.844632768361582 0 0.844632768361582 0 0.940677966101695
0 0.2896039603960396 0.9957627118644068 0.3910891089108911 0.9957627118644068 0.3910891089108911 0.9675141242937854 0.2896039603960396 0.9675141242937854 0.2896039603960396 0.9957627118644068