0 0.4199029126213592 0.6859296482412061 0.5048543689320388 0.6859296482412061 0.5048543689320388 0.5552763819095478 0.4199029126213592 0.5552763819095478 0.4199029126213592 0.6859296482412061
0 0.6201456310679612 0.20728643216080403 0.6929611650485437 0.20728643216080403 0.6929611650485437 0.10678391959798995 0.6201456310679612 0.10678391959798995 0.6201456310679612 0.20728643216080403
0 0.019417475728155338 0.6733668341708543 0.10194174757281553 0.6733668341708543 0.10194174757281553 0.542713567839196 0.019417475728155338 0.542713567839196 0.019417475728155338 0.6733668341708543
0 0.2220873786407767 0.22110552763819097 0.2973300970873786 0.22110552763819097 0.2973300970873786 0.1306532663316583 0.2220873786407767 0.1306532663316583 0.2220873786407767 0.22110552763819097
0 0.2524271844660194 0.5540201005025126 0.3325242718446602 0.5540201005025126 0.3325242718446602 0.42839195979899497 0.2524271844660194 0.42839195979899497 0.2524271844660194 0.5540201005025126
0 0.39563106796116504 0.2198492462311558 0.46601941747572817 0.2198492462311558 0.46601941747572817 0.12939698492462312 0.39563106796116504 0.12939698492462312 0.39563106796116504 0.2198492462311558
0 1 0.49120603015075376 0.9174757281553398 0.49120603015075376 0.9174757281553398 0.621859296482412 1 0.621859296482412 1 0.49120603015075376
0 0.1796116504854369 0.6582914572864321 0.2621359223300971 0.6582914572864321 0.2621359223300971 0.5527638190954773 0.1796116504854369 0.5527638190954773 0.1796116504854369 0.6582914572864321
0 0.18810679611650485 0.5678391959798995 0.27305825242718446 0.5678391959798995 0.27305825242718446 0.46984924623115576 0.18810679611650485 0.46984924623115576 0.18810679611650485 0.5678391959798995
0 1 0.4371859296482412 0.9368932038834952 0.4371859296482412 0.9368932038834952 0.5376884422110553 1 0.5376884422110553 1 0.4371859296482412
0 0.1262135922330097 0.2537688442211055 0.21844660194174756 0.2537688442211055 0.21844660194174756 0.15326633165829145 0.1262135922330097 0.15326633165829145 0.1262135922330097 0.2537688442211055
0 0.9769417475728155 0.16457286432160803 0.9987864077669902 0.16457286432160803 0.9987864077669902 0.07914572864321608 0.9769417475728155 0.07914572864321608 0.9769417475728155 0.16457286432160803
0 0.11771844660194175 0.20854271356783918 0.20024271844660194 0.20854271356783918 0.20024271844660194 0.1306532663316583 0.11771844660194175 0.1306532663316583 0.11771844660194175 0.20854271356783918