0 0.3096054888507719 0.19047619047619047 0.3902229845626072 0.19047619047619047 0.3902229845626072 0.026984126984126985 0.3096054888507719 0.026984126984126985 0.3096054888507719 0.19047619047619047
0 0.7452830188679245 0.4936507936507937 0.8190394511149228 0.4936507936507937 0.8190394511149228 0.3380952380952381 0.7452830188679245 0.3380952380952381 0.7452830188679245 0.4936507936507937
0 0.04502572898799314 0.4246031746031746 0.12221269296740996 0.4246031746031746 0.12221269296740996 0.23253968253968255 0.04502572898799314 0.23253968253968255 0.04502572898799314 0.4246031746031746
0 0.758147512864494 1 0.758147512864494 0.873015873015873 0.6706689536878216 0.873015873015873 0.6706689536878216 1 0.758147512864494 1
0 0.8207547169811321 0.45396825396825397 0.8850771869639794 0.45396825396825397 0.8850771869639794 0.2920634920634921 0.8207547169811321 0.2920634920634921 0.8207547169811321 0.45396825396825397
0 0.7135506003430532 0.3404761904761905 0.7915951972555746 0.3404761904761905 0.7915951972555746 0.18333333333333332 0.7135506003430532 0.18333333333333332 0.7135506003430532 0.3404761904761905
0 0.6955403087478559 0 0.6955403087478559 0.12698412698412698 0.7572898799313894 0.12698412698412698 0.7572898799313894 0 0.6955403087478559 0
0 0.6187821612349914 0.22857142857142856 0.6899656946826758 0.22857142857142856 0.6899656946826758 0.08888888888888889 0.6187821612349914 0.08888888888888889 0.6187821612349914 0.22857142857142856
0 0.9086620926243568 0.7706349206349207 0.9798456260720412 0.7706349206349207 0.9798456260720412 0.5880952380952381 0.9086620926243568 0.5880952380952381 0.9086620926243568 0.7706349206349207
0 0.026157804459691254 0 0.026157804459691254 0.11904761904761904 0.10591766723842196 0.11904761904761904 0.10591766723842196 0 0.026157804459691254 0
0 0.8366209262435678 0.6174603174603175 0.9035162950257289 0.6174603174603175 0.9035162950257289 0.4587301587301587 0.8366209262435678 0.4587301587301587 0.8366209262435678 0.6174603174603175
0 0.8464837049742711 0.8166666666666667 0.9202401372212693 0.8166666666666667 0.9202401372212693 0.6531746031746032 0.8464837049742711 0.6531746031746032 0.8464837049742711 0.8166666666666667
0 0.9219554030874786 0.9825396825396825 0.9939965694682675 0.9825396825396825 0.9939965694682675 0.792063492063492 0.9219554030874786 0.792063492063492 0.9219554030874786 0.9825396825396825
0 0.5801886792452831 0 0.5801886792452831 0.10158730158730159 0.6470840480274442 0.10158730158730159 0.6470840480274442 0 0.5801886792452831 0
0 0.8490566037735849 0.9992063492063492 0.9253859348198971 0.9992063492063492 0.9253859348198971 0.8579365079365079 0.8490566037735849 0.8579365079365079 0.8490566037735849 0.9992063492063492
0 0.30231560891938253 1 0.30231560891938253 0.8857142857142857 0.19854202401372212 0.8857142857142857 0.19854202401372212 1 0.30231560891938253 1
0 0.7328473413379074 0.21428571428571427 0.7980274442538593 0.21428571428571427 0.7980274442538593 0.10952380952380952 0.7328473413379074 0.10952380952380952 0.7328473413379074 0.21428571428571427
0 0.6380789022298456 0.10952380952380952 0.6938250428816467 0.10952380952380952 0.6938250428816467 0.020634920634920634 0.6380789022298456 0.020634920634920634 0.6380789022298456 0.10952380952380952