0 0.2882262996941896 0.8681640625 0.386085626911315 0.8681640625 0.386085626911315 0.7080078125 0.2882262996941896 0.7080078125 0.2882262996941896 0.8681640625
0 0.6995412844036697 0.3486328125 0.7912844036697247 0.3486328125 0.7912844036697247 0.2001953125 0.6995412844036697 0.2001953125 0.6995412844036697 0.3486328125
0 0.36926605504587157 0.3017578125 0.45489296636085624 0.3017578125 0.45489296636085624 0.1669921875 0.36926605504587157 0.1669921875 0.36926605504587157 0.3017578125
0 0.7798165137614679 0.3779296875 0.8608562691131498 0.3779296875 0.8608562691131498 0.2177734375 0.7798165137614679 0.2177734375 0.7798165137614679 0.3779296875
0 0.7484709480122325 0.1865234375 0.841743119266055 0.1865234375 0.841743119266055 0.0439453125 0.7484709480122325 0.0439453125 0.7484709480122325 0.1865234375
0 0.17889908256880735 0.9990234375 0.29204892966360857 0.9990234375 0.29204892966360857 0.8505859375 0.17889908256880735 0.8505859375 0.17889908256880735 0.9990234375
0 0.20336391437308868 0.2177734375 0.27675840978593275 0.2177734375 0.27675840978593275 0.0966796875 0.20336391437308868 0.0966796875 0.20336391437308868 0.2177734375
0 0.13837920489296637 0.876953125 0.23318042813455658 0.876953125 0.23318042813455658 0.716796875 0.13837920489296637 0.716796875 0.13837920489296637 0.876953125
0 0.6529051987767585 0.625 0.7553516819571865 0.625 0.7553516819571865 0.47265625 0.6529051987767585 0.47265625 0.6529051987767585 0.625
0 0.8715596330275229 0.2197265625 0.9571865443425076 0.2197265625 0.9571865443425076 0.0615234375 0.8715596330275229 0.0615234375 0.8715596330275229 0.2197265625
0 0.07568807339449542 0.8125 0.1536697247706422 0.8125 0.1536697247706422 0.669921875 0.07568807339449542 0.669921875 0.07568807339449542 0.8125
0 0.49770642201834864 0.7763671875 0.6032110091743119 0.7763671875 0.6032110091743119 0.5908203125 0.49770642201834864 0.5908203125 0.49770642201834864 0.7763671875
0 0.035932721712538224 0.6875 0.12614678899082568 0.6875 0.12614678899082568 0.53125 0.035932721712538224 0.53125 0.035932721712538224 0.6875
0 0.6207951070336392 0.9375 0.7140672782874617 0.9375 0.7140672782874617 0.755859375 0.6207951070336392 0.755859375 0.6207951070336392 0.9375
0 0.5749235474006116 0.8251953125 0.6850152905198776 0.8251953125 0.6850152905198776 0.6435546875 0.5749235474006116 0.6435546875 0.5749235474006116 0.8251953125
0 0.8998470948012233 0 0.8998470948012233 0.06640625 0.9793577981651376 0.06640625 0.9793577981651376 0 0.8998470948012233 0