0 0.12950257289879932 0.5992063492063492 0.21869639794168097 0.5992063492063492 0.21869639794168097 0.4150793650793651 0.12950257289879932 0.4150793650793651 0.12950257289879932 0.5992063492063492
0 0.5518867924528302 0.6182539682539683 0.6299313893653516 0.6182539682539683 0.6299313893653516 0.4388888888888889 0.5518867924528302 0.4388888888888889 0.5518867924528302 0.6182539682539683
0 0.08104631217838765 0.7150793650793651 0.16337907375643224 0.7150793650793651 0.16337907375643224 0.5055555555555555 0.08104631217838765 0.5055555555555555 0.08104631217838765 0.7150793650793651
0 0.7182675814751286 0.276984126984127 0.7817324185248714 0.276984126984127 0.7817324185248714 0.12936507936507938 0.7182675814751286 0.12936507936507938 0.7182675814751286 0.276984126984127
0 0.6355060034305318 0.16587301587301587 0.7041166380789022 0.16587301587301587 0.7041166380789022 0.02619047619047619 0.6355060034305318 0.02619047619047619 0.6355060034305318 0.16587301587301587
0 0.7075471698113207 0 0.7075471698113207 0.1365079365079365 0.7675814751286449 0.1365079365079365 0.7675814751286449 0 0.7075471698113207 0
0 0.4772727272727273 0.7563492063492063 0.573327615780446 0.7563492063492063 0.573327615780446 0.5674603174603174 0.4772727272727273 0.5674603174603174 0.4772727272727273 0.7563492063492063
0 0.7221269296740995 0.4373015873015873 0.7924528301886793 0.4373015873015873 0.7924528301886793 0.2849206349206349 0.7221269296740995 0.2849206349206349 0.7221269296740995 0.4373015873015873
0 0.7804459691252144 0.7849206349206349 0.8593481989708405 0.7849206349206349 0.8593481989708405 0.6023809523809524 0.7804459691252144 0.6023809523809524 0.7804459691252144 0.7849206349206349
0 0.7838765008576329 0.4023809523809524 0.8499142367066895 0.4023809523809524 0.8499142367066895 0.2373015873015873 0.7838765008576329 0.2373015873015873 0.7838765008576329 0.4023809523809524
0 0.6290737564322469 0.776984126984127 0.7079759862778731 0.776984126984127 0.7079759862778731 0.596031746031746 0.6290737564322469 0.596031746031746 0.6290737564322469 0.776984126984127
0 0.7894511149228131 0.580952380952381 0.8589193825042881 0.580952380952381 0.8589193825042881 0.4095238095238095 0.7894511149228131 0.4095238095238095 0.7894511149228131 0.580952380952381
0 0.9322469982847341 0.7682539682539683 0.9965694682675815 0.7682539682539683 0.9965694682675815 0.5920634920634921 0.9322469982847341 0.5920634920634921 0.9322469982847341 0.7682539682539683
0 0.7182675814751286 0.6246031746031746 0.7894511149228131 0.6246031746031746 0.7894511149228131 0.45 0.7182675814751286 0.45 0.7182675814751286 0.6246031746031746
0 0.8863636363636364 0.8809523809523809 0.9652658662092625 0.8809523809523809 0.9652658662092625 0.746031746031746 0.8863636363636364 0.746031746031746 0.8863636363636364 0.8809523809523809
0 0.8499142367066895 0.7277777777777777 0.9193825042881647 0.7277777777777777 0.9193825042881647 0.5706349206349206 0.8499142367066895 0.5706349206349206 0.8499142367066895 0.7277777777777777
0 0.8593481989708405 0.5857142857142857 0.9210977701543739 0.5857142857142857 0.9210977701543739 0.4301587301587302 0.8593481989708405 0.4301587301587302 0.8593481989708405 0.5857142857142857
0 0.880360205831904 0.996031746031746 0.9584048027444254 0.996031746031746 0.9584048027444254 0.8674603174603175 0.880360205831904 0.8674603174603175 0.880360205831904 0.996031746031746
0 0.9618353344768439 0.9571428571428572 0.9995711835334476 0.9571428571428572 0.9995711835334476 0.7904761904761904 0.9618353344768439 0.7904761904761904 0.9618353344768439 0.9571428571428572
0 0.8752144082332761 1 0.8752144082332761 0.9301587301587302 0.7980274442538593 0.9301587301587302 0.7980274442538593 1 0.8752144082332761 1
0 0.014579759862778732 0 0.014579759862778732 0.07301587301587302 0.07461406518010291 0.07301587301587302 0.07461406518010291 0 0.014579759862778732 0
0 0.6123499142367067 0 0.6123499142367067 0.03650793650793651 0.676672384219554 0.03650793650793651 0.676672384219554 0 0.6123499142367067 0
0 0.3855060034305317 0.9992063492063492 0.4652658662092624 0.9992063492063492 0.4652658662092624 0.9658730158730159 0.3855060034305317 0.9658730158730159 0.3855060034305317 0.9992063492063492