0 0.33608815426997246 0.4012345679012346 0.41735537190082644 0.4012345679012346 0.41735537190082644 0.27983539094650206 0.33608815426997246 0.27983539094650206 0.33608815426997246 0.4012345679012346
0 0.7320936639118457 0.8713991769547325 0.8409090909090909 0.8713991769547325 0.8409090909090909 0.7314814814814815 0.7320936639118457 0.7314814814814815 0.7320936639118457 0.8713991769547325
0 0.4524793388429752 0 0.4524793388429752 0.06995884773662552 0.518595041322314 0.06995884773662552 0.518595041322314 0 0.4524793388429752 0
0 0.31955922865013775 0.26440329218106995 0.3856749311294766 0.26440329218106995 0.3856749311294766 0.16358024691358025 0.31955922865013775 0.16358024691358025 0.31955922865013775 0.26440329218106995
0 0.30509641873278237 0.10185185185185185 0.3615702479338843 0.10185185185185185 0.3615702479338843 0.013374485596707819 0.30509641873278237 0.013374485596707819 0.30509641873278237 0.10185185185185185
0 0.16804407713498623 0.4279835390946502 0.24104683195592286 0.4279835390946502 0.24104683195592286 0.3292181069958848 0.16804407713498623 0.3292181069958848 0.16804407713498623 0.4279835390946502
0 0.08264462809917356 0.5853909465020576 0.15702479338842976 0.5853909465020576 0.15702479338842976 0.4783950617283951 0.08264462809917356 0.4783950617283951 0.08264462809917356 0.5853909465020576
0 0.3650137741046832 0.16769547325102882 0.4297520661157025 0.16769547325102882 0.4297520661157025 0.08127572016460906 0.3650137741046832 0.08127572016460906 0.3650137741046832 0.16769547325102882
0 0.02066115702479339 0.6069958847736625 0.08539944903581267 0.6069958847736625 0.08539944903581267 0.5020576131687243 0.02066115702479339 0.5020576131687243 0.02066115702479339 0.6069958847736625
0 0.5433884297520661 0.10082304526748971 0.6150137741046832 0.10082304526748971 0.6150137741046832 0.006172839506172839 0.5433884297520661 0.006172839506172839 0.5433884297520661 0.10082304526748971
0 0.174931129476584 0.3446502057613169 0.2534435261707989 0.3446502057613169 0.2534435261707989 0.25823045267489714 0.174931129476584 0.25823045267489714 0.174931129476584 0.3446502057613169
0 0.07988980716253444 0.4835390946502058 0.1446280991735537 0.4835390946502058 0.1446280991735537 0.3950617283950617 0.07988980716253444 0.3950617283950617 0.07988980716253444 0.4835390946502058
0 0.2692837465564738 0.42592592592592593 0.3409090909090909 0.42592592592592593 0.3409090909090909 0.30864197530864196 0.2692837465564738 0.30864197530864196 0.2692837465564738 0.42592592592592593
0 0.21556473829201103 0.2623456790123457 0.284435261707989 0.2623456790123457 0.284435261707989 0.16563786008230452 0.21556473829201103 0.16563786008230452 0.21556473829201103 0.2623456790123457
0 0.38360881542699726 0.2962962962962963 0.4607438016528926 0.2962962962962963 0.4607438016528926 0.19958847736625515 0.38360881542699726 0.19958847736625515 0.38360881542699726 0.2962962962962963
0 0.26584022038567495 0.32613168724279834 0.3305785123966942 0.32613168724279834 0.3305785123966942 0.25411522633744854 0.26584022038567495 0.25411522633744854 0.26584022038567495 0.32613168724279834
0 0.25895316804407714 0.26954732510288065 0.32231404958677684 0.26954732510288065 0.32231404958677684 0.1934156378600823 0.25895316804407714 0.1934156378600823 0.25895316804407714 0.26954732510288065
0 0.38705234159779617 0.22016460905349794 0.4573002754820937 0.22016460905349794 0.4573002754820937 0.1337448559670782 0.38705234159779617 0.1337448559670782 0.38705234159779617 0.22016460905349794