0 0.13521739130434782 0.8646067415730337 0.3073913043478261 0.8646067415730337 0.3073913043478261 0.6780898876404494 0.13521739130434782 0.6780898876404494 0.13521739130434782 0.8646067415730337
0 0.3447826086956522 1 0.3447826086956522 0.8730337078651685 0.18130434782608695 0.8730337078651685 0.18130434782608695 1 0.3447826086956522 1
0 0.8304347826086956 0.4943820224719101 0.9382608695652174 0.4943820224719101 0.9382608695652174 0.3752808988764045 0.8304347826086956 0.3752808988764045 0.8304347826086956 0.4943820224719101
0 0.8652173913043478 0.30674157303370786 0.9539130434782609 0.30674157303370786 0.9539130434782609 0.2 0.8652173913043478 0.2 0.8652173913043478 0.30674157303370786
0 0.7052173913043478 0.22303370786516855 0.8017391304347826 0.22303370786516855 0.8017391304347826 0.1151685393258427 0.7052173913043478 0.1151685393258427 0.7052173913043478 0.22303370786516855
0 0.7821739130434783 0.28707865168539326 0.8691304347826087 0.28707865168539326 0.8691304347826087 0.18932584269662922 0.7821739130434783 0.18932584269662922 0.7821739130434783 0.28707865168539326
0 0.9508695652173913 0.6820224719101123 0.9995652173913043 0.6820224719101123 0.9995652173913043 0.5685393258426966 0.9508695652173913 0.5685393258426966 0.9508695652173913 0.6820224719101123
0 0.831304347826087 0.2095505617977528 0.9060869565217391 0.2095505617977528 0.9060869565217391 0.0949438202247191 0.831304347826087 0.0949438202247191 0.831304347826087 0.2095505617977528
0 0.9604347826086956 0.45955056179775283 0.9995652173913043 0.45955056179775283 0.9995652173913043 0.3303370786516854 0.9604347826086956 0.3303370786516854 0.9604347826086956 0.45955056179775283
0 0.8760869565217392 0.43314606741573036 0.9639130434782609 0.43314606741573036 0.9639130434782609 0.33202247191011236 0.8760869565217392 0.33202247191011236 0.8760869565217392 0.43314606741573036
0 0.7626086956521739 0.18258426966292135 0.8339130434782609 0.18258426966292135 0.8339130434782609 0.09269662921348315 0.7626086956521739 0.09269662921348315 0.7626086956521739 0.18258426966292135
0 0.9760869565217392 0.5735955056179776 0.9995652173913043 0.5735955056179776 0.9995652173913043 0.5162921348314606 0.9760869565217392 0.5162921348314606 0.9760869565217392 0.5735955056179776