0 0.17967409948542024 0.6857142857142857 0.266295025728988 0.6857142857142857 0.266295025728988 0.5015873015873016 0.17967409948542024 0.5015873015873016 0.17967409948542024 0.6857142857142857
0 0.4922813036020583 0.6579365079365079 0.5789022298456261 0.6579365079365079 0.5789022298456261 0.4849206349206349 0.4922813036020583 0.4849206349206349 0.4922813036020583 0.6579365079365079
0 0.37993138936535165 0.2626984126984127 0.45797598627787306 0.2626984126984127 0.45797598627787306 0.0992063492063492 0.37993138936535165 0.0992063492063492 0.37993138936535165 0.2626984126984127
0 0.7860205831903945 0.5817460317460318 0.8580617495711835 0.5817460317460318 0.8580617495711835 0.4166666666666667 0.7860205831903945 0.4166666666666667 0.7860205831903945 0.5817460317460318
0 0.08361921097770154 0.7174603174603175 0.17967409948542024 0.7174603174603175 0.17967409948542024 0.526984126984127 0.08361921097770154 0.526984126984127 0.08361921097770154 0.7174603174603175
0 0.6899656946826758 0.5515873015873016 0.7645797598627787 0.5515873015873016 0.7645797598627787 0.38333333333333336 0.6899656946826758 0.38333333333333336 0.6899656946826758 0.5515873015873016
0 0.7538593481989708 0.3412698412698413 0.8173241852487135 0.3412698412698413 0.8173241852487135 0.19682539682539682 0.7538593481989708 0.19682539682539682 0.7538593481989708 0.3412698412698413
0 0.03344768439108062 0.2857142857142857 0.1097770154373928 0.2857142857142857 0.1097770154373928 0.12698412698412698 0.03344768439108062 0.12698412698412698 0.03344768439108062 0.2857142857142857
0 0.6132075471698113 0.1761904761904762 0.6826758147512865 0.1761904761904762 0.6826758147512865 0.02857142857142857 0.6132075471698113 0.02857142857142857 0.6132075471698113 0.1761904761904762
0 0.44939965694682676 0.31666666666666665 0.5283018867924528 0.31666666666666665 0.5283018867924528 0.15317460317460319 0.44939965694682676 0.15317460317460319 0.44939965694682676 0.31666666666666665
0 0.6539451114922813 0.3111111111111111 0.7251286449399656 0.3111111111111111 0.7251286449399656 0.15079365079365079 0.6539451114922813 0.15079365079365079 0.6539451114922813 0.3111111111111111
0 0.8198970840480274 0.46746031746031746 0.8842195540308748 0.46746031746031746 0.8842195540308748 0.3261904761904762 0.8198970840480274 0.3261904761904762 0.8198970840480274 0.46746031746031746
0 0.8340480274442539 0.8603174603174604 0.910377358490566 0.8603174603174604 0.910377358490566 0.6968253968253968 0.8340480274442539 0.6968253968253968 0.8340480274442539 0.8603174603174604
0 0.7444253859348199 0.1992063492063492 0.7941680960548885 0.1992063492063492 0.7941680960548885 0.0626984126984127 0.7444253859348199 0.0626984126984127 0.7444253859348199 0.1992063492063492
0 0.21312178387650085 0.9976190476190476 0.3134648370497427 0.9976190476190476 0.3134648370497427 0.7912698412698412 0.21312178387650085 0.7912698412698412 0.21312178387650085 0.9976190476190476
0 0.8657804459691252 0.27936507936507937 0.9249571183533448 0.27936507936507937 0.9249571183533448 0.14761904761904762 0.8657804459691252 0.14761904761904762 0.8657804459691252 0.27936507936507937
0 0.8554888507718696 0.6039682539682539 0.9232418524871355 0.6039682539682539 0.9232418524871355 0.46746031746031746 0.8554888507718696 0.46746031746031746 0.8554888507718696 0.6039682539682539
0 0.684819897084048 0.2111111111111111 0.7439965694682675 0.2111111111111111 0.7439965694682675 0.07301587301587302 0.684819897084048 0.07301587301587302 0.684819897084048 0.2111111111111111
0 0.9240994854202401 0.9626984126984127 0.9995711835334476 0.9626984126984127 0.9995711835334476 0.8325396825396826 0.9240994854202401 0.8325396825396826 0.9240994854202401 0.9626984126984127
0 0.9082332761578045 1 0.9082332761578045 0.9158730158730158 0.8259005145797599 0.9158730158730158 0.8259005145797599 1 0.9082332761578045 1
0 0.9524013722126929 0.5587301587301587 0.9995711835334476 0.5587301587301587 0.9995711835334476 0.40634920634920635 0.9524013722126929 0.40634920634920635 0.9524013722126929 0.5587301587301587
0 0.8700686106346484 0.173015873015873 0.9309605488850772 0.173015873015873 0.9309605488850772 0.06190476190476191 0.8700686106346484 0.06190476190476191 0.8700686106346484 0.173015873015873
0 0.8426243567753001 0.7055555555555556 0.9129502572898799 0.7055555555555556 0.9129502572898799 0.5833333333333334 0.8426243567753001 0.5833333333333334 0.8426243567753001 0.7055555555555556
0 0.9618353344768439 0.4142857142857143 0.9995711835334476 0.4142857142857143 0.9995711835334476 0.319047619047619 0.9618353344768439 0.319047619047619 0.9618353344768439 0.4142857142857143
0 0.2585763293310463 1 0.2585763293310463 0.9349206349206349 0.16080617495711835 0.9349206349206349 0.16080617495711835 1 0.2585763293310463 1
0 0.9969982847341338 1 0.9969982847341338 0.9444444444444444 0.9120926243567753 0.9444444444444444 0.9120926243567753 1 0.9969982847341338 1
0 0.6016295025728988 0 0.6016295025728988 0.03968253968253968 0.6642367066895368 0.03968253968253968 0.6642367066895368 0 0.6016295025728988 0
0 0.6650943396226415 0 0.6650943396226415 0.026984126984126985 0.7165523156089194 0.026984126984126985 0.7165523156089194 0 0.6650943396226415 0