0 0.39555369127516776 0.36293436293436293 0.45931208053691275 0.36293436293436293 0.45931208053691275 0.21814671814671815 0.39555369127516776 0.21814671814671815 0.39555369127516776 0.36293436293436293
0 0.9395973154362416 0.19015444015444016 0.9890939597315436 0.19015444015444016 0.9890939597315436 0.05115830115830116 0.9395973154362416 0.05115830115830116 0.9395973154362416 0.19015444015444016
0 0.49958053691275167 0.14961389961389962 0.5557885906040269 0.14961389961389962 0.5557885906040269 0.0028957528957528956 0.49958053691275167 0.0028957528957528956 0.49958053691275167 0.14961389961389962
0 0.3145973154362416 0.44594594594594594 0.3850671140939597 0.44594594594594594 0.3850671140939597 0.28185328185328185 0.3145973154362416 0.28185328185328185 0.3145973154362416 0.44594594594594594
0 0.3104026845637584 0.582046332046332 0.3783557046979866 0.582046332046332 0.3783557046979866 0.41216216216216217 0.3104026845637584 0.41216216216216217 0.3104026845637584 0.582046332046332
0 0.4316275167785235 0.3204633204633205 0.4962248322147651 0.3204633204633205 0.4962248322147651 0.16988416988416988 0.4316275167785235 0.16988416988416988 0.4316275167785235 0.3204633204633205
0 0.23447986577181207 0.5945945945945946 0.29656040268456374 0.5945945945945946 0.29656040268456374 0.4922779922779923 0.23447986577181207 0.4922779922779923 0.23447986577181207 0.5945945945945946
0 0.338506711409396 0.3166023166023166 0.40310402684563756 0.3166023166023166 0.40310402684563756 0.1583011583011583 0.338506711409396 0.1583011583011583 0.338506711409396 0.3166023166023166
0 0.25293624161073824 0.5 0.31669463087248323 0.5 0.31669463087248323 0.35714285714285715 0.25293624161073824 0.35714285714285715 0.25293624161073824 0.5
0 0.16191275167785235 0.4343629343629344 0.21476510067114093 0.4343629343629344 0.21476510067114093 0.29343629343629346 0.16191275167785235 0.29343629343629346 0.16191275167785235 0.4343629343629344
0 0.18833892617449666 0.5675675675675675 0.24286912751677853 0.5675675675675675 0.24286912751677853 0.4498069498069498 0.18833892617449666 0.4498069498069498 0.18833892617449666 0.5675675675675675
0 0.4471476510067114 0.0916988416988417 0.5033557046979866 0.0916988416988417 0.5033557046979866 0.0009652509652509653 0.4471476510067114 0.0009652509652509653 0.4471476510067114 0.0916988416988417
0 0.20302013422818793 0.4691119691119691 0.2609060402684564 0.4691119691119691 0.2609060402684564 0.3416988416988417 0.20302013422818793 0.3416988416988417 0.20302013422818793 0.4691119691119691
0 0.28942953020134227 0.6525096525096525 0.3615771812080537 0.6525096525096525 0.3615771812080537 0.5598455598455598 0.28942953020134227 0.5598455598455598 0.28942953020134227 0.6525096525096525
0 0.4861577181208054 0.2982625482625483 0.5457214765100671 0.2982625482625483 0.5457214765100671 0.12451737451737452 0.4861577181208054 0.12451737451737452 0.4861577181208054 0.2982625482625483
0 0.39471476510067116 0.2133204633204633 0.4551174496644295 0.2133204633204633 0.4551174496644295 0.10521235521235521 0.39471476510067116 0.10521235521235521 0.39471476510067116 0.2133204633204633
0 0.2953020134228188 0.19787644787644787 0.3565436241610738 0.19787644787644787 0.3565436241610738 0.07046332046332046 0.2953020134228188 0.07046332046332046 0.2953020134228188 0.19787644787644787
0 0.251258389261745 0.3658301158301158 0.32172818791946306 0.3658301158301158 0.32172818791946306 0.2519305019305019 0.251258389261745 0.2519305019305019 0.251258389261745 0.3658301158301158
0 0.35318791946308725 0.6833976833976834 0.4312080536912752 0.6833976833976834 0.4312080536912752 0.527027027027027 0.35318791946308725 0.527027027027027 0.35318791946308725 0.6833976833976834
0 0.3548657718120805 0.16312741312741313 0.39848993288590606 0.16312741312741313 0.39848993288590606 0.06853281853281853 0.3548657718120805 0.06853281853281853 0.3548657718120805 0.16312741312741313
0 0.39848993288590606 0 0.39848993288590606 0.04826254826254826 0.4521812080536913 0.04826254826254826 0.4521812080536913 0 0.39848993288590606 0