0 0.3804530201342282 0.4362934362934363 0.44588926174496646 0.4362934362934363 0.44588926174496646 0.277992277992278 0.3804530201342282 0.277992277992278 0.3804530201342282 0.4362934362934363
0 0.3309563758389262 0.38706563706563707 0.38800335570469796 0.38706563706563707 0.38800335570469796 0.22297297297297297 0.3309563758389262 0.22297297297297297 0.3309563758389262 0.38706563706563707
0 0.25293624161073824 0.6245173745173745 0.3200503355704698 0.6245173745173745 0.3200503355704698 0.46621621621621623 0.25293624161073824 0.46621621621621623 0.25293624161073824 0.6245173745173745
0 0.43833892617449666 0.4034749034749035 0.5096476510067114 0.4034749034749035 0.5096476510067114 0.24903474903474904 0.43833892617449666 0.24903474903474904 0.43833892617449666 0.4034749034749035
0 0.2516778523489933 0.4893822393822394 0.32298657718120805 0.4893822393822394 0.32298657718120805 0.3252895752895753 0.2516778523489933 0.3252895752895753 0.2516778523489933 0.4893822393822394
0 0.39932885906040266 0.29343629343629346 0.4588926174496644 0.29343629343629346 0.4588926174496644 0.16023166023166024 0.39932885906040266 0.16023166023166024 0.39932885906040266 0.29343629343629346
0 0.4697986577181208 0.13803088803088803 0.5268456375838926 0.13803088803088803 0.5268456375838926 0.0009652509652509653 0.4697986577181208 0.0009652509652509653 0.4697986577181208 0.13803088803088803
0 0.2978187919463087 0.2133204633204633 0.3523489932885906 0.2133204633204633 0.3523489932885906 0.10328185328185328 0.2978187919463087 0.10328185328185328 0.2978187919463087 0.2133204633204633
0 0.39890939597315433 0.19015444015444016 0.4584731543624161 0.19015444015444016 0.4584731543624161 0.05308880308880309 0.39890939597315433 0.05308880308880309 0.39890939597315433 0.19015444015444016
0 0.3464765100671141 0.24613899613899615 0.4035234899328859 0.24613899613899615 0.4035234899328859 0.1167953667953668 0.3464765100671141 0.1167953667953668 0.3464765100671141 0.24613899613899615
0 0.4190436241610738 0 0.4190436241610738 0.10231660231660232 0.4777684563758389 0.10231660231660232 0.4777684563758389 0 0.4190436241610738 0
0 0.2822986577181208 0.3581081081081081 0.3410234899328859 0.3581081081081081 0.3410234899328859 0.19787644787644787 0.2822986577181208 0.19787644787644787 0.2822986577181208 0.3581081081081081
0 0.5583053691275168 0 0.5583053691275168 0.08494208494208494 0.6010906040268457 0.08494208494208494 0.6010906040268457 0 0.5583053691275168 0
0 0.2386744966442953 0.18822393822393824 0.28313758389261745 0.18822393822393824 0.28313758389261745 0.06660231660231661 0.2386744966442953 0.06660231660231661 0.2386744966442953 0.18822393822393824
0 0.5075503355704698 0 0.5075503355704698 0.10038610038610038 0.5595637583892618 0.10038610038610038 0.5595637583892618 0 0.5075503355704698 0
0 0.34354026845637586 0.12258687258687259 0.39890939597315433 0.12258687258687259 0.39890939597315433 0.0222007722007722 0.34354026845637586 0.0222007722007722 0.34354026845637586 0.12258687258687259
0 0.20134228187919462 0.582046332046332 0.24412751677852348 0.582046332046332 0.24412751677852348 0.4777992277992278 0.20134228187919462 0.4777992277992278 0.20134228187919462 0.582046332046332