0 0.5618932038834952 0.6771356783919598 0.654126213592233 0.6771356783919598 0.654126213592233 0.5489949748743719 0.5618932038834952 0.5489949748743719 0.5618932038834952 0.6771356783919598
0 0.15655339805825244 0.6733668341708543 0.24635922330097088 0.6733668341708543 0.24635922330097088 0.5452261306532663 0.15655339805825244 0.5452261306532663 0.15655339805825244 0.6733668341708543
0 0.7135922330097088 0.1972361809045226 0.7864077669902912 0.1972361809045226 0.7864077669902912 0.0992462311557789 0.7135922330097088 0.0992462311557789 0.7135922330097088 0.1972361809045226
0 0.32281553398058255 0.2185929648241206 0.39563106796116504 0.2185929648241206 0.39563106796116504 0.12562814070351758 0.32281553398058255 0.12562814070351758 0.32281553398058255 0.2185929648241206
0 0.49150485436893204 0.2135678391959799 0.5643203883495146 0.2135678391959799 0.5643203883495146 0.12060301507537688 0.49150485436893204 0.12060301507537688 0.49150485436893204 0.2135678391959799
0 0.32524271844660196 0.664572864321608 0.41019417475728154 0.664572864321608 0.41019417475728154 0.5515075376884422 0.32524271844660196 0.5515075376884422 0.32524271844660196 0.664572864321608
0 0 0.6520100502512562 0.07281553398058252 0.6520100502512562 0.07281553398058252 0.5389447236180904 0 0.5389447236180904 0 0.6520100502512562
0 0.38349514563106796 0.550251256281407 0.46359223300970875 0.550251256281407 0.46359223300970875 0.4296482412060301 0.38349514563106796 0.4296482412060301 0.38349514563106796 0.550251256281407
0 0.32524271844660196 0.5690954773869347 0.41019417475728154 0.5690954773869347 0.41019417475728154 0.46608040201005024 0.32524271844660196 0.46608040201005024 0.32524271844660196 0.5690954773869347
0 0.007281553398058253 0.5628140703517588 0.08495145631067962 0.5628140703517588 0.08495145631067962 0.4623115577889447 0.007281553398058253 0.4623115577889447 0.007281553398058253 0.5628140703517588
0 0.2220873786407767 0.2550251256281407 0.3191747572815534 0.2550251256281407 0.3191747572815534 0.15201005025125627 0.2220873786407767 0.15201005025125627 0.2220873786407767 0.2550251256281407
0 0.21237864077669902 0.20854271356783918 0.3070388349514563 0.20854271356783918 0.3070388349514563 0.12311557788944724 0.21237864077669902 0.12311557788944724 0.21237864077669902 0.20854271356783918