0 0.8932506887052342 0.5524691358024691 0.981404958677686 0.5524691358024691 0.981404958677686 0.40843621399176955 0.8932506887052342 0.40843621399176955 0.8932506887052342 0.5524691358024691
0 0.2128099173553719 0.34670781893004116 0.2830578512396694 0.34670781893004116 0.2830578512396694 0.2417695473251029 0.2128099173553719 0.2417695473251029 0.2128099173553719 0.34670781893004116
0 0.29820936639118456 0.4012345679012346 0.37672176308539945 0.4012345679012346 0.37672176308539945 0.29012345679012347 0.29820936639118456 0.29012345679012347 0.29820936639118456 0.4012345679012346
0 0.2796143250688705 0.2623456790123457 0.35399449035812675 0.2623456790123457 0.35399449035812675 0.14917695473251028 0.2796143250688705 0.14917695473251028 0.2796143250688705 0.2623456790123457
0 0.4807162534435262 0.13786008230452676 0.546831955922865 0.13786008230452676 0.546831955922865 0.037037037037037035 0.4807162534435262 0.037037037037037035 0.4807162534435262 0.13786008230452676
0 0.3347107438016529 0.2890946502057613 0.4035812672176309 0.2890946502057613 0.4035812672176309 0.18415637860082304 0.3347107438016529 0.18415637860082304 0.3347107438016529 0.2890946502057613
0 0.42699724517906334 0.11625514403292181 0.4972451790633609 0.11625514403292181 0.4972451790633609 0.01131687242798354 0.42699724517906334 0.01131687242798354 0.42699724517906334 0.11625514403292181
0 0.1081267217630854 0.6430041152263375 0.19352617079889808 0.6430041152263375 0.19352617079889808 0.5257201646090535 0.1081267217630854 0.5257201646090535 0.1081267217630854 0.6430041152263375
0 0.05716253443526171 0.5895061728395061 0.12052341597796143 0.5895061728395061 0.12052341597796143 0.4783950617283951 0.05716253443526171 0.4783950617283951 0.05716253443526171 0.5895061728395061
0 0.11570247933884298 0.45987654320987653 0.1790633608815427 0.45987654320987653 0.1790633608815427 0.3734567901234568 0.11570247933884298 0.3734567901234568 0.11570247933884298 0.45987654320987653
0 0.0674931129476584 0.3713991769547325 0.12672176308539945 0.3713991769547325 0.12672176308539945 0.27469135802469136 0.0674931129476584 0.27469135802469136 0.0674931129476584 0.3713991769547325
0 0.12258953168044077 0.5576131687242798 0.19559228650137742 0.5576131687242798 0.19559228650137742 0.4547325102880658 0.12258953168044077 0.4547325102880658 0.12258953168044077 0.5576131687242798
0 0 0.6018518518518519 0.05922865013774105 0.6018518518518519 0.05922865013774105 0.5092592592592593 0 0.5092592592592593 0 0.6018518518518519
0 0 0.5195473251028807 0.030303030303030304 0.5195473251028807 0.030303030303030304 0.46399176954732513 0 0.46399176954732513 0 0.5195473251028807