0 0.06566666666666666 0.7543532338308457 0.133 0.7543532338308457 0.133 0.5988805970149254 0.06566666666666666 0.5988805970149254 0.06566666666666666 0.7543532338308457
0 0.083 0.42350746268656714 0.14366666666666666 0.42350746268656714 0.14366666666666666 0.30161691542288555 0.083 0.30161691542288555 0.083 0.42350746268656714
0 0.641 0.9378109452736318 0.7056666666666667 0.9378109452736318 0.7056666666666667 0.8072139303482587 0.641 0.8072139303482587 0.641 0.9378109452736318
0 0.515 0.39241293532338306 0.567 0.39241293532338306 0.567 0.2829601990049751 0.515 0.2829601990049751 0.515 0.39241293532338306
0 0.7146666666666667 0.9521144278606966 0.7693333333333333 0.9521144278606966 0.7693333333333333 0.8414179104477612 0.7146666666666667 0.8414179104477612 0.7146666666666667 0.9521144278606966
0 0.033666666666666664 0.3824626865671642 0.099 0.3824626865671642 0.099 0.24813432835820895 0.033666666666666664 0.24813432835820895 0.033666666666666664 0.3824626865671642
0 0.5526666666666666 0.6274875621890548 0.6033333333333334 0.6274875621890548 0.6033333333333334 0.4956467661691542 0.5526666666666666 0.4956467661691542 0.5526666666666666 0.6274875621890548
0 0.5926666666666667 0.47512437810945274 0.646 0.47512437810945274 0.646 0.36069651741293535 0.5926666666666667 0.36069651741293535 0.5926666666666667 0.47512437810945274
0 0.7866666666666666 0.9614427860696517 0.8386666666666667 0.9614427860696517 0.8386666666666667 0.8557213930348259 0.7866666666666666 0.8557213930348259 0.7866666666666666 0.9614427860696517
0 0.6533333333333333 0.822139303482587 0.7106666666666667 0.822139303482587 0.7106666666666667 0.7276119402985075 0.6533333333333333 0.7276119402985075 0.6533333333333333 0.822139303482587
0 0.458 0.2462686567164179 0.5073333333333333 0.2462686567164179 0.5073333333333333 0.15796019900497513 0.458 0.15796019900497513 0.458 0.2462686567164179
0 0.619 0.5845771144278606 0.6676666666666666 0.5845771144278606 0.6676666666666666 0.4626865671641791 0.619 0.4626865671641791 0.619 0.5845771144278606
0 0.6806666666666666 0.6741293532338308 0.7286666666666667 0.6741293532338308 0.7286666666666667 0.5559701492537313 0.6806666666666666 0.5559701492537313 0.6806666666666666 0.6741293532338308
0 0.6133333333333333 0.7126865671641791 0.6693333333333333 0.7126865671641791 0.6693333333333333 0.595771144278607 0.6133333333333333 0.595771144278607 0.6133333333333333 0.7126865671641791
0 0.5293333333333333 0.2997512437810945 0.5666666666666667 0.2997512437810945 0.5666666666666667 0.24129353233830847 0.5293333333333333 0.24129353233830847 0.5293333333333333 0.2997512437810945
0 0.7006666666666667 0.792910447761194 0.7433333333333333 0.792910447761194 0.7433333333333333 0.6784825870646766 0.7006666666666667 0.6784825870646766 0.7006666666666667 0.792910447761194
0 0.49833333333333335 0.22574626865671643 0.535 0.22574626865671643 0.535 0.13992537313432835 0.49833333333333335 0.13992537313432835 0.49833333333333335 0.22574626865671643
0 0.0023333333333333335 0.20087064676616914 0.059666666666666666 0.20087064676616914 0.059666666666666666 0.05037313432835821 0.0023333333333333335 0.05037313432835821 0.0023333333333333335 0.20087064676616914
0 0.218 0.9981343283582089 0.27066666666666667 0.9981343283582089 0.27066666666666667 0.9620646766169154 0.218 0.9620646766169154 0.218 0.9981343283582089