0 0.11757425742574257 0.6045197740112994 0.22153465346534654 0.6045197740112994 0.22153465346534654 0.5084745762711864 0.11757425742574257 0.5084745762711864 0.11757425742574257 0.6045197740112994
0 0.30074257425742573 0.5056497175141242 0.3948019801980198 0.5056497175141242 0.3948019801980198 0.4067796610169492 0.30074257425742573 0.4067796610169492 0.30074257425742573 0.5056497175141242
0 0.6212871287128713 0.6991525423728814 0.7202970297029703 0.6991525423728814 0.7202970297029703 0.594632768361582 0.6212871287128713 0.594632768361582 0.6212871287128713 0.6991525423728814
0 0.4084158415841584 0.8008474576271186 0.504950495049505 0.8008474576271186 0.504950495049505 0.693502824858757 0.4084158415841584 0.693502824858757 0.4084158415841584 0.8008474576271186
0 1 0.20903954802259886 0.9084158415841584 0.20903954802259886 0.9084158415841584 0.3107344632768362 1 0.3107344632768362 1 0.20903954802259886
0 0.6039603960396039 0 0.6039603960396039 0.07627118644067797 0.6732673267326733 0.07627118644067797 0.6732673267326733 0 0.6039603960396039 0
0 0.5086633663366337 0.788135593220339 0.6051980198019802 0.788135593220339 0.6051980198019802 0.6666666666666666 0.5086633663366337 0.6666666666666666 0.5086633663366337 0.788135593220339
0 0.7685643564356436 0.3629943502824859 0.8551980198019802 0.3629943502824859 0.8551980198019802 0.2669491525423729 0.7685643564356436 0.2669491525423729 0.7685643564356436 0.3629943502824859
0 0.7388613861386139 0.13135593220338984 0.8353960396039604 0.13135593220338984 0.8353960396039604 0.052259887005649715 0.7388613861386139 0.052259887005649715 0.7388613861386139 0.13135593220338984
0 0.7042079207920792 0.5098870056497176 0.8032178217821783 0.5098870056497176 0.8032178217821783 0.4251412429378531 0.7042079207920792 0.4251412429378531 0.7042079207920792 0.5098870056497176
0 0.7029702970297029 0.597457627118644 0.8094059405940595 0.597457627118644 0.8094059405940595 0.5042372881355932 0.7029702970297029 0.5042372881355932 0.7029702970297029 0.597457627118644
0 1 0.06779661016949153 0.943069306930693 0.06779661016949153 0.943069306930693 0.15819209039548024 1 0.15819209039548024 1 0.06779661016949153
0 0.8391089108910891 0.3983050847457627 0.9232673267326733 0.3983050847457627 0.9232673267326733 0.2909604519774011 0.8391089108910891 0.2909604519774011 0.8391089108910891 0.3983050847457627
0 0 0.8008474576271186 0.054455445544554455 0.8008474576271186 0.054455445544554455 0.71045197740113 0 0.71045197740113 0 0.8008474576271186
0 0.7252475247524752 0 0.7252475247524752 0.062146892655367235 0.8143564356435643 0.062146892655367235 0.8143564356435643 0 0.7252475247524752 0
0 0.9665841584158416 0 0.9665841584158416 0.022598870056497175 0.9987623762376238 0.022598870056497175 0.9987623762376238 0 0.9665841584158416 0