0 0.5145631067961165 0.914572864321608 0.6092233009708737 0.914572864321608 0.6092233009708737 0.7939698492462312 0.5145631067961165 0.7939698492462312 0.5145631067961165 0.914572864321608
0 0.8507281553398058 0.18592964824120603 0.9211165048543689 0.18592964824120603 0.9211165048543689 0.09045226130653267 0.8507281553398058 0.09045226130653267 0.8507281553398058 0.18592964824120603
0 0.5983009708737864 0.2022613065326633 0.6759708737864077 0.2022613065326633 0.6759708737864077 0.10175879396984924 0.5983009708737864 0.10175879396984924 0.5983009708737864 0.2022613065326633
0 1 0.5025125628140703 0.9296116504854369 0.5025125628140703 0.9296116504854369 0.6180904522613065 1 0.6180904522613065 1 0.5025125628140703
0 0.08373786407766991 0.21105527638190955 0.16868932038834952 0.21105527638190955 0.16868932038834952 0.11055276381909548 0.08373786407766991 0.11055276381909548 0.08373786407766991 0.21105527638190955
0 0.1953883495145631 0.3065326633165829 0.28519417475728154 0.3065326633165829 0.28519417475728154 0.20603015075376885 0.1953883495145631 0.20603015075376885 0.1953883495145631 0.3065326633165829
0 0.42354368932038833 0.6381909547738693 0.5109223300970874 0.6381909547738693 0.5109223300970874 0.5050251256281407 0.42354368932038833 0.5050251256281407 0.42354368932038833 0.6381909547738693
0 1 0.4108040201005025 0.9247572815533981 0.4108040201005025 0.9247572815533981 0.5037688442211056 1 0.5037688442211056 1 0.4108040201005025
0 0.0012135922330097086 0.314070351758794 0.05946601941747573 0.314070351758794 0.05946601941747573 0.20854271356783918 0.0012135922330097086 0.20854271356783918 0.0012135922330097086 0.314070351758794
0 0.8349514563106796 0.6708542713567839 0.9247572815533981 0.6708542713567839 0.9247572815533981 0.542713567839196 0.8349514563106796 0.542713567839196 0.8349514563106796 0.6708542713567839
0 0.8483009708737864 0.5590452261306532 0.9308252427184466 0.5590452261306532 0.9308252427184466 0.4535175879396985 0.8483009708737864 0.4535175879396985 0.8483009708737864 0.5590452261306532
0 0.2111650485436893 0.20728643216080403 0.2815533980582524 0.20728643216080403 0.2815533980582524 0.13190954773869346 0.2111650485436893 0.13190954773869346 0.2111650485436893 0.20728643216080403
0 0.9720873786407767 0.18467336683417085 0.9987864077669902 0.18467336683417085 0.9987864077669902 0.09170854271356783 0.9720873786407767 0.09170854271356783 0.9720873786407767 0.18467336683417085
0 0 0.20603015075376885 0.06067961165048544 0.20603015075376885 0.06067961165048544 0.1306532663316583 0 0.1306532663316583 0 0.20603015075376885
0 0 0.5829145728643216 0.019417475728155338 0.5829145728643216 0.019417475728155338 0.4899497487437186 0 0.4899497487437186 0 0.5829145728643216
0 0.006067961165048544 0.23869346733668342 0.07645631067961164 0.23869346733668342 0.07645631067961164 0.15577889447236182 0.006067961165048544 0.15577889447236182 0.006067961165048544 0.23869346733668342
0 0.0012135922330097086 0.23366834170854273 0.07160194174757281 0.23366834170854273 0.07160194174757281 0.13316582914572864 0.0012135922330097086 0.13316582914572864 0.0012135922330097086 0.23366834170854273