0 0.3181818181818182 0.3940329218106996 0.3925619834710744 0.3940329218106996 0.3925619834710744 0.2767489711934156 0.3181818181818182 0.2767489711934156 0.3181818181818182 0.3940329218106996
0 0.4022038567493113 0.19650205761316872 0.4696969696969697 0.19650205761316872 0.4696969696969697 0.10390946502057613 0.4022038567493113 0.10390946502057613 0.4022038567493113 0.19650205761316872
0 0.46487603305785125 0.1697530864197531 0.5365013774104683 0.1697530864197531 0.5365013774104683 0.07304526748971193 0.46487603305785125 0.07304526748971193 0.46487603305785125 0.1697530864197531
0 0.1887052341597796 0.2006172839506173 0.25895316804407714 0.2006172839506173 0.25895316804407714 0.11213991769547325 0.1887052341597796 0.11213991769547325 0.1887052341597796 0.2006172839506173
0 0.7141873278236914 0.8631687242798354 0.818870523415978 0.8631687242798354 0.818870523415978 0.7253086419753086 0.7141873278236914 0.7253086419753086 0.7141873278236914 0.8631687242798354
0 0.17355371900826447 0.5864197530864198 0.25206611570247933 0.5864197530864198 0.25206611570247933 0.4691358024691358 0.17355371900826447 0.4691358024691358 0.17355371900826447 0.5864197530864198
0 0.24311294765840222 0.48559670781893005 0.3216253443526171 0.48559670781893005 0.3216253443526171 0.36419753086419754 0.24311294765840222 0.36419753086419754 0.24311294765840222 0.48559670781893005
0 0.045454545454545456 0.6419753086419753 0.12396694214876033 0.6419753086419753 0.12396694214876033 0.5329218106995884 0.045454545454545456 0.5329218106995884 0.045454545454545456 0.6419753086419753
0 0.1887052341597796 0.35802469135802467 0.25757575757575757 0.35802469135802467 0.25757575757575757 0.2716049382716049 0.1887052341597796 0.2716049382716049 0.1887052341597796 0.35802469135802467
0 0.10192837465564739 0.31378600823045266 0.1584022038567493 0.31378600823045266 0.1584022038567493 0.2273662551440329 0.10192837465564739 0.2273662551440329 0.10192837465564739 0.31378600823045266
0 0.2630853994490358 0.2757201646090535 0.3402203856749311 0.2757201646090535 0.3402203856749311 0.19958847736625515 0.2630853994490358 0.19958847736625515 0.2630853994490358 0.2757201646090535
0 0.9579889807162535 0.5576131687242798 0.9993112947658402 0.5576131687242798 0.9993112947658402 0.41358024691358025 0.9579889807162535 0.41358024691358025 0.9579889807162535 0.5576131687242798
0 0.01790633608815427 0.5216049382716049 0.07988980716253444 0.5216049382716049 0.07988980716253444 0.4207818930041152 0.01790633608815427 0.4207818930041152 0.01790633608815427 0.5216049382716049
0 0.2610192837465565 0.35905349794238683 0.32575757575757575 0.35905349794238683 0.32575757575757575 0.2664609053497942 0.2610192837465565 0.2664609053497942 0.2610192837465565 0.35905349794238683
0 0.11914600550964187 0.5452674897119342 0.1893939393939394 0.5452674897119342 0.1893939393939394 0.4382716049382716 0.11914600550964187 0.4382716049382716 0.11914600550964187 0.5452674897119342
0 0.11363636363636363 0.4454732510288066 0.19352617079889808 0.4454732510288066 0.19352617079889808 0.3611111111111111 0.11363636363636363 0.3611111111111111 0.11363636363636363 0.4454732510288066
0 0.19696969696969696 0.4495884773662551 0.2534435261707989 0.4495884773662551 0.2534435261707989 0.35288065843621397 0.19696969696969696 0.35288065843621397 0.19696969696969696 0.4495884773662551
0 0.02134986225895317 0.3816872427983539 0.07782369146005509 0.3816872427983539 0.07782369146005509 0.2911522633744856 0.02134986225895317 0.2911522633744856 0.02134986225895317 0.3816872427983539
0 0.12603305785123967 0.3662551440329218 0.19077134986225897 0.3662551440329218 0.19077134986225897 0.3004115226337449 0.12603305785123967 0.3004115226337449 0.12603305785123967 0.3662551440329218
0 0 0.49382716049382713 0.046831955922865015 0.49382716049382713 0.046831955922865015 0.3868312757201646 0 0.3868312757201646 0 0.49382716049382713
0 0.006887052341597796 0.5936213991769548 0.06198347107438017 0.5936213991769548 0.06198347107438017 0.5030864197530864 0.006887052341597796 0.5030864197530864 0.006887052341597796 0.5936213991769548
0 0.49242424242424243 0 0.49242424242424243 0.0411522633744856 0.5654269972451791 0.0411522633744856 0.5654269972451791 0 0.49242424242424243 0