0 0.5965346534653465 0.6002824858757062 0.6955445544554455 0.6002824858757062 0.6955445544554455 0.4985875706214689 0.5965346534653465 0.4985875706214689 0.5965346534653465 0.6002824858757062
0 0.7351485148514851 0.2867231638418079 0.8316831683168316 0.2867231638418079 0.8316831683168316 0.1963276836158192 0.7351485148514851 0.1963276836158192 0.7351485148514851 0.2867231638418079
0 0.8056930693069307 0.211864406779661 0.9022277227722773 0.211864406779661 0.9022277227722773 0.12146892655367232 0.8056930693069307 0.12146892655367232 0.8056930693069307 0.211864406779661
0 0.8675742574257426 0.4025423728813559 0.969059405940594 0.4025423728813559 0.969059405940594 0.3064971751412429 0.8675742574257426 0.3064971751412429 0.8675742574257426 0.4025423728813559
0 0.5037128712871287 0.1271186440677966 0.5952970297029703 0.1271186440677966 0.5952970297029703 0.04519774011299435 0.5037128712871287 0.04519774011299435 0.5037128712871287 0.1271186440677966
0 0.5594059405940595 0.4392655367231638 0.6435643564356436 0.4392655367231638 0.6435643564356436 0.3432203389830508 0.5594059405940595 0.3432203389830508 0.5594059405940595 0.4392655367231638
0 0.7202970297029703 0.4576271186440678 0.7995049504950495 0.4576271186440678 0.7995049504950495 0.3559322033898305 0.7202970297029703 0.3559322033898305 0.7202970297029703 0.4576271186440678
0 0.6435643564356436 0.422316384180791 0.7277227722772277 0.422316384180791 0.7277227722772277 0.326271186440678 0.6435643564356436 0.326271186440678 0.6435643564356436 0.422316384180791
0 0.676980198019802 0.6398305084745762 0.7735148514851485 0.6398305084745762 0.7735148514851485 0.538135593220339 0.676980198019802 0.538135593220339 0.676980198019802 0.6398305084745762
0 0.9195544554455446 0.14124293785310735 0.9987623762376238 0.14124293785310735 0.9987623762376238 0.06497175141242938 0.9195544554455446 0.06497175141242938 0.9195544554455446 0.14124293785310735
0 0.7908415841584159 0.4915254237288136 0.875 0.4915254237288136 0.875 0.3813559322033898 0.7908415841584159 0.3813559322033898 0.7908415841584159 0.4915254237288136
0 0.06806930693069307 0.5508474576271186 0.1448019801980198 0.5508474576271186 0.1448019801980198 0.4491525423728814 0.06806930693069307 0.4491525423728814 0.06806930693069307 0.5508474576271186
0 0.9393564356435643 0.2062146892655367 0.9987623762376238 0.2062146892655367 0.9987623762376238 0.12994350282485875 0.9393564356435643 0.12994350282485875 0.9393564356435643 0.2062146892655367
0 0.009900990099009901 0.5141242937853108 0.09405940594059406 0.5141242937853108 0.09405940594059406 0.4265536723163842 0.009900990099009901 0.4265536723163842 0.009900990099009901 0.5141242937853108
0 1 0.1751412429378531 0.9628712871287128 0.1751412429378531 0.9628712871287128 0.268361581920904 1 0.268361581920904 1 0.1751412429378531
0 0.18811881188118812 0.423728813559322 0.2747524752475248 0.423728813559322 0.2747524752475248 0.3361581920903955 0.18811881188118812 0.3361581920903955 0.18811881188118812 0.423728813559322
0 0 0.635593220338983 0.04702970297029703 0.635593220338983 0.04702970297029703 0.53954802259887 0 0.53954802259887 0 0.635593220338983