0 0.3353960396039604 0.981638418079096 0.4443069306930693 0.981638418079096 0.4443069306930693 0.8573446327683616 0.3353960396039604 0.8573446327683616 0.3353960396039604 0.981638418079096
0 0.7698019801980198 0.5254237288135594 0.8688118811881188 0.5254237288135594 0.8688118811881188 0.4265536723163842 0.7698019801980198 0.4265536723163842 0.7698019801980198 0.5254237288135594
0 0.5965346534653465 0.7231638418079096 0.6955445544554455 0.7231638418079096 0.6955445544554455 0.6186440677966102 0.5965346534653465 0.6186440677966102 0.5965346534653465 0.7231638418079096
0 0.19925742574257427 0.7033898305084746 0.3056930693069307 0.7033898305084746 0.3056930693069307 0.6101694915254238 0.19925742574257427 0.6101694915254238 0.19925742574257427 0.7033898305084746
0 0.46534653465346537 0.5692090395480226 0.5544554455445545 0.5692090395480226 0.5544554455445545 0.4562146892655367 0.46534653465346537 0.4562146892655367 0.46534653465346537 0.5692090395480226
0 0.6113861386138614 0.5847457627118644 0.7103960396039604 0.5847457627118644 0.7103960396039604 0.4887005649717514 0.6113861386138614 0.4887005649717514 0.6113861386138614 0.5847457627118644
0 0.38613861386138615 0.15677966101694915 0.46534653465346537 0.15677966101694915 0.46534653465346537 0.07203389830508475 0.38613861386138615 0.07203389830508475 0.38613861386138615 0.15677966101694915
0 0.504950495049505 0.10734463276836158 0.5742574257425742 0.10734463276836158 0.5742574257425742 0.025423728813559324 0.504950495049505 0.025423728813559324 0.504950495049505 0.10734463276836158
0 0.1745049504950495 0.9957627118644068 0.2784653465346535 0.9957627118644068 0.2784653465346535 0.9251412429378532 0.1745049504950495 0.9251412429378532 0.1745049504950495 0.9957627118644068
0 0.19925742574257427 0.6129943502824858 0.29826732673267325 0.6129943502824858 0.29826732673267325 0.5254237288135594 0.19925742574257427 0.5254237288135594 0.19925742574257427 0.6129943502824858
0 0.07425742574257425 0.6087570621468926 0.15099009900990099 0.6087570621468926 0.15099009900990099 0.5098870056497176 0.07425742574257425 0.5098870056497176 0.07425742574257425 0.6087570621468926
0 0.5358910891089109 0.4689265536723164 0.6349009900990099 0.4689265536723164 0.6349009900990099 0.3728813559322034 0.5358910891089109 0.3728813559322034 0.5358910891089109 0.4689265536723164
0 0.4962871287128713 0.8432203389830508 0.620049504950495 0.8432203389830508 0.620049504950495 0.6991525423728814 0.4962871287128713 0.6991525423728814 0.4962871287128713 0.8432203389830508
0 0.6918316831683168 0.6214689265536724 0.7883663366336634 0.6214689265536724 0.7883663366336634 0.519774011299435 0.6918316831683168 0.519774011299435 0.6918316831683168 0.6214689265536724
0 0.40965346534653463 0.7641242937853108 0.5086633663366337 0.7641242937853108 0.5086633663366337 0.6567796610169492 0.40965346534653463 0.6567796610169492 0.40965346534653463 0.7641242937853108
0 0.5581683168316832 0.5423728813559322 0.6423267326732673 0.5423728813559322 0.6423267326732673 0.4350282485875706 0.5581683168316832 0.4350282485875706 0.5581683168316832 0.5423728813559322
0 0.5866336633663366 0 0.5866336633663366 0.0423728813559322 0.6534653465346535 0.0423728813559322 0.6534653465346535 0 0.5866336633663366 0
0 0.2524752475247525 0.9971751412429378 0.3341584158415842 0.9971751412429378 0.3341584158415842 0.9661016949152542 0.2524752475247525 0.9661016949152542 0.2524752475247525 0.9971751412429378
0 0.5247524752475248 0 0.5247524752475248 0.01977401129943503 0.5841584158415841 0.01977401129943503 0.5841584158415841 0 0.5247524752475248 0