0 0.33746556473829203 0.21707818930041153 0.4090909090909091 0.21707818930041153 0.4090909090909091 0.11625514403292181 0.33746556473829203 0.11625514403292181 0.33746556473829203 0.21707818930041153
0 0.41253443526170797 0.147119341563786 0.48278236914600553 0.147119341563786 0.48278236914600553 0.056584362139917695 0.41253443526170797 0.056584362139917695 0.41253443526170797 0.147119341563786
0 0.7899449035812672 0.8117283950617284 0.9042699724517906 0.8117283950617284 0.9042699724517906 0.6574074074074074 0.7899449035812672 0.6574074074074074 0.7899449035812672 0.8117283950617284
0 0.7555096418732782 0.698559670781893 0.8546831955922864 0.698559670781893 0.8546831955922864 0.5627572016460906 0.7555096418732782 0.5627572016460906 0.7555096418732782 0.698559670781893
0 0.2988980716253444 0.6759259259259259 0.38016528925619836 0.6759259259259259 0.38016528925619836 0.5401234567901234 0.2988980716253444 0.5401234567901234 0.2988980716253444 0.6759259259259259
0 0.2527548209366391 0.22633744855967078 0.3133608815426997 0.22633744855967078 0.3133608815426997 0.13168724279835392 0.2527548209366391 0.13168724279835392 0.2527548209366391 0.22633744855967078
0 0.02203856749311295 0.4537037037037037 0.08677685950413223 0.4537037037037037 0.08677685950413223 0.338477366255144 0.02203856749311295 0.338477366255144 0.02203856749311295 0.4537037037037037
0 0.3746556473829201 0.7314814814814815 0.465564738292011 0.7314814814814815 0.465564738292011 0.6121399176954733 0.3746556473829201 0.6121399176954733 0.3746556473829201 0.7314814814814815
0 0.25206611570247933 0.6378600823045267 0.3209366391184573 0.6378600823045267 0.3209366391184573 0.5061728395061729 0.25206611570247933 0.5061728395061729 0.25206611570247933 0.6378600823045267
0 0.5550964187327824 0 0.5550964187327824 0.05555555555555555 0.6267217630853994 0.05555555555555555 0.6267217630853994 0 0.5550964187327824 0
0 0.026859504132231406 0.5987654320987654 0.09573002754820936 0.5987654320987654 0.09573002754820936 0.5020576131687243 0.026859504132231406 0.5020576131687243 0.026859504132231406 0.5987654320987654
0 0.4869146005509642 0 0.4869146005509642 0.03292181069958848 0.5433884297520661 0.03292181069958848 0.5433884297520661 0 0.4869146005509642 0