0 0.44466666666666665 0.6759950248756219 0.5053333333333333 0.6759950248756219 0.5053333333333333 0.5466417910447762 0.44466666666666665 0.5466417910447762 0.44466666666666665 0.6759950248756219
0 0.18866666666666668 0.9987562189054726 0.25533333333333336 0.9987562189054726 0.25533333333333336 0.8793532338308457 0.18866666666666668 0.8793532338308457 0.18866666666666668 0.9987562189054726
0 0.7696666666666667 0.9073383084577115 0.821 0.9073383084577115 0.821 0.7966417910447762 0.7696666666666667 0.7966417910447762 0.7696666666666667 0.9073383084577115
0 0.3953333333333333 0.6343283582089553 0.4613333333333333 0.6343283582089553 0.4613333333333333 0.503731343283582 0.3953333333333333 0.503731343283582 0.3953333333333333 0.6343283582089553
0 0.695 0.8986318407960199 0.749 0.8986318407960199 0.749 0.7705223880597015 0.695 0.7705223880597015 0.695 0.8986318407960199
0 0.486 0.9993781094527363 0.5526666666666666 0.9993781094527363 0.5526666666666666 0.9148009950248757 0.486 0.9148009950248757 0.486 0.9993781094527363
0 0.10866666666666666 0.9993781094527363 0.19066666666666668 0.9993781094527363 0.19066666666666668 0.9185323383084577 0.10866666666666666 0.9185323383084577 0.10866666666666666 0.9993781094527363
0 0.5396666666666666 0.3376865671641791 0.5883333333333334 0.3376865671641791 0.5883333333333334 0.23196517412935325 0.5396666666666666 0.23196517412935325 0.5396666666666666 0.3376865671641791
0 0.05633333333333333 0.6293532338308457 0.12633333333333333 0.6293532338308457 0.12633333333333333 0.48756218905472637 0.05633333333333333 0.48756218905472637 0.05633333333333333 0.6293532338308457
0 0.30266666666666664 0.3308457711442786 0.354 0.3308457711442786 0.354 0.20149253731343283 0.30266666666666664 0.20149253731343283 0.30266666666666664 0.3308457711442786
0 0.092 0.9291044776119403 0.16333333333333333 0.9291044776119403 0.16333333333333333 0.7674129353233831 0.092 0.7674129353233831 0.092 0.9291044776119403
0 0.693 0.7344527363184079 0.7376666666666667 0.7344527363184079 0.7376666666666667 0.6225124378109452 0.693 0.6225124378109452 0.693 0.7344527363184079
0 0.017666666666666667 0.23694029850746268 0.057666666666666665 0.23694029850746268 0.057666666666666665 0.11753731343283583 0.017666666666666667 0.11753731343283583 0.017666666666666667 0.23694029850746268