0 0.12133333333333333 0.9975124378109452 0.19466666666666665 0.9975124378109452 0.19466666666666665 0.835820895522388 0.12133333333333333 0.835820895522388 0.12133333333333333 0.9975124378109452
0 0.651 0.8706467661691543 0.7083333333333334 0.8706467661691543 0.7083333333333334 0.7350746268656716 0.651 0.7350746268656716 0.651 0.8706467661691543
0 0.058 0.3314676616915423 0.112 0.3314676616915423 0.112 0.21082089552238806 0.058 0.21082089552238806 0.058 0.3314676616915423
0 0.585 0.6735074626865671 0.6356666666666667 0.6735074626865671 0.6356666666666667 0.5690298507462687 0.585 0.5690298507462687 0.585 0.6735074626865671
0 0.543 0.4968905472636816 0.5956666666666667 0.4968905472636816 0.5956666666666667 0.39116915422885573 0.543 0.39116915422885573 0.543 0.4968905472636816
0 0.5003333333333333 0.35199004975124376 0.551 0.35199004975124376 0.551 0.24751243781094528 0.5003333333333333 0.24751243781094528 0.5003333333333333 0.35199004975124376
0 0.21533333333333332 0.39116915422885573 0.27 0.39116915422885573 0.27 0.2767412935323383 0.21533333333333332 0.2767412935323383 0.21533333333333332 0.39116915422885573
0 0.44066666666666665 0.09763681592039801 0.4846666666666667 0.09763681592039801 0.4846666666666667 0.005597014925373134 0.44066666666666665 0.005597014925373134 0.44066666666666665 0.09763681592039801
0 0.745 0.8532338308457711 0.793 0.8532338308457711 0.793 0.7475124378109452 0.745 0.7475124378109452 0.745 0.8532338308457711
0 0.6036666666666667 0.5833333333333334 0.6603333333333333 0.5833333333333334 0.6603333333333333 0.47761194029850745 0.6036666666666667 0.47761194029850745 0.6036666666666667 0.5833333333333334
0 0.49133333333333334 0.5118159203980099 0.5486666666666666 0.5118159203980099 0.5486666666666666 0.4110696517412935 0.49133333333333334 0.4110696517412935 0.49133333333333334 0.5118159203980099
0 0.2803333333333333 0.48072139303482586 0.3443333333333333 0.48072139303482586 0.3443333333333333 0.36380597014925375 0.2803333333333333 0.36380597014925375 0.2803333333333333 0.48072139303482586
0 0.659 0.6119402985074627 0.6996666666666667 0.6119402985074627 0.6996666666666667 0.5111940298507462 0.659 0.5111940298507462 0.659 0.6119402985074627
0 0.23933333333333334 0.11069651741293532 0.288 0.11069651741293532 0.288 0.008706467661691543 0.23933333333333334 0.008706467661691543 0.23933333333333334 0.11069651741293532
0 0.37266666666666665 0.6498756218905473 0.432 0.6498756218905473 0.432 0.5279850746268657 0.37266666666666665 0.5279850746268657 0.37266666666666665 0.6498756218905473
0 0.307 0.42350746268656714 0.3636666666666667 0.42350746268656714 0.3636666666666667 0.31032338308457713 0.307 0.31032338308457713 0.307 0.42350746268656714
0 0.3313333333333333 0.12064676616915423 0.37133333333333335 0.12064676616915423 0.37133333333333335 0.033582089552238806 0.3313333333333333 0.033582089552238806 0.3313333333333333 0.12064676616915423
0 0.49466666666666664 0.22823383084577115 0.5426666666666666 0.22823383084577115 0.5426666666666666 0.11131840796019901 0.49466666666666664 0.11131840796019901 0.49466666666666664 0.22823383084577115
0 0.102 0.2269900497512438 0.162 0.2269900497512438 0.162 0.09888059701492537 0.102 0.09888059701492537 0.102 0.2269900497512438
0 0.345 0.5149253731343284 0.38966666666666666 0.5149253731343284 0.38966666666666666 0.40049751243781095 0.345 0.40049751243781095 0.345 0.5149253731343284
0 0.8133333333333334 0.6486318407960199 0.858 0.6486318407960199 0.858 0.5441542288557214 0.8133333333333334 0.5441542288557214 0.8133333333333334 0.6486318407960199
0 0.06833333333333333 0.1865671641791045 0.11166666666666666 0.1865671641791045 0.11166666666666666 0.07835820895522388 0.06833333333333333 0.07835820895522388 0.06833333333333333 0.1865671641791045
0 0.2823333333333333 0.2891791044776119 0.333 0.2891791044776119 0.333 0.17599502487562188 0.2823333333333333 0.17599502487562188 0.2823333333333333 0.2891791044776119