0 0.15434782608695652 0.9623595505617978 0.3265217391304348 0.9623595505617978 0.3265217391304348 0.7691011235955056 0.15434782608695652 0.7691011235955056 0.15434782608695652 0.9623595505617978
0 0.24869565217391304 0.7685393258426966 0.391304347826087 0.7685393258426966 0.391304347826087 0.5696629213483146 0.24869565217391304 0.5696629213483146 0.24869565217391304 0.7685393258426966
0 0.11217391304347826 0.746629213483146 0.24956521739130436 0.746629213483146 0.24956521739130436 0.5668539325842696 0.11217391304347826 0.5668539325842696 0.11217391304347826 0.746629213483146
0 0.32304347826086954 0.9786516853932584 0.46304347826086956 0.9786516853932584 0.46304347826086956 0.7662921348314606 0.32304347826086954 0.7662921348314606 0.32304347826086954 0.9786516853932584
0 0.050869565217391305 0.30674157303370786 0.18391304347826087 0.30674157303370786 0.18391304347826087 0.16067415730337078 0.050869565217391305 0.16067415730337078 0.050869565217391305 0.30674157303370786
0 0.38217391304347825 0.8741573033707866 0.5230434782608696 0.8741573033707866 0.5230434782608696 0.6853932584269663 0.38217391304347825 0.6853932584269663 0.38217391304347825 0.8741573033707866
0 0.06956521739130435 0.47191011235955055 0.19391304347826088 0.47191011235955055 0.19391304347826088 0.302247191011236 0.06956521739130435 0.302247191011236 0.06956521739130435 0.47191011235955055
0 0.6760869565217391 0.17303370786516853 0.7708695652173913 0.17303370786516853 0.7708695652173913 0.06404494382022471 0.6760869565217391 0.06404494382022471 0.6760869565217391 0.17303370786516853
0 0.8956521739130435 0.35224719101123597 0.9895652173913043 0.35224719101123597 0.9895652173913043 0.22977528089887642 0.8956521739130435 0.22977528089887642 0.8956521739130435 0.35224719101123597
0 0.7965217391304348 0.16685393258426967 0.8739130434782608 0.16685393258426967 0.8739130434782608 0.05112359550561798 0.7965217391304348 0.05112359550561798 0.7965217391304348 0.16685393258426967
0 0.7695652173913043 0.3219101123595506 0.8626086956521739 0.3219101123595506 0.8626086956521739 0.2140449438202247 0.7695652173913043 0.2140449438202247 0.7695652173913043 0.3219101123595506
0 0.7278260869565217 0.1393258426966292 0.7982608695652174 0.1393258426966292 0.7982608695652174 0.046067415730337076 0.7278260869565217 0.046067415730337076 0.7278260869565217 0.1393258426966292
0 0.8039130434782609 0.29044943820224717 0.9004347826086957 0.29044943820224717 0.9004347826086957 0.18146067415730338 0.8039130434782609 0.18146067415730338 0.8039130434782609 0.29044943820224717
0 0.7273913043478261 0 0.7273913043478261 0.04157303370786517 0.8056521739130434 0.04157303370786517 0.8056521739130434 0 0.7273913043478261 0
0 0.66 0 0.66 0.017977528089887642 0.7260869565217392 0.017977528089887642 0.7260869565217392 0 0.66 0