0 0.6716666666666666 0.9496268656716418 0.7363333333333333 0.9496268656716418 0.7363333333333333 0.8277363184079602 0.6716666666666666 0.8277363184079602 0.6716666666666666 0.9496268656716418
0 0.5536666666666666 0.4564676616915423 0.6063333333333333 0.4564676616915423 0.6063333333333333 0.3445273631840796 0.5536666666666666 0.3445273631840796 0.5536666666666666 0.4564676616915423
0 0.2776666666666667 0.4527363184079602 0.3423333333333333 0.4527363184079602 0.3423333333333333 0.32213930348258707 0.2776666666666667 0.32213930348258707 0.2776666666666667 0.4527363184079602
0 0.3363333333333333 0.47699004975124376 0.38566666666666666 0.47699004975124376 0.38566666666666666 0.3725124378109453 0.3363333333333333 0.3725124378109453 0.3363333333333333 0.47699004975124376
0 0.075 0.7798507462686567 0.143 0.7798507462686567 0.143 0.6293532338308457 0.075 0.6293532338308457 0.075 0.7798507462686567
0 0.6506666666666666 0.8090796019900498 0.7046666666666667 0.8090796019900498 0.7046666666666667 0.6871890547263682 0.6506666666666666 0.6871890547263682 0.6506666666666666 0.8090796019900498
0 0.42 0.14676616915422885 0.4726666666666667 0.14676616915422885 0.4726666666666667 0.05721393034825871 0.42 0.05721393034825871 0.42 0.14676616915422885
0 0.6016666666666667 0.5435323383084577 0.655 0.5435323383084577 0.655 0.43159203980099503 0.6016666666666667 0.43159203980099503 0.6016666666666667 0.5435323383084577
0 0.5043333333333333 0.25497512437810943 0.5516666666666666 0.25497512437810943 0.5516666666666666 0.1417910447761194 0.5043333333333333 0.1417910447761194 0.5043333333333333 0.25497512437810943
0 0.773 0.9993781094527363 0.829 0.9993781094527363 0.829 0.9135572139303483 0.773 0.9135572139303483 0.773 0.9993781094527363
0 0.7316666666666667 0.8986318407960199 0.7836666666666666 0.8986318407960199 0.7836666666666666 0.7779850746268657 0.7316666666666667 0.7779850746268657 0.7316666666666667 0.8986318407960199
0 0.41 0.23134328358208955 0.462 0.23134328358208955 0.462 0.14054726368159204 0.41 0.14054726368159204 0.41 0.23134328358208955
0 0.409 0 0.409 0.07960199004975124 0.4583333333333333 0.07960199004975124 0.4583333333333333 0 0.409 0
0 0.659 0.6436567164179104 0.7123333333333334 0.6436567164179104 0.7123333333333334 0.5304726368159204 0.659 0.5304726368159204 0.659 0.6436567164179104
0 0.441 0.3774875621890547 0.4856666666666667 0.3774875621890547 0.4856666666666667 0.28171641791044777 0.441 0.28171641791044777 0.441 0.3774875621890547
0 0.466 0.13432835820895522 0.5006666666666667 0.13432835820895522 0.5006666666666667 0.03109452736318408 0.466 0.03109452736318408 0.466 0.13432835820895522
0 0.5703333333333334 0.36629353233830847 0.617 0.36629353233830847 0.617 0.2842039800995025 0.5703333333333334 0.2842039800995025 0.5703333333333334 0.36629353233830847
0 0.152 0.6648009950248757 0.21133333333333335 0.6648009950248757 0.21133333333333335 0.5503731343283582 0.152 0.5503731343283582 0.152 0.6648009950248757
0 0.462 0.22512437810945274 0.5053333333333333 0.22512437810945274 0.5053333333333333 0.13681592039800994 0.462 0.13681592039800994 0.462 0.22512437810945274
0 0.706 0.7618159203980099 0.7553333333333333 0.7618159203980099 0.7553333333333333 0.6424129353233831 0.706 0.6424129353233831 0.706 0.7618159203980099
0 0.257 0.2667910447761194 0.2996666666666667 0.2667910447761194 0.2996666666666667 0.13246268656716417 0.257 0.13246268656716417 0.257 0.2667910447761194
0 0.121 0.9993781094527363 0.185 0.9993781094527363 0.185 0.957089552238806 0.121 0.957089552238806 0.121 0.9993781094527363