0 0.2882262996941896 0.8662109375 0.3845565749235474 0.8662109375 0.3845565749235474 0.7080078125 0.2882262996941896 0.7080078125 0.2882262996941896 0.8662109375
0 0.17660550458715596 0.998046875 0.29281345565749234 0.998046875 0.29281345565749234 0.853515625 0.17660550458715596 0.853515625 0.17660550458715596 0.998046875
0 0.37003058103975534 0.3017578125 0.4541284403669725 0.3017578125 0.4541284403669725 0.1669921875 0.37003058103975534 0.1669921875 0.37003058103975534 0.3017578125
0 0.7003058103975535 0.3466796875 0.7920489296636085 0.3466796875 0.7920489296636085 0.2041015625 0.7003058103975535 0.2041015625 0.7003058103975535 0.3466796875
0 0.7492354740061162 0.185546875 0.8409785932721713 0.185546875 0.8409785932721713 0.04296875 0.7492354740061162 0.04296875 0.7492354740061162 0.185546875
0 0.20336391437308868 0.216796875 0.27675840978593275 0.216796875 0.27675840978593275 0.09765625 0.20336391437308868 0.09765625 0.20336391437308868 0.216796875
0 0.13837920489296637 0.875 0.23318042813455658 0.875 0.23318042813455658 0.71875 0.13837920489296637 0.71875 0.13837920489296637 0.875
0 0.7805810397553516 0.3779296875 0.8616207951070336 0.3779296875 0.8616207951070336 0.2197265625 0.7805810397553516 0.2197265625 0.7805810397553516 0.3779296875
0 0.6559633027522935 0.625 0.7568807339449541 0.625 0.7568807339449541 0.4765625 0.6559633027522935 0.4765625 0.6559633027522935 0.625
0 0.49770642201834864 0.77734375 0.6032110091743119 0.77734375 0.6032110091743119 0.591796875 0.49770642201834864 0.591796875 0.49770642201834864 0.77734375
0 0.8715596330275229 0.2236328125 0.9571865443425076 0.2236328125 0.9571865443425076 0.0615234375 0.8715596330275229 0.0615234375 0.8715596330275229 0.2236328125
0 0.035932721712538224 0.6904296875 0.12614678899082568 0.6904296875 0.12614678899082568 0.5302734375 0.035932721712538224 0.5302734375 0.035932721712538224 0.6904296875
0 0.07568807339449542 0.814453125 0.15061162079510704 0.814453125 0.15061162079510704 0.669921875 0.07568807339449542 0.669921875 0.07568807339449542 0.814453125
0 0.5749235474006116 0.8173828125 0.6819571865443425 0.8173828125 0.6819571865443425 0.6435546875 0.5749235474006116 0.6435546875 0.5749235474006116 0.8173828125
0 0.6207951070336392 0.9375 0.7140672782874617 0.9375 0.7140672782874617 0.75390625 0.6207951070336392 0.75390625 0.6207951070336392 0.9375
0 0.8990825688073395 0 0.8990825688073395 0.0703125 0.9801223241590215 0.0703125 0.9801223241590215 0 0.8990825688073395 0