0 0.2949029126213592 0.21482412060301506 0.37014563106796117 0.21482412060301506 0.37014563106796117 0.12185929648241206 0.2949029126213592 0.12185929648241206 0.2949029126213592 0.21482412060301506
0 0.45024271844660196 0.6520100502512562 0.5424757281553398 0.6520100502512562 0.5424757281553398 0.5314070351758794 0.45024271844660196 0.5314070351758794 0.45024271844660196 0.6520100502512562
0 0.7330097087378641 0.22989949748743718 0.8131067961165048 0.22989949748743718 0.8131067961165048 0.12688442211055276 0.7330097087378641 0.12688442211055276 0.7330097087378641 0.22989949748743718
0 0.6747572815533981 0.1922110552763819 0.7548543689320388 0.1922110552763819 0.7548543689320388 0.10175879396984924 0.6747572815533981 0.10175879396984924 0.6747572815533981 0.1922110552763819
0 0.07281553398058252 0.21608040201005024 0.1407766990291262 0.21608040201005024 0.1407766990291262 0.1306532663316583 0.07281553398058252 0.1306532663316583 0.07281553398058252 0.21608040201005024
0 0.49271844660194175 0.5866834170854272 0.5752427184466019 0.5866834170854272 0.5752427184466019 0.4685929648241206 0.49271844660194175 0.4685929648241206 0.49271844660194175 0.5866834170854272
0 0.8398058252427184 0.6130653266331658 0.9344660194174758 0.6130653266331658 0.9344660194174758 0.49246231155778897 0.8398058252427184 0.49246231155778897 0.8398058252427184 0.6130653266331658
0 0.7754854368932039 0.17587939698492464 0.8652912621359223 0.17587939698492464 0.8652912621359223 0.09547738693467336 0.7754854368932039 0.09547738693467336 0.7754854368932039 0.17587939698492464
0 0.8689320388349514 0.5489949748743719 0.9587378640776699 0.5489949748743719 0.9587378640776699 0.44597989949748745 0.8689320388349514 0.44597989949748745 0.8689320388349514 0.5489949748743719
0 1 0.45226130653266333 0.970873786407767 0.45226130653266333 0.970873786407767 0.5653266331658291 1 0.5653266331658291 1 0.45226130653266333
0 0 0.6670854271356784 0.01699029126213592 0.6670854271356784 0.01699029126213592 0.5690954773869347 0 0.5690954773869347 0 0.6670854271356784