0 0.9089765100671141 0.6563706563706564 0.9693791946308725 0.6563706563706564 0.9693791946308725 0.4806949806949807 0.9089765100671141 0.4806949806949807 0.9089765100671141 0.6563706563706564
0 0.30327181208053694 0.5183397683397684 0.37206375838926176 0.5183397683397684 0.37206375838926176 0.3812741312741313 0.30327181208053694 0.3812741312741313 0.30327181208053694 0.5183397683397684
0 0.9324664429530202 0.3359073359073359 0.9828020134228188 0.3359073359073359 0.9828020134228188 0.20656370656370657 0.9324664429530202 0.20656370656370657 0.9324664429530202 0.3359073359073359
0 0.24748322147651006 0.4768339768339768 0.31711409395973156 0.4768339768339768 0.31711409395973156 0.32625482625482627 0.24748322147651006 0.32625482625482627 0.24748322147651006 0.4768339768339768
0 0.3640939597315436 0.5888030888030888 0.4337248322147651 0.5888030888030888 0.4337248322147651 0.4092664092664093 0.3640939597315436 0.4092664092664093 0.3640939597315436 0.5888030888030888
0 0.9077181208053692 0.13223938223938225 0.959731543624161 0.13223938223938225 0.959731543624161 0.02027027027027027 0.9077181208053692 0.02027027027027027 0.9077181208053692 0.13223938223938225
0 0.8557046979865772 0.16216216216216217 0.9119127516778524 0.16216216216216217 0.9119127516778524 0.03861003861003861 0.8557046979865772 0.03861003861003861 0.8557046979865772 0.16216216216216217
0 0.373741610738255 0.31177606177606176 0.4425335570469799 0.31177606177606176 0.4425335570469799 0.17277992277992277 0.373741610738255 0.17277992277992277 0.373741610738255 0.31177606177606176
0 0.8829697986577181 0.3638996138996139 0.9366610738255033 0.3638996138996139 0.9366610738255033 0.22876447876447875 0.8829697986577181 0.22876447876447875 0.8829697986577181 0.3638996138996139
0 0.35192953020134227 0.19401544401544402 0.40981543624161076 0.19401544401544402 0.40981543624161076 0.08397683397683398 0.35192953020134227 0.08397683397683398 0.35192953020134227 0.19401544401544402
0 0.3158557046979866 0.41216216216216217 0.3888422818791946 0.41216216216216217 0.3888422818791946 0.25386100386100385 0.3158557046979866 0.25386100386100385 0.3158557046979866 0.41216216216216217
0 0.9433724832214765 0 0.9433724832214765 0.09845559845559845 0.9911912751677853 0.09845559845559845 0.9911912751677853 0 0.9433724832214765 0
0 0.30788590604026844 0.3001930501930502 0.3733221476510067 0.3001930501930502 0.3733221476510067 0.18243243243243243 0.30788590604026844 0.18243243243243243 0.30788590604026844 0.3001930501930502
0 0.34018456375838924 0.7084942084942085 0.4072986577181208 0.7084942084942085 0.4072986577181208 0.6023166023166023 0.34018456375838924 0.6023166023166023 0.34018456375838924 0.7084942084942085
0 0.9920302013422819 0.08011583011583012 0.9995805369127517 0.08011583011583012 0.9995805369127517 0.0028957528957528956 0.9920302013422819 0.0028957528957528956 0.9920302013422819 0.08011583011583012