0 0.6905339805825242 0.19597989949748743 0.7682038834951457 0.19597989949748743 0.7682038834951457 0.09547738693467336 0.6905339805825242 0.09547738693467336 0.6905339805825242 0.19597989949748743
0 0.1783980582524272 0.21105527638190955 0.2633495145631068 0.21105527638190955 0.2633495145631068 0.11055276381909548 0.1783980582524272 0.11055276381909548 0.1783980582524272 0.21105527638190955
0 0.05339805825242718 0.6909547738693468 0.1383495145631068 0.6909547738693468 0.1383495145631068 0.5778894472361809 0.05339805825242718 0.5778894472361809 0.05339805825242718 0.6909547738693468
0 0.30218446601941745 0.3015075376884422 0.3871359223300971 0.3015075376884422 0.3871359223300971 0.20603015075376885 0.30218446601941745 0.20603015075376885 0.30218446601941745 0.3015075376884422
0 0.30461165048543687 0.20728643216080403 0.375 0.20728643216080403 0.375 0.12939698492462312 0.30461165048543687 0.12939698492462312 0.30461165048543687 0.20728643216080403
0 0.6808252427184466 0.8944723618090452 0.7706310679611651 0.8944723618090452 0.7706310679611651 0.7814070351758794 0.6808252427184466 0.7814070351758794 0.6808252427184466 0.8944723618090452
0 1 0.07788944723618091 0.9368932038834952 0.07788944723618091 0.9368932038834952 0.17587939698492464 1 0.17587939698492464 1 0.07788944723618091
0 0.5631067961165048 0.6319095477386935 0.6480582524271845 0.6319095477386935 0.6480582524271845 0.4962311557788945 0.5631067961165048 0.4962311557788945 0.5631067961165048 0.6319095477386935
0 0.07160194174757281 0.5866834170854272 0.154126213592233 0.5866834170854272 0.154126213592233 0.49120603015075376 0.07160194174757281 0.49120603015075376 0.07160194174757281 0.5866834170854272
0 0.07645631067961164 0.21105527638190955 0.15169902912621358 0.21105527638190955 0.15169902912621358 0.13316582914572864 0.07645631067961164 0.13316582914572864 0.07645631067961164 0.21105527638190955
0 0.08980582524271845 0.3128140703517588 0.1650485436893204 0.3128140703517588 0.1650485436893204 0.21482412060301506 0.08980582524271845 0.21482412060301506 0.08980582524271845 0.3128140703517588
0 1 0.5364321608040201 0.970873786407767 0.5364321608040201 0.970873786407767 0.6469849246231156 1 0.6469849246231156 1 0.5364321608040201
0 1 0.4510050251256281 0.9757281553398058 0.4510050251256281 0.9757281553398058 0.5414572864321608 1 0.5414572864321608 1 0.4510050251256281
0 0.0983009708737864 0.23492462311557788 0.17354368932038836 0.23492462311557788 0.17354368932038836 0.15954773869346733 0.0983009708737864 0.15954773869346733 0.0983009708737864 0.23492462311557788