0 0.3923333333333333 0 0.3923333333333333 0.07338308457711443 0.43166666666666664 0.07338308457711443 0.43166666666666664 0 0.3923333333333333 0
0 0.6013333333333334 0.7555970149253731 0.6553333333333333 0.7555970149253731 0.6553333333333333 0.6399253731343284 0.6013333333333334 0.6399253731343284 0.6013333333333334 0.7555970149253731
0 0.768 1 0.768 0.8917910447761194 0.7066666666666667 0.8917910447761194 0.7066666666666667 1 0.768 1
0 0.049 0.5261194029850746 0.117 0.5261194029850746 0.117 0.3818407960199005 0.049 0.3818407960199005 0.049 0.5261194029850746
0 0.556 0.5143034825870647 0.612 0.5143034825870647 0.612 0.40360696517412936 0.556 0.40360696517412936 0.556 0.5143034825870647
0 0.6386666666666667 0.6007462686567164 0.6906666666666667 0.6007462686567164 0.6906666666666667 0.48880597014925375 0.6386666666666667 0.48880597014925375 0.6386666666666667 0.6007462686567164
0 0.089 0.9303482587064676 0.15433333333333332 0.9303482587064676 0.15433333333333332 0.7786069651741293 0.089 0.7786069651741293 0.089 0.9303482587064676
0 0.49766666666666665 0.35758706467661694 0.5483333333333333 0.35758706467661694 0.5483333333333333 0.26430348258706465 0.49766666666666665 0.26430348258706465 0.49766666666666665 0.35758706467661694
0 0.10633333333333334 0.5503731343283582 0.163 0.5503731343283582 0.163 0.43843283582089554 0.10633333333333334 0.43843283582089554 0.10633333333333334 0.5503731343283582
0 0.6653333333333333 0.861318407960199 0.7233333333333334 0.861318407960199 0.7233333333333334 0.7456467661691543 0.6653333333333333 0.7456467661691543 0.6653333333333333 0.861318407960199
0 0.020666666666666667 0.31156716417910446 0.074 0.31156716417910446 0.074 0.1896766169154229 0.020666666666666667 0.1896766169154229 0.020666666666666667 0.31156716417910446
0 0.4656666666666667 0.0845771144278607 0.499 0.0845771144278607 0.499 0.01616915422885572 0.4656666666666667 0.01616915422885572 0.4656666666666667 0.0845771144278607
0 0.67 0.697139303482587 0.7213333333333334 0.697139303482587 0.7213333333333334 0.5939054726368159 0.67 0.5939054726368159 0.67 0.697139303482587
0 0.57 0.4228855721393035 0.6113333333333333 0.4228855721393035 0.6113333333333333 0.35199004975124376 0.57 0.35199004975124376 0.57 0.4228855721393035
0 0.539 0.32960199004975127 0.5803333333333334 0.32960199004975127 0.5803333333333334 0.24129353233830847 0.539 0.24129353233830847 0.539 0.32960199004975127
0 0.736 0.7879353233830846 0.7773333333333333 0.7879353233830846 0.7773333333333333 0.6946517412935324 0.736 0.6946517412935324 0.736 0.7879353233830846
0 0.7536666666666667 0.9328358208955224 0.7936666666666666 0.9328358208955224 0.7936666666666666 0.8370646766169154 0.7536666666666667 0.8370646766169154 0.7536666666666667 0.9328358208955224