0 0.26377410468319556 0.7181069958847737 0.3477961432506887 0.7181069958847737 0.3477961432506887 0.5761316872427984 0.26377410468319556 0.5761316872427984 0.26377410468319556 0.7181069958847737
0 0.3753443526170799 0.12139917695473251 0.4455922865013774 0.12139917695473251 0.4455922865013774 0.026748971193415638 0.3753443526170799 0.026748971193415638 0.3753443526170799 0.12139917695473251
0 0.44490358126721763 0.09670781893004116 0.5082644628099173 0.09670781893004116 0.5082644628099173 0.00411522633744856 0.44490358126721763 0.00411522633744856 0.44490358126721763 0.09670781893004116
0 0.4559228650137741 0.19958847736625515 0.5289256198347108 0.19958847736625515 0.5289256198347108 0.10082304526748971 0.4559228650137741 0.10082304526748971 0.4559228650137741 0.19958847736625515
0 0.35399449035812675 0.21604938271604937 0.4214876033057851 0.21604938271604937 0.4214876033057851 0.12345679012345678 0.35399449035812675 0.12345679012345678 0.35399449035812675 0.21604938271604937
0 0.25 0.39197530864197533 0.3174931129476584 0.39197530864197533 0.3174931129476584 0.28497942386831276 0.25 0.28497942386831276 0.25 0.39197530864197533
0 0.19834710743801653 0.3631687242798354 0.2713498622589532 0.3631687242798354 0.2713498622589532 0.24588477366255143 0.19834710743801653 0.24588477366255143 0.19834710743801653 0.3631687242798354
0 0.5633608815426997 0.09362139917695474 0.6308539944903582 0.09362139917695474 0.6308539944903582 0.00102880658436214 0.5633608815426997 0.00102880658436214 0.5633608815426997 0.09362139917695474
0 0.1418732782369146 0.46296296296296297 0.21763085399449036 0.46296296296296297 0.21763085399449036 0.35185185185185186 0.1418732782369146 0.35185185185185186 0.1418732782369146 0.46296296296296297
0 0.3140495867768595 0.37037037037037035 0.39118457300275483 0.37037037037037035 0.39118457300275483 0.257201646090535 0.3140495867768595 0.257201646090535 0.3140495867768595 0.37037037037037035
0 0.3085399449035813 0.2777777777777778 0.3856749311294766 0.2777777777777778 0.3856749311294766 0.2037037037037037 0.3085399449035813 0.2037037037037037 0.3085399449035813 0.2777777777777778
0 0.5082644628099173 0 0.5082644628099173 0.07407407407407407 0.5647382920110193 0.07407407407407407 0.5647382920110193 0 0.5082644628099173 0
0 0.087465564738292 0.4218106995884774 0.15082644628099173 0.4218106995884774 0.15082644628099173 0.3168724279835391 0.087465564738292 0.3168724279835391 0.087465564738292 0.4218106995884774
0 0 0.6152263374485597 0.06336088154269973 0.6152263374485597 0.06336088154269973 0.5390946502057613 0 0.5390946502057613 0 0.6152263374485597