0 0.3875838926174497 0.5154440154440154 0.4546979865771812 0.5154440154440154 0.4546979865771812 0.3436293436293436 0.3875838926174497 0.3436293436293436 0.3875838926174497 0.5154440154440154
0 0.9114932885906041 0.5743243243243243 0.972734899328859 0.5743243243243243 0.972734899328859 0.4083011583011583 0.9114932885906041 0.4083011583011583 0.9114932885906041 0.5743243243243243
0 0.3636744966442953 0.7094594594594594 0.4341442953020134 0.7094594594594594 0.4341442953020134 0.5241312741312741 0.3636744966442953 0.5241312741312741 0.3636744966442953 0.7094594594594594
0 0.32843959731543626 0.4391891891891892 0.3938758389261745 0.4391891891891892 0.3938758389261745 0.3137065637065637 0.32843959731543626 0.3137065637065637 0.32843959731543626 0.4391891891891892
0 0.8850671140939598 0.3252895752895753 0.9395973154362416 0.3252895752895753 0.9395973154362416 0.17277992277992277 0.8850671140939598 0.17277992277992277 0.8850671140939598 0.3252895752895753
0 0.39429530201342283 0.2528957528957529 0.46057046979865773 0.2528957528957529 0.46057046979865773 0.1138996138996139 0.39429530201342283 0.1138996138996139 0.39429530201342283 0.2528957528957529
0 0.27055369127516776 0.40444015444015446 0.33934563758389263 0.40444015444015446 0.33934563758389263 0.2635135135135135 0.27055369127516776 0.2635135135135135 0.27055369127516776 0.40444015444015446
0 0.3427013422818792 0.34459459459459457 0.40813758389261745 0.34459459459459457 0.40813758389261745 0.20752895752895753 0.3427013422818792 0.20752895752895753 0.3427013422818792 0.34459459459459457
0 0.9358221476510067 0.2808880308880309 0.9861577181208053 0.2808880308880309 0.9861577181208053 0.14961389961389962 0.9358221476510067 0.14961389961389962 0.9358221476510067 0.2808880308880309
0 0.9077181208053692 0 0.9077181208053692 0.08494208494208494 0.962248322147651 0.08494208494208494 0.962248322147651 0 0.9077181208053692 0
0 0.20679530201342283 0.5714285714285714 0.2613255033557047 0.5714285714285714 0.2613255033557047 0.4420849420849421 0.20679530201342283 0.4420849420849421 0.20679530201342283 0.5714285714285714
0 0.3288590604026846 0.24324324324324326 0.39177852348993286 0.24324324324324326 0.39177852348993286 0.1274131274131274 0.3288590604026846 0.1274131274131274 0.3288590604026846 0.24324324324324326
0 0.3687080536912752 0.13223938223938225 0.42827181208053694 0.13223938223938225 0.42827181208053694 0.033783783783783786 0.3687080536912752 0.033783783783783786 0.3687080536912752 0.13223938223938225
0 0.8624161073825504 0 0.8624161073825504 0.1274131274131274 0.9161073825503355 0.1274131274131274 0.9161073825503355 0 0.8624161073825504 0
0 0.26426174496644295 0.6148648648648649 0.33305369127516776 0.6148648648648649 0.33305369127516776 0.4874517374517375 0.26426174496644295 0.4874517374517375 0.26426174496644295 0.6148648648648649
0 0.15100671140939598 0.5308880308880309 0.2156040268456376 0.5308880308880309 0.2156040268456376 0.4362934362934363 0.15100671140939598 0.4362934362934363 0.15100671140939598 0.5308880308880309
0 0.959731543624161 0 0.959731543624161 0.04826254826254826 0.9924496644295302 0.04826254826254826 0.9924496644295302 0 0.959731543624161 0
0 0.29823825503355705 0.6554054054054054 0.3661912751677852 0.6554054054054054 0.3661912751677852 0.5781853281853282 0.29823825503355705 0.5781853281853282 0.29823825503355705 0.6554054054054054