0 0.13379073756432247 0.36984126984126986 0.2118353344768439 0.36984126984126986 0.2118353344768439 0.2015873015873016 0.13379073756432247 0.2015873015873016 0.13379073756432247 0.36984126984126986
0 0.41852487135506006 0.3603174603174603 0.49914236706689535 0.3603174603174603 0.49914236706689535 0.2015873015873016 0.41852487135506006 0.2015873015873016 0.41852487135506006 0.3603174603174603
0 0.10591766723842196 0.7476190476190476 0.19854202401372212 0.7476190476190476 0.19854202401372212 0.5492063492063493 0.10591766723842196 0.5492063492063493 0.10591766723842196 0.7476190476190476
0 0.8855060034305318 0.8634920634920635 0.9566895368782161 0.8634920634920635 0.9566895368782161 0.6904761904761905 0.8855060034305318 0.6904761904761905 0.8855060034305318 0.8634920634920635
0 0.15737564322469982 0.6277777777777778 0.24828473413379074 0.6277777777777778 0.24828473413379074 0.4388888888888889 0.15737564322469982 0.4388888888888889 0.15737564322469982 0.6277777777777778
0 0.6067753001715266 0.28015873015873016 0.6753859348198971 0.28015873015873016 0.6753859348198971 0.12936507936507938 0.6067753001715266 0.12936507936507938 0.6067753001715266 0.28015873015873016
0 0.04716981132075472 0.3904761904761905 0.13293310463121785 0.3904761904761905 0.13293310463121785 0.21746031746031746 0.04716981132075472 0.21746031746031746 0.04716981132075472 0.3904761904761905
0 0.7375643224699828 0.5547619047619048 0.8087478559176673 0.5547619047619048 0.8087478559176673 0.403968253968254 0.7375643224699828 0.403968253968254 0.7375643224699828 0.5547619047619048
0 0.7324185248713551 0.21984126984126984 0.7941680960548885 0.21984126984126984 0.7941680960548885 0.08968253968253968 0.7324185248713551 0.08968253968253968 0.7324185248713551 0.21984126984126984
0 0.6972555746140652 0.31666666666666665 0.7641509433962265 0.31666666666666665 0.7641509433962265 0.1626984126984127 0.6972555746140652 0.1626984126984127 0.6972555746140652 0.31666666666666665
0 0.7628644939965694 0.34365079365079365 0.8306174957118353 0.34365079365079365 0.8306174957118353 0.2119047619047619 0.7628644939965694 0.2119047619047619 0.7628644939965694 0.34365079365079365
0 0.2169811320754717 0.919047619047619 0.30360205831903947 0.919047619047619 0.30360205831903947 0.7317460317460317 0.2169811320754717 0.7317460317460317 0.2169811320754717 0.919047619047619
0 0.725557461406518 0.765079365079365 0.8036020583190394 0.765079365079365 0.8036020583190394 0.5888888888888889 0.725557461406518 0.5888888888888889 0.725557461406518 0.765079365079365
0 0.9288164665523156 0.34365079365079365 0.9897084048027445 0.34365079365079365 0.9897084048027445 0.20396825396825397 0.9288164665523156 0.20396825396825397 0.9288164665523156 0.34365079365079365
0 0.6715265866209262 0 0.6715265866209262 0.10793650793650794 0.7324185248713551 0.10793650793650794 0.7324185248713551 0 0.6715265866209262 0
0 0.27615780445969124 1 0.27615780445969124 0.8571428571428571 0.17238421955403088 0.8571428571428571 0.17238421955403088 1 0.27615780445969124 1
0 0.7508576329331046 1 0.7508576329331046 0.8476190476190476 0.6590909090909091 0.8476190476190476 0.6590909090909091 1 0.7508576329331046 1
0 0.8031732418524872 0.8063492063492064 0.8897941680960549 0.8063492063492064 0.8897941680960549 0.6317460317460317 0.8031732418524872 0.6317460317460317 0.8031732418524872 0.8063492063492064
0 0.8597770154373928 0.31507936507936507 0.9155231560891939 0.31507936507936507 0.9155231560891939 0.16904761904761906 0.8597770154373928 0.16904761904761906 0.8597770154373928 0.31507936507936507
0 0.8331903945111492 1 0.8331903945111492 0.9047619047619048 0.7482847341337907 0.9047619047619048 0.7482847341337907 1 0.8331903945111492 1
0 0.5759005145797599 0 0.5759005145797599 0.07936507936507936 0.6445111492281304 0.07936507936507936 0.6445111492281304 0 0.5759005145797599 0
0 0.9108061749571184 0.7150793650793651 0.9734133790737565 0.7150793650793651 0.9734133790737565 0.5611111111111111 0.9108061749571184 0.5611111111111111 0.9108061749571184 0.7150793650793651
0 0.635934819897084 1 0.635934819897084 0.919047619047619 0.5458833619210978 0.919047619047619 0.5458833619210978 1 0.635934819897084 1
0 0.3855060034305317 0 0.3855060034305317 0.07142857142857142 0.4566895368782161 0.07142857142857142 0.4566895368782161 0 0.3855060034305317 0
0 0.782590051457976 0 0.782590051457976 0.06507936507936508 0.8409090909090909 0.06507936507936508 0.8409090909090909 0 0.782590051457976 0
0 0.8237564322469982 0.653968253968254 0.8975128644939966 0.653968253968254 0.8975128644939966 0.5285714285714286 0.8237564322469982 0.5285714285714286 0.8237564322469982 0.653968253968254
0 0.7482847341337907 0.4246031746031746 0.8168953687821612 0.4246031746031746 0.8168953687821612 0.3103174603174603 0.7482847341337907 0.3103174603174603 0.7482847341337907 0.4246031746031746
0 0.87221269296741 0.20476190476190476 0.9296740994854202 0.20476190476190476 0.9296740994854202 0.09523809523809523 0.87221269296741 0.09523809523809523 0.87221269296741 0.20476190476190476
0 0.9232418524871355 0.19206349206349208 0.9678387650085764 0.19206349206349208 0.9678387650085764 0.06825396825396825 0.9232418524871355 0.06825396825396825 0.9232418524871355 0.19206349206349208
0 0.9884219554030875 0.9571428571428572 0.9995711835334476 0.9571428571428572 0.9995711835334476 0.819047619047619 0.9884219554030875 0.819047619047619 0.9884219554030875 0.9571428571428572
0 0.014579759862778732 0 0.014579759862778732 0.03492063492063492 0.07204116638078903 0.03492063492063492 0.07204116638078903 0 0.014579759862778732 0
0 0.9686963979416809 0.9992063492063492 0.9995711835334476 0.9992063492063492 0.9995711835334476 0.9531746031746032 0.9686963979416809 0.9531746031746032 0.9686963979416809 0.9992063492063492
0 0.32890222984562606 0 0.32890222984562606 0.025396825396825397 0.3855060034305317 0.025396825396825397 0.3855060034305317 0 0.32890222984562606 0