0 0.4978559176672384 0.6206349206349207 0.5793310463121784 0.6206349206349207 0.5793310463121784 0.44603174603174606 0.4978559176672384 0.44603174603174606 0.4978559176672384 0.6206349206349207
0 0.3216123499142367 0.18571428571428572 0.39622641509433965 0.18571428571428572 0.39622641509433965 0.025396825396825397 0.3216123499142367 0.025396825396825397 0.3216123499142367 0.18571428571428572
0 0.684819897084048 0.9357142857142857 0.7791595197255574 0.9357142857142857 0.7791595197255574 0.7388888888888889 0.684819897084048 0.7388888888888889 0.684819897084048 0.9357142857142857
0 0.14708404802744426 0.4785714285714286 0.233704974271012 0.4785714285714286 0.233704974271012 0.2992063492063492 0.14708404802744426 0.2992063492063492 0.14708404802744426 0.4785714285714286
0 0.4974271012006861 0 0.4974271012006861 0.13015873015873017 0.5668953687821612 0.13015873015873017 0.5668953687821612 0 0.4974271012006861 0
0 0.6668096054888508 0.44761904761904764 0.7379931389365352 0.44761904761904764 0.7379931389365352 0.2714285714285714 0.6668096054888508 0.2714285714285714 0.6668096054888508 0.44761904761904764
0 0.3876500857632933 0.2388888888888889 0.46569468267581476 0.2388888888888889 0.46569468267581476 0.08015873015873017 0.3876500857632933 0.08015873015873017 0.3876500857632933 0.2388888888888889
0 0.4939965694682676 0.44126984126984126 0.5737564322469982 0.44126984126984126 0.5737564322469982 0.273015873015873 0.4939965694682676 0.273015873015873 0.4939965694682676 0.44126984126984126
0 0.5849056603773585 0.319047619047619 0.6595197255574614 0.319047619047619 0.6595197255574614 0.15555555555555556 0.5849056603773585 0.15555555555555556 0.5849056603773585 0.319047619047619
0 0.06260720411663807 0.503968253968254 0.1509433962264151 0.503968253968254 0.1509433962264151 0.3277777777777778 0.06260720411663807 0.3277777777777778 0.06260720411663807 0.503968253968254
0 0.11663807890222985 0.9984126984126984 0.21783876500857632 0.9984126984126984 0.21783876500857632 0.7952380952380952 0.11663807890222985 0.7952380952380952 0.11663807890222985 0.9984126984126984
0 0.4223842195540309 0.3896825396825397 0.4961406518010292 0.3896825396825397 0.4961406518010292 0.20396825396825397 0.4223842195540309 0.20396825396825397 0.4223842195540309 0.3896825396825397
0 0.8692109777015438 0.9071428571428571 0.9515437392795884 0.9071428571428571 0.9515437392795884 0.7182539682539683 0.8692109777015438 0.7182539682539683 0.8692109777015438 0.9071428571428571
0 0.7611492281303602 0.6666666666666666 0.8400514579759862 0.6666666666666666 0.8400514579759862 0.48253968253968255 0.7611492281303602 0.48253968253968255 0.7611492281303602 0.6666666666666666
0 0.7980274442538593 0.46111111111111114 0.8649228130360206 0.46111111111111114 0.8649228130360206 0.29603174603174603 0.7980274442538593 0.29603174603174603 0.7980274442538593 0.46111111111111114
0 0.7277015437392796 0.4992063492063492 0.798885077186964 0.4992063492063492 0.798885077186964 0.3341269841269841 0.7277015437392796 0.3341269841269841 0.7277015437392796 0.4992063492063492
0 0.7195540308747856 0.3349206349206349 0.7933104631217839 0.3349206349206349 0.7933104631217839 0.18888888888888888 0.7195540308747856 0.18888888888888888 0.7195540308747856 0.3349206349206349
0 0.6779588336192109 0.20714285714285716 0.7379931389365352 0.20714285714285716 0.7379931389365352 0.06587301587301587 0.6779588336192109 0.06587301587301587 0.6779588336192109 0.20714285714285716
0 0.9446826758147513 0.8380952380952381 0.9995711835334476 0.8380952380952381 0.9995711835334476 0.6730158730158731 0.9446826758147513 0.6730158730158731 0.9446826758147513 0.8380952380952381
0 0.9155231560891939 0.6626984126984127 0.9798456260720412 0.6626984126984127 0.9798456260720412 0.4801587301587302 0.9155231560891939 0.4801587301587302 0.9155231560891939 0.6626984126984127
0 0.04759862778730703 0 0.04759862778730703 0.11428571428571428 0.1239279588336192 0.11428571428571428 0.1239279588336192 0 0.04759862778730703 0
0 0.5604631217838765 0.17857142857142858 0.6290737564322469 0.17857142857142858 0.6290737564322469 0.01984126984126984 0.5604631217838765 0.01984126984126984 0.5604631217838765 0.17857142857142858
0 0.7984562607204116 0.8555555555555555 0.8747855917667239 0.8555555555555555 0.8747855917667239 0.6603174603174603 0.7984562607204116 0.6603174603174603 0.7984562607204116 0.8555555555555555
0 0.8340480274442539 0.6182539682539683 0.9000857632933105 0.6182539682539683 0.9000857632933105 0.45 0.8340480274442539 0.45 0.8340480274442539 0.6182539682539683
0 0.7328473413379074 0.20714285714285716 0.7954545454545454 0.20714285714285716 0.7954545454545454 0.1007936507936508 0.7328473413379074 0.1007936507936508 0.7328473413379074 0.20714285714285716
0 0.9995711835334476 1 0.9995711835334476 0.846031746031746 0.9352487135506004 0.846031746031746 0.9352487135506004 1 0.9995711835334476 1
0 0.6265008576329331 0.22063492063492063 0.6788164665523156 0.22063492063492063 0.6788164665523156 0.0873015873015873 0.6265008576329331 0.0873015873015873 0.6265008576329331 0.22063492063492063
0 0.1762435677530017 0 0.1762435677530017 0.08571428571428572 0.25171526586620924 0.08571428571428572 0.25171526586620924 0 0.1762435677530017 0
0 0.6530874785591767 0 0.6530874785591767 0.07301587301587302 0.7182675814751286 0.07301587301587302 0.7182675814751286 0 0.6530874785591767 0
0 0.5840480274442539 0 0.5840480274442539 0.0761904761904762 0.6449399656946827 0.0761904761904762 0.6449399656946827 0 0.5840480274442539 0
0 0.9614065180102916 1 0.9614065180102916 0.9476190476190476 0.8816466552315609 0.9476190476190476 0.8816466552315609 1 0.9614065180102916 1