0 0.6749311294765841 0.9989711934156379 0.790633608815427 0.9989711934156379 0.790633608815427 0.8940329218106996 0.6749311294765841 0.8940329218106996 0.6749311294765841 0.9989711934156379
0 0.3691460055096419 0.5740740740740741 0.4476584022038568 0.5740740740740741 0.4476584022038568 0.4444444444444444 0.3691460055096419 0.4444444444444444 0.3691460055096419 0.5740740740740741
0 0.23209366391184574 0.35390946502057613 0.30785123966942146 0.35390946502057613 0.30785123966942146 0.2448559670781893 0.23209366391184574 0.2448559670781893 0.23209366391184574 0.35390946502057613
0 0.2858126721763085 0.25925925925925924 0.3560606060606061 0.25925925925925924 0.3560606060606061 0.14814814814814814 0.2858126721763085 0.14814814814814814 0.2858126721763085 0.25925925925925924
0 0.07575757575757576 0.6008230452674898 0.15702479338842976 0.6008230452674898 0.15702479338842976 0.5 0.07575757575757576 0.5 0.07575757575757576 0.6008230452674898
0 0.33884297520661155 0.28497942386831276 0.4035812672176309 0.28497942386831276 0.4035812672176309 0.18415637860082304 0.33884297520661155 0.18415637860082304 0.33884297520661155 0.28497942386831276
0 0.40082644628099173 0.25823045267489714 0.4793388429752066 0.25823045267489714 0.4793388429752066 0.15123456790123457 0.40082644628099173 0.15123456790123457 0.40082644628099173 0.25823045267489714
0 0.5344352617079889 0.10596707818930041 0.6060606060606061 0.10596707818930041 0.6060606060606061 0.01131687242798354 0.5344352617079889 0.01131687242798354 0.5344352617079889 0.10596707818930041
0 0.43526170798898073 0.12448559670781893 0.5 0.12448559670781893 0.5 0.033950617283950615 0.43526170798898073 0.033950617283950615 0.43526170798898073 0.12448559670781893
0 0.17424242424242425 0.3148148148148148 0.2362258953168044 0.3148148148148148 0.2362258953168044 0.22016460905349794 0.17424242424242425 0.22016460905349794 0.17424242424242425 0.3148148148148148
0 0.09090909090909091 0.5102880658436214 0.15564738292011018 0.5102880658436214 0.15564738292011018 0.42592592592592593 0.09090909090909091 0.42592592592592593 0.09090909090909091 0.5102880658436214
0 0.39325068870523416 0.18209876543209877 0.4690082644628099 0.18209876543209877 0.4690082644628099 0.10596707818930041 0.39325068870523416 0.10596707818930041 0.39325068870523416 0.18209876543209877
0 0.45454545454545453 0 0.45454545454545453 0.03497942386831276 0.5192837465564738 0.03497942386831276 0.5192837465564738 0 0.45454545454545453 0