0 0.24029126213592233 0.2135678391959799 0.32281553398058255 0.2135678391959799 0.32281553398058255 0.11557788944723618 0.24029126213592233 0.11557788944723618 0.24029126213592233 0.2135678391959799
0 0.5060679611650486 0.21733668341708542 0.5788834951456311 0.21733668341708542 0.5788834951456311 0.1092964824120603 0.5060679611650486 0.1092964824120603 0.5060679611650486 0.21733668341708542
0 0.41383495145631066 0.6557788944723618 0.5036407766990292 0.6557788944723618 0.5036407766990292 0.5326633165829145 0.41383495145631066 0.5326633165829145 0.41383495145631066 0.6557788944723618
0 0.6286407766990292 0.2198492462311558 0.6966019417475728 0.2198492462311558 0.6966019417475728 0.11934673366834171 0.6286407766990292 0.11934673366834171 0.6286407766990292 0.2198492462311558
0 0.7524271844660194 0.25753768844221103 0.8325242718446602 0.25753768844221103 0.8325242718446602 0.15954773869346733 0.7524271844660194 0.15954773869346733 0.7524271844660194 0.25753768844221103
0 0.345873786407767 0.6118090452261307 0.4356796116504854 0.6118090452261307 0.4356796116504854 0.4836683417085427 0.345873786407767 0.4836683417085427 0.345873786407767 0.6118090452261307
0 0.6347087378640777 0.6193467336683417 0.7366504854368932 0.6193467336683417 0.7366504854368932 0.4962311557788945 0.6347087378640777 0.4962311557788945 0.6347087378640777 0.6193467336683417
0 0.29854368932038833 0.6959798994974874 0.3907766990291262 0.6959798994974874 0.3907766990291262 0.5603015075376885 0.29854368932038833 0.5603015075376885 0.29854368932038833 0.6959798994974874
0 0.529126213592233 0.6557788944723618 0.6140776699029126 0.6557788944723618 0.6140776699029126 0.535175879396985 0.529126213592233 0.535175879396985 0.529126213592233 0.6557788944723618
0 0.45024271844660196 0.5515075376884422 0.5351941747572816 0.5515075376884422 0.5351941747572816 0.43090452261306533 0.45024271844660196 0.43090452261306533 0.45024271844660196 0.5515075376884422
0 0.7973300970873787 0.16959798994974876 0.8677184466019418 0.16959798994974876 0.8677184466019418 0.09170854271356783 0.7973300970873787 0.09170854271356783 0.7973300970873787 0.16959798994974876
0 0.7390776699029126 0.592964824120603 0.8191747572815534 0.592964824120603 0.8191747572815534 0.46984924623115576 0.7390776699029126 0.46984924623115576 0.7390776699029126 0.592964824120603
0 0.8240291262135923 0.24623115577889448 0.8944174757281553 0.24623115577889448 0.8944174757281553 0.1306532663316583 0.8240291262135923 0.1306532663316583 0.8240291262135923 0.24623115577889448
0 0.5194174757281553 0.571608040201005 0.5995145631067961 0.571608040201005 0.5995145631067961 0.4610552763819096 0.5194174757281553 0.4610552763819096 0.5194174757281553 0.571608040201005