0 0.6843910806174958 0.3468253968253968 0.758147512864494 0.3468253968253968 0.758147512864494 0.18174603174603174 0.6843910806174958 0.18174603174603174 0.6843910806174958 0.3468253968253968
0 0.42667238421955406 0.4634920634920635 0.508147512864494 0.4634920634920635 0.508147512864494 0.2968253968253968 0.42667238421955406 0.2968253968253968 0.42667238421955406 0.4634920634920635
0 0.6376500857632933 0.14603174603174604 0.7088336192109777 0.14603174603174604 0.7088336192109777 0.0015873015873015873 0.6376500857632933 0.0015873015873015873 0.6376500857632933 0.14603174603174604
0 0.062178387650085765 0.33174603174603173 0.1350771869639794 0.33174603174603173 0.1350771869639794 0.1492063492063492 0.062178387650085765 0.1492063492063492 0.062178387650085765 0.33174603174603173
0 0.7341337907375644 0.49682539682539684 0.8087478559176673 0.49682539682539684 0.8087478559176673 0.3253968253968254 0.7341337907375644 0.3253968253968254 0.7341337907375644 0.49682539682539684
0 0.08018867924528301 0.6849206349206349 0.17109777015437394 0.6849206349206349 0.17109777015437394 0.49444444444444446 0.08018867924528301 0.49444444444444446 0.08018867924528301 0.6849206349206349
0 0.7199828473413379 0.18333333333333332 0.7791595197255574 0.18333333333333332 0.7791595197255574 0.034126984126984124 0.7199828473413379 0.034126984126984124 0.7199828473413379 0.18333333333333332
0 0.13679245283018868 0.3103174603174603 0.21312178387650085 0.3103174603174603 0.21312178387650085 0.15793650793650793 0.13679245283018868 0.15793650793650793 0.13679245283018868 0.3103174603174603
0 0.4566895368782161 0.7412698412698413 0.5527444253859348 0.7412698412698413 0.5527444253859348 0.5523809523809524 0.4566895368782161 0.5523809523809524 0.4566895368782161 0.7412698412698413
0 0.8439108061749572 0.9277777777777778 0.9236706689536878 0.9277777777777778 0.9236706689536878 0.7388888888888889 0.8439108061749572 0.7388888888888889 0.8439108061749572 0.9277777777777778
0 0.7577186963979416 0.31666666666666665 0.8186106346483705 0.31666666666666665 0.8186106346483705 0.16111111111111112 0.7577186963979416 0.16111111111111112 0.7577186963979416 0.31666666666666665
0 0.3409090909090909 0.4111111111111111 0.4223842195540309 0.4111111111111111 0.4223842195540309 0.24285714285714285 0.3409090909090909 0.24285714285714285 0.3409090909090909 0.4111111111111111
0 0.7615780445969125 0.6634920634920635 0.8361921097770154 0.6634920634920635 0.8361921097770154 0.5031746031746032 0.7615780445969125 0.5031746031746032 0.7615780445969125 0.6634920634920635
0 0.8936535162950258 0.5753968253968254 0.9528301886792453 0.5753968253968254 0.9528301886792453 0.4087301587301587 0.8936535162950258 0.4087301587301587 0.8936535162950258 0.5753968253968254
0 0.9236706689536878 0.7476190476190476 0.9897084048027445 0.7476190476190476 0.9897084048027445 0.5777777777777777 0.9236706689536878 0.5777777777777777 0.9236706689536878 0.7476190476190476
0 0.8327615780445969 0.7198412698412698 0.9073756432246999 0.7198412698412698 0.9073756432246999 0.5452380952380952 0.8327615780445969 0.5452380952380952 0.8327615780445969 0.7198412698412698
0 0.37993138936535165 0.30793650793650795 0.4562607204116638 0.30793650793650795 0.4562607204116638 0.15396825396825398 0.37993138936535165 0.15396825396825398 0.37993138936535165 0.30793650793650795
0 0.3053173241852487 0 0.3053173241852487 0.11904761904761904 0.37993138936535165 0.11904761904761904 0.37993138936535165 0 0.3053173241852487 0
0 0.5424528301886793 0.8007936507936508 0.6239279588336192 0.8007936507936508 0.6239279588336192 0.6214285714285714 0.5424528301886793 0.6214285714285714 0.5424528301886793 0.8007936507936508
0 0.8057461406518011 0.5380952380952381 0.8709262435677531 0.5380952380952381 0.8709262435677531 0.3761904761904762 0.8057461406518011 0.3761904761904762 0.8057461406518011 0.5380952380952381
0 0.8490566037735849 0.4301587301587302 0.9108061749571184 0.4301587301587302 0.9108061749571184 0.26825396825396824 0.8490566037735849 0.26825396825396824 0.8490566037735849 0.4301587301587302
0 0.379073756432247 0 0.379073756432247 0.09841269841269841 0.444253859348199 0.09841269841269841 0.444253859348199 0 0.379073756432247 0
0 0.25514579759862777 1 0.25514579759862777 0.8936507936507937 0.14794168096054888 0.8936507936507937 0.14794168096054888 1 0.25514579759862777 1
0 0.9095197255574614 0.9515873015873015 0.9772727272727273 0.9515873015873015 0.9772727272727273 0.8150793650793651 0.9095197255574614 0.8150793650793651 0.9095197255574614 0.9515873015873015
0 0.9712692967409948 0.9103174603174603 0.9995711835334476 0.9103174603174603 0.9995711835334476 0.7404761904761905 0.9712692967409948 0.7404761904761905 0.9712692967409948 0.9103174603174603
0 0.9819897084048027 1 0.9819897084048027 0.9333333333333333 0.9048027444253859 0.9333333333333333 0.9048027444253859 1 0.9819897084048027 1
0 0.012435677530017153 0 0.012435677530017153 0.05396825396825397 0.08190394511149228 0.05396825396825397 0.08190394511149228 0 0.012435677530017153 0
0 0.6256432246998285 1 0.6256432246998285 0.953968253968254 0.5433104631217839 0.953968253968254 0.5433104631217839 1 0.6256432246998285 1
0 0.5960548885077187 0 0.5960548885077187 0.03333333333333333 0.6492281303602059 0.03333333333333333 0.6492281303602059 0 0.5960548885077187 0