0 0.14356435643564355 0.827683615819209 0.24752475247524752 0.827683615819209 0.24752475247524752 0.7259887005649718 0.14356435643564355 0.7259887005649718 0.14356435643564355 0.827683615819209
0 0.3650990099009901 0.9957627118644068 0.47896039603960394 0.9957627118644068 0.47896039603960394 0.8940677966101694 0.3650990099009901 0.8940677966101694 0.3650990099009901 0.9957627118644068
0 0.36757425742574257 0.8926553672316384 0.4715346534653465 0.8926553672316384 0.4715346534653465 0.8022598870056498 0.36757425742574257 0.8022598870056498 0.36757425742574257 0.8926553672316384
0 0.6002475247524752 0.518361581920904 0.6918316831683168 0.518361581920904 0.6918316831683168 0.4194915254237288 0.6002475247524752 0.4194915254237288 0.6002475247524752 0.518361581920904
0 0.7920792079207921 0.4152542372881356 0.8861386138613861 0.4152542372881356 0.8861386138613861 0.3248587570621469 0.7920792079207921 0.3248587570621469 0.7920792079207921 0.4152542372881356
0 0.42945544554455445 0.4858757062146893 0.5185643564356436 0.4858757062146893 0.5185643564356436 0.384180790960452 0.42945544554455445 0.384180790960452 0.42945544554455445 0.4858757062146893
0 0.5061881188118812 0.5254237288135594 0.5977722772277227 0.5254237288135594 0.5977722772277227 0.4265536723163842 0.5061881188118812 0.4265536723163842 0.5061881188118812 0.5254237288135594
0 0.37004950495049505 0.3432203389830508 0.4443069306930693 0.3432203389830508 0.4443069306930693 0.2641242937853107 0.37004950495049505 0.2641242937853107 0.37004950495049505 0.3432203389830508
0 0.5804455445544554 0.4279661016949153 0.6621287128712872 0.4279661016949153 0.6621287128712872 0.3432203389830508 0.5804455445544554 0.3432203389830508 0.5804455445544554 0.4279661016949153
0 0.4467821782178218 0.365819209039548 0.5210396039603961 0.365819209039548 0.5210396039603961 0.2810734463276836 0.4467821782178218 0.2810734463276836 0.4467821782178218 0.365819209039548
0 0.5111386138613861 0.3997175141242938 0.5853960396039604 0.3997175141242938 0.5853960396039604 0.3121468926553672 0.5111386138613861 0.3121468926553672 0.5111386138613861 0.3997175141242938
0 1 0.2514124293785311 0.9257425742574258 0.2514124293785311 0.9257425742574258 0.3587570621468927 1 0.3587570621468927 1 0.2514124293785311
0 1 0.10734463276836158 0.9554455445544554 0.10734463276836158 0.9554455445544554 0.1977401129943503 1 0.1977401129943503 1 0.10734463276836158
0 0.823019801980198 0.4830508474576271 0.9096534653465347 0.4830508474576271 0.9096534653465347 0.3813559322033898 0.823019801980198 0.3813559322033898 0.823019801980198 0.4830508474576271
0 0.4368811881188119 0.2867231638418079 0.530940594059406 0.2867231638418079 0.530940594059406 0.2076271186440678 0.4368811881188119 0.2076271186440678 0.4368811881188119 0.2867231638418079
0 0.3118811881188119 0.423728813559322 0.3910891089108911 0.423728813559322 0.3910891089108911 0.3333333333333333 0.3118811881188119 0.3333333333333333 0.3118811881188119 0.423728813559322
0 0.3811881188118812 0.4533898305084746 0.45544554455445546 0.4533898305084746 0.45544554455445546 0.346045197740113 0.3811881188118812 0.346045197740113 0.3811881188118812 0.4533898305084746
0 0.10148514851485149 0.9957627118644068 0.1905940594059406 0.9957627118644068 0.1905940594059406 0.9646892655367232 0.10148514851485149 0.9646892655367232 0.10148514851485149 0.9957627118644068
0 0.5358910891089109 0 0.5358910891089109 0.02824858757062147 0.6027227722772277 0.02824858757062147 0.6027227722772277 0 0.5358910891089109 0