0 0.780940594059406 0.3983050847457627 0.8725247524752475 0.3983050847457627 0.8725247524752475 0.3022598870056497 0.780940594059406 0.3022598870056497 0.780940594059406 0.3983050847457627
0 0.3626237623762376 0.19491525423728814 0.4319306930693069 0.19491525423728814 0.4319306930693069 0.11016949152542373 0.3626237623762376 0.11016949152542373 0.3626237623762376 0.19491525423728814
0 0.2957920792079208 0.7556497175141242 0.38985148514851486 0.7556497175141242 0.38985148514851486 0.653954802259887 0.2957920792079208 0.653954802259887 0.2957920792079208 0.7556497175141242
0 0.594059405940594 0.6412429378531074 0.6955445544554455 0.6412429378531074 0.6955445544554455 0.5451977401129944 0.594059405940594 0.5451977401129944 0.594059405940594 0.6412429378531074
0 1 0.2443502824858757 0.9257425742574258 0.2443502824858757 0.9257425742574258 0.3375706214689266 1 0.3375706214689266 1 0.2443502824858757
0 0.24257425742574257 0.4844632768361582 0.3415841584158416 0.4844632768361582 0.3415841584158416 0.4025423728813559 0.24257425742574257 0.4025423728813559 0.24257425742574257 0.4844632768361582
0 0.3774752475247525 0.6483050847457628 0.46410891089108913 0.6483050847457628 0.46410891089108913 0.557909604519774 0.3774752475247525 0.557909604519774 0.3774752475247525 0.6483050847457628
0 0.16955445544554457 0.5494350282485876 0.24628712871287128 0.5494350282485876 0.24628712871287128 0.461864406779661 0.16955445544554457 0.461864406779661 0.16955445544554457 0.5494350282485876
0 1 0.13559322033898305 0.9405940594059405 0.13559322033898305 0.9405940594059405 0.23728813559322035 1 0.23728813559322035 1 0.13559322033898305
0 0.3118811881188119 0.614406779661017 0.3886138613861386 0.614406779661017 0.3886138613861386 0.518361581920904 0.3118811881188119 0.518361581920904 0.3118811881188119 0.614406779661017
0 0.3935643564356436 0.751412429378531 0.4876237623762376 0.751412429378531 0.4876237623762376 0.6497175141242938 0.3935643564356436 0.6497175141242938 0.3935643564356436 0.751412429378531
0 0.2202970297029703 0.7090395480225988 0.31683168316831684 0.7090395480225988 0.31683168316831684 0.6045197740112994 0.2202970297029703 0.6045197740112994 0.2202970297029703 0.7090395480225988
0 0.8626237623762376 0.4279661016949153 0.9542079207920792 0.4279661016949153 0.9542079207920792 0.3234463276836158 0.8626237623762376 0.3234463276836158 0.8626237623762376 0.4279661016949153
0 0.7376237623762376 0.5833333333333334 0.8366336633663366 0.5833333333333334 0.8366336633663366 0.4675141242937853 0.7376237623762376 0.4675141242937853 0.7376237623762376 0.5833333333333334
0 0.10643564356435643 0.632768361581921 0.1905940594059406 0.632768361581921 0.1905940594059406 0.53954802259887 0.10643564356435643 0.53954802259887 0.10643564356435643 0.632768361581921
0 0.6225247524752475 0.7189265536723164 0.7165841584158416 0.7189265536723164 0.7165841584158416 0.614406779661017 0.6225247524752475 0.614406779661017 0.6225247524752475 0.7189265536723164
0 0.24876237623762376 0.5734463276836158 0.3254950495049505 0.5734463276836158 0.3254950495049505 0.4830508474576271 0.24876237623762376 0.4830508474576271 0.24876237623762376 0.5734463276836158
0 0.1782178217821782 0.6680790960451978 0.25495049504950495 0.6680790960451978 0.25495049504950495 0.5550847457627118 0.1782178217821782 0.5550847457627118 0.1782178217821782 0.6680790960451978
0 1 0.07909604519774012 0.9925742574257426 0.07909604519774012 0.9925742574257426 0.1271186440677966 1 0.1271186440677966 1 0.07909604519774012