0 0.0036407766990291263 0.21105527638190955 0.08859223300970874 0.21105527638190955 0.08859223300970874 0.11306532663316583 0.0036407766990291263 0.11306532663316583 0.0036407766990291263 0.21105527638190955
0 0.3725728155339806 0.9170854271356784 0.4575242718446602 0.9170854271356784 0.4575242718446602 0.7989949748743719 0.3725728155339806 0.7989949748743719 0.3725728155339806 0.9170854271356784
0 0.5145631067961165 0.20603015075376885 0.5946601941747572 0.20603015075376885 0.5946601941747572 0.10552763819095477 0.5145631067961165 0.10552763819095477 0.5145631067961165 0.20603015075376885
0 0.30097087378640774 0.6444723618090452 0.3907766990291262 0.6444723618090452 0.3907766990291262 0.5113065326633166 0.30097087378640774 0.5113065326633166 0.30097087378640774 0.6444723618090452
0 0.10558252427184465 0.3027638190954774 0.18810679611650485 0.3027638190954774 0.18810679611650485 0.20477386934673367 0.10558252427184465 0.20477386934673367 0.10558252427184465 0.3027638190954774
0 0.8143203883495146 0.6319095477386935 0.904126213592233 0.6319095477386935 0.904126213592233 0.5138190954773869 0.8143203883495146 0.5138190954773869 0.8143203883495146 0.6319095477386935
0 0.7694174757281553 0.19472361809045227 0.8422330097087378 0.19472361809045227 0.8422330097087378 0.09170854271356783 0.7694174757281553 0.09170854271356783 0.7694174757281553 0.19472361809045227
0 0.8919902912621359 0.1972361809045226 0.962378640776699 0.1972361809045226 0.962378640776699 0.0942211055276382 0.8919902912621359 0.0942211055276382 0.8919902912621359 0.1972361809045226
0 0.12742718446601942 0.21105527638190955 0.19781553398058252 0.21105527638190955 0.19781553398058252 0.1306532663316583 0.12742718446601942 0.1306532663316583 0.12742718446601942 0.21105527638190955
0 0.7111650485436893 0.6771356783919598 0.7985436893203883 0.6771356783919598 0.7985436893203883 0.5489949748743719 0.7111650485436893 0.5489949748743719 0.7111650485436893 0.6771356783919598
0 0.7366504854368932 0.5766331658291457 0.8216019417475728 0.5766331658291457 0.8216019417475728 0.4635678391959799 0.7366504854368932 0.4635678391959799 0.7366504854368932 0.5766331658291457
0 0.8228155339805825 0.5150753768844221 0.8980582524271845 0.5150753768844221 0.8980582524271845 0.4120603015075377 0.8228155339805825 0.4120603015075377 0.8228155339805825 0.5150753768844221
0 0.8956310679611651 0.5527638190954773 0.9781553398058253 0.5527638190954773 0.9781553398058253 0.43467336683417085 0.8956310679611651 0.43467336683417085 0.8956310679611651 0.5527638190954773
0 0.9186893203883495 0.6306532663316583 0.9987864077669902 0.6306532663316583 0.9987864077669902 0.507537688442211 0.9186893203883495 0.507537688442211 0.9186893203883495 0.6306532663316583