0 0.5903465346534653 0.2076271186440678 0.6794554455445545 0.2076271186440678 0.6794554455445545 0.1172316384180791 0.5903465346534653 0.1172316384180791 0.5903465346534653 0.2076271186440678
0 0.31435643564356436 0.8714689265536724 0.4084158415841584 0.8714689265536724 0.4084158415841584 0.7669491525423728 0.31435643564356436 0.7669491525423728 0.31435643564356436 0.8714689265536724
0 0.7202970297029703 0.442090395480226 0.8118811881188119 0.442090395480226 0.8118811881188119 0.3432203389830508 0.7202970297029703 0.3432203389830508 0.7202970297029703 0.442090395480226
0 0.4245049504950495 0.2923728813559322 0.5210396039603961 0.2923728813559322 0.5210396039603961 0.2076271186440678 0.4245049504950495 0.2076271186440678 0.4245049504950495 0.2923728813559322
0 0.5012376237623762 0.8375706214689266 0.6150990099009901 0.8375706214689266 0.6150990099009901 0.730225988700565 0.5012376237623762 0.730225988700565 0.5012376237623762 0.8375706214689266
0 0.2871287128712871 0.4661016949152542 0.37623762376237624 0.4661016949152542 0.37623762376237624 0.3813559322033898 0.2871287128712871 0.3813559322033898 0.2871287128712871 0.4661016949152542
0 0.8155940594059405 0.4265536723163842 0.9047029702970297 0.4265536723163842 0.9047029702970297 0.3163841807909605 0.8155940594059405 0.3163841807909605 0.8155940594059405 0.4265536723163842
0 0.9146039603960396 0.3488700564971751 0.9987623762376238 0.3488700564971751 0.9987623762376238 0.2556497175141243 0.9146039603960396 0.2556497175141243 0.9146039603960396 0.3488700564971751
0 0.4084158415841584 0.8545197740112994 0.5 0.8545197740112994 0.5 0.7443502824858758 0.4084158415841584 0.7443502824858758 0.4084158415841584 0.8545197740112994
0 0.5061881188118812 0.7330508474576272 0.6051980198019802 0.7330508474576272 0.6051980198019802 0.6454802259887006 0.5061881188118812 0.6454802259887006 0.5061881188118812 0.7330508474576272
0 0.3292079207920792 0.9957627118644068 0.42326732673267325 0.9957627118644068 0.42326732673267325 0.9505649717514124 0.3292079207920792 0.9505649717514124 0.3292079207920792 0.9957627118644068
0 1 0.12146892655367232 0.9752475247524752 0.12146892655367232 0.9752475247524752 0.192090395480226 1 0.192090395480226 1 0.12146892655367232
0 1 0.18926553672316385 0.9851485148514851 0.18926553672316385 0.9851485148514851 0.2514124293785311 1 0.2514124293785311 1 0.18926553672316385