0 0.6652298850574713 0.684375 0.7801724137931034 0.684375 0.7801724137931034 0.5447916666666667 0.6652298850574713 0.5447916666666667 0.6652298850574713 0.684375
0 0.701867816091954 0.5145833333333333 0.8153735632183908 0.5145833333333333 0.8153735632183908 0.38125 0.701867816091954 0.38125 0.701867816091954 0.5145833333333333
0 0.5984195402298851 0.8645833333333334 0.7219827586206896 0.8645833333333334 0.7219827586206896 0.7020833333333333 0.5984195402298851 0.7020833333333333 0.5984195402298851 0.8645833333333334
0 0 0.8197916666666667 0.06321839080459771 0.8197916666666667 0.06321839080459771 0.696875 0 0.696875 0 0.8197916666666667
0 0.3139367816091954 0.103125 0.3900862068965517 0.103125 0.3900862068965517 0.009375 0.3139367816091954 0.009375 0.3139367816091954 0.103125
0 0.8419540229885057 0 0.8419540229885057 0.1 0.9410919540229885 0.1 0.9410919540229885 0 0.8419540229885057 0
0 0.7392241379310345 0.3614583333333333 0.8527298850574713 0.3614583333333333 0.8527298850574713 0.228125 0.7392241379310345 0.228125 0.7392241379310345 0.3614583333333333
0 0.11206896551724138 0.34791666666666665 0.1781609195402299 0.34791666666666665 0.1781609195402299 0.24791666666666667 0.11206896551724138 0.24791666666666667 0.11206896551724138 0.34791666666666665
0 0.8390804597701149 0.3072916666666667 0.9295977011494253 0.3072916666666667 0.9295977011494253 0.153125 0.8390804597701149 0.153125 0.8390804597701149 0.3072916666666667
0 0.22988505747126436 0.17604166666666668 0.2988505747126437 0.17604166666666668 0.2988505747126437 0.084375 0.22988505747126436 0.084375 0.22988505747126436 0.17604166666666668
0 0.07183908045977011 0.1125 0.14367816091954022 0.1125 0.14367816091954022 0.020833333333333332 0.07183908045977011 0.020833333333333332 0.07183908045977011 0.1125
0 0.23635057471264367 0.25833333333333336 0.319683908045977 0.25833333333333336 0.319683908045977 0.15625 0.23635057471264367 0.15625 0.23635057471264367 0.25833333333333336
0 0.17385057471264367 0.36875 0.25287356321839083 0.36875 0.25287356321839083 0.26458333333333334 0.17385057471264367 0.26458333333333334 0.17385057471264367 0.36875
0 0.04885057471264368 0.20625 0.11206896551724138 0.20625 0.11206896551724138 0.11875 0.04885057471264368 0.11875 0.04885057471264368 0.20625
0 0.1372126436781609 0.22291666666666668 0.20905172413793102 0.22291666666666668 0.20905172413793102 0.13125 0.1372126436781609 0.13125 0.1372126436781609 0.22291666666666668
0 0.16307471264367815 0.26875 0.2406609195402299 0.26875 0.2406609195402299 0.175 0.16307471264367815 0.175 0.16307471264367815 0.26875
0 0.2535919540229885 0 0.2535919540229885 0.03958333333333333 0.32830459770114945 0.03958333333333333 0.32830459770114945 0 0.2535919540229885 0
0 0.9317528735632183 0 0.9317528735632183 0.04791666666666667 0.9992816091954023 0.04791666666666667 0.9992816091954023 0 0.9317528735632183 0