0 0.10120068610634649 0.8785714285714286 0.1998284734133791 0.8785714285714286 0.1998284734133791 0.6722222222222223 0.10120068610634649 0.6722222222222223 0.10120068610634649 0.8785714285714286
0 0.4729845626072041 0.523015873015873 0.5553173241852487 0.523015873015873 0.5553173241852487 0.3531746031746032 0.4729845626072041 0.3531746031746032 0.4729845626072041 0.523015873015873
0 0.6402229845626072 0.3603174603174603 0.7096912521440824 0.3603174603174603 0.7096912521440824 0.19047619047619047 0.6402229845626072 0.19047619047619047 0.6402229845626072 0.3603174603174603
0 0.47084048027444253 0.3484126984126984 0.5480274442538593 0.3484126984126984 0.5480274442538593 0.18968253968253967 0.47084048027444253 0.18968253968253967 0.47084048027444253 0.3484126984126984
0 0.7307032590051458 0.5746031746031746 0.8078902229845626 0.5746031746031746 0.8078902229845626 0.39365079365079364 0.7307032590051458 0.39365079365079364 0.7307032590051458 0.5746031746031746
0 0.6543739279588336 0.8277777777777777 0.7444253859348199 0.8277777777777777 0.7444253859348199 0.6325396825396825 0.6543739279588336 0.6325396825396825 0.6543739279588336 0.8277777777777777
0 0.13379073756432247 0.3817460317460317 0.21783876500857632 0.3817460317460317 0.21783876500857632 0.20873015873015874 0.13379073756432247 0.20873015873015874 0.13379073756432247 0.3817460317460317
0 0.7697255574614065 0.38015873015873014 0.8357632933104632 0.38015873015873014 0.8357632933104632 0.21666666666666667 0.7697255574614065 0.21666666666666667 0.7697255574614065 0.38015873015873014
0 0.8031732418524872 0.5293650793650794 0.8709262435677531 0.5293650793650794 0.8709262435677531 0.36587301587301585 0.8031732418524872 0.36587301587301585 0.8031732418524872 0.5293650793650794
0 0.05102915951972556 0.403968253968254 0.13679245283018868 0.403968253968254 0.13679245283018868 0.2357142857142857 0.05102915951972556 0.2357142857142857 0.05102915951972556 0.403968253968254
0 0.3683533447684391 0.15873015873015872 0.44382504288164665 0.15873015873015872 0.44382504288164665 0.006349206349206349 0.3683533447684391 0.006349206349206349 0.3683533447684391 0.15873015873015872
0 0.40222984562607206 0.3 0.4725557461406518 0.3 0.4725557461406518 0.12698412698412698 0.40222984562607206 0.12698412698412698 0.40222984562607206 0.3
0 0.6998284734133791 0.4150793650793651 0.7701543739279588 0.4150793650793651 0.7701543739279588 0.2515873015873016 0.6998284734133791 0.2515873015873016 0.6998284734133791 0.4150793650793651
0 0.5600343053173242 0.2396825396825397 0.6329331046312179 0.2396825396825397 0.6329331046312179 0.08412698412698413 0.5600343053173242 0.08412698412698413 0.5600343053173242 0.2396825396825397
0 0.8833619210977701 0.5761904761904761 0.9476843910806175 0.5761904761904761 0.9476843910806175 0.39365079365079364 0.8833619210977701 0.39365079365079364 0.8833619210977701 0.5761904761904761
0 0.8361921097770154 0.8087301587301587 0.91852487135506 0.8087301587301587 0.91852487135506 0.6198412698412699 0.8361921097770154 0.6198412698412699 0.8361921097770154 0.8087301587301587
0 0.8426243567753001 0.9992063492063492 0.9240994854202401 0.9992063492063492 0.9240994854202401 0.8373015873015873 0.8426243567753001 0.8373015873015873 0.8426243567753001 0.9992063492063492
0 0.7692967409948542 0.7523809523809524 0.8421955403087479 0.7523809523809524 0.8421955403087479 0.5650793650793651 0.7692967409948542 0.5650793650793651 0.7692967409948542 0.7523809523809524
0 0.652229845626072 0.1349206349206349 0.7114065180102916 0.1349206349206349 0.7114065180102916 0.0015873015873015873 0.652229845626072 0.0015873015873015873 0.652229845626072 0.1349206349206349
0 0.6933962264150944 0.25555555555555554 0.7654373927958834 0.25555555555555554 0.7654373927958834 0.11428571428571428 0.6933962264150944 0.11428571428571428 0.6933962264150944 0.25555555555555554
0 0.9120926243567753 0.7412698412698413 0.9772727272727273 0.7412698412698413 0.9772727272727273 0.5793650793650794 0.9120926243567753 0.5793650793650794 0.9120926243567753 0.7412698412698413
0 0.3053173241852487 0 0.3053173241852487 0.10952380952380952 0.3765008576329331 0.10952380952380952 0.3765008576329331 0 0.3053173241852487 0
0 0.9009433962264151 0.9126984126984127 0.975557461406518 0.9126984126984127 0.975557461406518 0.7492063492063492 0.9009433962264151 0.7492063492063492 0.9009433962264151 0.9126984126984127
0 0.7066895368782161 0.1365079365079365 0.7692967409948542 0.1365079365079365 0.7692967409948542 0.03333333333333333 0.7066895368782161 0.03333333333333333 0.7066895368782161 0.1365079365079365
0 0.2602915951972556 1 0.2602915951972556 0.8841269841269841 0.15737564322469982 0.8841269841269841 0.15737564322469982 1 0.2602915951972556 1
0 0.5373070325900514 0 0.5373070325900514 0.10793650793650794 0.6042024013722127 0.10793650793650794 0.6042024013722127 0 0.5373070325900514 0
0 0.5999142367066895 0.14603174603174604 0.6539451114922813 0.14603174603174604 0.6539451114922813 0.015873015873015872 0.5999142367066895 0.015873015873015872 0.5999142367066895 0.14603174603174604
0 0.9965694682675815 1 0.9965694682675815 0.8888888888888888 0.9168096054888508 0.8888888888888888 0.9168096054888508 1 0.9965694682675815 1
0 0.47598627787307035 0 0.47598627787307035 0.06031746031746032 0.5394511149228131 0.06031746031746032 0.5394511149228131 0 0.47598627787307035 0
0 1 0.823015873015873 0.9768439108061749 0.823015873015873 0.9768439108061749 0.9785714285714285 1 0.9785714285714285 1 0.823015873015873
0 0.045454545454545456 0 0.045454545454545456 0.03968253968253968 0.1072041166380789 0.03968253968253968 0.1072041166380789 0 0.045454545454545456 0