0 0.9001677852348994 0.7557915057915058 0.9656040268456376 0.7557915057915058 0.9656040268456376 0.5646718146718147 0.9001677852348994 0.5646718146718147 0.9001677852348994 0.7557915057915058
0 0.3389261744966443 0.666988416988417 0.40939597315436244 0.666988416988417 0.40939597315436244 0.49131274131274133 0.3389261744966443 0.49131274131274133 0.3389261744966443 0.666988416988417
0 0.9282718120805369 0.41795366795366795 0.9802852348993288 0.41795366795366795 0.9802852348993288 0.2750965250965251 0.9282718120805369 0.2750965250965251 0.9282718120805369 0.41795366795366795
0 0.27810402684563756 0.612934362934363 0.34773489932885904 0.612934362934363 0.34773489932885904 0.4584942084942085 0.27810402684563756 0.4584942084942085 0.27810402684563756 0.612934362934363
0 0.2948825503355705 0.48455598455598453 0.3636744966442953 0.48455598455598453 0.3636744966442953 0.3281853281853282 0.2948825503355705 0.3281853281853282 0.2948825503355705 0.48455598455598453
0 0.94001677852349 0.15637065637065636 0.989513422818792 0.15637065637065636 0.989513422818792 0.03861003861003861 0.94001677852349 0.03861003861003861 0.94001677852349 0.15637065637065636
0 0.350251677852349 0.3764478764478765 0.42156040268456374 0.3764478764478765 0.42156040268456374 0.22586872586872586 0.350251677852349 0.22586872586872586 0.350251677852349 0.3764478764478765
0 0.2177013422818792 0.5752895752895753 0.29068791946308725 0.5752895752895753 0.29068791946308725 0.4015444015444015 0.2177013422818792 0.4015444015444015 0.2177013422818792 0.5752895752895753
0 0.9010067114093959 0.19401544401544402 0.9563758389261745 0.19401544401544402 0.9563758389261745 0.07432432432432433 0.9010067114093959 0.07432432432432433 0.9010067114093959 0.19401544401544402
0 0.8783557046979866 0.4411196911196911 0.9295302013422819 0.4411196911196911 0.9295302013422819 0.2905405405405405 0.8783557046979866 0.2905405405405405 0.8783557046979866 0.4411196911196911
0 0.847734899328859 0.24613899613899615 0.9064597315436241 0.24613899613899615 0.9064597315436241 0.08976833976833977 0.847734899328859 0.08976833976833977 0.847734899328859 0.24613899613899615
0 0.3674496644295302 0 0.3674496644295302 0.09073359073359073 0.41946308724832215 0.09073359073359073 0.41946308724832215 0 0.3674496644295302 0
0 0.41946308724832215 0.11486486486486487 0.4748322147651007 0.11486486486486487 0.4748322147651007 0.0009652509652509653 0.41946308724832215 0.0009652509652509653 0.41946308724832215 0.11486486486486487
0 0.3234060402684564 0.2673745173745174 0.3896812080536913 0.2673745173745174 0.3896812080536913 0.13416988416988418 0.3234060402684564 0.13416988416988418 0.3234060402684564 0.2673745173745174
0 0.28313758389261745 0.3754826254826255 0.350251677852349 0.3754826254826255 0.350251677852349 0.24613899613899615 0.28313758389261745 0.24613899613899615 0.28313758389261745 0.3754826254826255
0 0.9056208053691275 0 0.9056208053691275 0.07722007722007722 0.9584731543624161 0.07722007722007722 0.9584731543624161 0 0.9056208053691275 0