0 0.5308747855917667 0.9936507936507937 0.6329331046312179 0.9936507936507937 0.6329331046312179 0.7904761904761904 0.5308747855917667 0.7904761904761904 0.5308747855917667 0.9936507936507937
0 0.1097770154373928 0.957936507936508 0.19725557461406518 0.957936507936508 0.19725557461406518 0.7309523809523809 0.1097770154373928 0.7309523809523809 0.1097770154373928 0.957936507936508
0 0.6093481989708405 0.8261904761904761 0.6882504288164666 0.8261904761904761 0.6882504288164666 0.6420634920634921 0.6093481989708405 0.6420634920634921 0.6093481989708405 0.8261904761904761
0 0.16037735849056603 0.8277777777777777 0.2564322469982847 0.8277777777777777 0.2564322469982847 0.6277777777777778 0.16037735849056603 0.6277777777777778 0.16037735849056603 0.8277777777777777
0 0.6869639794168096 0.31746031746031744 0.758147512864494 0.31746031746031744 0.758147512864494 0.16984126984126985 0.6869639794168096 0.16984126984126985 0.6869639794168096 0.31746031746031744
0 0.7740137221269296 0.4373015873015873 0.8391938250428816 0.4373015873015873 0.8391938250428816 0.28174603174603174 0.7740137221269296 0.28174603174603174 0.7740137221269296 0.4373015873015873
0 0.6895368782161235 0.9976190476190476 0.7761578044596913 0.9976190476190476 0.7761578044596913 0.8119047619047619 0.6895368782161235 0.8119047619047619 0.6895368782161235 0.9976190476190476
0 0.02530017152658662 0.23174603174603176 0.09648370497427101 0.23174603174603176 0.09648370497427101 0.05714285714285714 0.02530017152658662 0.05714285714285714 0.02530017152658662 0.23174603174603176
0 0.8421955403087479 0.5722222222222222 0.9116638078902229 0.5722222222222222 0.9116638078902229 0.3976190476190476 0.8421955403087479 0.3976190476190476 0.8421955403087479 0.5722222222222222
0 0.8451972555746141 0.9928571428571429 0.9258147512864494 0.9928571428571429 0.9258147512864494 0.8055555555555556 0.8451972555746141 0.8055555555555556 0.8451972555746141 0.9928571428571429
0 0.7607204116638079 0.2849206349206349 0.8224699828473413 0.2849206349206349 0.8224699828473413 0.13253968253968254 0.7607204116638079 0.13253968253968254 0.7607204116638079 0.2849206349206349
0 0.8524871355060034 0.7706349206349207 0.9228130360205832 0.7706349206349207 0.9228130360205832 0.5880952380952381 0.8524871355060034 0.5880952380952381 0.8524871355060034 0.7706349206349207
0 0.7804459691252144 0.6126984126984127 0.8524871355060034 0.6126984126984127 0.8524871355060034 0.45396825396825397 0.7804459691252144 0.45396825396825397 0.7804459691252144 0.6126984126984127
0 0.7795883361921098 0.8269841269841269 0.8550600343053173 0.8269841269841269 0.8550600343053173 0.638095238095238 0.7795883361921098 0.638095238095238 0.7795883361921098 0.8269841269841269
0 0.6586620926243568 0.17777777777777778 0.7332761578044596 0.17777777777777778 0.7332761578044596 0.023809523809523808 0.6586620926243568 0.023809523809523808 0.6586620926243568 0.17777777777777778
0 0.9223842195540308 0.7738095238095238 0.9858490566037735 0.7738095238095238 0.9858490566037735 0.6103174603174604 0.9223842195540308 0.6103174603174604 0.9223842195540308 0.7738095238095238
0 0.9142367066895368 0.9261904761904762 0.9854202401372213 0.9261904761904762 0.9854202401372213 0.7658730158730159 0.9142367066895368 0.7658730158730159 0.9142367066895368 0.9261904761904762
0 0.5690394511149228 0 0.5690394511149228 0.07777777777777778 0.6367924528301887 0.07777777777777778 0.6367924528301887 0 0.5690394511149228 0
0 0.9995711835334476 1 0.9995711835334476 0.9476190476190476 0.9609777015437393 0.9476190476190476 0.9609777015437393 1 0.9995711835334476 1
0 0.6792452830188679 0 0.6792452830188679 0.06666666666666667 0.7409948542024014 0.06666666666666667 0.7409948542024014 0 0.6792452830188679 0
0 0.2808747855917667 0 0.2808747855917667 0.03333333333333333 0.3434819897084048 0.03333333333333333 0.3434819897084048 0 0.2808747855917667 0