0 0.7959770114942529 0.3 0.9109195402298851 0.3 0.9109195402298851 0.1625 0.7959770114942529 0.1625 0.7959770114942529 0.3
0 0 0.5770833333333333 0.04741379310344827 0.5770833333333333 0.04741379310344827 0.46041666666666664 0 0.46041666666666664 0 0.5770833333333333
0 0.3175287356321839 0.9989583333333333 0.4267241379310345 0.9989583333333333 0.4267241379310345 0.9010416666666666 0.3175287356321839 0.9010416666666666 0.3175287356321839 0.9989583333333333
0 0.4073275862068966 0.115625 0.4920977011494253 0.115625 0.4920977011494253 0.017708333333333333 0.4073275862068966 0.017708333333333333 0.4073275862068966 0.115625
0 0.2629310344827586 0.09583333333333334 0.3448275862068966 0.09583333333333334 0.3448275862068966 0.0020833333333333333 0.2629310344827586 0.0020833333333333333 0.2629310344827586 0.09583333333333334
0 0.1257183908045977 0.22916666666666666 0.18893678160919541 0.22916666666666666 0.18893678160919541 0.13541666666666666 0.1257183908045977 0.13541666666666666 0.1257183908045977 0.22916666666666666
0 0.7808908045977011 0.45625 0.8829022988505747 0.45625 0.8829022988505747 0.3020833333333333 0.7808908045977011 0.3020833333333333 0.7808908045977011 0.45625
0 0.034482758620689655 0.20416666666666666 0.09770114942528736 0.20416666666666666 0.09770114942528736 0.12083333333333333 0.034482758620689655 0.12083333333333333 0.034482758620689655 0.20416666666666666
0 0.23706896551724138 0.25625 0.3117816091954023 0.25625 0.3117816091954023 0.15416666666666667 0.23706896551724138 0.15416666666666667 0.23706896551724138 0.25625
0 0.1896551724137931 0.24375 0.2514367816091954 0.24375 0.2514367816091954 0.13541666666666666 0.1896551724137931 0.13541666666666666 0.1896551724137931 0.24375
0 0.9288793103448276 0 0.9288793103448276 0.04791666666666667 0.9992816091954023 0.04791666666666667 0.9992816091954023 0 0.9288793103448276 0
0 0.41738505747126436 0.9979166666666667 0.5165229885057471 0.9979166666666667 0.5165229885057471 0.9541666666666667 0.41738505747126436 0.9541666666666667 0.41738505747126436 0.9979166666666667
0 0.3333333333333333 0.053125 0.4051724137931034 0.053125 0.4051724137931034 0.0010416666666666667 0.3333333333333333 0.0010416666666666667 0.3333333333333333 0.053125
0 0 0.34270833333333334 0.008620689655172414 0.34270833333333334 0.008620689655172414 0.271875 0 0.271875 0 0.34270833333333334
0 0.22270114942528735 0 0.22270114942528735 0.0375 0.27011494252873564 0.0375 0.27011494252873564 0 0.22270114942528735 0
0 0.39870689655172414 0 0.39870689655172414 0.035416666666666666 0.47772988505747127 0.035416666666666666 0.47772988505747127 0 0.39870689655172414 0