0 0.46782178217821785 0.4788135593220339 0.5668316831683168 0.4788135593220339 0.5668316831683168 0.3884180790960452 0.46782178217821785 0.3884180790960452 0.46782178217821785 0.4788135593220339
0 0.2202970297029703 0.8559322033898306 0.32673267326732675 0.8559322033898306 0.32673267326732675 0.751412429378531 0.2202970297029703 0.751412429378531 0.2202970297029703 0.8559322033898306
0 0.6113861386138614 0.7062146892655368 0.7103960396039604 0.7062146892655368 0.7103960396039604 0.6016949152542372 0.6113861386138614 0.6016949152542372 0.6113861386138614 0.7062146892655368
0 0.46410891089108913 0.8587570621468926 0.5705445544554455 0.8587570621468926 0.5705445544554455 0.751412429378531 0.46410891089108913 0.751412429378531 0.46410891089108913 0.8587570621468926
0 0.3341584158415842 0.9957627118644068 0.44801980198019803 0.9957627118644068 0.44801980198019803 0.9251412429378532 0.3341584158415842 0.9251412429378532 0.3341584158415842 0.9957627118644068
0 0.31064356435643564 0.7570621468926554 0.4146039603960396 0.7570621468926554 0.4146039603960396 0.655367231638418 0.31064356435643564 0.655367231638418 0.31064356435643564 0.7570621468926554
0 0.6955445544554455 0.6045197740112994 0.8044554455445545 0.6045197740112994 0.8044554455445545 0.5084745762711864 0.6955445544554455 0.5084745762711864 0.6955445544554455 0.6045197740112994
0 0.879950495049505 0.2033898305084746 0.9641089108910891 0.2033898305084746 0.9641089108910891 0.11581920903954802 0.879950495049505 0.11581920903954802 0.879950495049505 0.2033898305084746
0 0.693069306930693 0.5155367231638418 0.7896039603960396 0.5155367231638418 0.7896039603960396 0.4364406779661017 0.693069306930693 0.4364406779661017 0.693069306930693 0.5155367231638418
0 0.7141089108910891 0.1864406779661017 0.7957920792079208 0.1864406779661017 0.7957920792079208 0.09322033898305085 0.7141089108910891 0.09322033898305085 0.7141089108910891 0.1864406779661017
0 0.44801980198019803 0.6765536723163842 0.5396039603960396 0.6765536723163842 0.5396039603960396 0.5833333333333334 0.44801980198019803 0.5833333333333334 0.44801980198019803 0.6765536723163842
0 0.7871287128712872 0.21610169491525424 0.8762376237623762 0.21610169491525424 0.8762376237623762 0.12570621468926554 0.7871287128712872 0.12570621468926554 0.7871287128712872 0.21610169491525424
0 0.45173267326732675 0.7598870056497176 0.5532178217821783 0.7598870056497176 0.5532178217821783 0.6779661016949152 0.45173267326732675 0.6779661016949152 0.45173267326732675 0.7598870056497176
0 0.013613861386138614 0.614406779661017 0.1150990099009901 0.614406779661017 0.1150990099009901 0.5211864406779662 0.013613861386138614 0.5211864406779662 0.013613861386138614 0.614406779661017
0 0.7821782178217822 0.11440677966101695 0.8514851485148515 0.11440677966101695 0.8514851485148515 0.03531073446327684 0.7821782178217822 0.03531073446327684 0.7821782178217822 0.11440677966101695
0 0.5952970297029703 0.13983050847457626 0.6646039603960396 0.13983050847457626 0.6646039603960396 0.05790960451977401 0.5952970297029703 0.05790960451977401 0.5952970297029703 0.13983050847457626
0 0.719059405940594 0.08898305084745763 0.7858910891089109 0.08898305084745763 0.7858910891089109 0.012711864406779662 0.719059405940594 0.012711864406779662 0.719059405940594 0.08898305084745763
0 0.8539603960396039 0.13559322033898305 0.9282178217821783 0.13559322033898305 0.9282178217821783 0.059322033898305086 0.8539603960396039 0.059322033898305086 0.8539603960396039 0.13559322033898305
0 0.6423267326732673 0 0.6423267326732673 0.07062146892655367 0.7141089108910891 0.07062146892655367 0.7141089108910891 0 0.6423267326732673 0
0 0.0952970297029703 0.9957627118644068 0.18935643564356436 0.9957627118644068 0.18935643564356436 0.9194915254237288 0.0952970297029703 0.9194915254237288 0.0952970297029703 0.9957627118644068
0 0.6633663366336634 0.16242937853107345 0.7301980198019802 0.16242937853107345 0.7301980198019802 0.0635593220338983 0.6633663366336634 0.0635593220338983 0.6633663366336634 0.16242937853107345
0 0.0024752475247524753 0.9957627118644068 0.09405940594059406 0.9957627118644068 0.09405940594059406 0.9364406779661016 0.0024752475247524753 0.9364406779661016 0.0024752475247524753 0.9957627118644068
0 0.16955445544554457 0.9957627118644068 0.24628712871287128 0.9957627118644068 0.24628712871287128 0.9731638418079096 0.16955445544554457 0.9731638418079096 0.16955445544554457 0.9957627118644068
0 0.7054455445544554 0 0.7054455445544554 0.01977401129943503 0.7871287128712872 0.01977401129943503 0.7871287128712872 0 0.7054455445544554 0