0 0.7916666666666666 0 0.7916666666666666 0.11875 0.8864942528735632 0.11875 0.8864942528735632 0 0.7916666666666666 0
0 0.5617816091954023 0.9864583333333333 0.6882183908045977 0.9864583333333333 0.6882183908045977 0.8239583333333333 0.5617816091954023 0.8239583333333333 0.5617816091954023 0.9864583333333333
0 0.16954022988505746 0.459375 0.257183908045977 0.459375 0.257183908045977 0.34270833333333334 0.16954022988505746 0.34270833333333334 0.16954022988505746 0.459375
0 0 0.5927083333333333 0.04741379310344827 0.5927083333333333 0.04741379310344827 0.490625 0 0.490625 0 0.5927083333333333
0 0.2988505747126437 0.11458333333333333 0.375 0.11458333333333333 0.375 0.014583333333333334 0.2988505747126437 0.014583333333333334 0.2988505747126437 0.11458333333333333
0 0.048132183908045974 0.48020833333333335 0.12140804597701149 0.48020833333333335 0.12140804597701149 0.37604166666666666 0.048132183908045974 0.37604166666666666 0.048132183908045974 0.48020833333333335
0 0.889367816091954 0.12708333333333333 0.9885057471264368 0.12708333333333333 0.9885057471264368 0.0020833333333333333 0.889367816091954 0.0020833333333333333 0.889367816091954 0.12708333333333333
0 0.011494252873563218 0.878125 0.10488505747126436 0.878125 0.10488505747126436 0.765625 0.011494252873563218 0.765625 0.011494252873563218 0.878125
0 0.8390804597701149 0.25729166666666664 0.9425287356321839 0.25729166666666664 0.9425287356321839 0.12395833333333334 0.8390804597701149 0.12395833333333334 0.8390804597701149 0.25729166666666664
0 0.2492816091954023 0 0.2492816091954023 0.10625 0.3110632183908046 0.10625 0.3110632183908046 0 0.2492816091954023 0
0 0.11278735632183907 0.43645833333333334 0.1788793103448276 0.43645833333333334 0.1788793103448276 0.3302083333333333 0.11278735632183907 0.3302083333333333 0.11278735632183907 0.43645833333333334
0 0.757183908045977 0.3125 0.853448275862069 0.3125 0.853448275862069 0.18958333333333333 0.757183908045977 0.18958333333333333 0.757183908045977 0.3125
0 0.7586206896551724 0.46979166666666666 0.8663793103448276 0.46979166666666666 0.8663793103448276 0.31979166666666664 0.7586206896551724 0.31979166666666664 0.7586206896551724 0.46979166666666666
0 0.017241379310344827 0.76875 0.09913793103448276 0.76875 0.09913793103448276 0.6666666666666666 0.017241379310344827 0.6666666666666666 0.017241379310344827 0.76875
0 0 0.4947916666666667 0.041666666666666664 0.4947916666666667 0.041666666666666664 0.40729166666666666 0 0.40729166666666666 0 0.4947916666666667
0 0.5589080459770115 0.3458333333333333 0.6551724137931034 0.3458333333333333 0.6551724137931034 0.23333333333333334 0.5589080459770115 0.23333333333333334 0.5589080459770115 0.3458333333333333
0 0 0.75 0.03017241379310345 0.75 0.03017241379310345 0.6416666666666667 0 0.6416666666666667 0 0.75
0 0.6623563218390804 0.44895833333333335 0.7600574712643678 0.44895833333333335 0.7600574712643678 0.3177083333333333 0.6623563218390804 0.3177083333333333 0.6623563218390804 0.44895833333333335
0 0.5876436781609196 0.440625 0.6724137931034483 0.440625 0.6724137931034483 0.31145833333333334 0.5876436781609196 0.31145833333333334 0.5876436781609196 0.440625