0 0.3687821612349914 0.4603174603174603 0.4571183533447684 0.4603174603174603 0.4571183533447684 0.28253968253968254 0.3687821612349914 0.28253968253968254 0.3687821612349914 0.4603174603174603
0 0.05703259005145798 0.3880952380952381 0.145368782161235 0.3880952380952381 0.145368782161235 0.2119047619047619 0.05703259005145798 0.2119047619047619 0.05703259005145798 0.3880952380952381
0 0.7787307032590052 0.35873015873015873 0.8439108061749572 0.35873015873015873 0.8439108061749572 0.2015873015873016 0.7787307032590052 0.2015873015873016 0.7787307032590052 0.35873015873015873
0 0.0797598627787307 0.7595238095238095 0.1680960548885077 0.7595238095238095 0.1680960548885077 0.5484126984126985 0.0797598627787307 0.5484126984126985 0.0797598627787307 0.7595238095238095
0 0.32246998284734135 0.16111111111111112 0.40308747855917665 0.16111111111111112 0.40308747855917665 0.007142857142857143 0.32246998284734135 0.007142857142857143 0.32246998284734135 0.16111111111111112
0 0.7388507718696398 0.2261904761904762 0.8006003430531733 0.2261904761904762 0.8006003430531733 0.07857142857142857 0.7388507718696398 0.07857142857142857 0.7388507718696398 0.2261904761904762
0 0.3927958833619211 0.2111111111111111 0.46397941680960547 0.2111111111111111 0.46397941680960547 0.06190476190476191 0.3927958833619211 0.06190476190476191 0.3927958833619211 0.2111111111111111
0 0.6573756432246999 0.3404761904761905 0.7302744425385935 0.3404761904761905 0.7302744425385935 0.18174603174603174 0.6573756432246999 0.18174603174603174 0.6573756432246999 0.3404761904761905
0 0.7024013722126929 0.4880952380952381 0.7778730703259005 0.4880952380952381 0.7778730703259005 0.3341269841269841 0.7024013722126929 0.3341269841269841 0.7024013722126929 0.4880952380952381
0 0.9172384219554031 0.7301587301587301 0.9824185248713551 0.7301587301587301 0.9824185248713551 0.5587301587301587 0.9172384219554031 0.5587301587301587 0.9172384219554031 0.7301587301587301
0 0.8404802744425386 0.7873015873015873 0.9176672384219554 0.7873015873015873 0.9176672384219554 0.6190476190476191 0.8404802744425386 0.6190476190476191 0.8404802744425386 0.7873015873015873
0 0.5930531732418525 0.14206349206349206 0.6590909090909091 0.14206349206349206 0.6590909090909091 0.00873015873015873 0.5930531732418525 0.00873015873015873 0.5930531732418525 0.14206349206349206
0 0.9369639794168096 0.9214285714285714 0.9995711835334476 0.9214285714285714 0.9995711835334476 0.7484126984126984 0.9369639794168096 0.7484126984126984 0.9369639794168096 0.9214285714285714
0 0.6556603773584906 0.18253968253968253 0.7234133790737565 0.18253968253968253 0.7234133790737565 0.044444444444444446 0.6556603773584906 0.044444444444444446 0.6556603773584906 0.18253968253968253
0 0.8044596912521441 0.6071428571428571 0.8867924528301887 0.6071428571428571 0.8867924528301887 0.44206349206349205 0.8044596912521441 0.44206349206349205 0.8044596912521441 0.6071428571428571
0 0.015437392795883362 0 0.015437392795883362 0.10158730158730159 0.08833619210977701 0.10158730158730159 0.08833619210977701 0 0.015437392795883362 0
0 0.7186963979416809 0 0.7186963979416809 0.09682539682539683 0.7710120068610634 0.09682539682539683 0.7710120068610634 0 0.7186963979416809 0
0 0.8211835334476844 0.4603174603174603 0.8889365351629502 0.4603174603174603 0.8889365351629502 0.35079365079365077 0.8211835334476844 0.35079365079365077 0.8211835334476844 0.4603174603174603
0 0.7182675814751286 0.3468253968253968 0.7791595197255574 0.3468253968253968 0.7791595197255574 0.25 0.7182675814751286 0.25 0.7182675814751286 0.3468253968253968
0 0.6376500857632933 0 0.6376500857632933 0.05396825396825397 0.6959691252144082 0.05396825396825397 0.6959691252144082 0 0.6376500857632933 0
0 0.9669811320754716 0.9992063492063492 0.9995711835334476 0.9992063492063492 0.9995711835334476 0.9722222222222222 0.9669811320754716 0.9722222222222222 0.9669811320754716 0.9992063492063492