0 0.888003355704698 0.8986486486486487 0.9576342281879194 0.8986486486486487 0.9576342281879194 0.7287644787644788 0.888003355704698 0.7287644787644788 0.888003355704698 0.8986486486486487
0 0.9324664429530202 0.25868725868725867 0.9853187919463087 0.25868725868725867 0.9853187919463087 0.13513513513513514 0.9324664429530202 0.13513513513513514 0.9324664429530202 0.25868725868725867
0 0.3326342281879195 0.19111969111969113 0.3846476510067114 0.19111969111969113 0.3846476510067114 0.059845559845559844 0.3326342281879195 0.059845559845559844 0.3326342281879195 0.19111969111969113
0 0.915268456375839 0.5482625482625483 0.9739932885906041 0.5482625482625483 0.9739932885906041 0.40540540540540543 0.915268456375839 0.40540540540540543 0.915268456375839 0.5482625482625483
0 0.8913590604026845 0.3079150579150579 0.949244966442953 0.3079150579150579 0.949244966442953 0.17857142857142858 0.8913590604026845 0.17857142857142858 0.8913590604026845 0.3079150579150579
0 0.8934563758389261 0.17664092664092665 0.9530201342281879 0.17664092664092665 0.9530201342281879 0.05501930501930502 0.8934563758389261 0.05501930501930502 0.8934563758389261 0.17664092664092665
0 0.24706375838926176 0.6187258687258688 0.31921140939597314 0.6187258687258688 0.31921140939597314 0.4584942084942085 0.24706375838926176 0.4584942084942085 0.24706375838926176 0.6187258687258688
0 0.8330536912751678 0.3552123552123552 0.8959731543624161 0.3552123552123552 0.8959731543624161 0.1833976833976834 0.8330536912751678 0.1833976833976834 0.8330536912751678 0.3552123552123552
0 0.3062080536912752 0.5048262548262549 0.37919463087248323 0.5048262548262549 0.37919463087248323 0.3581081081081081 0.3062080536912752 0.3581081081081081 0.3062080536912752 0.5048262548262549
0 0.2348993288590604 0.5019305019305019 0.3011744966442953 0.5019305019305019 0.3011744966442953 0.36486486486486486 0.2348993288590604 0.36486486486486486 0.2348993288590604 0.5019305019305019
0 0.863255033557047 0.6071428571428571 0.9203020134228188 0.6071428571428571 0.9203020134228188 0.42567567567567566 0.863255033557047 0.42567567567567566 0.863255033557047 0.6071428571428571
0 0.9379194630872483 0.13706563706563707 0.9890939597315436 0.13706563706563707 0.9890939597315436 0.009652509652509652 0.9379194630872483 0.009652509652509652 0.9379194630872483 0.13706563706563707
0 0.2822986577181208 0.3745173745173745 0.3485738255033557 0.3745173745173745 0.3485738255033557 0.25675675675675674 0.2822986577181208 0.25675675675675674 0.2822986577181208 0.3745173745173745
0 0.8896812080536913 0 0.8896812080536913 0.059845559845559844 0.9416946308724832 0.059845559845559844 0.9416946308724832 0 0.8896812080536913 0
0 0.837248322147651 0 0.837248322147651 0.04826254826254826 0.8859060402684564 0.04826254826254826 0.8859060402684564 0 0.837248322147651 0
0 0.4811241610738255 0.25 0.5381711409395973 0.25 0.5381711409395973 0.12451737451737452 0.4811241610738255 0.12451737451737452 0.4811241610738255 0.25
0 0.38674496644295303 0.21235521235521235 0.4437919463087248 0.21235521235521235 0.4437919463087248 0.09845559845559845 0.38674496644295303 0.09845559845559845 0.38674496644295303 0.21235521235521235