0 0.41638078902229847 0.6761904761904762 0.5107204116638079 0.6761904761904762 0.5107204116638079 0.48253968253968255 0.41638078902229847 0.48253968253968255 0.41638078902229847 0.6761904761904762
0 0.3623499142367067 0.3349206349206349 0.44897084048027447 0.3349206349206349 0.44897084048027447 0.16984126984126985 0.3623499142367067 0.16984126984126985 0.3623499142367067 0.3349206349206349
0 0.08276157804459691 0.6023809523809524 0.17710120068610635 0.6023809523809524 0.17710120068610635 0.4119047619047619 0.08276157804459691 0.4119047619047619 0.08276157804459691 0.6023809523809524
0 0.7109777015437393 0.3484126984126984 0.7821612349914236 0.3484126984126984 0.7821612349914236 0.1976190476190476 0.7109777015437393 0.1976190476190476 0.7109777015437393 0.3484126984126984
0 0.4369639794168096 0.3896825396825397 0.5132933104631218 0.3896825396825397 0.5132933104631218 0.23095238095238096 0.4369639794168096 0.23095238095238096 0.4369639794168096 0.3896825396825397
0 0.869639794168096 0.8111111111111111 0.9536878216123499 0.8111111111111111 0.9536878216123499 0.6349206349206349 0.869639794168096 0.6349206349206349 0.869639794168096 0.8111111111111111
0 0.7161234991423671 0.5222222222222223 0.79073756432247 0.5222222222222223 0.79073756432247 0.35079365079365077 0.7161234991423671 0.35079365079365077 0.7161234991423671 0.5222222222222223
0 0.8409090909090909 0.5317460317460317 0.910377358490566 0.5317460317460317 0.910377358490566 0.36984126984126986 0.8409090909090909 0.36984126984126986 0.8409090909090909 0.5317460317460317
0 0.6453687821612349 0.30158730158730157 0.7148370497427101 0.30158730158730157 0.7148370497427101 0.15714285714285714 0.6453687821612349 0.15714285714285714 0.6453687821612349 0.30158730158730157
0 0.7975986277873071 0.3880952380952381 0.8610634648370498 0.3880952380952381 0.8610634648370498 0.23253968253968255 0.7975986277873071 0.23253968253968255 0.7975986277873071 0.3880952380952381
0 0.6230703259005146 0.16587301587301587 0.6933962264150944 0.16587301587301587 0.6933962264150944 0.016666666666666666 0.6230703259005146 0.016666666666666666 0.6230703259005146 0.16587301587301587
0 0.03430531732418525 0.2761904761904762 0.11234991423670669 0.2761904761904762 0.11234991423670669 0.10952380952380952 0.03430531732418525 0.10952380952380952 0.03430531732418525 0.2761904761904762
0 0.774442538593482 0.24841269841269842 0.8293310463121784 0.24841269841269842 0.8293310463121784 0.09444444444444444 0.774442538593482 0.09444444444444444 0.774442538593482 0.24841269841269842
0 0.910377358490566 0.9952380952380953 0.9901372212692967 0.9952380952380953 0.9901372212692967 0.8317460317460318 0.910377358490566 0.8317460317460318 0.910377358490566 0.9952380952380953
0 0.20497427101200685 1 0.20497427101200685 0.8015873015873016 0.11234991423670669 0.8015873015873016 0.11234991423670669 1 0.20497427101200685 1
0 0.6895368782161235 0.20634920634920634 0.7512864493996569 0.20634920634920634 0.7512864493996569 0.06031746031746032 0.6895368782161235 0.06031746031746032 0.6895368782161235 0.20634920634920634
0 0.34305317324185247 0 0.34305317324185247 0.11746031746031746 0.41509433962264153 0.11746031746031746 0.41509433962264153 0 0.34305317324185247 0
0 0.7371355060034306 0 0.7371355060034306 0.12222222222222222 0.7920240137221269 0.12222222222222222 0.7920240137221269 0 0.7371355060034306 0
0 0.7645797598627787 0.6825396825396826 0.8426243567753001 0.6825396825396826 0.8426243567753001 0.5190476190476191 0.7645797598627787 0.5190476190476191 0.7645797598627787 0.6825396825396826
0 0.7787307032590052 0.5349206349206349 0.8430531732418525 0.5349206349206349 0.8430531732418525 0.4238095238095238 0.7787307032590052 0.4238095238095238 0.7787307032590052 0.5349206349206349
0 0.2684391080617496 0 0.2684391080617496 0.07301587301587302 0.3404802744425386 0.07301587301587302 0.3404802744425386 0 0.2684391080617496 0
0 0.8867924528301887 0.6444444444444445 0.9562607204116638 0.6444444444444445 0.9562607204116638 0.5333333333333333 0.8867924528301887 0.5333333333333333 0.8867924528301887 0.6444444444444445
0 1 0.7801587301587302 0.9854202401372213 0.7801587301587302 0.9854202401372213 0.9198412698412698 1 0.9198412698412698 1 0.7801587301587302
0 0.5853344768439108 0 0.5853344768439108 0.04285714285714286 0.6505145797598628 0.04285714285714286 0.6505145797598628 0 0.5853344768439108 0
0 0.7915951972555746 0.7738095238095238 0.823327615780446 0.7738095238095238 0.823327615780446 0.6992063492063492 0.7915951972555746 0.6992063492063492 0.7915951972555746 0.7738095238095238