0 0.10194174757281553 0.6620603015075377 0.1941747572815534 0.6620603015075377 0.1941747572815534 0.5314070351758794 0.10194174757281553 0.5314070351758794 0.10194174757281553 0.6620603015075377
0 0.06310679611650485 0.21482412060301506 0.13592233009708737 0.21482412060301506 0.13592233009708737 0.12437185929648241 0.06310679611650485 0.12437185929648241 0.06310679611650485 0.21482412060301506
0 0.49271844660194175 0.24748743718592964 0.5703883495145631 0.24748743718592964 0.5703883495145631 0.13944723618090452 0.49271844660194175 0.13944723618090452 0.49271844660194175 0.24748743718592964
0 0.15655339805825244 0.6030150753768844 0.23907766990291263 0.6030150753768844 0.23907766990291263 0.4723618090452261 0.15655339805825244 0.4723618090452261 0.15655339805825244 0.6030150753768844
0 0.5631067961165048 0.20979899497487436 0.633495145631068 0.20979899497487436 0.633495145631068 0.10678391959798995 0.5631067961165048 0.10678391959798995 0.5631067961165048 0.20979899497487436
0 0.8895631067961165 0.6507537688442211 0.9817961165048543 0.6507537688442211 0.9817961165048543 0.5326633165829145 0.8895631067961165 0.5326633165829145 0.8895631067961165 0.6507537688442211
0 0.845873786407767 0.5251256281407035 0.9186893203883495 0.5251256281407035 0.9186893203883495 0.41708542713567837 0.845873786407767 0.41708542713567837 0.845873786407767 0.5251256281407035
0 0.5461165048543689 0.5741206030150754 0.633495145631068 0.5741206030150754 0.633495145631068 0.4635678391959799 0.5461165048543689 0.4635678391959799 0.5461165048543689 0.5741206030150754
0 0.8555825242718447 0.18090452261306533 0.9211165048543689 0.18090452261306533 0.9211165048543689 0.09045226130653267 0.8555825242718447 0.09045226130653267 0.8555825242718447 0.18090452261306533
0 0.6529126213592233 0.5778894472361809 0.7475728155339806 0.5778894472361809 0.7475728155339806 0.4723618090452261 0.6529126213592233 0.4723618090452261 0.6529126213592233 0.5778894472361809
0 0.4405339805825243 0.20477386934673367 0.5206310679611651 0.20477386934673367 0.5206310679611651 0.11180904522613065 0.4405339805825243 0.11180904522613065 0.4405339805825243 0.20477386934673367
0 0.8725728155339806 0.8944723618090452 0.962378640776699 0.8944723618090452 0.962378640776699 0.8165829145728644 0.8725728155339806 0.8165829145728644 0.8725728155339806 0.8944723618090452
0 0.49514563106796117 0.6432160804020101 0.5946601941747572 0.6432160804020101 0.5946601941747572 0.5050251256281407 0.49514563106796117 0.5050251256281407 0.49514563106796117 0.6432160804020101
0 0.9089805825242718 0.5540201005025126 0.991504854368932 0.5540201005025126 0.991504854368932 0.4535175879396985 0.9089805825242718 0.4535175879396985 0.9089805825242718 0.5540201005025126
0 0.6711165048543689 0.6670854271356784 0.7657766990291263 0.6670854271356784 0.7657766990291263 0.5489949748743719 0.6711165048543689 0.5489949748743719 0.6711165048543689 0.6670854271356784
0 0.9114077669902912 0.21733668341708542 0.991504854368932 0.21733668341708542 0.991504854368932 0.11180904522613065 0.9114077669902912 0.11180904522613065 0.9114077669902912 0.21733668341708542
0 0.9526699029126213 0.1620603015075377 0.9987864077669902 0.1620603015075377 0.9987864077669902 0.06909547738693467 0.9526699029126213 0.06909547738693467 0.9526699029126213 0.1620603015075377
0 1 0.16959798994974876 0.941747572815534 0.16959798994974876 0.941747572815534 0.2675879396984925 1 0.2675879396984925 1 0.16959798994974876
0 1 0.49874371859296485 0.9830097087378641 0.49874371859296485 0.9830097087378641 0.5992462311557789 1 0.5992462311557789 1 0.49874371859296485