0 0.875 0.2923728813559322 0.9616336633663366 0.2923728813559322 0.9616336633663366 0.19915254237288135 0.875 0.19915254237288135 0.875 0.2923728813559322
0 0.034653465346534656 0.9505649717514124 0.13861386138613863 0.9505649717514124 0.13861386138613863 0.846045197740113 0.034653465346534656 0.846045197740113 0.034653465346534656 0.9505649717514124
0 0.3292079207920792 0.5889830508474576 0.42326732673267325 0.5889830508474576 0.42326732673267325 0.4872881355932203 0.3292079207920792 0.4872881355932203 0.3292079207920792 0.5889830508474576
0 0.45173267326732675 0.10734463276836158 0.5235148514851485 0.10734463276836158 0.5235148514851485 0.025423728813559324 0.45173267326732675 0.025423728813559324 0.45173267326732675 0.10734463276836158
0 0.5037128712871287 0.6271186440677966 0.5952970297029703 0.6271186440677966 0.5952970297029703 0.5282485875706214 0.5037128712871287 0.5282485875706214 0.5037128712871287 0.6271186440677966
0 0.8378712871287128 0.4632768361581921 0.9344059405940595 0.4632768361581921 0.9344059405940595 0.3531073446327684 0.8378712871287128 0.3531073446327684 0.8378712871287128 0.4632768361581921
0 0.4839108910891089 0.5338983050847458 0.5705445544554455 0.5338983050847458 0.5705445544554455 0.4435028248587571 0.4839108910891089 0.4435028248587571 0.4839108910891089 0.5338983050847458
0 0.7017326732673267 0.5211864406779662 0.7957920792079208 0.5211864406779662 0.7957920792079208 0.4279661016949153 0.7017326732673267 0.4279661016949153 0.7017326732673267 0.5211864406779662
0 0.2524752475247525 0.9957627118644068 0.36386138613861385 0.9957627118644068 0.36386138613861385 0.9336158192090396 0.2524752475247525 0.9336158192090396 0.2524752475247525 0.9957627118644068
0 0.4084158415841584 0.632768361581921 0.5 0.632768361581921 0.5 0.5338983050847458 0.4084158415841584 0.5338983050847458 0.4084158415841584 0.632768361581921
0 0.7301980198019802 0.596045197740113 0.8193069306930693 0.596045197740113 0.8193069306930693 0.4915254237288136 0.7301980198019802 0.4915254237288136 0.7301980198019802 0.596045197740113
0 0.41707920792079206 0.501412429378531 0.49133663366336633 0.501412429378531 0.49133663366336633 0.4110169491525424 0.41707920792079206 0.4110169491525424 0.41707920792079206 0.501412429378531
0 0.2722772277227723 0.4406779661016949 0.35148514851485146 0.4406779661016949 0.35148514851485146 0.3587570621468927 0.2722772277227723 0.3587570621468927 0.2722772277227723 0.4406779661016949
0 0.35396039603960394 0.4661016949152542 0.4282178217821782 0.4661016949152542 0.4282178217821782 0.3785310734463277 0.35396039603960394 0.3785310734463277 0.35396039603960394 0.4661016949152542
0 0.9542079207920792 0.3206214689265537 0.9987623762376238 0.3206214689265537 0.9987623762376238 0.2189265536723164 0.9542079207920792 0.2189265536723164 0.9542079207920792 0.3206214689265537
0 0.3465346534653465 0.3799435028248588 0.4405940594059406 0.3799435028248588 0.4405940594059406 0.2980225988700565 0.3465346534653465 0.2980225988700565 0.3465346534653465 0.3799435028248588
0 0.21658415841584158 0.5211864406779662 0.2957920792079208 0.5211864406779662 0.2957920792079208 0.4307909604519774 0.21658415841584158 0.4307909604519774 0.21658415841584158 0.5211864406779662
0 0.28589108910891087 0.5550847457627118 0.36014851485148514 0.5550847457627118 0.36014851485148514 0.4449152542372881 0.28589108910891087 0.4449152542372881 0.28589108910891087 0.5550847457627118