0 0.5660919540229885 0.7760416666666666 0.6752873563218391 0.7760416666666666 0.6752873563218391 0.634375 0.5660919540229885 0.634375 0.5660919540229885 0.7760416666666666
0 0.6580459770114943 0.715625 0.7772988505747126 0.715625 0.7772988505747126 0.5614583333333333 0.6580459770114943 0.5614583333333333 0.6580459770114943 0.715625
0 0.0007183908045977011 0.8416666666666667 0.0610632183908046 0.8416666666666667 0.0610632183908046 0.71875 0.0007183908045977011 0.71875 0.0007183908045977011 0.8416666666666667
0 0.35488505747126436 0.7833333333333333 0.46551724137931033 0.7833333333333333 0.46551724137931033 0.65625 0.35488505747126436 0.65625 0.35488505747126436 0.7833333333333333
0 0.6214080459770115 0.5239583333333333 0.7248563218390804 0.5239583333333333 0.7248563218390804 0.3885416666666667 0.6214080459770115 0.3885416666666667 0.6214080459770115 0.5239583333333333
0 0.1896551724137931 0.26875 0.27873563218390807 0.26875 0.27873563218390807 0.16666666666666666 0.1896551724137931 0.16666666666666666 0.1896551724137931 0.26875
0 0.39511494252873564 0 0.39511494252873564 0.075 0.46839080459770116 0.075 0.46839080459770116 0 0.39511494252873564 0
0 0.7277298850574713 0.5510416666666667 0.8397988505747126 0.5510416666666667 0.8397988505747126 0.40520833333333334 0.7277298850574713 0.40520833333333334 0.7277298850574713 0.5510416666666667
0 0.3785919540229885 0.9125 0.47054597701149425 0.9125 0.47054597701149425 0.75625 0.3785919540229885 0.75625 0.3785919540229885 0.9125
0 0.34698275862068967 0.23645833333333333 0.4245689655172414 0.23645833333333333 0.4245689655172414 0.13229166666666667 0.34698275862068967 0.13229166666666667 0.34698275862068967 0.23645833333333333
0 0.12140804597701149 0.43854166666666666 0.19899425287356323 0.43854166666666666 0.19899425287356323 0.32395833333333335 0.12140804597701149 0.32395833333333335 0.12140804597701149 0.43854166666666666
0 0.1343390804597701 0.31145833333333334 0.20330459770114942 0.31145833333333334 0.20330459770114942 0.20729166666666668 0.1343390804597701 0.20729166666666668 0.1343390804597701 0.31145833333333334
0 0.33045977011494254 0.121875 0.40804597701149425 0.121875 0.40804597701149425 0.028125 0.33045977011494254 0.028125 0.33045977011494254 0.121875
0 0.47054597701149425 0.9427083333333334 0.5668103448275862 0.9427083333333334 0.5668103448275862 0.784375 0.47054597701149425 0.784375 0.47054597701149425 0.9427083333333334
0 0.5653735632183908 0.9822916666666667 0.6788793103448276 0.9822916666666667 0.6788793103448276 0.8114583333333333 0.5653735632183908 0.8114583333333333 0.5653735632183908 0.9822916666666667
0 0.2765804597701149 0.22395833333333334 0.34698275862068967 0.22395833333333334 0.34698275862068967 0.128125 0.2765804597701149 0.128125 0.2765804597701149 0.22395833333333334
0 0.257183908045977 0.15208333333333332 0.33620689655172414 0.15208333333333332 0.33620689655172414 0.06875 0.257183908045977 0.06875 0.257183908045977 0.15208333333333332
0 0.20330459770114942 0.096875 0.2636494252873563 0.096875 0.2636494252873563 0.005208333333333333 0.20330459770114942 0.005208333333333333 0.20330459770114942 0.096875
0 0.07112068965517242 0.4197916666666667 0.14152298850574713 0.4197916666666667 0.14152298850574713 0.303125 0.07112068965517242 0.303125 0.07112068965517242 0.4197916666666667
0 0.1961206896551724 0.16979166666666667 0.2607758620689655 0.16979166666666667 0.2607758620689655 0.10520833333333333 0.1961206896551724 0.10520833333333333 0.1961206896551724 0.16979166666666667
0 0.2514367816091954 0.08541666666666667 0.33189655172413796 0.08541666666666667 0.33189655172413796 0.00625 0.2514367816091954 0.00625 0.2514367816091954 0.08541666666666667
0 0.3239942528735632 0 0.3239942528735632 0.041666666666666664 0.39295977011494254 0.041666666666666664 0.39295977011494254 0 0.3239942528735632 0