0 0.4174843889384478 0.3178453947368421 0.5049063336306869 0.3178453947368421 0.5049063336306869 0.18379934210526316 0.4174843889384478 0.18379934210526316 0.4174843889384478 0.3178453947368421
0 0.46699375557537914 0.9995888157894737 0.555307760927743 0.9995888157894737 0.555307760927743 0.8770559210526315 0.46699375557537914 0.8770559210526315 0.46699375557537914 0.9995888157894737
0 0.42885816235504015 0.44449013157894735 0.518064228367529 0.44449013157894735 0.518064228367529 0.30962171052631576 0.42885816235504015 0.30962171052631576 0.42885816235504015 0.44449013157894735
0 0.28657448706512045 0.43338815789473684 0.3668599464763604 0.43338815789473684 0.3668599464763604 0.3050986842105263 0.28657448706512045 0.3050986842105263 0.28657448706512045 0.43338815789473684
0 0.8331846565566459 0.5094572368421053 0.9099018733273863 0.5094572368421053 0.9099018733273863 0.34087171052631576 0.8331846565566459 0.34087171052631576 0.8331846565566459 0.5094572368421053
0 0.2065120428189117 0.4144736842105263 0.28099910793933985 0.4144736842105263 0.28099910793933985 0.28207236842105265 0.2065120428189117 0.28207236842105265 0.2065120428189117 0.4144736842105263
0 0.31266726137377343 0.6673519736842105 0.3991971454058876 0.6673519736842105 0.3991971454058876 0.5357730263157895 0.31266726137377343 0.5357730263157895 0.31266726137377343 0.6673519736842105
0 0.3641837644959857 0.8013980263157895 0.4355486173059768 0.8013980263157895 0.4355486173059768 0.6435032894736842 0.3641837644959857 0.6435032894736842 0.3641837644959857 0.8013980263157895
0 0.23884924174843888 0.7820723684210527 0.3244870651204282 0.7820723684210527 0.3244870651204282 0.6488486842105263 0.23884924174843888 0.6488486842105263 0.23884924174843888 0.7820723684210527
0 0.4768064228367529 0.1747532894736842 0.5463871543264942 0.1747532894736842 0.5463871543264942 0.019325657894736843 0.4768064228367529 0.019325657894736843 0.4768064228367529 0.1747532894736842
0 0.6701605709188225 0.3067434210526316 0.7513380909901873 0.3067434210526316 0.7513380909901873 0.12335526315789473 0.6701605709188225 0.12335526315789473 0.6701605709188225 0.3067434210526316
0 0.4661016949152542 0.7273848684210527 0.5504014272970562 0.7273848684210527 0.5504014272970562 0.594983552631579 0.4661016949152542 0.594983552631579 0.4661016949152542 0.7273848684210527
0 0.8617305976806423 0.8318256578947368 0.9491525423728814 0.8318256578947368 0.9491525423728814 0.6780427631578947 0.8617305976806423 0.6780427631578947 0.8617305976806423 0.8318256578947368
0 0.5941123996431757 0.40213815789473684 0.6895628902765388 0.40213815789473684 0.6895628902765388 0.265625 0.5941123996431757 0.265625 0.5941123996431757 0.40213815789473684
0 0.3240410347903657 0.24876644736842105 0.40075825156110617 0.24876644736842105 0.40075825156110617 0.09745065789473684 0.3240410347903657 0.09745065789473684 0.3240410347903657 0.24876644736842105
0 0.8108831400535237 0.3338815789473684 0.8898305084745762 0.3338815789473684 0.8898305084745762 0.16940789473684212 0.8108831400535237 0.16940789473684212 0.8108831400535237 0.3338815789473684
0 0.7408563782337199 0.36636513157894735 0.8180196253345228 0.36636513157894735 0.8180196253345228 0.22245065789473684 0.7408563782337199 0.22245065789473684 0.7408563782337199 0.36636513157894735
0 0.10147190008920606 0.993421052631579 0.19112399643175737 0.993421052631579 0.19112399643175737 0.8363486842105263 0.10147190008920606 0.8363486842105263 0.10147190008920606 0.993421052631579
0 0.08452274754683319 0.3182565789473684 0.1723907225691347 0.3182565789473684 0.1723907225691347 0.16447368421052633 0.08452274754683319 0.16447368421052633 0.08452274754683319 0.3182565789473684
0 0.45896520963425513 0.5941611842105263 0.5316681534344335 0.5941611842105263 0.5316681534344335 0.4362664473684211 0.45896520963425513 0.4362664473684211 0.45896520963425513 0.5941611842105263
0 0.31400535236396077 0.9017269736842105 0.3920606601248885 0.9017269736842105 0.3920606601248885 0.7421875 0.31400535236396077 0.7421875 0.31400535236396077 0.9017269736842105
0 0.6567796610169492 0.5616776315789473 0.7415254237288136 0.5616776315789473 0.7415254237288136 0.4095394736842105 0.6567796610169492 0.4095394736842105 0.6567796610169492 0.5616776315789473
0 0.7847903657448706 0.7475328947368421 0.8713202497769849 0.7475328947368421 0.8713202497769849 0.6052631578947368 0.7847903657448706 0.6052631578947368 0.7847903657448706 0.7475328947368421
0 0.7185548617305977 0.6611842105263158 0.8015165031222123 0.6611842105263158 0.8015165031222123 0.5106907894736842 0.7185548617305977 0.5106907894736842 0.7185548617305977 0.6611842105263158
0 0.6674843889384479 0.9165296052631579 0.7553523639607493 0.9165296052631579 0.7553523639607493 0.7569901315789473 0.6674843889384479 0.7569901315789473 0.6674843889384479 0.9165296052631579
0 0.8452274754683319 0.6541940789473685 0.9259589652096343 0.6541940789473685 0.9259589652096343 0.5119243421052632 0.8452274754683319 0.5119243421052632 0.8452274754683319 0.6541940789473685
0 0.6061552185548618 0.9995888157894737 0.6922390722569135 0.9995888157894737 0.6922390722569135 0.8951480263157895 0.6061552185548618 0.8951480263157895 0.6061552185548618 0.9995888157894737
0 0.7352809991079393 0.4995888157894737 0.8271632471008028 0.4995888157894737 0.8271632471008028 0.3729440789473684 0.7352809991079393 0.3729440789473684 0.7352809991079393 0.4995888157894737
0 0.7437555753791257 0.8453947368421053 0.8240410347903657 0.8453947368421053 0.8240410347903657 0.7154605263157895 0.7437555753791257 0.7154605263157895 0.7437555753791257 0.8453947368421053
0 0.23461195361284568 0.6447368421052632 0.3206958073148974 0.6447368421052632 0.3206958073148974 0.506578947368421 0.23461195361284568 0.506578947368421 0.23461195361284568 0.6447368421052632
0 0.25936663693131135 0.30633223684210525 0.3374219446922391 0.30633223684210525 0.3374219446922391 0.1591282894736842 0.25936663693131135 0.1591282894736842 0.25936663693131135 0.30633223684210525
0 0.39049955396966995 0.1796875 0.4721231043710972 0.1796875 0.4721231043710972 0.03495065789473684 0.39049955396966995 0.03495065789473684 0.39049955396966995 0.1796875
0 0.3771186440677966 0.5674342105263158 0.44803746654772525 0.5674342105263158 0.44803746654772525 0.4194078947368421 0.3771186440677966 0.4194078947368421 0.3771186440677966 0.5674342105263158
0 0.22100802854594112 0.9806743421052632 0.3084299732381802 0.9806743421052632 0.3084299732381802 0.844983552631579 0.22100802854594112 0.844983552631579 0.22100802854594112 0.9806743421052632
0 0.3467885816235504 0.9995888157894737 0.429750223015165 0.9995888157894737 0.429750223015165 0.8828125 0.3467885816235504 0.8828125 0.3467885816235504 0.9995888157894737
0 0.00022301516503122213 0.8696546052631579 0.05151650312221231 0.8696546052631579 0.05151650312221231 0.719983552631579 0.00022301516503122213 0.719983552631579 0.00022301516503122213 0.8696546052631579
0 0.7033898305084746 0 0.7033898305084746 0.13733552631578946 0.7845673505798394 0.13733552631578946 0.7845673505798394 0 0.7033898305084746 0
0 0 0 0 0.09786184210526316 0.052185548617305975 0.09786184210526316 0.052185548617305975 0 0 0
0 0.7908117752007137 0.16488486842105263 0.8760035682426405 0.16488486842105263 0.8760035682426405 0.02261513157894737 0.7908117752007137 0.02261513157894737 0.7908117752007137 0.16488486842105263
0 0.23550401427297057 0 0.23550401427297057 0.11266447368421052 0.3184656556645852 0.11266447368421052 0.3184656556645852 0 0.23550401427297057 0
0 0.15098126672613738 0.15501644736842105 0.23126672613737734 0.15501644736842105 0.23126672613737734 0.00041118421052631577 0.15098126672613738 0.00041118421052631577 0.15098126672613738 0.15501644736842105
0 0.7149866190900981 0.9991776315789473 0.8077609277430865 0.9991776315789473 0.8077609277430865 0.9054276315789473 0.7149866190900981 0.9054276315789473 0.7149866190900981 0.9991776315789473
0 0.3414362176628011 0 0.3414362176628011 0.06085526315789474 0.4279661016949153 0.06085526315789474 0.4279661016949153 0 0.3414362176628011 0
0 0.00022301516503122213 0.9983552631578947 0.051070472792149865 0.9983552631578947 0.051070472792149865 0.9523026315789473 0.00022301516503122213 0.9523026315789473 0.00022301516503122213 0.9983552631578947