0 0.027673545966228893 0.9989939637826962 0.15619136960600374 0.9989939637826962 0.15619136960600374 0.8853118712273642 0.027673545966228893 0.8853118712273642 0.027673545966228893 0.9989939637826962
0 0.09193245778611632 0.5035211267605634 0.2129455909943715 0.5035211267605634 0.2129455909943715 0.3656941649899396 0.09193245778611632 0.3656941649899396 0.09193245778611632 0.5035211267605634
0 0.8799249530956847 0.397887323943662 0.974671669793621 0.397887323943662 0.974671669793621 0.28722334004024147 0.8799249530956847 0.28722334004024147 0.8799249530956847 0.397887323943662
0 0.04409005628517824 0.7117706237424547 0.15666041275797374 0.7117706237424547 0.15666041275797374 0.5990945674044266 0.04409005628517824 0.5990945674044266 0.04409005628517824 0.7117706237424547
0 0.6538461538461539 0.4879275653923541 0.7504690431519699 0.4879275653923541 0.7504690431519699 0.3611670020120724 0.6538461538461539 0.3611670020120724 0.6538461538461539 0.4879275653923541
0 0.525328330206379 0.9170020120724346 0.6303939962476548 0.9170020120724346 0.6303939962476548 0.778169014084507 0.525328330206379 0.778169014084507 0.525328330206379 0.9170020120724346
0 0.1402439024390244 0.9019114688128773 0.2603189493433396 0.9019114688128773 0.2603189493433396 0.7620724346076458 0.1402439024390244 0.7620724346076458 0.1402439024390244 0.9019114688128773
0 0.8334896810506567 0.8853118712273642 0.9348030018761726 0.8853118712273642 0.9348030018761726 0.7404426559356136 0.8334896810506567 0.7404426559356136 0.8334896810506567 0.8853118712273642
0 0.2856472795497186 0.6312877263581489 0.3907129455909944 0.6312877263581489 0.3907129455909944 0.5045271629778671 0.2856472795497186 0.5045271629778671 0.2856472795497186 0.6312877263581489
0 0.5525328330206379 0.39285714285714285 0.6472795497185742 0.39285714285714285 0.6472795497185742 0.2721327967806841 0.5525328330206379 0.2721327967806841 0.5525328330206379 0.39285714285714285
0 0 0.47585513078470826 0.08067542213883677 0.47585513078470826 0.08067542213883677 0.3561368209255533 0 0.3561368209255533 0 0.47585513078470826
0 0.23452157598499063 0.5191146881287726 0.33864915572232646 0.5191146881287726 0.33864915572232646 0.3983903420523139 0.23452157598499063 0.3983903420523139 0.23452157598499063 0.5191146881287726
0 0.7378048780487805 0.9979879275653923 0.8475609756097561 0.9979879275653923 0.8475609756097561 0.886317907444668 0.7378048780487805 0.886317907444668 0.7378048780487805 0.9979879275653923
0 0.7833020637898687 0.5729376257545271 0.8808630393996247 0.5729376257545271 0.8808630393996247 0.443158953722334 0.7833020637898687 0.443158953722334 0.7833020637898687 0.5729376257545271
0 0.5787992495309568 0.5518108651911469 0.6782363977485929 0.5518108651911469 0.6782363977485929 0.4300804828973843 0.5787992495309568 0.4300804828973843 0.5787992495309568 0.5518108651911469
0 0.24155722326454035 0.7982897384305835 0.35600375234521575 0.7982897384305835 0.35600375234521575 0.6685110663983903 0.24155722326454035 0.6685110663983903 0.24155722326454035 0.7982897384305835
0 0.9155722326454033 0.7660965794768612 0.99906191369606 0.7660965794768612 0.99906191369606 0.6322937625754527 0.9155722326454033 0.6322937625754527 0.9155722326454033 0.7660965794768612
0 0.7514071294559099 0.2701207243460765 0.8377110694183865 0.2701207243460765 0.8377110694183865 0.153420523138833 0.7514071294559099 0.153420523138833 0.7514071294559099 0.2701207243460765
0 0.0647279549718574 0.16498993963782696 0.17354596622889307 0.16498993963782696 0.17354596622889307 0.05734406438631791 0.0647279549718574 0.05734406438631791 0.0647279549718574 0.16498993963782696
0 0.3597560975609756 0.3682092555331992 0.4573170731707317 0.3682092555331992 0.4573170731707317 0.24849094567404426 0.3597560975609756 0.24849094567404426 0.3597560975609756 0.3682092555331992
0 0.01172607879924953 0.33400402414486924 0.12335834896810506 0.33400402414486924 0.12335834896810506 0.21428571428571427 0.01172607879924953 0.21428571428571427 0.01172607879924953 0.33400402414486924
0 0.19230769230769232 0.7032193158953722 0.3076923076923077 0.7032193158953722 0.3076923076923077 0.5714285714285714 0.19230769230769232 0.5714285714285714 0.19230769230769232 0.7032193158953722
0 0.7054409005628518 0.6498993963782697 0.8048780487804879 0.6498993963782697 0.8048780487804879 0.5352112676056338 0.7054409005628518 0.5352112676056338 0.7054409005628518 0.6498993963782697
0 0.8062851782363978 0.33903420523138833 0.8963414634146342 0.33903420523138833 0.8963414634146342 0.22937625754527163 0.8062851782363978 0.22937625754527163 0.8062851782363978 0.33903420523138833
0 0.876641651031895 0.2811871227364185 0.9657598499061913 0.2811871227364185 0.9657598499061913 0.16851106639839034 0.876641651031895 0.16851106639839034 0.876641651031895 0.2811871227364185
0 0.6955909943714822 0.7872233400402414 0.7931519699812383 0.7872233400402414 0.7931519699812383 0.6453722334004024 0.6955909943714822 0.6453722334004024 0.6955909943714822 0.7872233400402414
0 0.1050656660412758 0.24396378269617705 0.2045028142589118 0.24396378269617705 0.2045028142589118 0.13531187122736418 0.1050656660412758 0.13531187122736418 0.1050656660412758 0.24396378269617705
0 0.6383677298311444 0.2198189134808853 0.7312382739212008 0.2198189134808853 0.7312382739212008 0.10714285714285714 0.6383677298311444 0.10714285714285714 0.6383677298311444 0.2198189134808853
0 0.2687617260787992 0.386317907444668 0.36632270168855535 0.386317907444668 0.36632270168855535 0.2595573440643863 0.2687617260787992 0.2595573440643863 0.2687617260787992 0.386317907444668
0 0.5136022514071295 0.28169014084507044 0.6045966228893058 0.28169014084507044 0.6045966228893058 0.17303822937625754 0.5136022514071295 0.17303822937625754 0.5136022514071295 0.28169014084507044
0 0.9235459662288931 0.19014084507042253 0.9995309568480301 0.19014084507042253 0.9995309568480301 0.07847082494969819 0.9235459662288931 0.07847082494969819 0.9235459662288931 0.19014084507042253
0 0.4179174484052533 0.28621730382293764 0.5145403377110694 0.28621730382293764 0.5145403377110694 0.16851106639839034 0.4179174484052533 0.16851106639839034 0.4179174484052533 0.28621730382293764
0 0.1402439024390244 0.34808853118712274 0.24718574108818012 0.34808853118712274 0.24718574108818012 0.22334004024144868 0.1402439024390244 0.22334004024144868 0.1402439024390244 0.34808853118712274
0 0.676829268292683 0.9356136820925554 0.7800187617260788 0.9356136820925554 0.7800187617260788 0.8008048289738431 0.676829268292683 0.8008048289738431 0.676829268292683 0.9356136820925554
0 0.8156660412757973 0.2062374245472837 0.9075984990619137 0.2062374245472837 0.9075984990619137 0.08853118712273642 0.8156660412757973 0.08853118712273642 0.8156660412757973 0.2062374245472837
0 0.3072232645403377 0.27867203219315895 0.40853658536585363 0.27867203219315895 0.40853658536585363 0.16700201207243462 0.3072232645403377 0.16700201207243462 0.3072232645403377 0.27867203219315895
0 0.6712007504690432 0.3772635814889336 0.7659474671669794 0.3772635814889336 0.7659474671669794 0.2655935613682093 0.6712007504690432 0.2655935613682093 0.6712007504690432 0.3772635814889336
0 0.225140712945591 0.2821931589537223 0.3142589118198874 0.2821931589537223 0.3142589118198874 0.16348088531187122 0.225140712945591 0.16348088531187122 0.225140712945591 0.2821931589537223
0 0.4601313320825516 0.17806841046277666 0.5576923076923077 0.17806841046277666 0.5576923076923077 0.06237424547283702 0.4601313320825516 0.06237424547283702 0.4601313320825516 0.17806841046277666
0 0.26313320825515946 0.18259557344064387 0.3625703564727955 0.18259557344064387 0.3625703564727955 0.07394366197183098 0.26313320825515946 0.07394366197183098 0.26313320825515946 0.18259557344064387
0 0.7964352720450282 0.44818913480885314 0.8893058161350844 0.44818913480885314 0.8893058161350844 0.3365191146881288 0.7964352720450282 0.3365191146881288 0.7964352720450282 0.44818913480885314
0 0.00046904315196998124 0.2454728370221328 0.07926829268292683 0.2454728370221328 0.07926829268292683 0.14285714285714285 0.00046904315196998124 0.14285714285714285 0.00046904315196998124 0.2454728370221328
0 0.46904315196998125 0.38480885311871227 0.5553470919324578 0.38480885311871227 0.5553470919324578 0.27816901408450706 0.46904315196998125 0.27816901408450706 0.46904315196998125 0.38480885311871227
0 0 0.7811871227364185 0.0647279549718574 0.7811871227364185 0.0647279549718574 0.6504024144869215 0 0.6504024144869215 0 0.7811871227364185
0 0.6102251407129456 0.3153923541247485 0.7068480300187617 0.3153923541247485 0.7068480300187617 0.19567404426559357 0.6102251407129456 0.19567404426559357 0.6102251407129456 0.3153923541247485
0 0.37382739212007504 0.1846076458752515 0.4620075046904315 0.1846076458752515 0.4620075046904315 0.0789738430583501 0.37382739212007504 0.0789738430583501 0.37382739212007504 0.1846076458752515
0 0.00046904315196998124 0.15442655935613683 0.04549718574108818 0.15442655935613683 0.04549718574108818 0.06086519114688129 0.00046904315196998124 0.06086519114688129 0.00046904315196998124 0.15442655935613683
0 0.5684803001876173 0.17706237424547283 0.6557223264540337 0.17706237424547283 0.6557223264540337 0.07645875251509054 0.5684803001876173 0.07645875251509054 0.5684803001876173 0.17706237424547283
0 0.1848030018761726 0.1881287726358149 0.2673545966228893 0.1881287726358149 0.2673545966228893 0.0875251509054326 0.1848030018761726 0.0875251509054326 0.1848030018761726 0.1881287726358149
0 0.9657598499061913 0.28672032193158953 0.9995309568480301 0.28672032193158953 0.9995309568480301 0.17002012072434608 0.9657598499061913 0.17002012072434608 0.9657598499061913 0.28672032193158953
0 0.9929643527204502 0.6524144869215291 0.9995309568480301 0.6524144869215291 0.9995309568480301 0.5920523138832998 0.9929643527204502 0.5920523138832998 0.9929643527204502 0.6524144869215291