0 0.4436 0.24504504504504504 0.5096 0.24504504504504504 0.5096 0.12252252252252252 0.4436 0.12252252252252252 0.4436 0.24504504504504504
0 0.8558 0.28783783783783784 0.9178 0.28783783783783784 0.9178 0.1554054054054054 0.8558 0.1554054054054054 0.8558 0.28783783783783784
0 0.897 0.7130630630630631 0.9686 0.7130630630630631 0.9686 0.5734234234234235 0.897 0.5734234234234235 0.897 0.7130630630630631
0 0.6552 0.4063063063063063 0.7096 0.4063063063063063 0.7096 0.26306306306306304 0.6552 0.26306306306306304 0.6552 0.4063063063063063
0 0.5014 0.672972972972973 0.5566 0.672972972972973 0.5566 0.536036036036036 0.5014 0.536036036036036 0.5014 0.672972972972973
0 0.6182 0.26981981981981984 0.6714 0.26981981981981984 0.6714 0.12387387387387387 0.6182 0.12387387387387387 0.6182 0.26981981981981984
0 0.8018 0.218018018018018 0.8702 0.218018018018018 0.8702 0.08288288288288288 0.8018 0.08288288288288288 0.8018 0.218018018018018
0 0.4732 0.12072072072072072 0.5352 0.12072072072072072 0.5352 0.006306306306306306 0.4732 0.006306306306306306 0.4732 0.12072072072072072
0 0.6598 0.11711711711711711 0.7286 0.11711711711711711 0.7286 0.0018018018018018018 0.6598 0.0018018018018018018 0.6598 0.11711711711711711
0 0.7404 0.2855855855855856 0.7956 0.2855855855855856 0.7956 0.13513513513513514 0.7404 0.13513513513513514 0.7404 0.2855855855855856
0 0.9158 0.8490990990990991 0.983 0.8490990990990991 0.983 0.7184684684684685 0.9158 0.7184684684684685 0.9158 0.8490990990990991
0 0.7374 0.5878378378378378 0.7958 0.5878378378378378 0.7958 0.4391891891891892 0.7374 0.4391891891891892 0.7374 0.5878378378378378
0 0.5794 0.15495495495495495 0.6406 0.15495495495495495 0.6406 0.027927927927927927 0.5794 0.027927927927927927 0.5794 0.15495495495495495
0 0.908 0.19324324324324324 0.9812 0.19324324324324324 0.9812 0.05810810810810811 0.908 0.05810810810810811 0.908 0.19324324324324324
0 0.7338 0.9004504504504505 0.7886 0.9004504504504505 0.7886 0.7518018018018018 0.7338 0.7518018018018018 0.7338 0.9004504504504505
0 0.8068 0.3684684684684685 0.866 0.3684684684684685 0.866 0.23783783783783785 0.8068 0.23783783783783785 0.8068 0.3684684684684685
0 0.6922 0.4990990990990991 0.749 0.4990990990990991 0.749 0.3630630630630631 0.6922 0.3630630630630631 0.6922 0.4990990990990991
0 0.7996 0.581081081081081 0.85 0.581081081081081 0.85 0.43963963963963965 0.7996 0.43963963963963965 0.7996 0.581081081081081
0 0.8478 0.7941441441441441 0.917 0.7941441441441441 0.917 0.6608108108108108 0.8478 0.6608108108108108 0.8478 0.7941441441441441
0 0.6948 0.7554054054054054 0.76 0.7554054054054054 0.76 0.6238738738738738 0.6948 0.6238738738738738 0.6948 0.7554054054054054
0 0.757 0.131981981981982 0.8186 0.131981981981982 0.8186 0.00045045045045045046 0.757 0.00045045045045045046 0.757 0.131981981981982
0 0.6492 0.6828828828828829 0.7036 0.6828828828828829 0.7036 0.5324324324324324 0.6492 0.5324324324324324 0.6492 0.6828828828828829
0 0.8442 0.6445945945945946 0.9022 0.6445945945945946 0.9022 0.5076576576576577 0.8442 0.5076576576576577 0.8442 0.6445945945945946
0 0.9276 0.3427927927927928 0.9996 0.3427927927927928 0.9996 0.19504504504504505 0.9276 0.19504504504504505 0.9276 0.3427927927927928
0 0.8446 0.10495495495495495 0.9082 0.10495495495495495 0.9082 0.00045045045045045046 0.8446 0.00045045045045045046 0.8446 0.10495495495495495
0 0.8928 0.5657657657657658 0.9548 0.5657657657657658 0.9548 0.4153153153153153 0.8928 0.4153153153153153 0.8928 0.5657657657657658
0 0.8134 0.909009009009009 0.8758 0.909009009009009 0.8758 0.7522522522522522 0.8134 0.7522522522522522 0.8134 0.909009009009009
0 0.8798 0.41081081081081083 0.9406 0.41081081081081083 0.9406 0.28468468468468466 0.8798 0.28468468468468466 0.8798 0.41081081081081083
0 0.6036 0.40540540540540543 0.654 0.40540540540540543 0.654 0.26846846846846845 0.6036 0.26846846846846845 0.6036 0.40540540540540543
0 0.8362 0.5 0.8954 0.5 0.8954 0.3621621621621622 0.8362 0.3621621621621622 0.8362 0.5
0 0.7948 0.7274774774774775 0.8508 0.7274774774774775 0.8508 0.5887387387387387 0.7948 0.5887387387387387 0.7948 0.7274774774774775
0 0.642 0.8234234234234235 0.7048 0.8234234234234235 0.7048 0.6918918918918919 0.642 0.6918918918918919 0.642 0.8234234234234235
0 0.2944 0.16306306306306306 0.3504 0.16306306306306306 0.3504 0.04864864864864865 0.2944 0.04864864864864865 0.2944 0.16306306306306306
0 0.5914 0.6472972972972973 0.645 0.6472972972972973 0.645 0.5076576576576577 0.5914 0.5076576576576577 0.5914 0.6472972972972973
0 0.948 0.6121621621621621 0.9996 0.6121621621621621 0.9996 0.48693693693693696 0.948 0.48693693693693696 0.948 0.6121621621621621
0 0.9452 0.48693693693693696 0.9996 0.48693693693693696 0.9996 0.3481981981981982 0.9452 0.3481981981981982 0.9452 0.48693693693693696
0 0.2182 0.16756756756756758 0.2766 0.16756756756756758 0.2766 0.06396396396396396 0.2182 0.06396396396396396 0.2182 0.16756756756756758
0 0.659 0.9477477477477477 0.7198 0.9477477477477477 0.7198 0.8198198198198198 0.659 0.8198198198198198 0.659 0.9477477477477477
0 0.776 0.9986486486486487 0.8388 0.9986486486486487 0.8388 0.8653153153153154 0.776 0.8653153153153154 0.776 0.9986486486486487
0 0.9994 1 0.9994 0.8468468468468469 0.9438 0.8468468468468469 0.9438 1 0.9994 1
0 0.8796 0.9495495495495495 0.9392 0.9495495495495495 0.9392 0.8027027027027027 0.8796 0.8027027027027027 0.8796 0.9495495495495495
0 0.1742 0.13153153153153152 0.225 0.13153153153153152 0.225 0.023423423423423424 0.1742 0.023423423423423424 0.1742 0.13153153153153152
0 0.1376 0.35225225225225226 0.2016 0.35225225225225226 0.2016 0.25045045045045045 0.1376 0.25045045045045045 0.1376 0.35225225225225226
0 0.1482 0.2445945945945946 0.2062 0.2445945945945946 0.2062 0.12567567567567567 0.1482 0.12567567567567567 0.1482 0.2445945945945946
0 0.1236 0.15585585585585585 0.1732 0.15585585585585585 0.1732 0.054954954954954956 0.1236 0.054954954954954956 0.1236 0.15585585585585585
0 0.1072 0.27522522522522525 0.1552 0.27522522522522525 0.1552 0.1752252252252252 0.1072 0.1752252252252252 0.1072 0.27522522522522525
0 0.8986 1 0.8986 0.9063063063063063 0.8426 0.9063063063063063 0.8426 1 0.8986 1
0 0.9022 0 0.9022 0.06036036036036036 0.965 0.06036036036036036 0.965 0 0.9022 0
0 0.971 0.7734234234234234 0.9994 0.7734234234234234 0.9994 0.6112612612612612 0.971 0.6112612612612612 0.971 0.7734234234234234
0 0.211 0 0.211 0.05675675675675676 0.2658 0.05675675675675676 0.2658 0 0.211 0
0 0.3114 0 0.3114 0.054954954954954956 0.3798 0.054954954954954956 0.3798 0 0.3114 0
0 0.143 0 0.143 0.05765765765765766 0.1942 0.05765765765765766 0.1942 0 0.143 0
0 0.57 0 0.57 0.04054054054054054 0.618 0.04054054054054054 0.618 0 0.57 0
0 0.0722 0.33783783783783783 0.1154 0.33783783783783783 0.1154 0.2594594594594595 0.0722 0.2594594594594595 0.0722 0.33783783783783783
0 0.7734 1 0.7734 0.9585585585585585 0.7158 0.9585585585585585 0.7158 1 0.7734 1
0 0.957 1 0.957 0.9477477477477477 0.9062 0.9477477477477477 0.9062 1 0.957 1
0 0.1102 0.3810810810810811 0.1438 0.3810810810810811 0.1438 0.2801801801801802 0.1102 0.2801801801801802 0.1102 0.3810810810810811
0 0.9884 0.8837837837837837 0.9996 0.8837837837837837 0.9996 0.7981981981981981 0.9884 0.7981981981981981 0.9884 0.8837837837837837
0 0.0796 0.20225225225225224 0.1224 0.20225225225225224 0.1224 0.09684684684684684 0.0796 0.09684684684684684 0.0796 0.20225225225225224
0 0.0838 0.0918918918918919 0.1334 0.0918918918918919 0.1334 0.0036036036036036037 0.0838 0.0036036036036036037 0.0838 0.0918918918918919
0 0.0854 0.8193693693693693 0.1406 0.8193693693693693 0.1406 0.7103603603603603 0.0854 0.7103603603603603 0.0854 0.8193693693693693
0 0.6264 0 0.6264 0.025225225225225224 0.6772 0.025225225225225224 0.6772 0 0.6264 0
0 0.263 0 0.263 0.03333333333333333 0.3098 0.03333333333333333 0.3098 0 0.263 0
0 0.0382 0.19144144144144143 0.0798 0.19144144144144143 0.0798 0.09774774774774775 0.0382 0.09774774774774775 0.0382 0.19144144144144143