0 0.6577936333699231 0.5643063583815029 0.7593304061470911 0.5643063583815029 0.7593304061470911 0.4393063583815029 0.6577936333699231 0.4393063583815029 0.6577936333699231 0.5643063583815029
0 0.6018111964873765 0.9342485549132948 0.6929198682766191 0.9342485549132948 0.6929198682766191 0.773121387283237 0.6018111964873765 0.773121387283237 0.6018111964873765 0.9342485549132948
0 0.5691547749725576 0.28395953757225434 0.6558726673984633 0.28395953757225434 0.6558726673984633 0.14884393063583815 0.5691547749725576 0.14884393063583815 0.5691547749725576 0.28395953757225434
0 0.38913282107574093 0.6817196531791907 0.4802414928649835 0.6817196531791907 0.4802414928649835 0.5755057803468208 0.38913282107574093 0.5755057803468208 0.38913282107574093 0.6817196531791907
0 0.43523600439077936 0.5090317919075145 0.5192096597145993 0.5090317919075145 0.5192096597145993 0.4129335260115607 0.43523600439077936 0.4129335260115607 0.43523600439077936 0.5090317919075145
0 0.09165751920965971 0.41076589595375723 0.1712403951701427 0.41076589595375723 0.1712403951701427 0.31033236994219654 0.09165751920965971 0.31033236994219654 0.09165751920965971 0.41076589595375723
0 0.16931942919868276 0.12102601156069365 0.2428649835345774 0.12102601156069365 0.2428649835345774 0.014089595375722543 0.16931942919868276 0.014089595375722543 0.16931942919868276 0.12102601156069365
0 0.5137211855104281 0.9472543352601156 0.5944017563117453 0.9472543352601156 0.5944017563117453 0.819364161849711 0.5137211855104281 0.819364161849711 0.5137211855104281 0.9472543352601156
0 0.4544456641053787 0.7799855491329479 0.5482985729967069 0.7799855491329479 0.5482985729967069 0.6716040462427746 0.4544456641053787 0.6716040462427746 0.4544456641053787 0.7799855491329479
0 0.20334796926454446 0.5401011560693642 0.2834796926454446 0.5401011560693642 0.2834796926454446 0.43027456647398843 0.20334796926454446 0.43027456647398843 0.20334796926454446 0.5401011560693642
0 0.3729418221734358 0.33489884393063585 0.46130625686059273 0.33489884393063585 0.46130625686059273 0.23229768786127167 0.3729418221734358 0.23229768786127167 0.3729418221734358 0.33489884393063585
0 0.07738748627881449 0.9996387283236994 0.15697036223929747 0.9996387283236994 0.15697036223929747 0.8905346820809249 0.07738748627881449 0.8905346820809249 0.07738748627881449 0.9996387283236994
0 0.29802414928649834 0.14920520231213874 0.38199780461031835 0.14920520231213874 0.38199780461031835 0.05166184971098266 0.29802414928649834 0.05166184971098266 0.29802414928649834 0.14920520231213874
0 0.338364434687157 0.24891618497109827 0.413556531284303 0.24891618497109827 0.413556531284303 0.12969653179190752 0.338364434687157 0.12969653179190752 0.338364434687157 0.24891618497109827
0 0.04061470911086718 0.3370664739884393 0.1163556531284303 0.3370664739884393 0.1163556531284303 0.2402456647398844 0.04061470911086718 0.2402456647398844 0.04061470911086718 0.3370664739884393
0 0.09934138309549945 0.09754335260115607 0.1690450054884742 0.09754335260115607 0.1690450054884742 0.012283236994219654 0.09934138309549945 0.012283236994219654 0.09934138309549945 0.09754335260115607
0 0.12623490669593854 0.5917630057803468 0.21405049396267836 0.5917630057803468 0.21405049396267836 0.49927745664739887 0.12623490669593854 0.49927745664739887 0.12623490669593854 0.5917630057803468
0 0.21020856201975852 0.4295520231213873 0.29308452250274425 0.4295520231213873 0.29308452250274425 0.3276734104046243 0.21020856201975852 0.3276734104046243 0.21020856201975852 0.4295520231213873
0 0.021405049396267837 0.1311416184971098 0.10537870472008781 0.1311416184971098 0.10537870472008781 0.04299132947976879 0.021405049396267837 0.04299132947976879 0.021405049396267837 0.1311416184971098
0 0.2689352360043908 0 0.2689352360043908 0.06719653179190752 0.3556531284302964 0.06719653179190752 0.3556531284302964 0 0.2689352360043908 0
0 0.09961580680570802 0.840679190751445 0.1770032930845225 0.840679190751445 0.1770032930845225 0.7344653179190751 0.09961580680570802 0.7344653179190751 0.09961580680570802 0.840679190751445
0 0.20801317233809002 0.24710982658959538 0.2804610318331504 0.24710982658959538 0.2804610318331504 0.13728323699421965 0.20801317233809002 0.13728323699421965 0.20801317233809002 0.24710982658959538
0 0 0.2792630057803468 0.043907793633369926 0.2792630057803468 0.043907793633369926 0.18966763005780346 0 0.18966763005780346 0 0.2792630057803468
0 0.00027442371020856203 0.18677745664739884 0.043084522502744235 0.18677745664739884 0.043084522502744235 0.09718208092485549 0.00027442371020856203 0.09718208092485549 0.00027442371020856203 0.18677745664739884
0 0.2549396267837541 0.3363439306358382 0.325192096597146 0.3363439306358382 0.325192096597146 0.22434971098265896 0.2549396267837541 0.22434971098265896 0.2549396267837541 0.3363439306358382
0 0.022777167947310648 0 0.022777167947310648 0.04263005780346821 0.09193194291986828 0.04263005780346821 0.09193194291986828 0 0.022777167947310648 0
0 0.47392974753018663 0.9996387283236994 0.5491218441273326 0.9996387283236994 0.5491218441273326 0.9649566473988439 0.47392974753018663 0.9649566473988439 0.47392974753018663 0.9996387283236994
0 0.00027442371020856203 0.3663294797687861 0.023874862788144897 0.3663294797687861 0.023874862788144897 0.28540462427745666 0.00027442371020856203 0.28540462427745666 0.00027442371020856203 0.3663294797687861
0 0.00027442371020856203 0.07514450867052024 0.009604829857299671 0.07514450867052024 0.009604829857299671 0.02384393063583815 0.00027442371020856203 0.02384393063583815 0.00027442371020856203 0.07514450867052024