0 0.6896267837541163 0.6437861271676301 0.7796377607025247 0.6437861271676301 0.7796377607025247 0.5115606936416185 0.6896267837541163 0.5115606936416185 0.6896267837541163 0.6437861271676301
0 0.3929747530186608 0.9992774566473989 0.47091108671789245 0.9992774566473989 0.47091108671789245 0.8742774566473989 0.3929747530186608 0.8742774566473989 0.3929747530186608 0.9992774566473989
0 0.5798572996706916 0.528179190751445 0.6665751920965971 0.528179190751445 0.6665751920965971 0.3988439306358382 0.5798572996706916 0.3988439306358382 0.5798572996706916 0.528179190751445
0 0.7121295279912184 0.8197254335260116 0.8015916575192097 0.8197254335260116 0.8015916575192097 0.6838872832369942 0.7121295279912184 0.6838872832369942 0.7121295279912184 0.8197254335260116
0 0.5749176728869374 0.791907514450867 0.6671240395170143 0.791907514450867 0.6671240395170143 0.6690751445086706 0.5749176728869374 0.6690751445086706 0.5749176728869374 0.791907514450867
0 0.5686059275521405 0.9996387283236994 0.6641053787047201 0.9996387283236994 0.6641053787047201 0.9035404624277457 0.5686059275521405 0.9035404624277457 0.5686059275521405 0.9996387283236994
0 0.7939077936333699 0.9989161849710982 0.9042261251372119 0.9989161849710982 0.9042261251372119 0.8890895953757225 0.7939077936333699 0.8890895953757225 0.7939077936333699 0.9989161849710982
0 0.4934138309549945 0.8854768786127167 0.5757409440175631 0.8854768786127167 0.5757409440175631 0.770592485549133 0.4934138309549945 0.770592485549133 0.4934138309549945 0.8854768786127167
0 0.4648737650933041 0.7702312138728323 0.5422612513721186 0.7702312138728323 0.5422612513721186 0.6408959537572254 0.4648737650933041 0.6408959537572254 0.4648737650933041 0.7702312138728323
0 0.5815038419319429 0.9049855491329479 0.6737102085620198 0.9049855491329479 0.6737102085620198 0.7922687861271677 0.5815038419319429 0.7922687861271677 0.5815038419319429 0.9049855491329479
0 0.2154226125137212 0.6105491329479769 0.3004939626783754 0.6105491329479769 0.3004939626783754 0.5130057803468208 0.2154226125137212 0.5130057803468208 0.2154226125137212 0.6105491329479769
0 0.2851262349066959 0.36416184971098264 0.35373216245883643 0.36416184971098264 0.35373216245883643 0.2630057803468208 0.2851262349066959 0.2630057803468208 0.2851262349066959 0.36416184971098264
0 0.1712403951701427 0.8930635838150289 0.24368825466520308 0.8930635838150289 0.24368825466520308 0.7687861271676301 0.1712403951701427 0.7687861271676301 0.1712403951701427 0.8930635838150289
0 0.3907793633369923 0.791907514450867 0.4665203073545554 0.791907514450867 0.4665203073545554 0.6835260115606936 0.3907793633369923 0.6835260115606936 0.3907793633369923 0.791907514450867
0 0.287596048298573 0.8146676300578035 0.3737650933040615 0.8146676300578035 0.3737650933040615 0.7041184971098265 0.287596048298573 0.7041184971098265 0.287596048298573 0.8146676300578035
0 0.2060922063666301 0.2658959537572254 0.27854006586169044 0.2658959537572254 0.27854006586169044 0.15679190751445088 0.2060922063666301 0.15679190751445088 0.2060922063666301 0.2658959537572254
0 0.3172338090010977 0.9888005780346821 0.3913282107574094 0.9888005780346821 0.3913282107574094 0.8645231213872833 0.3172338090010977 0.8645231213872833 0.3172338090010977 0.9888005780346821
0 0.24176728869374314 0.7153179190751445 0.3273874862788145 0.7153179190751445 0.3273874862788145 0.6163294797687862 0.24176728869374314 0.6163294797687862 0.24176728869374314 0.7153179190751445
0 0.1432491767288694 0.9996387283236994 0.2310647639956092 0.9996387283236994 0.2310647639956092 0.9194364161849711 0.1432491767288694 0.9194364161849711 0.1432491767288694 0.9996387283236994
0 0.2414928649835346 0.9989161849710982 0.3150384193194292 0.9989161849710982 0.3150384193194292 0.8984826589595376 0.2414928649835346 0.8984826589595376 0.2414928649835346 0.9989161849710982
0 0.10922063666300769 0.9154624277456648 0.17892425905598244 0.9154624277456648 0.17892425905598244 0.7998554913294798 0.10922063666300769 0.7998554913294798 0.10922063666300769 0.9154624277456648
0 0.19346871569703622 0.15354046242774566 0.2703073545554336 0.15354046242774566 0.2703073545554336 0.06539017341040462 0.19346871569703622 0.06539017341040462 0.19346871569703622 0.15354046242774566
0 0.10455543358946214 0.23482658959537572 0.18084522502744238 0.23482658959537572 0.18084522502744238 0.1510115606936416 0.10455543358946214 0.1510115606936416 0.10455543358946214 0.23482658959537572
0 0.01756311745334797 0 0.01756311745334797 0.09104046242774566 0.0938529088913282 0.09104046242774566 0.0938529088913282 0 0.01756311745334797 0
0 0.21652030735455544 0.3952312138728324 0.2933589462129528 0.3952312138728324 0.2933589462129528 0.27890173410404623 0.21652030735455544 0.27890173410404623 0.21652030735455544 0.3952312138728324
0 0.2159714599341383 0 0.2159714599341383 0.028179190751445087 0.2884193194291987 0.028179190751445087 0.2884193194291987 0 0.2159714599341383 0