0 0.8861014994232987 0.8410087719298246 0.984717416378316 0.8410087719298246 0.984717416378316 0.7394005847953217 0.8861014994232987 0.7394005847953217 0.8861014994232987 0.8410087719298246
0 0.7309688581314879 0.5299707602339181 0.8180507497116494 0.5299707602339181 0.8180507497116494 0.4407894736842105 0.7309688581314879 0.4407894736842105 0.7309688581314879 0.5299707602339181
0 0.8292964244521338 0.3336988304093567 0.9134948096885813 0.3336988304093567 0.9134948096885813 0.2547514619883041 0.8292964244521338 0.2547514619883041 0.8292964244521338 0.3336988304093567
0 0.722318339100346 0.9024122807017544 0.8065167243367936 0.9024122807017544 0.8065167243367936 0.8183479532163743 0.722318339100346 0.8183479532163743 0.722318339100346 0.9024122807017544
0 0.7632641291810842 0.28326023391812866 0.8503460207612457 0.28326023391812866 0.8503460207612457 0.19554093567251463 0.7632641291810842 0.19554093567251463 0.7632641291810842 0.28326023391812866
0 0.5392156862745098 0.4243421052631579 0.6193771626297578 0.4243421052631579 0.6193771626297578 0.3439327485380117 0.5392156862745098 0.3439327485380117 0.5392156862745098 0.4243421052631579
0 0.5501730103806228 0.6578947368421053 0.6320645905420992 0.6578947368421053 0.6320645905420992 0.5752923976608187 0.5501730103806228 0.5752923976608187 0.5501730103806228 0.6578947368421053
0 0.07525951557093426 0.7883771929824561 0.1583044982698962 0.7883771929824561 0.1583044982698962 0.7123538011695907 0.07525951557093426 0.7123538011695907 0.07525951557093426 0.7883771929824561
0 0.23183391003460208 0.39400584795321636 0.31430219146482125 0.39400584795321636 0.31430219146482125 0.31798245614035087 0.23183391003460208 0.31798245614035087 0.23183391003460208 0.39400584795321636
0 0.4803921568627451 0.7196637426900585 0.5565167243367936 0.7196637426900585 0.5565167243367936 0.6326754385964912 0.4803921568627451 0.6326754385964912 0.4803921568627451 0.7196637426900585
0 0.2569204152249135 0.6736111111111112 0.341118800461361 0.6736111111111112 0.341118800461361 0.5953947368421053 0.2569204152249135 0.5953947368421053 0.2569204152249135 0.6736111111111112
0 0.6854094579008074 0.23464912280701755 0.7678777393310265 0.23464912280701755 0.7678777393310265 0.14546783625730994 0.6854094579008074 0.14546783625730994 0.6854094579008074 0.23464912280701755
0 0.6594579008073818 0.6560672514619883 0.7448096885813149 0.6560672514619883 0.7448096885813149 0.5676169590643275 0.6594579008073818 0.5676169590643275 0.6594579008073818 0.6560672514619883
0 0.0983275663206459 0.5120614035087719 0.17329873125720877 0.5120614035087719 0.17329873125720877 0.4411549707602339 0.0983275663206459 0.4411549707602339 0.0983275663206459 0.5120614035087719
0 0.09544405997693195 0.623172514619883 0.17214532871972318 0.623172514619883 0.17214532871972318 0.5500730994152047 0.09544405997693195 0.5500730994152047 0.09544405997693195 0.623172514619883
0 0.7050173010380623 0.7763157894736842 0.7915224913494809 0.7763157894736842 0.7915224913494809 0.6907894736842105 0.7050173010380623 0.6907894736842105 0.7050173010380623 0.7763157894736842
0 0.3027681660899654 0.16410818713450293 0.38408304498269896 0.16410818713450293 0.38408304498269896 0.0851608187134503 0.3027681660899654 0.0851608187134503 0.3027681660899654 0.16410818713450293
0 0.344002306805075 0.8998538011695907 0.4224336793540946 0.8998538011695907 0.4224336793540946 0.8187134502923976 0.344002306805075 0.8187134502923976 0.344002306805075 0.8998538011695907
0 0.984717416378316 1 0.984717416378316 0.9320175438596491 0.8907151095732411 0.9320175438596491 0.8907151095732411 1 0.984717416378316 1
0 0.15311418685121106 0.6776315789473685 0.2378892733564014 0.6776315789473685 0.2378892733564014 0.5994152046783626 0.15311418685121106 0.5994152046783626 0.15311418685121106 0.6776315789473685
0 0.1709919261822376 0.23574561403508773 0.2430795847750865 0.23574561403508773 0.2430795847750865 0.1560672514619883 0.1709919261822376 0.1560672514619883 0.1709919261822376 0.23574561403508773
0 0.5873702422145328 0.902046783625731 0.6704152249134948 0.902046783625731 0.6704152249134948 0.8099415204678363 0.5873702422145328 0.8099415204678363 0.5873702422145328 0.902046783625731
0 0.28344867358708187 0.44371345029239767 0.36303344867358706 0.44371345029239767 0.36303344867358706 0.36403508771929827 0.28344867358708187 0.36403508771929827 0.28344867358708187 0.44371345029239767
0 0.2771049596309112 0.9612573099415205 0.3538062283737024 0.9612573099415205 0.3538062283737024 0.8845029239766082 0.2771049596309112 0.8845029239766082 0.2771049596309112 0.9612573099415205
0 0.008073817762399077 0.9009502923976608 0.08362168396770472 0.9009502923976608 0.08362168396770472 0.8241959064327485 0.008073817762399077 0.8241959064327485 0.008073817762399077 0.9009502923976608
0 0.5470011534025375 0.18969298245614036 0.6265859284890427 0.18969298245614036 0.6265859284890427 0.10416666666666667 0.5470011534025375 0.10416666666666667 0.5470011534025375 0.18969298245614036
0 0.040945790080738176 0.5749269005847953 0.12226066897347174 0.5749269005847953 0.12226066897347174 0.4952485380116959 0.040945790080738176 0.4952485380116959 0.040945790080738176 0.5749269005847953
0 0.14907727797001152 0.8450292397660819 0.22520184544405997 0.8450292397660819 0.22520184544405997 0.7646198830409356 0.14907727797001152 0.7646198830409356 0.14907727797001152 0.8450292397660819
0 0.0002883506343713956 0.10343567251461988 0.0654555940023068 0.10343567251461988 0.0654555940023068 0.028143274853801168 0.0002883506343713956 0.028143274853801168 0.0002883506343713956 0.10343567251461988
0 0.24192618223760093 0.23062865497076024 0.31805074971164937 0.23062865497076024 0.31805074971164937 0.15021929824561403 0.24192618223760093 0.15021929824561403 0.24192618223760093 0.23062865497076024
0 0.12254901960784313 0.1911549707602339 0.19463667820069205 0.1911549707602339 0.19463667820069205 0.11732456140350878 0.12254901960784313 0.11732456140350878 0.12254901960784313 0.1911549707602339
0 0.20876585928489041 0.9002192982456141 0.2895040369088812 0.9002192982456141 0.2895040369088812 0.8220029239766082 0.20876585928489041 0.8220029239766082 0.20876585928489041 0.9002192982456141
0 0.10092272202998846 0.9009502923976608 0.17704728950403692 0.9009502923976608 0.17704728950403692 0.8212719298245614 0.10092272202998846 0.8212719298245614 0.10092272202998846 0.9009502923976608
0 0.6557093425605537 0.8391812865497076 0.7318339100346021 0.8391812865497076 0.7318339100346021 0.7587719298245614 0.6557093425605537 0.7587719298245614 0.6557093425605537 0.8391812865497076
0 0.444636678200692 0.95796783625731 0.5207612456747405 0.95796783625731 0.5207612456747405 0.8797514619883041 0.444636678200692 0.8797514619883041 0.444636678200692 0.95796783625731
0 0.604959630911188 0.12097953216374269 0.6862745098039216 0.12097953216374269 0.6862745098039216 0.04057017543859649 0.604959630911188 0.04057017543859649 0.604959630911188 0.12097953216374269
0 0.5219146482122261 0.9627192982456141 0.5980392156862745 0.9627192982456141 0.5980392156862745 0.875 0.5219146482122261 0.875 0.5219146482122261 0.9627192982456141
0 0.20184544405997693 0.07894736842105263 0.279123414071511 0.07894736842105263 0.279123414071511 0.0007309941520467836 0.20184544405997693 0.0007309941520467836 0.20184544405997693 0.07894736842105263
0 0.4757785467128028 0.37317251461988304 0.558246828143022 0.37317251461988304 0.558246828143022 0.2913011695906433 0.4757785467128028 0.2913011695906433 0.4757785467128028 0.37317251461988304
0 0.00720876585928489 0.7891081871345029 0.07525951557093426 0.7891081871345029 0.07525951557093426 0.7174707602339181 0.00720876585928489 0.7174707602339181 0.00720876585928489 0.7891081871345029
0 0.5369088811995386 0.7817982456140351 0.6280276816608996 0.7817982456140351 0.6280276816608996 0.7013888888888888 0.5369088811995386 0.7013888888888888 0.5369088811995386 0.7817982456140351
0 0.25432525951557095 0.11951754385964912 0.33102652825836215 0.11951754385964912 0.33102652825836215 0.036915204678362575 0.25432525951557095 0.036915204678362575 0.25432525951557095 0.11951754385964912
0 0.660322952710496 0.9630847953216374 0.7468281430219147 0.9630847953216374 0.7468281430219147 0.8753654970760234 0.660322952710496 0.8753654970760234 0.660322952710496 0.9630847953216374
0 0.15340253748558247 0.9576023391812866 0.24106113033448673 0.9576023391812866 0.24106113033448673 0.8888888888888888 0.15340253748558247 0.8888888888888888 0.15340253748558247 0.9576023391812866
0 0.05651672433679354 0.9543128654970761 0.14186851211072665 0.9543128654970761 0.14186851211072665 0.8914473684210527 0.05651672433679354 0.8914473684210527 0.05651672433679354 0.9543128654970761
0 0.06084198385236447 0.08845029239766082 0.1317762399077278 0.08845029239766082 0.1317762399077278 0.01827485380116959 0.06084198385236447 0.01827485380116959 0.06084198385236447 0.08845029239766082
0 0.7603806228373703 0 0.7603806228373703 0.046052631578947366 0.8440023068050749 0.046052631578947366 0.8440023068050749 0 0.7603806228373703 0
0 0.40253748558246827 0.4327485380116959 0.47693194925028837 0.4327485380116959 0.47693194925028837 0.34649122807017546 0.40253748558246827 0.34649122807017546 0.40253748558246827 0.4327485380116959
0 0.4806805074971165 0 0.4806805074971165 0.03508771929824561 0.5608419838523645 0.03508771929824561 0.5608419838523645 0 0.4806805074971165 0
0 0 0.9996345029239766 0.02364475201845444 0.9996345029239766 0.02364475201845444 0.9528508771929824 0 0.9528508771929824 0 0.9996345029239766
0 0.9812572087658593 0.7664473684210527 0.9997116493656286 0.7664473684210527 0.9997116493656286 0.6597222222222222 0.9812572087658593 0.6597222222222222 0.9812572087658593 0.7664473684210527
0 0 0.8399122807017544 0.0196078431372549 0.8399122807017544 0.0196078431372549 0.793859649122807 0 0.793859649122807 0 0.8399122807017544
0 0.15369088811995385 0.029605263157894735 0.21251441753171857 0.029605263157894735 0.21251441753171857 0.0003654970760233918 0.15369088811995385 0.0003654970760233918 0.15369088811995385 0.029605263157894735