0 0.8972 0.4851351351351351 0.96 0.4851351351351351 0.96 0.3418918918918919 0.8972 0.3418918918918919 0.8972 0.4851351351351351
0 0.8556 0.36396396396396397 0.9244 0.36396396396396397 0.9244 0.23243243243243245 0.8556 0.23243243243243245 0.8556 0.36396396396396397
0 0.639 0.8725225225225225 0.6986 0.8725225225225225 0.6986 0.7274774774774775 0.639 0.7274774774774775 0.639 0.8725225225225225
0 0.5676 0.9225225225225225 0.62 0.9225225225225225 0.62 0.7783783783783784 0.5676 0.7783783783783784 0.5676 0.9225225225225225
0 0.812 0.46621621621621623 0.8672 0.46621621621621623 0.8672 0.3184684684684685 0.812 0.3184684684684685 0.812 0.46621621621621623
0 0.7524 0.4626126126126126 0.8116 0.4626126126126126 0.8116 0.3184684684684685 0.7524 0.3184684684684685 0.7524 0.4626126126126126
0 0.8676 0.22567567567567567 0.9348 0.22567567567567567 0.9348 0.08963963963963964 0.8676 0.08963963963963964 0.8676 0.22567567567567567
0 0.8326 0.7490990990990991 0.907 0.7490990990990991 0.907 0.6202702702702703 0.8326 0.6202702702702703 0.8326 0.7490990990990991
0 0.9182 0.8004504504504505 0.9898 0.8004504504504505 0.9898 0.6671171171171171 0.9182 0.6671171171171171 0.9182 0.8004504504504505
0 0.8508 0.5873873873873874 0.9192 0.5873873873873874 0.9192 0.436036036036036 0.8508 0.436036036036036 0.8508 0.5873873873873874
0 0.7948 0.3225225225225225 0.8544 0.3225225225225225 0.8544 0.16936936936936936 0.7948 0.16936936936936936 0.7948 0.3225225225225225
0 0.8054 0.1698198198198198 0.8758 0.1698198198198198 0.8758 0.03918918918918919 0.8054 0.03918918918918919 0.8054 0.1698198198198198
0 0.8004 0.6554054054054054 0.8596 0.6554054054054054 0.8596 0.49864864864864866 0.8004 0.49864864864864866 0.8004 0.6554054054054054
0 0.907 0.6657657657657657 0.9746 0.6657657657657657 0.9746 0.5144144144144144 0.907 0.5144144144144144 0.907 0.6657657657657657
0 0.9252 0.9459459459459459 0.9972 0.9459459459459459 0.9972 0.8081081081081081 0.9252 0.8081081081081081 0.9252 0.9459459459459459
0 0.8598 0.8743243243243243 0.9286 0.8743243243243243 0.9286 0.7436936936936936 0.8598 0.7436936936936936 0.8598 0.8743243243243243
0 0.5966 0.4436936936936937 0.6622 0.4436936936936937 0.6622 0.3238738738738739 0.5966 0.3238738738738739 0.5966 0.4436936936936937
0 0.5632 0 0.5632 0.0891891891891892 0.624 0.0891891891891892 0.624 0 0.5632 0
0 0.868 0.08423423423423423 0.924 0.08423423423423423 0.924 0.00045045045045045046 0.868 0.00045045045045045046 0.868 0.08423423423423423
0 0.7394 0 0.7394 0.0936936936936937 0.7994 0.0936936936936937 0.7994 0 0.7394 0
0 0.9468 1 0.9468 0.8765765765765766 0.8744 0.8765765765765766 0.8744 1 0.9468 1
0 0.1916 0.21981981981981982 0.246 0.21981981981981982 0.246 0.11711711711711711 0.1916 0.11711711711711711 0.1916 0.21981981981981982
0 0.15 0.24144144144144145 0.2004 0.24144144144144145 0.2004 0.13513513513513514 0.15 0.13513513513513514 0.15 0.24144144144144145
0 0.6824 0 0.6824 0.04864864864864865 0.7368 0.04864864864864865 0.7368 0 0.6824 0
0 0.036 0.49864864864864866 0.0808 0.49864864864864866 0.0808 0.4175675675675676 0.036 0.4175675675675676 0.036 0.49864864864864866
0 0.076 0.32342342342342345 0.1148 0.32342342342342345 0.1148 0.23153153153153153 0.076 0.23153153153153153 0.076 0.32342342342342345
0 0.2996 0 0.2996 0.04144144144144144 0.3632 0.04144144144144144 0.3632 0 0.2996 0
0 0.805 0 0.805 0.04234234234234234 0.8586 0.04234234234234234 0.8586 0 0.805 0
0 0.9998 1 0.9998 0.9477477477477477 0.9494 0.9477477477477477 0.9494 1 0.9998 1
0 0.2232 0.15765765765765766 0.2816 0.15765765765765766 0.2816 0.044144144144144144 0.2232 0.044144144144144144 0.2232 0.15765765765765766
0 0.6416 1 0.6416 0.9585585585585585 0.586 0.9585585585585585 0.586 1 0.6416 1
0 0.4596 0 0.4596 0.03333333333333333 0.51 0.03333333333333333 0.51 0 0.4596 0
0 0.0794 0.5036036036036036 0.1258 0.5036036036036036 0.1258 0.4099099099099099 0.0794 0.4099099099099099 0.0794 0.5036036036036036
0 0.1146 0.31891891891891894 0.1518 0.31891891891891894 0.1518 0.23333333333333334 0.1146 0.23333333333333334 0.1146 0.31891891891891894
0 0.0762 0.12117117117117117 0.1342 0.12117117117117117 0.1342 0.01756756756756757 0.0762 0.01756756756756757 0.0762 0.12117117117117117
0 0.1138 0.32297297297297295 0.1666 0.32297297297297295 0.1666 0.23198198198198197 0.1138 0.23198198198198197 0.1138 0.32297297297297295
0 0.08 0.5238738738738739 0.1348 0.5238738738738739 0.1348 0.4112612612612613 0.08 0.4112612612612613 0.08 0.5238738738738739