0 0.766016713091922 0.9230769230769231 0.8593314763231198 0.9230769230769231 0.8593314763231198 0.8461538461538461 0.766016713091922 0.8461538461538461 0.766016713091922 0.9230769230769231
0 0.7806406685236769 0.10979020979020979 0.8662952646239555 0.10979020979020979 0.8662952646239555 0.03496503496503497 0.7806406685236769 0.03496503496503497 0.7806406685236769 0.10979020979020979
0 0.842966573816156 0.5038461538461538 0.9369777158774373 0.5038461538461538 0.9369777158774373 0.43391608391608394 0.842966573816156 0.43391608391608394 0.842966573816156 0.5038461538461538
0 0.9216573816155988 0.4097902097902098 0.9996518105849582 0.4097902097902098 0.9996518105849582 0.34055944055944054 0.9216573816155988 0.34055944055944054 0.9216573816155988 0.4097902097902098
0 0.7914345403899722 0.3 0.8819637883008357 0.3 0.8819637883008357 0.22377622377622378 0.7914345403899722 0.22377622377622378 0.7914345403899722 0.3
0 0.692200557103064 0.10244755244755245 0.7722841225626741 0.10244755244755245 0.7722841225626741 0.031818181818181815 0.692200557103064 0.031818181818181815 0.692200557103064 0.10244755244755245
0 0.002785515320334262 0.5524475524475524 0.08008356545961003 0.5524475524475524 0.08008356545961003 0.4881118881118881 0.002785515320334262 0.4881118881118881 0.002785515320334262 0.5524475524475524
0 0.6901114206128134 0.6853146853146853 0.7764623955431755 0.6853146853146853 0.7764623955431755 0.6160839160839161 0.6901114206128134 0.6160839160839161 0.6901114206128134 0.6853146853146853
0 0.4181754874651811 0.26083916083916087 0.4975626740947075 0.26083916083916087 0.4975626740947075 0.18951048951048952 0.4181754874651811 0.18951048951048952 0.4181754874651811 0.26083916083916087
0 0.1894150417827298 0.9321678321678322 0.27019498607242337 0.9321678321678322 0.27019498607242337 0.8566433566433567 0.1894150417827298 0.8566433566433567 0.1894150417827298 0.9321678321678322
0 0.38231197771587744 0.6716783216783216 0.4637883008356546 0.6716783216783216 0.4637883008356546 0.6066433566433567 0.38231197771587744 0.6066433566433567 0.38231197771587744 0.6716783216783216
0 0.674791086350975 0.956993006993007 0.766016713091922 0.956993006993007 0.766016713091922 0.8772727272727273 0.674791086350975 0.8772727272727273 0.674791086350975 0.956993006993007
0 0.02541782729805014 0.7839160839160839 0.09993036211699165 0.7839160839160839 0.09993036211699165 0.7174825174825175 0.02541782729805014 0.7174825174825175 0.02541782729805014 0.7839160839160839
0 0.6556406685236769 0.28706293706293706 0.7399025069637883 0.28706293706293706 0.7399025069637883 0.21223776223776225 0.6556406685236769 0.21223776223776225 0.6556406685236769 0.28706293706293706
0 0.621866295264624 0.42202797202797204 0.7047353760445683 0.42202797202797204 0.7047353760445683 0.3548951048951049 0.621866295264624 0.3548951048951049 0.621866295264624 0.42202797202797204
0 0.6260445682451253 0.5202797202797202 0.7096100278551533 0.5202797202797202 0.7096100278551533 0.45244755244755247 0.6260445682451253 0.45244755244755247 0.6260445682451253 0.5202797202797202
0 0.012186629526462395 0.8797202797202798 0.09784122562674094 0.8797202797202798 0.09784122562674094 0.8104895104895105 0.012186629526462395 0.8104895104895105 0.012186629526462395 0.8797202797202798
0 0.5487465181058496 0.9244755244755245 0.6406685236768802 0.9244755244755245 0.6406685236768802 0.8468531468531468 0.5487465181058496 0.8468531468531468 0.5487465181058496 0.9244755244755245
0 0.5692896935933147 0.6601398601398601 0.6549442896935933 0.6601398601398601 0.6549442896935933 0.5958041958041959 0.5692896935933147 0.5958041958041959 0.5692896935933147 0.6601398601398601
0 0.3645543175487465 0.7681818181818182 0.44324512534818944 0.7681818181818182 0.44324512534818944 0.7031468531468531 0.3645543175487465 0.7031468531468531 0.3645543175487465 0.7681818181818182
0 0.2705431754874652 0.8472027972027972 0.3492339832869081 0.8472027972027972 0.3492339832869081 0.7786713286713287 0.2705431754874652 0.7786713286713287 0.2705431754874652 0.8472027972027972
0 0.700208913649025 0.4818181818181818 0.7907381615598886 0.4818181818181818 0.7907381615598886 0.41468531468531467 0.700208913649025 0.41468531468531467 0.700208913649025 0.4818181818181818
0 0.3708217270194986 0.21188811188811188 0.443941504178273 0.21188811188811188 0.443941504178273 0.14335664335664336 0.3708217270194986 0.14335664335664336 0.3708217270194986 0.21188811188811188
0 0.431058495821727 0.39615384615384613 0.5055710306406686 0.39615384615384613 0.5055710306406686 0.3304195804195804 0.431058495821727 0.3304195804195804 0.431058495821727 0.39615384615384613
0 0.5104456824512534 0.6 0.5919220055710307 0.6 0.5919220055710307 0.5342657342657343 0.5104456824512534 0.5342657342657343 0.5104456824512534 0.6
0 0.3527158774373259 0.08321678321678322 0.423050139275766 0.08321678321678322 0.423050139275766 0.011888111888111888 0.3527158774373259 0.011888111888111888 0.3527158774373259 0.08321678321678322
0 0.47318941504178275 0.44825174825174824 0.5553621169916435 0.44825174825174824 0.5553621169916435 0.3804195804195804 0.47318941504178275 0.3804195804195804 0.47318941504178275 0.44825174825174824
0 0.5786908077994429 0.09195804195804196 0.6504178272980501 0.09195804195804196 0.6504178272980501 0.024125874125874126 0.5786908077994429 0.024125874125874126 0.5786908077994429 0.09195804195804196
0 0.49895543175487467 0.6993006993006993 0.583217270194986 0.6993006993006993 0.583217270194986 0.6321678321678321 0.49895543175487467 0.6321678321678321 0.49895543175487467 0.6993006993006993
0 0.6382311977715878 0.6227272727272727 0.7197075208913649 0.6227272727272727 0.7197075208913649 0.556993006993007 0.6382311977715878 0.556993006993007 0.6382311977715878 0.6227272727272727
0 0.2280640668523677 0.36643356643356645 0.310933147632312 0.36643356643356645 0.310933147632312 0.2993006993006993 0.2280640668523677 0.2993006993006993 0.2280640668523677 0.36643356643356645
0 0.08635097493036212 0.8524475524475524 0.1615598885793872 0.8524475524475524 0.1615598885793872 0.7839160839160839 0.08635097493036212 0.7839160839160839 0.08635097493036212 0.8524475524475524
0 0.4613509749303621 0.543006993006993 0.5463091922005571 0.543006993006993 0.5463091922005571 0.4751748251748252 0.4613509749303621 0.4751748251748252 0.4613509749303621 0.543006993006993
0 0.34540389972144847 0.51993006993007 0.4213091922005571 0.51993006993007 0.4213091922005571 0.4576923076923077 0.34540389972144847 0.4576923076923077 0.34540389972144847 0.51993006993007
0 0.19185236768802227 0.5874125874125874 0.27402506963788303 0.5874125874125874 0.27402506963788303 0.5223776223776224 0.19185236768802227 0.5223776223776224 0.19185236768802227 0.5874125874125874
0 0.2378133704735376 0.6479020979020979 0.3199860724233983 0.6479020979020979 0.3199860724233983 0.58006993006993 0.2378133704735376 0.58006993006993 0.2378133704735376 0.6479020979020979
0 0.18279944289693592 0.7244755244755244 0.258008356545961 0.7244755244755244 0.258008356545961 0.6629370629370629 0.18279944289693592 0.6629370629370629 0.18279944289693592 0.7244755244755244
0 0.22527855153203344 0.7898601398601398 0.30536211699164345 0.7898601398601398 0.30536211699164345 0.7192307692307692 0.22527855153203344 0.7192307692307692 0.22527855153203344 0.7898601398601398
0 0.3025766016713092 0.33146853146853145 0.38057103064066855 0.33146853146853145 0.38057103064066855 0.26853146853146853 0.3025766016713092 0.26853146853146853 0.3025766016713092 0.33146853146853145
0 0.6838440111420613 0.19405594405594406 0.7667130919220055 0.19405594405594406 0.7667130919220055 0.12272727272727273 0.6838440111420613 0.12272727272727273 0.6838440111420613 0.19405594405594406
0 0.2879526462395543 0.4188811188811189 0.36525069637883006 0.4188811188811189 0.36525069637883006 0.35804195804195804 0.2879526462395543 0.35804195804195804 0.2879526462395543 0.4188811188811189
0 0.08739554317548746 0.6552447552447552 0.16399721448467966 0.6552447552447552 0.16399721448467966 0.5972027972027972 0.08739554317548746 0.5972027972027972 0.08739554317548746 0.6552447552447552
0 0.7743732590529248 0.4398601398601399 0.8676880222841226 0.4398601398601399 0.8676880222841226 0.3741258741258741 0.7743732590529248 0.3741258741258741 0.7743732590529248 0.4398601398601399
0 0.21657381615598886 0.23706293706293707 0.29735376044568246 0.23706293706293707 0.29735376044568246 0.17062937062937064 0.21657381615598886 0.17062937062937064 0.21657381615598886 0.23706293706293707
0 0.00034818941504178273 0.8220279720279721 0.05188022284122563 0.8220279720279721 0.05188022284122563 0.7520979020979021 0.00034818941504178273 0.7520979020979021 0.00034818941504178273 0.8220279720279721
0 0.26775766016713093 0.5552447552447553 0.3527158774373259 0.5552447552447553 0.3527158774373259 0.48951048951048953 0.26775766016713093 0.48951048951048953 0.26775766016713093 0.5552447552447553
0 0.5292479108635098 0.5020979020979021 0.6051532033426184 0.5020979020979021 0.6051532033426184 0.43916083916083914 0.5292479108635098 0.43916083916083914 0.5292479108635098 0.5020979020979021
0 0.07207520891364902 0.17902097902097902 0.1431058495821727 0.17902097902097902 0.1431058495821727 0.11748251748251748 0.07207520891364902 0.11748251748251748 0.07207520891364902 0.17902097902097902
0 0.604108635097493 0.23881118881118882 0.682799442896936 0.23881118881118882 0.682799442896936 0.16258741258741258 0.604108635097493 0.16258741258741258 0.604108635097493 0.23881118881118882
0 0.10341225626740948 0.1020979020979021 0.17235376044568246 0.1020979020979021 0.17235376044568246 0.04195804195804196 0.10341225626740948 0.04195804195804196 0.10341225626740948 0.1020979020979021
0 0.2176183844011142 0.45 0.28725626740947074 0.45 0.28725626740947074 0.39195804195804196 0.2176183844011142 0.39195804195804196 0.2176183844011142 0.45
0 0.13579387186629527 0.14615384615384616 0.21030640668523676 0.14615384615384616 0.21030640668523676 0.08251748251748252 0.13579387186629527 0.08251748251748252 0.13579387186629527 0.14615384615384616
0 0.38474930362116994 0.5758741258741259 0.46692200557103064 0.5758741258741259 0.46692200557103064 0.5101398601398601 0.38474930362116994 0.5101398601398601 0.38474930362116994 0.5758741258741259
0 0.2656685236768802 0.9527972027972028 0.34575208913649025 0.9527972027972028 0.34575208913649025 0.8800699300699301 0.2656685236768802 0.8800699300699301 0.2656685236768802 0.9527972027972028
0 0.5581476323119777 0.1825174825174825 0.6319637883008357 0.1825174825174825 0.6319637883008357 0.11258741258741259 0.5581476323119777 0.11258741258741259 0.5581476323119777 0.1825174825174825
0 0.3530640668523677 0.3821678321678322 0.4296657381615599 0.3821678321678322 0.4296657381615599 0.3185314685314685 0.3530640668523677 0.3185314685314685 0.3530640668523677 0.3821678321678322
0 0.6260445682451253 0.14615384615384616 0.7096100278551533 0.14615384615384616 0.7096100278551533 0.07552447552447553 0.6260445682451253 0.07552447552447553 0.6260445682451253 0.14615384615384616
0 0.18210306406685237 0.31888111888111886 0.25731197771587744 0.31888111888111886 0.25731197771587744 0.2573426573426573 0.18210306406685237 0.2573426573426573 0.18210306406685237 0.31888111888111886
0 0.8478412256267409 0 0.8478412256267409 0.06293706293706294 0.9293175487465181 0.06293706293706294 0.9293175487465181 0 0.8478412256267409 0
0 0.31580779944289694 0.620979020979021 0.4035515320334262 0.620979020979021 0.4035515320334262 0.5433566433566434 0.31580779944289694 0.5433566433566434 0.31580779944289694 0.620979020979021
0 0.18036211699164345 0.1867132867132867 0.25487465181058494 0.1867132867132867 0.25487465181058494 0.12657342657342657 0.18036211699164345 0.12657342657342657 0.18036211699164345 0.1867132867132867
0 0.27715877437325903 0.07552447552447553 0.3516713091922006 0.07552447552447553 0.3516713091922006 0.005594405594405594 0.27715877437325903 0.005594405594405594 0.27715877437325903 0.07552447552447553
0 0.6344011142061281 0 0.6344011142061281 0.05244755244755245 0.7096100278551533 0.05244755244755245 0.7096100278551533 0 0.6344011142061281 0
0 0.49164345403899723 0.8555944055944056 0.5710306406685237 0.8555944055944056 0.5710306406685237 0.7730769230769231 0.49164345403899723 0.7730769230769231 0.49164345403899723 0.8555944055944056
0 0.7318941504178273 0.24475524475524477 0.8175487465181058 0.24475524475524477 0.8175487465181058 0.16503496503496504 0.7318941504178273 0.16503496503496504 0.7318941504178273 0.24475524475524477
0 0.44080779944289694 0.16888111888111887 0.5118384401114207 0.16888111888111887 0.5118384401114207 0.10664335664335664 0.44080779944289694 0.10664335664335664 0.44080779944289694 0.16888111888111887
0 0.7085654596100278 0.33636363636363636 0.7956128133704735 0.33636363636363636 0.7956128133704735 0.2636363636363636 0.7085654596100278 0.2636363636363636 0.7085654596100278 0.33636363636363636
0 0.4843314763231198 0.21958041958041957 0.5595403899721448 0.21958041958041957 0.5595403899721448 0.15244755244755245 0.4843314763231198 0.15244755244755245 0.4843314763231198 0.21958041958041957
0 0.20891364902506965 0.10874125874125874 0.2799442896935933 0.10874125874125874 0.2799442896935933 0.045804195804195806 0.20891364902506965 0.045804195804195806 0.20891364902506965 0.10874125874125874
0 0.2722841225626741 0.1965034965034965 0.34401114206128136 0.1965034965034965 0.34401114206128136 0.13706293706293707 0.2722841225626741 0.13706293706293707 0.2722841225626741 0.1965034965034965
0 0.5362116991643454 0 0.5362116991643454 0.04825174825174825 0.6107242339832869 0.04825174825174825 0.6107242339832869 0 0.5362116991643454 0
0 0.3311281337047354 0.1632867132867133 0.3972841225626741 0.1632867132867133 0.3972841225626741 0.09895104895104895 0.3311281337047354 0.09895104895104895 0.3311281337047354 0.1632867132867133
0 0.503133704735376 0.13286713286713286 0.5755571030640668 0.13286713286713286 0.5755571030640668 0.06923076923076923 0.503133704735376 0.06923076923076923 0.503133704735376 0.13286713286713286
0 0.39763231197771587 0.12517482517482517 0.46657381615598886 0.12517482517482517 0.46657381615598886 0.06083916083916084 0.39763231197771587 0.06083916083916084 0.39763231197771587 0.12517482517482517
0 0.43558495821727017 0.7454545454545455 0.5205431754874652 0.7454545454545455 0.5205431754874652 0.6636363636363637 0.43558495821727017 0.6636363636363637 0.43558495821727017 0.7454545454545455
0 0.5783426183844012 1 0.5783426183844012 0.9328671328671329 0.48920612813370473 0.9328671328671329 0.48920612813370473 1 0.5783426183844012 1
0 0.17688022284122562 0 0.17688022284122562 0.025174825174825177 0.24512534818941503 0.025174825174825177 0.24512534818941503 0 0.17688022284122562 0
0 0.3064066852367688 1 0.3064066852367688 0.9573426573426573 0.2193593314763231 0.9573426573426573 0.2193593314763231 1 0.3064066852367688 1
0 0.2440807799442897 0 0.2440807799442897 0.033566433566433566 0.30675487465181056 0.033566433566433566 0.30675487465181056 0 0.2440807799442897 0
0 0.7144846796657381 0 0.7144846796657381 0.01048951048951049 0.7583565459610028 0.01048951048951049 0.7583565459610028 0 0.7144846796657381 0