0 0.004453681710213777 0.28987455197132617 0.07096199524940618 0.28987455197132617 0.07096199524940618 0.1724910394265233 0.004453681710213777 0.1724910394265233 0.004453681710213777 0.28987455197132617
0 0.04691211401425178 0.6008064516129032 0.12232779097387174 0.6008064516129032 0.12232779097387174 0.4807347670250896 0.04691211401425178 0.4807347670250896 0.04691211401425178 0.6008064516129032
0 0.7719714964370546 0.3418458781362007 0.8450118764845606 0.3418458781362007 0.8450118764845606 0.2217741935483871 0.7719714964370546 0.2217741935483871 0.7719714964370546 0.3418458781362007
0 0 0.5855734767025089 0.05938242280285035 0.5855734767025089 0.05938242280285035 0.4699820788530466 0 0.4699820788530466 0 0.5855734767025089
0 0.5923396674584323 0.20698924731182797 0.6588479809976246 0.20698924731182797 0.6588479809976246 0.0931899641577061 0.5923396674584323 0.0931899641577061 0.5923396674584323 0.20698924731182797
0 0.5112826603325415 0.3342293906810036 0.5831353919239906 0.3342293906810036 0.5831353919239906 0.21594982078853048 0.5112826603325415 0.21594982078853048 0.5112826603325415 0.3342293906810036
0 0.6564726840855107 0.26120071684587814 0.7235748218527316 0.26120071684587814 0.7235748218527316 0.150089605734767 0.6564726840855107 0.150089605734767 0.6564726840855107 0.26120071684587814
0 0.36252969121140144 0.3579749103942652 0.4397268408551069 0.3579749103942652 0.4397268408551069 0.2594086021505376 0.36252969121140144 0.2594086021505376 0.36252969121140144 0.3579749103942652
0 0.748812351543943 0.1478494623655914 0.8212589073634204 0.1478494623655914 0.8212589073634204 0.02867383512544803 0.748812351543943 0.02867383512544803 0.748812351543943 0.1478494623655914
0 0.22298099762470308 0.5972222222222222 0.29720902612826605 0.5972222222222222 0.29720902612826605 0.4753584229390681 0.22298099762470308 0.4753584229390681 0.22298099762470308 0.5972222222222222
0 0.6570665083135392 0.7921146953405018 0.7396080760095012 0.7921146953405018 0.7396080760095012 0.6550179211469535 0.6570665083135392 0.6550179211469535 0.6570665083135392 0.7921146953405018
0 0.4391330166270784 0.3109318996415771 0.5092042755344418 0.3109318996415771 0.5092042755344418 0.2060931899641577 0.4391330166270784 0.2060931899641577 0.4391330166270784 0.3109318996415771
0 0.1828978622327791 0.35125448028673834 0.2505938242280285 0.35125448028673834 0.2505938242280285 0.22939068100358423 0.1828978622327791 0.22939068100358423 0.1828978622327791 0.35125448028673834
0 0.2808788598574822 0.5152329749103942 0.35391923990498814 0.5152329749103942 0.35391923990498814 0.40053763440860213 0.2808788598574822 0.40053763440860213 0.2808788598574822 0.5152329749103942
0 0.45665083135391926 0.21863799283154123 0.5201900237529691 0.21863799283154123 0.5201900237529691 0.0967741935483871 0.45665083135391926 0.0967741935483871 0.45665083135391926 0.21863799283154123
0 0.09144893111638955 0.28449820788530467 0.16033254156769597 0.28449820788530467 0.16033254156769597 0.18234767025089607 0.09144893111638955 0.18234767025089607 0.09144893111638955 0.28449820788530467
0 0.18319477434679335 0.2325268817204301 0.24495249406175773 0.2325268817204301 0.24495249406175773 0.1339605734767025 0.18319477434679335 0.1339605734767025 0.18319477434679335 0.2325268817204301
0 0.166270783847981 0.6765232974910395 0.23812351543942992 0.6765232974910395 0.23812351543942992 0.5519713261648745 0.166270783847981 0.5519713261648745 0.166270783847981 0.6765232974910395
0 0.38687648456057006 0.2307347670250896 0.45338479809976245 0.2307347670250896 0.45338479809976245 0.1303763440860215 0.38687648456057006 0.1303763440860215 0.38687648456057006 0.2307347670250896
0 0.5231591448931117 0.21729390681003585 0.588479809976247 0.21729390681003585 0.588479809976247 0.09184587813620072 0.5231591448931117 0.09184587813620072 0.5231591448931117 0.21729390681003585
0 0.6484560570071259 0.1527777777777778 0.7238717339667459 0.1527777777777778 0.7238717339667459 0.04256272401433692 0.6484560570071259 0.04256272401433692 0.6484560570071259 0.1527777777777778
0 0.2758313539192399 0.1335125448028674 0.3405581947743468 0.1335125448028674 0.3405581947743468 0.03853046594982079 0.2758313539192399 0.03853046594982079 0.2758313539192399 0.1335125448028674
0 0.11906175771971496 0.14202508960573476 0.18081947743467933 0.14202508960573476 0.18081947743467933 0.03808243727598566 0.11906175771971496 0.03808243727598566 0.11906175771971496 0.14202508960573476
0 0.207541567695962 0.09005376344086022 0.26929928741092635 0.09005376344086022 0.26929928741092635 0.00044802867383512545 0.207541567695962 0.00044802867383512545 0.207541567695962 0.09005376344086022
0 0.062351543942992874 0.44310035842293904 0.1330166270783848 0.44310035842293904 0.1330166270783848 0.3409498207885305 0.062351543942992874 0.3409498207885305 0.062351543942992874 0.44310035842293904
0 0.3257125890736342 0.278673835125448 0.3892517814726841 0.278673835125448 0.3892517814726841 0.15412186379928317 0.3257125890736342 0.15412186379928317 0.3257125890736342 0.278673835125448
0 0.3239311163895487 0.15681003584229392 0.38806413301662707 0.15681003584229392 0.38806413301662707 0.06272401433691756 0.3239311163895487 0.06272401433691756 0.3239311163895487 0.15681003584229392
0 0.8230403800475059 0.12410394265232975 0.8901425178147269 0.12410394265232975 0.8901425178147269 0.009408602150537635 0.8230403800475059 0.009408602150537635 0.8230403800475059 0.12410394265232975
0 0.23931116389548693 0.24686379928315413 0.3087885985748218 0.24686379928315413 0.3087885985748218 0.14381720430107528 0.23931116389548693 0.14381720430107528 0.23931116389548693 0.24686379928315413
0 0.12114014251781473 0.367831541218638 0.18586698337292162 0.367831541218638 0.18586698337292162 0.24596774193548387 0.12114014251781473 0.24596774193548387 0.12114014251781473 0.367831541218638
0 0.5807600950118765 0.09722222222222222 0.6413301662707839 0.09722222222222222 0.6413301662707839 0.0013440860215053765 0.5807600950118765 0.0013440860215053765 0.5807600950118765 0.09722222222222222
0 0.06116389548693587 0.21863799283154123 0.1187648456057007 0.21863799283154123 0.1187648456057007 0.11648745519713262 0.06116389548693587 0.11648745519713262 0.06116389548693587 0.21863799283154123
0 0.40973871733966744 0.139336917562724 0.47980997624703087 0.139336917562724 0.47980997624703087 0.04345878136200717 0.40973871733966744 0.04345878136200717 0.40973871733966744 0.139336917562724
0 0.9456650831353919 0.5730286738351255 0.9997030878859857 0.5730286738351255 0.9997030878859857 0.4637096774193548 0.9456650831353919 0.4637096774193548 0.9456650831353919 0.5730286738351255
0 0.24435866983372923 0.4507168458781362 0.31205463182897863 0.4507168458781362 0.31205463182897863 0.3449820788530466 0.24435866983372923 0.3449820788530466 0.24435866983372923 0.4507168458781362
0 0.6965558194774347 0 0.6965558194774347 0.08064516129032258 0.7701900237529691 0.08064516129032258 0.7701900237529691 0 0.6965558194774347 0
0 0.25534441805225655 0.3449820788530466 0.32244655581947745 0.3449820788530466 0.32244655581947745 0.23387096774193547 0.25534441805225655 0.23387096774193547 0.25534441805225655 0.3449820788530466
0 0.008907363420427554 0.12813620071684587 0.07244655581947744 0.12813620071684587 0.07244655581947744 0.027777777777777776 0.008907363420427554 0.027777777777777776 0.008907363420427554 0.12813620071684587
0 0.5062351543942993 0.1124551971326165 0.5727434679334917 0.1124551971326165 0.5727434679334917 0.025537634408602152 0.5062351543942993 0.025537634408602152 0.5062351543942993 0.1124551971326165
0 0.5510688836104513 0.6850358422939068 0.6294536817102138 0.6850358422939068 0.6294536817102138 0.546146953405018 0.5510688836104513 0.546146953405018 0.5510688836104513 0.6850358422939068
0 0.9700118764845606 0.8548387096774194 0.9997030878859857 0.8548387096774194 0.9997030878859857 0.7302867383512545 0.9700118764845606 0.7302867383512545 0.9700118764845606 0.8548387096774194
0 0.0923396674584323 0.08154121863799284 0.13984560570071258 0.08154121863799284 0.13984560570071258 0.0008960573476702509 0.0923396674584323 0.0008960573476702509 0.0923396674584323 0.08154121863799284
0 0.6386579572446556 0.04435483870967742 0.7033847980997625 0.04435483870967742 0.7033847980997625 0.00044802867383512545 0.6386579572446556 0.00044802867383512545 0.6386579572446556 0.04435483870967742
0 0 0.09498207885304659 0.0166270783847981 0.09498207885304659 0.0166270783847981 0.002688172043010753 0 0.002688172043010753 0 0.09498207885304659
0 0.7749406175771971 0 0.7749406175771971 0.051075268817204304 0.8414489311163895 0.051075268817204304 0.8414489311163895 0 0.7749406175771971 0
0 0.46258907363420426 0 0.46258907363420426 0.06093189964157706 0.5338479809976246 0.06093189964157706 0.5338479809976246 0 0.46258907363420426 0
0 0.3343230403800475 0 0.3343230403800475 0.04838709677419355 0.38836104513064135 0.04838709677419355 0.38836104513064135 0 0.3343230403800475 0
0 0.5406769596199525 0 0.5406769596199525 0.02867383512544803 0.5822446555819477 0.02867383512544803 0.5822446555819477 0 0.5406769596199525 0
0 0.9429928741092637 0 0.9429928741092637 0.025089605734767026 0.9994061757719715 0.025089605734767026 0.9994061757719715 0 0.9429928741092637 0