0 0.8918 0.8427927927927928 0.9558 0.8427927927927928 0.9558 0.7076576576576576 0.8918 0.7076576576576576 0.8918 0.8427927927927928
0 0.7852 0.2536036036036036 0.8476 0.2536036036036036 0.8476 0.11216216216216217 0.7852 0.11216216216216217 0.7852 0.2536036036036036
0 0.7536 0.6009009009009009 0.8216 0.6009009009009009 0.8216 0.46936936936936935 0.7536 0.46936936936936935 0.7536 0.6009009009009009
0 0.807 0.5243243243243243 0.8774 0.5243243243243243 0.8774 0.3855855855855856 0.807 0.3855855855855856 0.807 0.5243243243243243
0 0.7236 0.35405405405405405 0.796 0.35405405405405405 0.796 0.22072072072072071 0.7236 0.22072072072072071 0.7236 0.35405405405405405
0 0.721 0.48333333333333334 0.7862 0.48333333333333334 0.7862 0.3572072072072072 0.721 0.3572072072072072 0.721 0.48333333333333334
0 0.8178 0.9274774774774774 0.8762 0.9274774774774774 0.8762 0.7788288288288289 0.8178 0.7788288288288289 0.8178 0.9274774774774774
0 0.723 0.21621621621621623 0.783 0.21621621621621623 0.783 0.07027027027027027 0.723 0.07027027027027027 0.723 0.21621621621621623
0 0.8736 0.5779279279279279 0.9304 0.5779279279279279 0.9304 0.4536036036036036 0.8736 0.4536036036036036 0.8736 0.5779279279279279
0 0.847 0.30045045045045043 0.9058 0.30045045045045043 0.9058 0.17072072072072073 0.847 0.17072072072072073 0.847 0.30045045045045043
0 0.8594 0.44324324324324327 0.9206 0.44324324324324327 0.9206 0.30720720720720723 0.8594 0.30720720720720723 0.8594 0.44324324324324327
0 0.6134 0.19324324324324324 0.677 0.19324324324324324 0.677 0.07432432432432433 0.6134 0.07432432432432433 0.6134 0.19324324324324324
0 0.675 0.11396396396396397 0.7346 0.11396396396396397 0.7346 0.00045045045045045046 0.675 0.00045045045045045046 0.675 0.11396396396396397
0 0.8832 0.7027027027027027 0.9444 0.7027027027027027 0.9444 0.5837837837837838 0.8832 0.5837837837837838 0.8832 0.7027027027027027
0 0.7658 0 0.7658 0.10990990990990991 0.8378 0.10990990990990991 0.8378 0 0.7658 0
0 0.267 0.13153153153153152 0.3322 0.13153153153153152 0.3322 0.008108108108108109 0.267 0.008108108108108109 0.267 0.13153153153153152
0 0.8326 0.16486486486486487 0.8946 0.16486486486486487 0.8946 0.04054054054054054 0.8326 0.04054054054054054 0.8326 0.16486486486486487
0 0.6026 0.3400900900900901 0.6682 0.3400900900900901 0.6682 0.21666666666666667 0.6026 0.21666666666666667 0.6026 0.3400900900900901
0 0.5566 0.5135135135135135 0.6134 0.5135135135135135 0.6134 0.3738738738738739 0.5566 0.3738738738738739 0.5566 0.5135135135135135
0 0.823 0.7851351351351351 0.8974 0.7851351351351351 0.8974 0.6563063063063063 0.823 0.6563063063063063 0.823 0.7851351351351351
0 0.8164 0.6572072072072072 0.8888 0.6572072072072072 0.8888 0.5346846846846847 0.8164 0.5346846846846847 0.8164 0.6572072072072072
0 0.8812 0.9747747747747748 0.9556 0.9747747747747748 0.9556 0.845945945945946 0.8812 0.845945945945946 0.8812 0.9747747747747748
0 0.7996 0.3837837837837838 0.8612 0.3837837837837838 0.8612 0.2585585585585586 0.7996 0.2585585585585586 0.7996 0.3837837837837838
0 0.5538 0.18963963963963965 0.6078 0.18963963963963965 0.6078 0.06351351351351352 0.5538 0.06351351351351352 0.5538 0.18963963963963965
0 0.5914 0.08783783783783784 0.647 0.08783783783783784 0.647 0.00045045045045045046 0.5914 0.00045045045045045046 0.5914 0.08783783783783784
0 0.1924 0.2481981981981982 0.2488 0.2481981981981982 0.2488 0.1436936936936937 0.1924 0.1436936936936937 0.1924 0.2481981981981982
0 0.3518 0.22882882882882882 0.4214 0.22882882882882882 0.4214 0.109009009009009 0.3518 0.109009009009009 0.3518 0.22882882882882882
0 0.1798 0.14414414414414414 0.2306 0.14414414414414414 0.2306 0.023423423423423424 0.1798 0.023423423423423424 0.1798 0.14414414414414414
0 0.5268 0.07792792792792792 0.5896 0.07792792792792792 0.5896 0.00045045045045045046 0.5268 0.00045045045045045046 0.5268 0.07792792792792792
0 0.096 0.11171171171171171 0.1452 0.11171171171171171 0.1452 0.01981981981981982 0.096 0.01981981981981982 0.096 0.11171171171171171
0 0.909 1 0.909 0.9333333333333333 0.851 0.9333333333333333 0.851 1 0.909 1
0 0.1442 0.12252252252252252 0.183 0.12252252252252252 0.183 0.02972972972972973 0.1442 0.02972972972972973 0.1442 0.12252252252252252
0 0.2292 0.13333333333333333 0.272 0.13333333333333333 0.272 0.005405405405405406 0.2292 0.005405405405405406 0.2292 0.13333333333333333
0 0.8494 1 0.8494 0.9522522522522523 0.791 0.9522522522522523 0.791 1 0.8494 1
0 0.3978 0 0.3978 0.043243243243243246 0.455 0.043243243243243246 0.455 0 0.3978 0
0 0.971 1 0.971 0.972072072072072 0.9194 0.972072072072072 0.9194 1 0.971 1
0 0.1154 0.3427927927927928 0.173 0.3427927927927928 0.173 0.2445945945945946 0.1154 0.2445945945945946 0.1154 0.3427927927927928
0 0.1108 0.22477477477477478 0.146 0.22477477477477478 0.146 0.1463963963963964 0.1108 0.1463963963963964 0.1108 0.22477477477477478
0 0.0564 0.20135135135135135 0.1128 0.20135135135135135 0.1128 0.12117117117117117 0.0564 0.12117117117117117 0.0564 0.20135135135135135
0 0.175 0 0.175 0.02882882882882883 0.2178 0.02882882882882883 0.2178 0 0.175 0
0 0.0192 0.10495495495495495 0.0592 0.10495495495495495 0.0592 0.031081081081081083 0.0192 0.031081081081081083 0.0192 0.10495495495495495
0 0.4938 0 0.4938 0.03063063063063063 0.5278 0.03063063063063063 0.5278 0 0.4938 0
0 0.831 0 0.831 0.02882882882882883 0.885 0.02882882882882883 0.885 0 0.831 0
0 0.1318 0 0.1318 0.026126126126126126 0.1754 0.026126126126126126 0.1754 0 0.1318 0