0 0.7211995249406176 0.6205197132616488 0.8138361045130641 0.6205197132616488 0.8138361045130641 0.5031362007168458 0.7211995249406176 0.5031362007168458 0.7211995249406176 0.6205197132616488
0 0.05255344418052257 0.5958781362007168 0.126187648456057 0.5958781362007168 0.126187648456057 0.471326164874552 0.05255344418052257 0.471326164874552 0.05255344418052257 0.5958781362007168
0 0.6621140142517815 0.5282258064516129 0.7505938242280285 0.5282258064516129 0.7505938242280285 0.4171146953405018 0.6621140142517815 0.4171146953405018 0.6621140142517815 0.5282258064516129
0 0.7431710213776722 0.1635304659498208 0.8179928741092637 0.1635304659498208 0.8179928741092637 0.05421146953405018 0.7431710213776722 0.05421146953405018 0.7431710213776722 0.1635304659498208
0 0 0.4489247311827957 0.04691211401425178 0.4489247311827957 0.04691211401425178 0.3378136200716846 0 0.3378136200716846 0 0.4489247311827957
0 0.705166270783848 0.921594982078853 0.7817695961995249 0.921594982078853 0.7817695961995249 0.7755376344086021 0.705166270783848 0.7755376344086021 0.705166270783848 0.921594982078853
0 0.07155581947743468 0.37992831541218636 0.13509501187648457 0.37992831541218636 0.13509501187648457 0.271505376344086 0.07155581947743468 0.271505376344086 0.07155581947743468 0.37992831541218636
0 0.7238717339667459 0.33198924731182794 0.7980997624703088 0.33198924731182794 0.7980997624703088 0.21012544802867383 0.7238717339667459 0.21012544802867383 0.7238717339667459 0.33198924731182794
0 0.7280285035629454 0.45564516129032256 0.8004750593824228 0.45564516129032256 0.8004750593824228 0.335573476702509 0.7280285035629454 0.335573476702509 0.7280285035629454 0.45564516129032256
0 0.830166270783848 0.5618279569892473 0.9097387173396675 0.5618279569892473 0.9097387173396675 0.4327956989247312 0.830166270783848 0.4327956989247312 0.830166270783848 0.5618279569892473
0 0.33165083135391926 0.267921146953405 0.40231591448931114 0.267921146953405 0.40231591448931114 0.16487455197132617 0.33165083135391926 0.16487455197132617 0.33165083135391926 0.267921146953405
0 0.11193586698337292 0.47043010752688175 0.17785035629453683 0.47043010752688175 0.17785035629453683 0.3539426523297491 0.11193586698337292 0.3539426523297491 0.11193586698337292 0.47043010752688175
0 0.8497624703087886 0.37051971326164873 0.9245843230403801 0.37051971326164873 0.9245843230403801 0.2513440860215054 0.8497624703087886 0.2513440860215054 0.8497624703087886 0.37051971326164873
0 0.0035629453681710215 0.3548387096774194 0.07600950118764846 0.3548387096774194 0.07600950118764846 0.24193548387096775 0.0035629453681710215 0.24193548387096775 0.0035629453681710215 0.3548387096774194
0 0.5371140142517815 0.3024193548387097 0.607185273159145 0.3024193548387097 0.607185273159145 0.19041218637992832 0.5371140142517815 0.19041218637992832 0.5371140142517815 0.3024193548387097
0 0.43764845605700714 0.29301075268817206 0.5071258907363421 0.29301075268817206 0.5071258907363421 0.1693548387096774 0.43764845605700714 0.1693548387096774 0.43764845605700714 0.29301075268817206
0 0.5961995249406176 0.17293906810035842 0.6745843230403801 0.17293906810035842 0.6745843230403801 0.07437275985663082 0.5961995249406176 0.07437275985663082 0.5961995249406176 0.17293906810035842
0 0.6065914489311164 0.2656810035842294 0.6915083135391924 0.2656810035842294 0.6915083135391924 0.15188172043010753 0.6065914489311164 0.15188172043010753 0.6065914489311164 0.2656810035842294
0 0.7903800475059383 0.3978494623655914 0.8592636579572447 0.3978494623655914 0.8592636579572447 0.28763440860215056 0.7903800475059383 0.28763440860215056 0.7903800475059383 0.3978494623655914
0 0.5501781472684085 0.4018817204301075 0.6208432304038005 0.4018817204301075 0.6208432304038005 0.29345878136200715 0.5501781472684085 0.29345878136200715 0.5501781472684085 0.4018817204301075
0 0.8432304038004751 0.11738351254480286 0.9121140142517815 0.11738351254480286 0.9121140142517815 0.017025089605734768 0.8432304038004751 0.017025089605734768 0.8432304038004751 0.11738351254480286
0 0.29661520190023755 0.18906810035842295 0.35362232779097386 0.18906810035842295 0.35362232779097386 0.07974910394265233 0.29661520190023755 0.07974910394265233 0.29661520190023755 0.18906810035842295
0 0.7081353919239906 0 0.7081353919239906 0.08960573476702509 0.7793942992874109 0.08960573476702509 0.7793942992874109 0 0.7081353919239906 0
0 0.13509501187648457 0.33512544802867383 0.1926959619952494 0.33512544802867383 0.1926959619952494 0.239247311827957 0.13509501187648457 0.239247311827957 0.13509501187648457 0.33512544802867383
0 0.3693586698337292 0.5129928315412187 0.45486935866983375 0.5129928315412187 0.45486935866983375 0.403673835125448 0.3693586698337292 0.403673835125448 0.3693586698337292 0.5129928315412187
0 0.43141330166270786 0.9359318996415771 0.5181116389548693 0.9359318996415771 0.5181116389548693 0.8086917562724014 0.43141330166270786 0.8086917562724014 0.43141330166270786 0.9359318996415771
0 0.15053444180522565 0.20295698924731181 0.20635391923990498 0.20295698924731181 0.20635391923990498 0.1196236559139785 0.15053444180522565 0.1196236559139785 0.15053444180522565 0.20295698924731181
0 0.0011876484560570072 0.5734767025089605 0.06413301662707839 0.5734767025089605 0.06413301662707839 0.46236559139784944 0.0011876484560570072 0.46236559139784944 0.0011876484560570072 0.5734767025089605
0 0.48990498812351546 0.21236559139784947 0.5653206650831354 0.21236559139784947 0.5653206650831354 0.11559139784946236 0.48990498812351546 0.11559139784946236 0.48990498812351546 0.21236559139784947
0 0.1823040380047506 0.3835125448028674 0.251187648456057 0.3835125448028674 0.251187648456057 0.26881720430107525 0.1823040380047506 0.26881720430107525 0.1823040380047506 0.3835125448028674
0 0.05285035629453682 0.12903225806451613 0.11282660332541568 0.12903225806451613 0.11282660332541568 0.03046594982078853 0.05285035629453682 0.03046594982078853 0.05285035629453682 0.12903225806451613
0 0.47862232779097386 0.9986559139784946 0.5688836104513064 0.9986559139784946 0.5688836104513064 0.896505376344086 0.47862232779097386 0.896505376344086 0.47862232779097386 0.9986559139784946
0 0.7802850356294537 0.26836917562724016 0.8592636579572447 0.26836917562724016 0.8592636579572447 0.150089605734767 0.7802850356294537 0.150089605734767 0.7802850356294537 0.26836917562724016
0 0.08877672209026129 0.9296594982078853 0.16300475059382422 0.9296594982078853 0.16300475059382422 0.8051075268817204 0.08877672209026129 0.8051075268817204 0.08877672209026129 0.9296594982078853
0 0.48663895486935865 0.6088709677419355 0.5608669833729216 0.6088709677419355 0.5608669833729216 0.4825268817204301 0.48663895486935865 0.4825268817204301 0.48663895486935865 0.6088709677419355
0 0.3494655581947744 0.1424731182795699 0.4165676959619953 0.1424731182795699 0.4165676959619953 0.02867383512544803 0.3494655581947744 0.02867383512544803 0.3494655581947744 0.1424731182795699
0 0.248812351543943 0.4117383512544803 0.31235154394299286 0.4117383512544803 0.31235154394299286 0.2970430107526882 0.248812351543943 0.2970430107526882 0.248812351543943 0.4117383512544803
0 0.41241092636579574 0.1778673835125448 0.47891923990498814 0.1778673835125448 0.47891923990498814 0.07482078853046595 0.41241092636579574 0.07482078853046595 0.41241092636579574 0.1778673835125448
0 0.6463776722090261 0 0.6463776722090261 0.07616487455197132 0.705166270783848 0.07616487455197132 0.705166270783848 0 0.6463776722090261 0
0 0.5718527315914489 0.11021505376344086 0.6377672209026128 0.11021505376344086 0.6377672209026128 0.005376344086021506 0.5718527315914489 0.005376344086021506 0.5718527315914489 0.11021505376344086
0 0.18200712589073634 0.26881720430107525 0.2502969121140142 0.26881720430107525 0.2502969121140142 0.18189964157706093 0.18200712589073634 0.18189964157706093 0.18200712589073634 0.26881720430107525
0 0.23545130641330167 0.2168458781362007 0.29839667458432306 0.2168458781362007 0.29839667458432306 0.1057347670250896 0.23545130641330167 0.1057347670250896 0.23545130641330167 0.2168458781362007
0 0.1187648456057007 0.1424731182795699 0.17992874109263657 0.1424731182795699 0.17992874109263657 0.06182795698924731 0.1187648456057007 0.06182795698924731 0.1187648456057007 0.1424731182795699
0 0.2574228028503563 0.30913978494623656 0.33046318289786225 0.30913978494623656 0.33046318289786225 0.20430107526881722 0.2574228028503563 0.20430107526881722 0.2574228028503563 0.30913978494623656
0 0.3022565320665083 0.6258960573476703 0.37292161520190026 0.6258960573476703 0.37292161520190026 0.4968637992831541 0.3022565320665083 0.4968637992831541 0.3022565320665083 0.6258960573476703
0 0.3752969121140142 0.6375448028673835 0.45546318289786225 0.6375448028673835 0.45546318289786225 0.5147849462365591 0.3752969121140142 0.5147849462365591 0.3752969121140142 0.6375448028673835
0 0.9628859857482185 0.7441756272401434 0.9997030878859857 0.7441756272401434 0.9997030878859857 0.625 0.9628859857482185 0.625 0.9628859857482185 0.7441756272401434
0 0.20338479809976248 0.13799283154121864 0.2592042755344418 0.13799283154121864 0.2592042755344418 0.036738351254480286 0.20338479809976248 0.036738351254480286 0.20338479809976248 0.13799283154121864
0 0.01811163895486936 0.23745519713261648 0.08758907363420428 0.23745519713261648 0.08758907363420428 0.12455197132616487 0.01811163895486936 0.12455197132616487 0.01811163895486936 0.23745519713261648
0 0.7743467933491687 0 0.7743467933491687 0.06899641577060932 0.8485748218527316 0.06899641577060932 0.8485748218527316 0 0.7743467933491687 0
0 0.5653206650831354 0.9995519713261649 0.6407363420427553 0.9995519713261649 0.6407363420427553 0.9556451612903226 0.5653206650831354 0.9556451612903226 0.5653206650831354 0.9995519713261649
0 0.498812351543943 0.11693548387096774 0.5558194774346793 0.11693548387096774 0.5558194774346793 0.0246415770609319 0.498812351543943 0.0246415770609319 0.498812351543943 0.11693548387096774
0 0.19002375296912113 1 0.19002375296912113 0.9596774193548387 0.1163895486935867 0.9596774193548387 0.1163895486935867 1 0.19002375296912113 1
0 0.9029097387173397 0 0.9029097387173397 0.06182795698924731 0.9729809976247031 0.06182795698924731 0.9729809976247031 0 0.9029097387173397 0
0 0.09768408551068884 0.26030465949820786 0.15231591448931117 0.26030465949820786 0.15231591448931117 0.16532258064516128 0.09768408551068884 0.16532258064516128 0.09768408551068884 0.26030465949820786
0 0.0002969121140142518 0.1478494623655914 0.05077197149643706 0.1478494623655914 0.05077197149643706 0.04390681003584229 0.0002969121140142518 0.04390681003584229 0.0002969121140142518 0.1478494623655914
0 0 0.2768817204301075 0.021971496437054632 0.2768817204301075 0.021971496437054632 0.20430107526881722 0 0.20430107526881722 0 0.2768817204301075
0 0.2986935866983373 0 0.2986935866983373 0.05824372759856631 0.3580760095011877 0.05824372759856631 0.3580760095011877 0 0.2986935866983373 0
0 0 0.20026881720430106 0.016033254156769598 0.20026881720430106 0.016033254156769598 0.12410394265232975 0 0.12410394265232975 0 0.20026881720430106
0 0.016330166270783847 0 0.016330166270783847 0.04121863799283154 0.06561757719714964 0.04121863799283154 0.06561757719714964 0 0.016330166270783847 0
0 0.5374109263657957 0.030017921146953404 0.5890736342042755 0.030017921146953404 0.5890736342042755 0.00044802867383512545 0.5374109263657957 0.00044802867383512545 0.5374109263657957 0.030017921146953404