0 0.881747483989021 0.6525493421052632 0.9997712717291857 0.6525493421052632 0.9997712717291857 0.4897203947368421 0.881747483989021 0.4897203947368421 0.881747483989021 0.6525493421052632
0 0.9158279963403476 0.9864309210526315 0.9995425434583715 0.9864309210526315 0.9995425434583715 0.8170230263157895 0.9158279963403476 0.8170230263157895 0.9158279963403476 0.9864309210526315
0 0.4272644098810613 0.31085526315789475 0.5219579139981702 0.31085526315789475 0.5219579139981702 0.16776315789473684 0.4272644098810613 0.16776315789473684 0.4272644098810613 0.31085526315789475
0 0.3099268069533394 0.5037006578947368 0.40507776761207687 0.5037006578947368 0.40507776761207687 0.3573190789473684 0.3099268069533394 0.3573190789473684 0.3099268069533394 0.5037006578947368
0 0.3122140896614822 0.9107730263157895 0.40827996340347666 0.9107730263157895 0.40827996340347666 0.751233552631579 0.3122140896614822 0.751233552631579 0.3122140896614822 0.9107730263157895
0 0.09537968892955169 0.3893914473684211 0.19464775846294602 0.3893914473684211 0.19464775846294602 0.2545230263157895 0.09537968892955169 0.2545230263157895 0.09537968892955169 0.3893914473684211
0 0.23513266239707228 0.9769736842105263 0.32067703568161027 0.9769736842105263 0.32067703568161027 0.8396381578947368 0.23513266239707228 0.8396381578947368 0.23513266239707228 0.9769736842105263
0 0.23444647758462947 0.5933388157894737 0.3360018298261665 0.5933388157894737 0.3360018298261665 0.4477796052631579 0.23444647758462947 0.4477796052631579 0.23444647758462947 0.5933388157894737
0 0.09423604757548033 0.7664473684210527 0.18618481244281793 0.7664473684210527 0.18618481244281793 0.631578947368421 0.09423604757548033 0.631578947368421 0.09423604757548033 0.7664473684210527
0 0.48604757548032934 1 0.48604757548032934 0.8429276315789473 0.3895242451967063 0.8429276315789473 0.3895242451967063 1 0.48604757548032934 1
0 0.2522872827081427 0.7841282894736842 0.3488106129917658 0.7841282894736842 0.3488106129917658 0.6443256578947368 0.2522872827081427 0.6443256578947368 0.2522872827081427 0.7841282894736842
0 0.16262580054894785 0.8811677631578947 0.2559469350411711 0.8811677631578947 0.2559469350411711 0.7397203947368421 0.16262580054894785 0.7397203947368421 0.16262580054894785 0.8811677631578947
0 0.1614821591948765 0.694078947368421 0.2685269899359561 0.694078947368421 0.2685269899359561 0.5452302631578947 0.1614821591948765 0.5452302631578947 0.1614821591948765 0.694078947368421
0 0.10178408051235133 0.5805921052631579 0.19876486733760293 0.5805921052631579 0.19876486733760293 0.4399671052631579 0.10178408051235133 0.4399671052631579 0.10178408051235133 0.5805921052631579
0 0.03636779505946935 0.47944078947368424 0.12648673376029276 0.47944078947368424 0.12648673376029276 0.3462171052631579 0.03636779505946935 0.3462171052631579 0.03636779505946935 0.47944078947368424
0 0.9503659652333029 1 0.9503659652333029 0.8988486842105263 0.8396614821591949 0.8988486842105263 0.8396614821591949 1 0.9503659652333029 1
0 0.0004574565416285453 0.5703125 0.05901189387008234 0.5703125 0.05901189387008234 0.4354440789473684 0.0004574565416285453 0.4354440789473684 0.0004574565416285453 0.5703125
0 0.0029734675205855443 0.7709703947368421 0.09309240622140896 0.7709703947368421 0.09309240622140896 0.6377467105263158 0.0029734675205855443 0.6377467105263158 0.0029734675205855443 0.7709703947368421
0 0.21020128087831655 1 0.21020128087831655 0.9210526315789473 0.11550777676120769 0.9210526315789473 0.11550777676120769 1 0.21020128087831655 1