0 0.826530612244898 0.7455065359477124 0.9316326530612244 0.7455065359477124 0.9316326530612244 0.6662581699346405 0.826530612244898 0.6662581699346405 0.826530612244898 0.7455065359477124
0 0.6795918367346939 0.1548202614379085 0.7857142857142857 0.1548202614379085 0.7857142857142857 0.08129084967320262 0.6795918367346939 0.08129084967320262 0.6795918367346939 0.1548202614379085
0 0.44285714285714284 0.4497549019607843 0.5520408163265306 0.4497549019607843 0.5520408163265306 0.3680555555555556 0.44285714285714284 0.3680555555555556 0.44285714285714284 0.4497549019607843
0 0.11683673469387755 0.4681372549019608 0.225 0.4681372549019608 0.225 0.397875816993464 0.11683673469387755 0.397875816993464 0.11683673469387755 0.4681372549019608
0 0.6887755102040817 0.4803921568627451 0.789795918367347 0.4803921568627451 0.789795918367347 0.39705882352941174 0.6887755102040817 0.39705882352941174 0.6887755102040817 0.4803921568627451
0 0.5510204081632653 0.26919934640522875 0.6775510204081633 0.26919934640522875 0.6775510204081633 0.19566993464052287 0.5510204081632653 0.19566993464052287 0.5510204081632653 0.26919934640522875
0 0.5260204081632653 0.13725490196078433 0.6331632653061224 0.13725490196078433 0.6331632653061224 0.0661764705882353 0.5260204081632653 0.0661764705882353 0.5260204081632653 0.13725490196078433
0 0.7785714285714286 0.40645424836601307 0.8704081632653061 0.40645424836601307 0.8704081632653061 0.306781045751634 0.7785714285714286 0.306781045751634 0.7785714285714286 0.40645424836601307
0 0.6816326530612244 0.5976307189542484 0.7765306122448979 0.5976307189542484 0.7765306122448979 0.5061274509803921 0.6816326530612244 0.5061274509803921 0.6816326530612244 0.5976307189542484
0 0.1239795918367347 0.39133986928104575 0.23214285714285715 0.39133986928104575 0.23214285714285715 0.31290849673202614 0.1239795918367347 0.31290849673202614 0.1239795918367347 0.39133986928104575
0 0.6061224489795919 0.09272875816993464 0.7010204081632653 0.09272875816993464 0.7010204081632653 0.014297385620915032 0.6061224489795919 0.014297385620915032 0.6061224489795919 0.09272875816993464
0 0.5984693877551021 0.2005718954248366 0.7066326530612245 0.2005718954248366 0.7066326530612245 0.11968954248366014 0.5984693877551021 0.11968954248366014 0.5984693877551021 0.2005718954248366
0 0.1913265306122449 0.7279411764705882 0.29642857142857143 0.7279411764705882 0.29642857142857143 0.6356209150326797 0.1913265306122449 0.6356209150326797 0.1913265306122449 0.7279411764705882
0 0.6025510204081632 0.7626633986928104 0.6943877551020409 0.7626633986928104 0.6943877551020409 0.6695261437908496 0.6025510204081632 0.6695261437908496 0.6025510204081632 0.7626633986928104
0 0.8 0.07883986928104575 0.9061224489795918 0.07883986928104575 0.9061224489795918 0.01184640522875817 0.8 0.01184640522875817 0.8 0.07883986928104575
0 0.6474489795918368 0.6744281045751634 0.7566326530612245 0.6744281045751634 0.7566326530612245 0.5992647058823529 0.6474489795918368 0.5992647058823529 0.6474489795918368 0.6744281045751634
0 0.6408163265306123 0.32230392156862747 0.7510204081632653 0.32230392156862747 0.7510204081632653 0.25040849673202614 0.6408163265306123 0.25040849673202614 0.6408163265306123 0.32230392156862747
0 0.7071428571428572 0.7303921568627451 0.8255102040816327 0.7303921568627451 0.8255102040816327 0.6462418300653595 0.7071428571428572 0.6462418300653595 0.7071428571428572 0.7303921568627451
0 0.7418367346938776 0.8047385620915033 0.8561224489795919 0.8047385620915033 0.8561224489795919 0.7271241830065359 0.7418367346938776 0.7271241830065359 0.7418367346938776 0.8047385620915033
0 0.5719387755102041 0.45098039215686275 0.6892857142857143 0.45098039215686275 0.6892857142857143 0.3741830065359477 0.5719387755102041 0.3741830065359477 0.5719387755102041 0.45098039215686275
0 0.12551020408163266 0.21854575163398693 0.22857142857142856 0.21854575163398693 0.22857142857142856 0.13684640522875818 0.12551020408163266 0.13684640522875818 0.12551020408163266 0.21854575163398693
0 0.6668367346938775 0.39501633986928103 0.7729591836734694 0.39501633986928103 0.7729591836734694 0.3214869281045752 0.6668367346938775 0.3214869281045752 0.6668367346938775 0.39501633986928103
0 0.09183673469387756 0.5616830065359477 0.20612244897959184 0.5616830065359477 0.20612244897959184 0.4824346405228758 0.09183673469387756 0.4824346405228758 0.09183673469387756 0.5616830065359477
0 0.764795918367347 0.9007352941176471 0.8678571428571429 0.9007352941176471 0.8678571428571429 0.8084150326797386 0.764795918367347 0.8084150326797386 0.764795918367347 0.9007352941176471
0 0.7918367346938775 0.6225490196078431 0.8887755102040816 0.6225490196078431 0.8887755102040816 0.5383986928104575 0.7918367346938775 0.5383986928104575 0.7918367346938775 0.6225490196078431
0 0.5311224489795918 0.9321895424836601 0.621938775510204 0.9321895424836601 0.621938775510204 0.8349673202614379 0.5311224489795918 0.8349673202614379 0.5311224489795918 0.9321895424836601
0 0.6785714285714286 0.24918300653594772 0.7857142857142857 0.24918300653594772 0.7857142857142857 0.17320261437908496 0.6785714285714286 0.17320261437908496 0.6785714285714286 0.24918300653594772
0 0.2739795918367347 0.30514705882352944 0.3862244897959184 0.30514705882352944 0.3862244897959184 0.23570261437908496 0.2739795918367347 0.23570261437908496 0.2739795918367347 0.30514705882352944
0 0.7637755102040816 0.30187908496732024 0.8678571428571429 0.30187908496732024 0.8678571428571429 0.20955882352941177 0.7637755102040816 0.20955882352941177 0.7637755102040816 0.30187908496732024
0 0.8260204081632653 0.4877450980392157 0.9413265306122449 0.4877450980392157 0.9413265306122449 0.4133986928104575 0.8260204081632653 0.4133986928104575 0.8260204081632653 0.4877450980392157
0 0.22551020408163266 0.6343954248366013 0.32755102040816325 0.6343954248366013 0.32755102040816325 0.5494281045751634 0.22551020408163266 0.5494281045751634 0.22551020408163266 0.6343954248366013
0 0.8448979591836735 0.16625816993464052 0.9408163265306122 0.16625816993464052 0.9408163265306122 0.07965686274509803 0.8448979591836735 0.07965686274509803 0.8448979591836735 0.16625816993464052
0 0.11020408163265306 0.30106209150326796 0.2193877551020408 0.30106209150326796 0.2193877551020408 0.22344771241830066 0.11020408163265306 0.22344771241830066 0.11020408163265306 0.30106209150326796
0 0.7729591836734694 0.20915032679738563 0.878061224489796 0.20915032679738563 0.878061224489796 0.1315359477124183 0.7729591836734694 0.1315359477124183 0.7729591836734694 0.20915032679738563
0 0.2 0.26348039215686275 0.30612244897959184 0.26348039215686275 0.30612244897959184 0.18668300653594772 0.2 0.18668300653594772 0.2 0.26348039215686275
0 0.12551020408163266 0.6315359477124183 0.22551020408163266 0.6315359477124183 0.22551020408163266 0.5571895424836601 0.12551020408163266 0.5571895424836601 0.12551020408163266 0.6315359477124183
0 0.8607142857142858 0.5604575163398693 0.9596938775510204 0.5604575163398693 0.9596938775510204 0.47875816993464054 0.8607142857142858 0.47875816993464054 0.8607142857142858 0.5604575163398693
0 0.5505102040816326 0.5249183006535948 0.664795918367347 0.5249183006535948 0.664795918367347 0.4522058823529412 0.5505102040816326 0.4522058823529412 0.5505102040816326 0.5249183006535948
0 0.30051020408163265 0.7242647058823529 0.4066326530612245 0.7242647058823529 0.4066326530612245 0.6401143790849673 0.30051020408163265 0.6401143790849673 0.30051020408163265 0.7242647058823529
0 0.2556122448979592 0.3770424836601307 0.3678571428571429 0.3770424836601307 0.3678571428571429 0.3084150326797386 0.2556122448979592 0.3084150326797386 0.2556122448979592 0.3770424836601307
0 0.701530612244898 0.0857843137254902 0.7994897959183673 0.0857843137254902 0.7994897959183673 0.014705882352941176 0.701530612244898 0.014705882352941176 0.701530612244898 0.0857843137254902
0 0.09591836734693877 0.7287581699346405 0.18877551020408162 0.7287581699346405 0.18877551020408162 0.6397058823529411 0.09591836734693877 0.6397058823529411 0.09591836734693877 0.7287581699346405
0 0.13673469387755102 0.8529411764705882 0.25 0.8529411764705882 0.25 0.7736928104575164 0.13673469387755102 0.7736928104575164 0.13673469387755102 0.8529411764705882
0 0.1540816326530612 0.9354575163398693 0.23979591836734693 0.9354575163398693 0.23979591836734693 0.8537581699346405 0.1540816326530612 0.8537581699346405 0.1540816326530612 0.9354575163398693
0 0.8525510204081632 1 0.8525510204081632 0.9428104575163399 0.7423469387755102 0.9428104575163399 0.7423469387755102 1 0.8525510204081632 1
0 0.5556122448979591 0.3729575163398693 0.6729591836734694 0.3729575163398693 0.6729591836734694 0.30106209150326796 0.5556122448979591 0.30106209150326796 0.5556122448979591 0.3729575163398693
0 0.8729591836734694 0.4133986928104575 0.9719387755102041 0.4133986928104575 0.9719387755102041 0.3194444444444444 0.8729591836734694 0.3194444444444444 0.8729591836734694 0.4133986928104575
0 0.5867346938775511 0.6147875816993464 0.6744897959183673 0.6147875816993464 0.6744897959183673 0.5175653594771242 0.5867346938775511 0.5175653594771242 0.5867346938775511 0.6147875816993464
0 0.030612244897959183 0.6462418300653595 0.12244897959183673 0.6462418300653595 0.12244897959183673 0.5604575163398693 0.030612244897959183 0.5604575163398693 0.030612244897959183 0.6462418300653595
0 0.05204081632653061 0.9011437908496732 0.1469387755102041 0.9011437908496732 0.1469387755102041 0.8235294117647058 0.05204081632653061 0.8235294117647058 0.05204081632653061 0.9011437908496732
0 0.2801020408163265 0.4522058823529412 0.3903061224489796 0.4522058823529412 0.3903061224489796 0.38112745098039214 0.2801020408163265 0.38112745098039214 0.2801020408163265 0.4522058823529412
0 0.9392857142857143 0.1482843137254902 0.9994897959183674 0.1482843137254902 0.9994897959183674 0.07230392156862746 0.9392857142857143 0.07230392156862746 0.9392857142857143 0.1482843137254902
0 0.4301020408163265 0.553921568627451 0.5290816326530612 0.553921568627451 0.5290816326530612 0.4624183006535948 0.4301020408163265 0.4624183006535948 0.4301020408163265 0.553921568627451
0 0.8933673469387755 0.9534313725490197 0.9984693877551021 0.9534313725490197 0.9984693877551021 0.863562091503268 0.8933673469387755 0.863562091503268 0.8933673469387755 0.9534313725490197
0 0.6153061224489796 0.954248366013072 0.7091836734693877 0.954248366013072 0.7091836734693877 0.869281045751634 0.6153061224489796 0.869281045751634 0.6153061224489796 0.954248366013072
0 0.3352040816326531 0.5788398692810458 0.4331632653061224 0.5788398692810458 0.4331632653061224 0.48570261437908496 0.3352040816326531 0.48570261437908496 0.3352040816326531 0.5788398692810458
0 0.0005102040816326531 0.28880718954248363 0.11275510204081633 0.28880718954248363 0.11275510204081633 0.2005718954248366 0.0005102040816326531 0.2005718954248366 0.0005102040816326531 0.28880718954248363
0 0.8530612244897959 0.32230392156862747 0.9540816326530612 0.32230392156862747 0.9540816326530612 0.2406045751633987 0.8530612244897959 0.2406045751633987 0.8530612244897959 0.32230392156862747
0 0.2724489795918367 0.795751633986928 0.3846938775510204 0.795751633986928 0.3846938775510204 0.7238562091503268 0.2724489795918367 0.7238562091503268 0.2724489795918367 0.795751633986928
0 0.3127551020408163 0.8823529411764706 0.41275510204081634 0.8823529411764706 0.41275510204081634 0.7941176470588235 0.3127551020408163 0.7941176470588235 0.3127551020408163 0.8823529411764706
0 0.9433673469387756 0.07107843137254902 0.9994897959183674 0.07107843137254902 0.9994897959183674 0.013888888888888888 0.9433673469387756 0.013888888888888888 0.9433673469387756 0.07107843137254902
0 0.0005102040816326531 0.5584150326797386 0.075 0.5584150326797386 0.075 0.4840686274509804 0.0005102040816326531 0.4840686274509804 0.0005102040816326531 0.5584150326797386
0 0.018877551020408164 0.4987745098039216 0.13010204081632654 0.4987745098039216 0.13010204081632654 0.42606209150326796 0.018877551020408164 0.42606209150326796 0.018877551020408164 0.4987745098039216
0 0.7229591836734693 1 0.7229591836734693 0.951797385620915 0.6178571428571429 0.951797385620915 0.6178571428571429 1 0.7229591836734693 1
0 0.6025510204081632 0.8725490196078431 0.6994897959183674 0.8725490196078431 0.6994897959183674 0.7728758169934641 0.6025510204081632 0.7728758169934641 0.6025510204081632 0.8725490196078431
0 0.018877551020408164 0.4215686274509804 0.12806122448979593 0.4215686274509804 0.12806122448979593 0.352124183006536 0.018877551020408164 0.352124183006536 0.018877551020408164 0.4215686274509804
0 0.03979591836734694 0.3443627450980392 0.15 0.3443627450980392 0.15 0.28227124183006536 0.03979591836734694 0.28227124183006536 0.03979591836734694 0.3443627450980392
0 0.9545918367346938 0.2295751633986928 0.9994897959183674 0.2295751633986928 0.9994897959183674 0.15196078431372548 0.9545918367346938 0.15196078431372548 0.9545918367346938 0.2295751633986928
0 0.2479591836734694 0.9358660130718954 0.3489795918367347 0.9358660130718954 0.3489795918367347 0.8558006535947712 0.2479591836734694 0.8558006535947712 0.2479591836734694 0.9358660130718954
0 0.425 1 0.425 0.9240196078431373 0.3096938775510204 0.9240196078431373 0.3096938775510204 1 0.425 1
0 0.0005102040816326531 0.7242647058823529 0.08928571428571429 0.7242647058823529 0.08928571428571429 0.6499183006535948 0.0005102040816326531 0.6499183006535948 0.0005102040816326531 0.7242647058823529
0 0.9607142857142857 0.4987745098039216 0.9994897959183674 0.4987745098039216 0.9994897959183674 0.42769607843137253 0.9607142857142857 0.42769607843137253 0.9607142857142857 0.4987745098039216
0 0.0653061224489796 0.9791666666666666 0.17959183673469387 0.9791666666666666 0.17959183673469387 0.9089052287581699 0.0653061224489796 0.9089052287581699 0.0653061224489796 0.9791666666666666
0 0 0.8545751633986928 0.04081632653061224 0.8545751633986928 0.04081632653061224 0.7933006535947712 0 0.7933006535947712 0 0.8545751633986928
0 0.2239795918367347 1 0.2239795918367347 0.9640522875816994 0.11275510204081633 0.9640522875816994 0.11275510204081633 1 0.2239795918367347 1
0 0 0.6556372549019608 0.0336734693877551 0.6556372549019608 0.0336734693877551 0.5878267973856209 0 0.5878267973856209 0 0.6556372549019608