0 0.00022872827081427266 0.28289473684210525 0.08989021043000915 0.28289473684210525 0.08989021043000915 0.14802631578947367 0.00022872827081427266 0.14802631578947367 0.00022872827081427266 0.28289473684210525
0 0.5231015553522416 0.2824835526315789 0.6164226898444648 0.2824835526315789 0.6164226898444648 0.14514802631578946 0.5231015553522416 0.14514802631578946 0.5231015553522416 0.2824835526315789
0 0.6029277218664227 0.19078947368421054 0.6994510521500458 0.19078947368421054 0.6994510521500458 0.04851973684210526 0.6029277218664227 0.04851973684210526 0.6029277218664227 0.19078947368421054
0 0.3403476669716377 0.8721217105263158 0.4377859103385178 0.8721217105263158 0.4377859103385178 0.7191611842105263 0.3403476669716377 0.7191611842105263 0.3403476669716377 0.8721217105263158
0 0.3389752973467521 0.5760690789473685 0.42680695333943275 0.5760690789473685 0.42680695333943275 0.44037828947368424 0.3389752973467521 0.44037828947368424 0.3389752973467521 0.5760690789473685
0 0.752516010978957 0.18379934210526316 0.8508691674290942 0.18379934210526316 0.8508691674290942 0.04975328947368421 0.752516010978957 0.04975328947368421 0.752516010978957 0.18379934210526316
0 0.7955169258920403 0.6060855263157895 0.9002744739249772 0.6060855263157895 0.9002744739249772 0.45230263157894735 0.7955169258920403 0.45230263157894735 0.7955169258920403 0.6060855263157895
0 0.3042086001829826 0.38774671052631576 0.4002744739249771 0.38774671052631576 0.4002744739249771 0.24547697368421054 0.3042086001829826 0.24547697368421054 0.3042086001829826 0.38774671052631576
0 0.237419945105215 0.4753289473684211 0.3284537968892955 0.4753289473684211 0.3284537968892955 0.3371710526315789 0.237419945105215 0.3371710526315789 0.237419945105215 0.4753289473684211
0 0.06335773101555352 0.5579769736842105 0.14707227813357732 0.5579769736842105 0.14707227813357732 0.4354440789473684 0.06335773101555352 0.4354440789473684 0.06335773101555352 0.5579769736842105
0 0.37419945105215 0.2833059210526316 0.46797804208600186 0.2833059210526316 0.46797804208600186 0.14432565789473684 0.37419945105215 0.14432565789473684 0.37419945105215 0.2833059210526316
0 0.4499085086916743 0.18791118421052633 0.5418572735590119 0.18791118421052633 0.5418572735590119 0.05139802631578947 0.4499085086916743 0.05139802631578947 0.4499085086916743 0.18791118421052633
0 0.24039341262580055 0.7639802631578947 0.33417200365965233 0.7639802631578947 0.33417200365965233 0.6225328947368421 0.24039341262580055 0.6225328947368421 0.24039341262580055 0.7639802631578947
0 0.15576395242451968 0.8388157894736842 0.25365965233302834 0.8388157894736842 0.25365965233302834 0.7047697368421053 0.15576395242451968 0.7047697368421053 0.15576395242451968 0.8388157894736842
0 0.38609332113449224 0 0.38609332113449224 0.08634868421052631 0.4762122598353156 0.08634868421052631 0.4762122598353156 0 0.38609332113449224 0
0 0.6649130832570905 0 0.6649130832570905 0.08388157894736842 0.7614364135407137 0.08388157894736842 0.7614364135407137 0 0.6649130832570905 0
0 0.5274473924977127 0 0.5274473924977127 0.08388157894736842 0.616651418115279 0.08388157894736842 0.616651418115279 0 0.5274473924977127 0
0 0 0.9202302631578947 0.08325709057639524 0.9202302631578947 0.08325709057639524 0.7796052631578947 0 0.7796052631578947 0 0.9202302631578947
0 0.00022872827081427266 0.4613486842105263 0.045516925892040254 0.4613486842105263 0.045516925892040254 0.3314144736842105 0.00022872827081427266 0.3314144736842105 0.00022872827081427266 0.4613486842105263