0 0.3653061224489796 0.0923202614379085 0.48775510204081635 0.0923202614379085 0.48775510204081635 0.0196078431372549 0.3653061224489796 0.0196078431372549 0.3653061224489796 0.0923202614379085
0 0.7581632653061224 0.5106209150326797 0.863265306122449 0.5106209150326797 0.863265306122449 0.43137254901960786 0.7581632653061224 0.43137254901960786 0.7581632653061224 0.5106209150326797
0 0.31887755102040816 0.46282679738562094 0.44642857142857145 0.46282679738562094 0.44642857142857145 0.3860294117647059 0.31887755102040816 0.3860294117647059 0.31887755102040816 0.46282679738562094
0 0.5678571428571428 0.7802287581699346 0.6668367346938775 0.7802287581699346 0.6668367346938775 0.6911764705882353 0.5678571428571428 0.6911764705882353 0.5678571428571428 0.7802287581699346
0 0.7857142857142857 0.7634803921568627 0.8989795918367347 0.7634803921568627 0.8989795918367347 0.6899509803921569 0.7857142857142857 0.6899509803921569 0.7857142857142857 0.7634803921568627
0 0.5270408163265307 0.09436274509803921 0.6198979591836735 0.09436274509803921 0.6198979591836735 0.013480392156862746 0.5270408163265307 0.013480392156862746 0.5270408163265307 0.09436274509803921
0 0.7188775510204082 0.38031045751633985 0.8362244897959183 0.38031045751633985 0.8362244897959183 0.31004901960784315 0.7188775510204082 0.31004901960784315 0.7188775510204082 0.38031045751633985
0 0.5346938775510204 0.8925653594771242 0.6418367346938776 0.8925653594771242 0.6418367346938776 0.8084150326797386 0.5346938775510204 0.8084150326797386 0.5346938775510204 0.8925653594771242
0 0.4627551020408163 0.8227124183006536 0.5943877551020408 0.8227124183006536 0.5943877551020408 0.7450980392156863 0.4627551020408163 0.7450980392156863 0.4627551020408163 0.8227124183006536
0 0.6418367346938776 0.548202614379085 0.7448979591836735 0.548202614379085 0.7448979591836735 0.45669934640522875 0.6418367346938776 0.45669934640522875 0.6418367346938776 0.548202614379085
0 0.1469387755102041 0.6495098039215687 0.24693877551020407 0.6495098039215687 0.24693877551020407 0.5604575163398693 0.1469387755102041 0.5604575163398693 0.1469387755102041 0.6495098039215687
0 0.3704081632653061 0.7320261437908496 0.49081632653061225 0.7320261437908496 0.49081632653061225 0.6568627450980392 0.3704081632653061 0.6568627450980392 0.3704081632653061 0.7320261437908496
0 0.5959183673469388 0.22916666666666666 0.7081632653061225 0.22916666666666666 0.7081632653061225 0.16299019607843138 0.5959183673469388 0.16299019607843138 0.5959183673469388 0.22916666666666666
0 0.6489795918367347 0.7234477124183006 0.7520408163265306 0.7234477124183006 0.7520408163265306 0.6515522875816994 0.6489795918367347 0.6515522875816994 0.6489795918367347 0.7234477124183006
0 0.6642857142857143 0.17524509803921567 0.7642857142857142 0.17524509803921567 0.7642857142857142 0.09844771241830065 0.6642857142857143 0.09844771241830065 0.6642857142857143 0.17524509803921567
0 0.7030612244897959 0.08006535947712418 0.8204081632653061 0.08006535947712418 0.8204081632653061 0.013071895424836602 0.7030612244897959 0.013071895424836602 0.7030612244897959 0.08006535947712418
0 0.8173469387755102 0.6323529411764706 0.9173469387755102 0.6323529411764706 0.9173469387755102 0.5498366013071896 0.8173469387755102 0.5498366013071896 0.8173469387755102 0.6323529411764706
0 0.638265306122449 0.3472222222222222 0.7301020408163266 0.3472222222222222 0.7301020408163266 0.25980392156862747 0.638265306122449 0.25980392156862747 0.638265306122449 0.3472222222222222
0 0.3943877551020408 0.8901143790849673 0.511734693877551 0.8901143790849673 0.511734693877551 0.8116830065359477 0.3943877551020408 0.8116830065359477 0.3943877551020408 0.8901143790849673
0 0.045408163265306126 0.11029411764705882 0.14642857142857144 0.11029411764705882 0.14642857142857144 0.028594771241830064 0.045408163265306126 0.028594771241830064 0.045408163265306126 0.11029411764705882
0 0.46683673469387754 0.9558823529411765 0.5729591836734694 0.9558823529411765 0.5729591836734694 0.8741830065359477 0.46683673469387754 0.8741830065359477 0.46683673469387754 0.9558823529411765
0 0.5673469387755102 0.6699346405228758 0.6663265306122449 0.6699346405228758 0.6663265306122449 0.5825163398692811 0.5673469387755102 0.5825163398692811 0.5673469387755102 0.6699346405228758
0 0.5785714285714286 0.4477124183006536 0.676530612244898 0.4477124183006536 0.676530612244898 0.36356209150326796 0.5785714285714286 0.36356209150326796 0.5785714285714286 0.4477124183006536
0 0.6545918367346939 0.8084150326797386 0.7627551020408163 0.8084150326797386 0.7627551020408163 0.7218137254901961 0.6545918367346939 0.7218137254901961 0.6545918367346939 0.8084150326797386
0 0.7306122448979592 0.23202614379084968 0.8438775510204082 0.23202614379084968 0.8438775510204082 0.15604575163398693 0.7306122448979592 0.15604575163398693 0.7306122448979592 0.23202614379084968
0 0.055612244897959184 0.8100490196078431 0.17091836734693877 0.8100490196078431 0.17091836734693877 0.7291666666666666 0.055612244897959184 0.7291666666666666 0.055612244897959184 0.8100490196078431
0 0.35306122448979593 0.6323529411764706 0.463265306122449 0.6323529411764706 0.463265306122449 0.5547385620915033 0.35306122448979593 0.5547385620915033 0.35306122448979593 0.6323529411764706
0 0.6581632653061225 0.6482843137254902 0.75 0.6482843137254902 0.75 0.5575980392156863 0.6581632653061225 0.5575980392156863 0.6581632653061225 0.6482843137254902
0 0.726530612244898 0.3075980392156863 0.8438775510204082 0.3075980392156863 0.8438775510204082 0.23488562091503268 0.726530612244898 0.23488562091503268 0.726530612244898 0.3075980392156863
0 0.0005102040816326531 0.46486928104575165 0.06275510204081633 0.46486928104575165 0.06275510204081633 0.39215686274509803 0.0005102040816326531 0.39215686274509803 0.0005102040816326531 0.46486928104575165
0 0.6877551020408164 0.9579248366013072 0.786734693877551 0.9579248366013072 0.786734693877551 0.8794934640522876 0.6877551020408164 0.8794934640522876 0.6877551020408164 0.9579248366013072
0 0.49183673469387756 0.5910947712418301 0.6112244897959184 0.5910947712418301 0.6112244897959184 0.5102124183006536 0.49183673469387756 0.5102124183006536 0.49183673469387756 0.5910947712418301
0 0.7459183673469387 0.6875 0.8387755102040816 0.6875 0.8387755102040816 0.6090686274509803 0.7459183673469387 0.6090686274509803 0.7459183673469387 0.6875
0 0.8433673469387755 0.7038398692810458 0.9535714285714286 0.7038398692810458 0.9535714285714286 0.6262254901960784 0.8433673469387755 0.6262254901960784 0.8433673469387755 0.7038398692810458
0 0.7377551020408163 0.6000816993464052 0.8336734693877551 0.6000816993464052 0.8336734693877551 0.514297385620915 0.7377551020408163 0.514297385620915 0.7377551020408163 0.6000816993464052
0 0.6193877551020408 0.1156045751633987 0.7081632653061225 0.1156045751633987 0.7081632653061225 0.026552287581699346 0.6193877551020408 0.026552287581699346 0.6193877551020408 0.1156045751633987
0 0.22244897959183674 0.9170751633986928 0.32448979591836735 0.9170751633986928 0.32448979591836735 0.8394607843137255 0.22244897959183674 0.8394607843137255 0.22244897959183674 0.9170751633986928
0 0.38418367346938775 1 0.38418367346938775 0.9084967320261438 0.29336734693877553 0.9084967320261438 0.29336734693877553 1 0.38418367346938775 1
0 0.45918367346938777 0.6654411764705882 0.5612244897959183 0.6654411764705882 0.5612244897959183 0.5886437908496732 0.45918367346938777 0.5886437908496732 0.45918367346938777 0.6654411764705882
0 0.38724489795918365 0.9930555555555556 0.48622448979591837 0.9930555555555556 0.48622448979591837 0.8991013071895425 0.38724489795918365 0.8991013071895425 0.38724489795918365 0.9930555555555556
0 0.04336734693877551 0.5600490196078431 0.15357142857142858 0.5600490196078431 0.15357142857142858 0.48570261437908496 0.04336734693877551 0.48570261437908496 0.04336734693877551 0.5600490196078431
0 0.6877551020408164 0.8774509803921569 0.8020408163265306 0.8774509803921569 0.8020408163265306 0.7924836601307189 0.6877551020408164 0.7924836601307189 0.6877551020408164 0.8774509803921569
0 0 0.2222222222222222 0.058163265306122446 0.2222222222222222 0.058163265306122446 0.14787581699346405 0 0.14787581699346405 0 0.2222222222222222
0 0.17244897959183675 0.5588235294117647 0.2816326530612245 0.5588235294117647 0.2816326530612245 0.4861111111111111 0.17244897959183675 0.4861111111111111 0.17244897959183675 0.5588235294117647
0 0.03775510204081633 0.6397058823529411 0.13979591836734695 0.6397058823529411 0.13979591836734695 0.5686274509803921 0.03775510204081633 0.5686274509803921 0.03775510204081633 0.6397058823529411
0 0.8428571428571429 0.8406862745098039 0.9357142857142857 0.8406862745098039 0.9357142857142857 0.7565359477124183 0.8428571428571429 0.7565359477124183 0.8428571428571429 0.8406862745098039
0 0.7928571428571428 0.9844771241830066 0.8857142857142857 0.9844771241830066 0.8857142857142857 0.886437908496732 0.7928571428571428 0.886437908496732 0.7928571428571428 0.9844771241830066
0 0.5790816326530612 0.9603758169934641 0.6831632653061225 0.9603758169934641 0.6831632653061225 0.8737745098039216 0.5790816326530612 0.8737745098039216 0.5790816326530612 0.9603758169934641
0 0.29744897959183675 1 0.29744897959183675 0.9362745098039216 0.1933673469387755 0.9362745098039216 0.1933673469387755 1 0.29744897959183675 1
0 0.013775510204081633 0.8856209150326797 0.11377551020408164 0.8856209150326797 0.11377551020408164 0.7924836601307189 0.013775510204081633 0.7924836601307189 0.013775510204081633 0.8856209150326797
0 0.7086734693877551 1 0.7086734693877551 0.9550653594771242 0.6066326530612245 0.9550653594771242 0.6066326530612245 1 0.7086734693877551 1
0 0.935204081632653 0.9170751633986928 0.9994897959183674 0.9170751633986928 0.9994897959183674 0.8378267973856209 0.935204081632653 0.8378267973856209 0.935204081632653 0.9170751633986928
0 0.9612244897959183 1 0.9612244897959183 0.9338235294117647 0.8581632653061224 0.9338235294117647 0.8581632653061224 1 0.9612244897959183 1
0 0 0.5465686274509803 0.03469387755102041 0.5465686274509803 0.03469387755102041 0.47467320261437906 0 0.47467320261437906 0 0.5465686274509803
0 0 0.09803921568627451 0.02142857142857143 0.09803921568627451 0.02142857142857143 0.04330065359477124 0 0.04330065359477124 0 0.09803921568627451
0 0.0005102040816326531 0.9987745098039216 0.05663265306122449 0.9987745098039216 0.05663265306122449 0.9178921568627451 0.0005102040816326531 0.9178921568627451 0.0005102040816326531 0.9987745098039216
0 0.14846938775510204 1 0.14846938775510204 0.9485294117647058 0.039285714285714285 0.9485294117647058 0.039285714285714285 1 0.14846938775510204 1
0 0.9790816326530613 0.44076797385620914 0.9994897959183674 0.44076797385620914 0.9994897959183674 0.3680555555555556 0.9790816326530613 0.3680555555555556 0.9790816326530613 0.44076797385620914
0 0.985204081632653 0.6196895424836601 0.9994897959183674 0.6196895424836601 0.9994897959183674 0.5584150326797386 0.985204081632653 0.5584150326797386 0.985204081632653 0.6196895424836601
0 0.8423469387755103 1 0.8423469387755103 0.9869281045751634 0.7596938775510204 0.9869281045751634 0.7596938775510204 1 0.8423469387755103 1
0 0.5224489795918368 1 0.5224489795918368 0.9828431372549019 0.42653061224489797 0.9828431372549019 0.42653061224489797 1 0.5224489795918368 1
0 0.9862244897959184 0.8337418300653595 0.9994897959183674 0.8337418300653595 0.9994897959183674 0.7757352941176471 0.9862244897959184 0.7757352941176471 0.9862244897959184 0.8337418300653595
0 0.9913265306122448 0.7598039215686274 0.9994897959183674 0.7598039215686274 0.9994897959183674 0.701797385620915 0.9913265306122448 0.701797385620915 0.9913265306122448 0.7598039215686274