0 0.7441540577716643 0.26920341394025604 0.8968363136176066 0.26920341394025604 0.8968363136176066 0.12411095305832148 0.7441540577716643 0.12411095305832148 0.7441540577716643 0.26920341394025604
0 0.6588720770288858 0.1767425320056899 0.7840440165061898 0.1767425320056899 0.7840440165061898 0.05369843527738265 0.6588720770288858 0.05369843527738265 0.6588720770288858 0.1767425320056899
0 0.5993810178817056 0.3367709815078236 0.7156121045392022 0.3367709815078236 0.7156121045392022 0.21514935988620199 0.5993810178817056 0.21514935988620199 0.5993810178817056 0.3367709815078236
0 0.5027510316368639 0.4612375533428165 0.6176066024759285 0.4612375533428165 0.6176066024759285 0.335348506401138 0.5027510316368639 0.335348506401138 0.5027510316368639 0.4612375533428165
0 0.3641678129298487 0.5046230440967283 0.46114167812929846 0.5046230440967283 0.46114167812929846 0.3837126600284495 0.3641678129298487 0.3837126600284495 0.3641678129298487 0.5046230440967283
0 0.5388583218707015 0.7713371266002845 0.6688445667125172 0.7713371266002845 0.6688445667125172 0.6198435277382646 0.5388583218707015 0.6198435277382646 0.5388583218707015 0.7713371266002845
0 0.5402338376891335 0.17603129445234708 0.6550894085281981 0.17603129445234708 0.6550894085281981 0.052275960170697015 0.5402338376891335 0.052275960170697015 0.5402338376891335 0.17603129445234708
0 0.20701513067400276 0.6116642958748222 0.3012379642365887 0.6116642958748222 0.3012379642365887 0.49288762446657186 0.20701513067400276 0.49288762446657186 0.20701513067400276 0.6116642958748222
0 0.4401650618982118 0.2844950213371266 0.5536451169188445 0.2844950213371266 0.5536451169188445 0.16500711237553342 0.4401650618982118 0.16500711237553342 0.4401650618982118 0.2844950213371266
0 0.4332874828060523 0.6120199146514936 0.548143053645117 0.6120199146514936 0.548143053645117 0.482574679943101 0.4332874828060523 0.482574679943101 0.4332874828060523 0.6120199146514936
0 0.2671939477303989 0.8438833570412517 0.375171939477304 0.8438833570412517 0.375171939477304 0.7215504978662873 0.2671939477303989 0.7215504978662873 0.2671939477303989 0.8438833570412517
0 0.19463548830811556 1 0.19463548830811556 0.8997155049786629 0.0907840440165062 0.8997155049786629 0.0907840440165062 1 0.19463548830811556 1
0 0.2713204951856946 0.4950213371266003 0.3655433287482806 0.4950213371266003 0.3655433287482806 0.3705547652916074 0.2713204951856946 0.3705547652916074 0.2713204951856946 0.4950213371266003
0 0.06911966987620358 0.5611664295874822 0.16059147180192573 0.5611664295874822 0.16059147180192573 0.4694167852062589 0.06911966987620358 0.4694167852062589 0.06911966987620358 0.5611664295874822
0 0.2575653370013755 0.9719061166429588 0.3717331499312242 0.9719061166429588 0.3717331499312242 0.8389046941678521 0.2575653370013755 0.8389046941678521 0.2575653370013755 0.9719061166429588
0 0.36485557083906467 0.09779516358463727 0.45426409903713894 0.09779516358463727 0.45426409903713894 0.00035561877667140827 0.36485557083906467 0.00035561877667140827 0.36485557083906467 0.09779516358463727
0 0.1702200825309491 0.9114509246088194 0.26650618982118296 0.9114509246088194 0.26650618982118296 0.7884068278805121 0.1702200825309491 0.7884068278805121 0.1702200825309491 0.9114509246088194
0 0.35316368638239337 0.3762446657183499 0.45357634112792294 0.3762446657183499 0.45357634112792294 0.2702702702702703 0.35316368638239337 0.2702702702702703 0.35316368638239337 0.3762446657183499
0 0.4095598349381018 0.8332147937411095 0.5244154057771664 0.8332147937411095 0.5244154057771664 0.6916785206258891 0.4095598349381018 0.6916785206258891 0.4095598349381018 0.8332147937411095
0 0.04332874828060523 0.831081081081081 0.1437414030261348 0.831081081081081 0.1437414030261348 0.7315078236130867 0.04332874828060523 0.7315078236130867 0.04332874828060523 0.831081081081081
0 0.218707015130674 0.19203413940256045 0.3012379642365887 0.19203413940256045 0.3012379642365887 0.11593172119487909 0.218707015130674 0.11593172119487909 0.218707015130674 0.19203413940256045
0 0.2613480055020633 0.3584637268847795 0.3528198074277854 0.3584637268847795 0.3528198074277854 0.2631578947368421 0.2613480055020633 0.2631578947368421 0.2613480055020633 0.3584637268847795
0 0.2995185694635488 0.20803698435277382 0.39167812929848694 0.20803698435277382 0.39167812929848694 0.11273115220483641 0.2995185694635488 0.11273115220483641 0.2995185694635488 0.20803698435277382
0 0.34112792297111416 0.2681365576102418 0.4436038514442916 0.2681365576102418 0.4436038514442916 0.17069701280227595 0.34112792297111416 0.17069701280227595 0.34112792297111416 0.2681365576102418
0 0.21664374140302614 0.7411095305832148 0.3156808803301238 0.7411095305832148 0.3156808803301238 0.6266002844950214 0.21664374140302614 0.6266002844950214 0.21664374140302614 0.7411095305832148
0 0.33768913342503437 0.7101706970128022 0.4477303988995873 0.7101706970128022 0.4477303988995873 0.5828591749644382 0.33768913342503437 0.5828591749644382 0.33768913342503437 0.7101706970128022
0 0.06155433287482806 0.2855618776671408 0.13858321870701512 0.2855618776671408 0.13858321870701512 0.19665718349928876 0.06155433287482806 0.19665718349928876 0.06155433287482806 0.2855618776671408
0 0 0.14900426742532005 0.07152682255845942 0.14900426742532005 0.07152682255845942 0.07147937411095306 0 0.07147937411095306 0 0.14900426742532005
0 0.006533700137551582 0.9427453769559033 0.1048830811554333 0.9427453769559033 0.1048830811554333 0.8218349928876245 0.006533700137551582 0.8218349928876245 0.006533700137551582 0.9427453769559033
0 0.05845942228335626 0.6767425320056899 0.15061898211829436 0.6767425320056899 0.15061898211829436 0.5693456614509246 0.05845942228335626 0.5693456614509246 0.05845942228335626 0.6767425320056899
0 0.6932599724896836 1 0.6932599724896836 0.9331436699857752 0.5674002751031637 0.9331436699857752 0.5674002751031637 1 0.6932599724896836 1
0 0.09628610729023383 0.7688477951635846 0.19944979367262725 0.7688477951635846 0.19944979367262725 0.6557610241820768 0.09628610729023383 0.6557610241820768 0.09628610729023383 0.7688477951635846
0 0.29745529573590096 0.10953058321479374 0.37379642365887206 0.10953058321479374 0.37379642365887206 0.014935988620199146 0.29745529573590096 0.014935988620199146 0.29745529573590096 0.10953058321479374
0 0.15302613480055022 0.3933143669985775 0.24243466299862448 0.3933143669985775 0.24243466299862448 0.3079658605974395 0.15302613480055022 0.3079658605974395 0.15302613480055022 0.3933143669985775
0 0.014442916093535076 0.4612375533428165 0.08459422283356259 0.4612375533428165 0.08459422283356259 0.37802275960170695 0.014442916093535076 0.37802275960170695 0.014442916093535076 0.4612375533428165
0 0.14408528198074277 0.4847083926031294 0.21905089408528197 0.4847083926031294 0.21905089408528197 0.397226173541963 0.14408528198074277 0.397226173541963 0.14408528198074277 0.4847083926031294
0 0.437757909215956 0.16607396870554766 0.5409215955983494 0.16607396870554766 0.5409215955983494 0.0650782361308677 0.437757909215956 0.0650782361308677 0.437757909215956 0.16607396870554766
0 0 0.6479374110953058 0.07015130674002751 0.6479374110953058 0.07015130674002751 0.5604551920341394 0 0.5604551920341394 0 0.6479374110953058
0 0.000343878954607978 0.8396159317211949 0.047111416781292985 0.8396159317211949 0.047111416781292985 0.7414651493598862 0.000343878954607978 0.7414651493598862 0.000343878954607978 0.8396159317211949
0 0.1344566712517194 0.2802275960170697 0.21148555708390646 0.2802275960170697 0.21148555708390646 0.18207681365576103 0.1344566712517194 0.18207681365576103 0.1344566712517194 0.2802275960170697
0 0.0017193947730398899 0.5604551920341394 0.078060522696011 0.5604551920341394 0.078060522696011 0.47083926031294454 0.0017193947730398899 0.47083926031294454 0.0017193947730398899 0.5604551920341394
0 0.21286107290233838 0.48328591749644384 0.27888583218707014 0.48328591749644384 0.27888583218707014 0.3886913229018492 0.21286107290233838 0.3886913229018492 0.21286107290233838 0.48328591749644384
0 0.016506189821182942 0.3634423897581792 0.08253094910591471 0.3634423897581792 0.08253094910591471 0.2852062588904694 0.016506189821182942 0.2852062588904694 0.016506189821182942 0.3634423897581792
0 0.18019257221458046 0 0.18019257221458046 0.07112375533428165 0.2613480055020633 0.07112375533428165 0.2613480055020633 0 0.18019257221458046 0
0 0.1375515818431912 0.17567567567567569 0.22145804676753783 0.17567567567567569 0.22145804676753783 0.10028449502133713 0.1375515818431912 0.10028449502133713 0.1375515818431912 0.17567567567567569
0 0.22386519944979366 0.11379800853485064 0.3063961485557084 0.11379800853485064 0.3063961485557084 0.02702702702702703 0.22386519944979366 0.02702702702702703 0.22386519944979366 0.11379800853485064
0 0.07771664374140302 0.37695590327169276 0.15955983493810177 0.37695590327169276 0.15955983493810177 0.2880512091038407 0.07771664374140302 0.2880512091038407 0.07771664374140302 0.37695590327169276
0 0.14236588720770288 0.6052631578947368 0.21664374140302614 0.6052631578947368 0.21664374140302614 0.49359886201991465 0.14236588720770288 0.49359886201991465 0.14236588720770288 0.6052631578947368
0 0.04160935350756534 0.22546230440967283 0.12070151306740028 0.22546230440967283 0.12070151306740028 0.13940256045519203 0.04160935350756534 0.13940256045519203 0.04160935350756534 0.22546230440967283
0 0.08803301237964237 1 0.08803301237964237 0.9331436699857752 0 0.9331436699857752 0 1 0.08803301237964237 1
0 0 0.23684210526315788 0.0577716643741403 0.23684210526315788 0.0577716643741403 0.14864864864864866 0 0.14864864864864866 0 0.23684210526315788
0 0.050206327372764786 0.07005689900426743 0.12310866574965612 0.07005689900426743 0.12310866574965612 0.00035561877667140827 0.050206327372764786 0.00035561877667140827 0.050206327372764786 0.07005689900426743
0 0.20701513067400276 0.2930298719772404 0.30398899587345257 0.2930298719772404 0.30398899587345257 0.1984352773826458 0.20701513067400276 0.1984352773826458 0.20701513067400276 0.2930298719772404
0 0.07221458046767538 0.46586059743954483 0.15268225584594222 0.46586059743954483 0.15268225584594222 0.38477951635846375 0.07221458046767538 0.38477951635846375 0.07221458046767538 0.46586059743954483
0 0.008940852819807428 0.7443100995732574 0.0969738651994498 0.7443100995732574 0.0969738651994498 0.6418918918918919 0.008940852819807428 0.6418918918918919 0.008940852819807428 0.7443100995732574
0 0.6537138927097662 0 0.6537138927097662 0.05334281650071124 0.7788858321870702 0.05334281650071124 0.7788858321870702 0 0.6537138927097662 0
0 0.09869325997248968 0.12837837837837837 0.17297111416781294 0.12837837837837837 0.17297111416781294 0.050142247510668564 0.09869325997248968 0.050142247510668564 0.09869325997248968 0.12837837837837837
0 0.5030949105914718 0 0.5030949105914718 0.041963015647226175 0.6055708390646493 0.041963015647226175 0.6055708390646493 0 0.5030949105914718 0
0 0.35316368638239337 1 0.35316368638239337 0.9672830725462305 0.25825309491059145 0.9672830725462305 0.25825309491059145 1 0.35316368638239337 1
0 0 0.30440967283072545 0.015130674002751032 0.30440967283072545 0.015130674002751032 0.23826458036984352 0 0.23826458036984352 0 0.30440967283072545
0 0 0.9466571834992887 0.0171939477303989 0.9466571834992887 0.0171939477303989 0.868421052631579 0 0.868421052631579 0 0.9466571834992887
0 0 0.7322190611664295 0.011691884456671253 0.7322190611664295 0.011691884456671253 0.664651493598862 0 0.664651493598862 0 0.7322190611664295
0 0.000343878954607978 0.9466571834992887 0.018225584594222834 0.9466571834992887 0.018225584594222834 0.8406827880512091 0.000343878954607978 0.8406827880512091 0.000343878954607978 0.9466571834992887
0 0 0.5693456614509246 0.015130674002751032 0.5693456614509246 0.015130674002751032 0.5302275960170697 0 0.5302275960170697 0 0.5693456614509246