0 0.8817762399077278 0.764985380116959 0.9792387543252595 0.764985380116959 0.9792387543252595 0.6641081871345029 0.8817762399077278 0.6641081871345029 0.8817762399077278 0.764985380116959
0 0.7257785467128027 0.45650584795321636 0.8122837370242214 0.45650584795321636 0.8122837370242214 0.3658625730994152 0.7257785467128027 0.3658625730994152 0.7257785467128027 0.45650584795321636
0 0.8849480968858131 0.952485380116959 0.9795271049596309 0.952485380116959 0.9795271049596309 0.8559941520467836 0.8849480968858131 0.8559941520467836 0.8849480968858131 0.952485380116959
0 0.7009803921568627 0.702485380116959 0.7834486735870819 0.702485380116959 0.7834486735870819 0.6176900584795322 0.7009803921568627 0.6176900584795322 0.7009803921568627 0.702485380116959
0 0.8243944636678201 0.26206140350877194 0.9091695501730104 0.26206140350877194 0.9091695501730104 0.1787280701754386 0.8243944636678201 0.1787280701754386 0.8243944636678201 0.26206140350877194
0 0.6813725490196079 0.16410818713450293 0.7678777393310265 0.16410818713450293 0.7678777393310265 0.07419590643274854 0.6813725490196079 0.07419590643274854 0.6813725490196079 0.16410818713450293
0 0.25432525951557095 0.60453216374269 0.33852364475201846 0.60453216374269 0.33852364475201846 0.5263157894736842 0.25432525951557095 0.5263157894736842 0.25432525951557095 0.60453216374269
0 0.47549019607843135 0.6480263157894737 0.5585351787773933 0.6480263157894737 0.5585351787773933 0.5676169590643275 0.47549019607843135 0.5676169590643275 0.47549019607843135 0.6480263157894737
0 0.0922722029988466 0.5566520467836257 0.16839677047289503 0.5566520467836257 0.16839677047289503 0.4828216374269006 0.0922722029988466 0.4828216374269006 0.0922722029988466 0.5566520467836257
0 0.03806228373702422 0.5087719298245614 0.11937716262975778 0.5087719298245614 0.11937716262975778 0.4305555555555556 0.03806228373702422 0.4305555555555556 0.03806228373702422 0.5087719298245614
0 0.07179930795847751 0.7218567251461988 0.15369088811995385 0.7218567251461988 0.15369088811995385 0.6465643274853801 0.07179930795847751 0.6465643274853801 0.07179930795847751 0.7218567251461988
0 0.47231833910034604 0.30116959064327486 0.5542099192618224 0.30116959064327486 0.5542099192618224 0.21710526315789475 0.47231833910034604 0.21710526315789475 0.47231833910034604 0.30116959064327486
0 0.279123414071511 0.375 0.3604382929642445 0.375 0.3604382929642445 0.2989766081871345 0.279123414071511 0.2989766081871345 0.279123414071511 0.375
0 0.5337370242214533 0.7123538011695907 0.6173587081891581 0.7123538011695907 0.6173587081891581 0.626827485380117 0.5337370242214533 0.626827485380117 0.5337370242214533 0.7123538011695907
0 0.09515570934256055 0.4473684210526316 0.1701268742791234 0.4473684210526316 0.1701268742791234 0.37207602339181284 0.09515570934256055 0.37207602339181284 0.09515570934256055 0.4473684210526316
0 0.7592272202998847 0.2134502923976608 0.8480392156862745 0.2134502923976608 0.8480392156862745 0.12280701754385964 0.7592272202998847 0.12280701754385964 0.7592272202998847 0.2134502923976608
0 0.30017301038062283 0.10197368421052631 0.38033448673587084 0.10197368421052631 0.38033448673587084 0.015716374269005847 0.30017301038062283 0.015716374269005847 0.30017301038062283 0.10197368421052631
0 0.40167243367935407 1 0.40167243367935407 0.9181286549707602 0.31747404844290655 0.9181286549707602 0.31747404844290655 1 0.40167243367935407 1
0 0.6513840830449827 0.7602339181286549 0.7257785467128027 0.7602339181286549 0.7257785467128027 0.6842105263157895 0.6513840830449827 0.6842105263157895 0.6513840830449827 0.7602339181286549
0 0.16782006920415224 0.17288011695906433 0.24163783160322952 0.17288011695906433 0.24163783160322952 0.09320175438596491 0.16782006920415224 0.09320175438596491 0.16782006920415224 0.17288011695906433
0 0.5343137254901961 0.3578216374269006 0.6167820069204152 0.3578216374269006 0.6167820069204152 0.2715643274853801 0.5343137254901961 0.2715643274853801 0.5343137254901961 0.3578216374269006
0 0.654555940023068 0.58296783625731 0.7399077277970012 0.58296783625731 0.7399077277970012 0.49378654970760233 0.654555940023068 0.49378654970760233 0.654555940023068 0.58296783625731
0 0.7179930795847751 0.8304093567251462 0.8021914648212226 0.8304093567251462 0.8021914648212226 0.7426900584795322 0.7179930795847751 0.7426900584795322 0.7179930795847751 0.8304093567251462
0 0.14705882352941177 0.7759502923976608 0.22145328719723184 0.7759502923976608 0.22145328719723184 0.6999269005847953 0.14705882352941177 0.6999269005847953 0.14705882352941177 0.7759502923976608
0 0.341118800461361 0.8304093567251462 0.41839677047289503 0.8304093567251462 0.41839677047289503 0.7485380116959064 0.341118800461361 0.7485380116959064 0.341118800461361 0.8304093567251462
0 0.6565743944636678 0.8885233918128655 0.7419261822376009 0.8885233918128655 0.7419261822376009 0.805921052631579 0.6565743944636678 0.805921052631579 0.6565743944636678 0.8885233918128655
0 0.11937716262975778 0.12280701754385964 0.1914648212226067 0.12280701754385964 0.1914648212226067 0.05116959064327485 0.11937716262975778 0.05116959064327485 0.11937716262975778 0.12280701754385964
0 0.2292387543252595 0.3263888888888889 0.31055363321799306 0.3263888888888889 0.31055363321799306 0.24378654970760233 0.2292387543252595 0.24378654970760233 0.2292387543252595 0.3263888888888889
0 0.1502306805074971 0.6118421052631579 0.23558246828143023 0.6118421052631579 0.23558246828143023 0.5321637426900585 0.1502306805074971 0.5321637426900585 0.1502306805074971 0.6118421052631579
0 0.15051903114186851 0.8885233918128655 0.23471741637831603 0.8885233918128655 0.23471741637831603 0.8161549707602339 0.15051903114186851 0.8161549707602339 0.15051903114186851 0.8885233918128655
0 0.39792387543252594 0.36293859649122806 0.47808535178777395 0.36293859649122806 0.47808535178777395 0.28399122807017546 0.39792387543252594 0.28399122807017546 0.39792387543252594 0.36293859649122806
0 0.5406574394463668 0.11878654970760234 0.6225490196078431 0.11878654970760234 0.6225490196078431 0.03837719298245614 0.5406574394463668 0.03837719298245614 0.5406574394463668 0.11878654970760234
0 0.20645905420991925 0.8315058479532164 0.28719723183391005 0.8315058479532164 0.28719723183391005 0.7547514619883041 0.20645905420991925 0.7547514619883041 0.20645905420991925 0.8315058479532164
0 0.004901960784313725 0.8355263157894737 0.08102652825836217 0.8355263157894737 0.08102652825836217 0.7609649122807017 0.004901960784313725 0.7609649122807017 0.004901960784313725 0.8355263157894737
0 0.30853517877739334 1 0.30853517877739334 0.9210526315789473 0.22202998846597463 0.9210526315789473 0.22202998846597463 1 0.30853517877739334 1
0 0.5827566320645905 0.8278508771929824 0.6681084198385236 0.8278508771929824 0.6681084198385236 0.7423245614035088 0.5827566320645905 0.7423245614035088 0.5827566320645905 0.8278508771929824
0 0.27393310265282583 0.8903508771929824 0.3494809688581315 0.8903508771929824 0.3494809688581315 0.8070175438596491 0.27393310265282583 0.8070175438596491 0.27393310265282583 0.8903508771929824
0 0.4400230680507497 0.8888888888888888 0.5161476355247981 0.8888888888888888 0.5161476355247981 0.8062865497076024 0.4400230680507497 0.8062865497076024 0.4400230680507497 0.8888888888888888
0 0.7133794694348328 1 0.7133794694348328 0.9217836257309941 0.6326412918108419 0.9217836257309941 0.6326412918108419 1 0.7133794694348328 1
0 0.05392156862745098 0.8877923976608187 0.13581314878892733 0.8877923976608187 0.13581314878892733 0.8205409356725146 0.05392156862745098 0.8205409356725146 0.05392156862745098 0.8877923976608187
0 0.005478662053056517 0.7236842105263158 0.06949250288350635 0.7236842105263158 0.06949250288350635 0.6498538011695907 0.005478662053056517 0.6498538011695907 0.005478662053056517 0.7236842105263158
0 0.6026528258362168 0.05884502923976608 0.6833910034602076 0.05884502923976608 0.6833910034602076 0.0003654970760233918 0.6026528258362168 0.0003654970760233918 0.6026528258362168 0.05884502923976608
0 0.23875432525951557 0.16301169590643275 0.314878892733564 0.16301169590643275 0.314878892733564 0.08552631578947369 0.23875432525951557 0.08552631578947369 0.23875432525951557 0.16301169590643275
0 0.09803921568627451 0.8340643274853801 0.17531718569780855 0.8340643274853801 0.17531718569780855 0.7573099415204678 0.09803921568627451 0.7573099415204678 0.09803921568627451 0.8340643274853801
0 0.5170126874279123 0.8896198830409356 0.5919838523644751 0.8896198830409356 0.5919838523644751 0.8033625730994152 0.5170126874279123 0.8033625730994152 0.5170126874279123 0.8896198830409356
0 0.5458477508650519 0.5921052631578947 0.628316032295271 0.5921052631578947 0.628316032295271 0.5029239766081871 0.5458477508650519 0.5029239766081871 0.5458477508650519 0.5921052631578947
0 0.6260092272202998 1 0.6260092272202998 0.9210526315789473 0.5504613610149942 0.9210526315789473 0.5504613610149942 1 0.6260092272202998 1
0 0.2511534025374856 0.05592105263157895 0.3353517877739331 0.05592105263157895 0.3353517877739331 0.0003654970760233918 0.2511534025374856 0.0003654970760233918 0.2511534025374856 0.05592105263157895
0 0.0002883506343713956 0.7810672514619883 0.014129181084198385 0.7810672514619883 0.014129181084198385 0.7218567251461988 0.0002883506343713956 0.7218567251461988 0.0002883506343713956 0.7810672514619883
0 0 0 0 0.0402046783625731 0.06459054209919261 0.0402046783625731 0.06459054209919261 0 0 0
0 0.06257208765859285 0 0.06257208765859285 0.023391812865497075 0.11966551326412918 0.023391812865497075 0.11966551326412918 0 0.06257208765859285 0