0 0.39415041782729804 0.7636363636363637 0.48119777158774374 0.7636363636363637 0.48119777158774374 0.693006993006993 0.39415041782729804 0.693006993006993 0.39415041782729804 0.7636363636363637
0 0.13614206128133705 0.415034965034965 0.2078690807799443 0.415034965034965 0.2078690807799443 0.3541958041958042 0.13614206128133705 0.3541958041958042 0.13614206128133705 0.415034965034965
0 0.3854456824512535 0.07272727272727272 0.4620473537604457 0.07272727272727272 0.4620473537604457 0.006293706293706294 0.3854456824512535 0.006293706293706294 0.3854456824512535 0.07272727272727272
0 0.20508356545961004 0.17447552447552447 0.2802924791086351 0.17447552447552447 0.2802924791086351 0.11643356643356643 0.20508356545961004 0.11643356643356643 0.20508356545961004 0.17447552447552447
0 0.8488857938718662 0.46783216783216786 0.942200557103064 0.46783216783216786 0.942200557103064 0.3951048951048951 0.8488857938718662 0.3951048951048951 0.8488857938718662 0.46783216783216786
0 0.6037604456824512 0.8262237762237762 0.6915041782729805 0.8262237762237762 0.6915041782729805 0.7534965034965035 0.6037604456824512 0.7534965034965035 0.6037604456824512 0.8262237762237762
0 0.0017409470752089136 0.6052447552447553 0.07346796657381616 0.6052447552447553 0.07346796657381616 0.5451048951048951 0.0017409470752089136 0.5451048951048951 0.0017409470752089136 0.6052447552447553
0 0.5490947075208914 0.9758741258741259 0.6347493036211699 0.9758741258741259 0.6347493036211699 0.8968531468531469 0.5490947075208914 0.8968531468531469 0.5490947075208914 0.9758741258741259
0 0.30118384401114207 0.643006993006993 0.38474930362116994 0.643006993006993 0.38474930362116994 0.5674825174825174 0.30118384401114207 0.5674825174825174 0.30118384401114207 0.643006993006993
0 0.4449860724233983 0.8283216783216784 0.5292479108635098 0.8283216783216784 0.5292479108635098 0.7625874125874126 0.4449860724233983 0.7625874125874126 0.4449860724233983 0.8283216783216784
0 0.32625348189415043 0.7933566433566434 0.4077298050139276 0.7933566433566434 0.4077298050139276 0.7234265734265735 0.32625348189415043 0.7234265734265735 0.32625348189415043 0.7933566433566434
0 0.7823816155988857 0.9367132867132867 0.8756963788300836 0.9367132867132867 0.8756963788300836 0.8639860139860139 0.7823816155988857 0.8639860139860139 0.7823816155988857 0.9367132867132867
0 0.033426183844011144 0.7527972027972027 0.10933147632311978 0.7527972027972027 0.10933147632311978 0.6884615384615385 0.033426183844011144 0.6884615384615385 0.033426183844011144 0.7527972027972027
0 0.16295264623955433 0.8912587412587413 0.2416434540389972 0.8912587412587413 0.2416434540389972 0.8241258741258741 0.16295264623955433 0.8241258741258741 0.16295264623955433 0.8912587412587413
0 1 0.5650349650349651 0.908774373259053 0.5650349650349651 0.908774373259053 0.6377622377622377 1 0.6377622377622377 1 0.5650349650349651
0 0.03516713091922006 0.9458041958041958 0.11873259052924791 0.9458041958041958 0.11873259052924791 0.8765734265734266 0.03516713091922006 0.8765734265734266 0.03516713091922006 0.9458041958041958
0 0.3384401114206128 0.15349650349650348 0.4101671309192201 0.15349650349650348 0.4101671309192201 0.08706293706293707 0.3384401114206128 0.08706293706293707 0.3384401114206128 0.15349650349650348
0 0.278899721448468 0.7265734265734266 0.3603760445682451 0.7265734265734266 0.3603760445682451 0.6608391608391608 0.278899721448468 0.6608391608391608 0.278899721448468 0.7265734265734266
0 0.34575208913649025 0.7038461538461539 0.4272284122562674 0.7038461538461539 0.4272284122562674 0.6367132867132868 0.34575208913649025 0.6367132867132868 0.34575208913649025 0.7038461538461539
0 0.2200557103064067 0.5300699300699301 0.2938718662952646 0.5300699300699301 0.2938718662952646 0.4643356643356643 0.2200557103064067 0.4643356643356643 0.2200557103064067 0.5300699300699301
0 0.3544568245125348 0.9097902097902097 0.44428969359331477 0.9097902097902097 0.44428969359331477 0.8363636363636363 0.3544568245125348 0.8363636363636363 0.3544568245125348 0.9097902097902097
0 0.05153203342618384 0.5741258741258741 0.12743732590529247 0.5741258741258741 0.12743732590529247 0.5132867132867133 0.05153203342618384 0.5132867132867133 0.05153203342618384 0.5741258741258741
0 0.4794568245125348 0.6426573426573426 0.5623259052924791 0.6426573426573426 0.5623259052924791 0.5699300699300699 0.4794568245125348 0.5699300699300699 0.4794568245125348 0.6426573426573426
0 0.0201949860724234 0.8395104895104896 0.09401114206128133 0.8395104895104896 0.09401114206128133 0.7765734265734265 0.0201949860724234 0.7765734265734265 0.0201949860724234 0.8395104895104896
0 0.3986768802228412 0.42657342657342656 0.4815459610027855 0.42657342657342656 0.4815459610027855 0.3622377622377622 0.3986768802228412 0.3622377622377622 0.3986768802228412 0.42657342657342656
0 0.5605849582172702 0.6611888111888112 0.6476323119777159 0.6611888111888112 0.6476323119777159 0.5870629370629371 0.5605849582172702 0.5870629370629371 0.5605849582172702 0.6611888111888112
0 0.1974233983286908 0.6143356643356643 0.27681058495821725 0.6143356643356643 0.27681058495821725 0.5513986013986014 0.1974233983286908 0.5513986013986014 0.1974233983286908 0.6143356643356643
0 0.6511142061281338 0.9045454545454545 0.7479108635097493 0.9045454545454545 0.7479108635097493 0.8220279720279721 0.6511142061281338 0.8220279720279721 0.6511142061281338 0.9045454545454545
0 0.19881615598885793 0.38356643356643355 0.27123955431754876 0.38356643356643355 0.27123955431754876 0.3248251748251748 0.19881615598885793 0.3248251748251748 0.19881615598885793 0.38356643356643355
0 0.35724233983286907 0.37167832167832165 0.43175487465181056 0.37167832167832165 0.43175487465181056 0.30314685314685313 0.35724233983286907 0.30314685314685313 0.35724233983286907 0.37167832167832165
0 0.42479108635097496 0.2486013986013986 0.5027855153203342 0.2486013986013986 0.5027855153203342 0.18496503496503497 0.42479108635097496 0.18496503496503497 0.42479108635097496 0.2486013986013986
0 0.16190807799442897 0.33426573426573425 0.23711699164345404 0.33426573426573425 0.23711699164345404 0.2755244755244755 0.16190807799442897 0.2755244755244755 0.16190807799442897 0.33426573426573425
0 0.2945682451253482 0.4034965034965035 0.37047353760445684 0.4034965034965035 0.37047353760445684 0.33916083916083917 0.2945682451253482 0.33916083916083917 0.2945682451253482 0.4034965034965035
0 0.2402506963788301 0.436013986013986 0.3126740947075209 0.436013986013986 0.3126740947075209 0.3765734265734266 0.2402506963788301 0.3765734265734266 0.2402506963788301 0.436013986013986
0 0.29491643454038996 0 0.29491643454038996 0.06153846153846154 0.3659470752089137 0.06153846153846154 0.3659470752089137 0 0.29491643454038996 0
0 0.11977715877437325 0.5891608391608392 0.19428969359331477 0.5891608391608392 0.19428969359331477 0.5332167832167832 0.11977715877437325 0.5332167832167832 0.11977715877437325 0.5891608391608392
0 0.028203342618384402 0.48041958041958044 0.09644846796657382 0.48041958041958044 0.09644846796657382 0.4188811188811189 0.028203342618384402 0.4188811188811189 0.028203342618384402 0.48041958041958044
0 0.6626044568245125 0.4325174825174825 0.7482590529247911 0.4325174825174825 0.7482590529247911 0.35 0.6626044568245125 0.35 0.6626044568245125 0.4325174825174825
0 0.4766713091922006 0.44020979020979023 0.5518802228412256 0.44020979020979023 0.5518802228412256 0.3793706293706294 0.4766713091922006 0.3793706293706294 0.4766713091922006 0.44020979020979023
0 0.36559888579387184 0.29055944055944055 0.44220055710306405 0.29055944055944055 0.44220055710306405 0.22482517482517483 0.36559888579387184 0.22482517482517483 0.36559888579387184 0.29055944055944055
0 0.48259052924791085 0.1660839160839161 0.557799442896936 0.1660839160839161 0.557799442896936 0.10384615384615385 0.48259052924791085 0.10384615384615385 0.48259052924791085 0.1660839160839161
0 0.49512534818941506 0.8982517482517482 0.5793871866295265 0.8982517482517482 0.5793871866295265 0.8276223776223777 0.49512534818941506 0.8276223776223777 0.49512534818941506 0.8982517482517482
0 0.5024373259052924 0.2618881118881119 0.5748607242339833 0.2618881118881119 0.5748607242339833 0.19825174825174824 0.5024373259052924 0.19825174825174824 0.5024373259052924 0.2618881118881119
0 0.2078690807799443 0.7601398601398601 0.2921309192200557 0.7601398601398601 0.2921309192200557 0.6888111888111889 0.2078690807799443 0.6888111888111889 0.2078690807799443 0.7601398601398601
0 0.193941504178273 0.25594405594405595 0.2684540389972145 0.25594405594405595 0.2684540389972145 0.1986013986013986 0.193941504178273 0.1986013986013986 0.193941504178273 0.25594405594405595
0 0.09192200557103064 0.4958041958041958 0.16643454038997216 0.4958041958041958 0.16643454038997216 0.43566433566433566 0.09192200557103064 0.43566433566433566 0.09192200557103064 0.4958041958041958
0 0.7447771587743732 0.20594405594405593 0.8283426183844012 0.20594405594405593 0.8283426183844012 0.13671328671328672 0.7447771587743732 0.13671328671328672 0.7447771587743732 0.20594405594405593
0 0.7353760445682451 0.8643356643356643 0.825208913649025 0.8643356643356643 0.825208913649025 0.7916083916083916 0.7353760445682451 0.7916083916083916 0.7353760445682451 0.8643356643356643
0 0.08809192200557103 0.8695804195804195 0.17096100278551532 0.8695804195804195 0.17096100278551532 0.798951048951049 0.08809192200557103 0.798951048951049 0.08809192200557103 0.8695804195804195
0 0.41469359331476324 0.670979020979021 0.4982590529247911 0.670979020979021 0.4982590529247911 0.6045454545454545 0.41469359331476324 0.6045454545454545 0.41469359331476324 0.670979020979021
0 0.1535515320334262 0.5111888111888112 0.225974930362117 0.5111888111888112 0.225974930362117 0.4489510489510489 0.1535515320334262 0.4489510489510489 0.1535515320334262 0.5111888111888112
0 0.9373259052924791 1 0.9373259052924791 0.9356643356643357 0.8405292479108635 0.9356643356643357 0.8405292479108635 1 0.9373259052924791 1
0 0.1208217270194986 0.7807692307692308 0.19951253481894152 0.7807692307692308 0.19951253481894152 0.7143356643356643 0.1208217270194986 0.7143356643356643 0.1208217270194986 0.7807692307692308
0 0.7520891364902507 0.4506993006993007 0.8342618384401114 0.4506993006993007 0.8342618384401114 0.3758741258741259 0.7520891364902507 0.3758741258741259 0.7520891364902507 0.4506993006993007
0 0.2942200557103064 0.2748251748251748 0.36803621169916434 0.2748251748251748 0.36803621169916434 0.2111888111888112 0.2942200557103064 0.2111888111888112 0.2942200557103064 0.2748251748251748
0 0.08809192200557103 0.7202797202797203 0.16956824512534818 0.7202797202797203 0.16956824512534818 0.6580419580419581 0.08809192200557103 0.6580419580419581 0.08809192200557103 0.7202797202797203
0 0.3871866295264624 0.2013986013986014 0.4610027855153203 0.2013986013986014 0.4610027855153203 0.13636363636363635 0.3871866295264624 0.13636363636363635 0.3871866295264624 0.2013986013986014
0 0.612116991643454 0.37552447552447554 0.6928969359331476 0.37552447552447554 0.6928969359331476 0.2958041958041958 0.612116991643454 0.2958041958041958 0.612116991643454 0.37552447552447554
0 0.5233286908077994 0.8055944055944056 0.604108635097493 0.8055944055944056 0.604108635097493 0.7314685314685314 0.5233286908077994 0.7314685314685314 0.5233286908077994 0.8055944055944056
0 0.20543175487465182 0.9594405594405594 0.28690807799442897 0.9594405594405594 0.28690807799442897 0.8846153846153846 0.20543175487465182 0.8846153846153846 0.20543175487465182 0.9594405594405594
0 0.23467966573816157 0.66993006993007 0.31058495821727017 0.66993006993007 0.31058495821727017 0.5979020979020979 0.23467966573816157 0.5979020979020979 0.23467966573816157 0.66993006993007
0 0.2395543175487465 0.8685314685314686 0.3224233983286908 0.8685314685314686 0.3224233983286908 0.7993006993006992 0.2395543175487465 0.7993006993006992 0.2395543175487465 0.8685314685314686
0 0.28342618384401114 0.9402097902097902 0.3683844011142061 0.9402097902097902 0.3683844011142061 0.8639860139860139 0.28342618384401114 0.8639860139860139 0.28342618384401114 0.9402097902097902
0 0 0.7335664335664336 0.04456824512534819 0.7335664335664336 0.04456824512534819 0.6692307692307692 0 0.6692307692307692 0 0.7335664335664336
0 0.2590529247910863 0.35104895104895106 0.3321727019498607 0.35104895104895106 0.3321727019498607 0.2923076923076923 0.2590529247910863 0.2923076923076923 0.2590529247910863 0.35104895104895106
0 0.00034818941504178273 0.9996503496503496 0.0504874651810585 0.9996503496503496 0.0504874651810585 0.9527972027972028 0.00034818941504178273 0.9527972027972028 0.00034818941504178273 0.9996503496503496
0 0.4832869080779944 0.7395104895104895 0.5605849582172702 0.7395104895104895 0.5605849582172702 0.6751748251748252 0.4832869080779944 0.6751748251748252 0.4832869080779944 0.7395104895104895
0 0.6190807799442897 0.28146853146853146 0.6991643454038997 0.28146853146853146 0.6991643454038997 0.21433566433566434 0.6190807799442897 0.21433566433566434 0.6190807799442897 0.28146853146853146
0 0.2600974930362117 0.5888111888111888 0.33948467966573814 0.5888111888111888 0.33948467966573814 0.5188811188811189 0.2600974930362117 0.5188811188811189 0.2600974930362117 0.5888111888111888
0 0.5407381615598886 0.4041958041958042 0.6145543175487466 0.4041958041958042 0.6145543175487466 0.3412587412587413 0.5407381615598886 0.3412587412587413 0.5407381615598886 0.4041958041958042
0 0.842966573816156 0.16713286713286712 0.932799442896936 0.16713286713286712 0.932799442896936 0.08811188811188811 0.842966573816156 0.08811188811188811 0.842966573816156 0.16713286713286712
0 0.5595403899721448 0.3185314685314685 0.6431058495821727 0.3185314685314685 0.6431058495821727 0.2465034965034965 0.5595403899721448 0.2465034965034965 0.5595403899721448 0.3185314685314685
0 0.49408077994428967 0.35384615384615387 0.5644150417827298 0.35384615384615387 0.5644150417827298 0.2853146853146853 0.49408077994428967 0.2853146853146853 0.49408077994428967 0.35384615384615387
0 0.06998607242339833 0.40174825174825174 0.14032033426183843 0.40174825174825174 0.14032033426183843 0.3395104895104895 0.06998607242339833 0.3395104895104895 0.06998607242339833 0.40174825174825174
0 0.24860724233983286 0.22097902097902097 0.32103064066852366 0.22097902097902097 0.32103064066852366 0.16083916083916083 0.24860724233983286 0.16083916083916083 0.24860724233983286 0.22097902097902097
0 0.6580779944289693 0.1944055944055944 0.745125348189415 0.1944055944055944 0.745125348189415 0.12377622377622377 0.6580779944289693 0.12377622377622377 0.6580779944289693 0.1944055944055944
0 0.5626740947075209 0.22412587412587412 0.6392757660167131 0.22412587412587412 0.6392757660167131 0.1555944055944056 0.5626740947075209 0.1555944055944056 0.5626740947075209 0.22412587412587412
0 0.6772284122562674 0.7968531468531469 0.7587047353760445 0.7968531468531469 0.7587047353760445 0.7262237762237762 0.6772284122562674 0.7262237762237762 0.6772284122562674 0.7968531468531469
0 0.5779944289693594 0.13006993006993006 0.653899721448468 0.13006993006993006 0.653899721448468 0.07342657342657342 0.5779944289693594 0.07342657342657342 0.5779944289693594 0.13006993006993006
0 0.415041782729805 0.33636363636363636 0.49025069637883006 0.33636363636363636 0.49025069637883006 0.2727272727272727 0.415041782729805 0.2727272727272727 0.415041782729805 0.33636363636363636
0 0.9620473537604457 0.3321678321678322 0.9996518105849582 0.3321678321678322 0.9996518105849582 0.2636363636363636 0.9620473537604457 0.2636363636363636 0.9620473537604457 0.3321678321678322
0 0.8401810584958217 1 0.8401810584958217 0.9594405594405594 0.7385097493036211 0.9594405594405594 0.7385097493036211 1 0.8401810584958217 1
0 0 0.8188811188811189 0.028551532033426183 0.8188811188811189 0.028551532033426183 0.7608391608391608 0 0.7608391608391608 0 0.8188811188811189
0 0.7012534818941504 1 0.7012534818941504 0.9692307692307692 0.6037604456824512 0.9692307692307692 0.6037604456824512 1 0.7012534818941504 1
0 0.24756267409470753 0.9996503496503496 0.3227715877437326 0.9996503496503496 0.3227715877437326 0.9604895104895105 0.24756267409470753 0.9604895104895105 0.24756267409470753 0.9996503496503496
0 0.1814066852367688 0.9993006993006993 0.24965181058495822 0.9993006993006993 0.24965181058495822 0.9713286713286713 0.1814066852367688 0.9713286713286713 0.1814066852367688 0.9993006993006993
0 0.11768802228412256 1 0.11768802228412256 0.9762237762237762 0.04247910863509749 0.9762237762237762 0.04247910863509749 1 0.11768802228412256 1
0 0.6789693593314763 0 0.6789693593314763 0.013986013986013986 0.7750696378830083 0.013986013986013986 0.7750696378830083 0 0.6789693593314763 0
0 0.7273676880222841 0.38356643356643355 0.7635793871866295 0.38356643356643355 0.7635793871866295 0.3486013986013986 0.7273676880222841 0.3486013986013986 0.7273676880222841 0.38356643356643355