0 0.4286498353457739 0.24602601156069365 0.5192096597145993 0.24602601156069365 0.5192096597145993 0.14631502890173412 0.4286498353457739 0.14631502890173412 0.4286498353457739 0.24602601156069365
0 0.579582875960483 0.6632947976878613 0.6794731064763996 0.6632947976878613 0.6794731064763996 0.5513005780346821 0.579582875960483 0.5513005780346821 0.579582875960483 0.6632947976878613
0 0.5699780461031834 0.3713872832369942 0.6594401756311745 0.3713872832369942 0.6594401756311745 0.2254335260115607 0.5699780461031834 0.2254335260115607 0.5699780461031834 0.3713872832369942
0 0.4429198682766191 0.5480491329479769 0.5301866081229418 0.5480491329479769 0.5301866081229418 0.42810693641618497 0.4429198682766191 0.42810693641618497 0.4429198682766191 0.5480491329479769
0 0.23463227222832053 0.9833815028901735 0.3092755214050494 0.9833815028901735 0.3092755214050494 0.8583815028901735 0.23463227222832053 0.8583815028901735 0.23463227222832053 0.9833815028901735
0 0.23792535675082327 0.7257947976878613 0.3224478594950604 0.7257947976878613 0.3224478594950604 0.6174132947976878 0.23792535675082327 0.6174132947976878 0.23792535675082327 0.7257947976878613
0 0.36470911086717894 0.16401734104046242 0.45362239297475304 0.16401734104046242 0.45362239297475304 0.06864161849710983 0.36470911086717894 0.06864161849710983 0.36470911086717894 0.16401734104046242
0 0.03732162458836443 0.7489161849710982 0.11525795828759605 0.7489161849710982 0.11525795828759605 0.6376445086705202 0.03732162458836443 0.6376445086705202 0.03732162458836443 0.7489161849710982
0 0.06448957189901207 0.5180635838150289 0.14407244785949505 0.5180635838150289 0.14407244785949505 0.41835260115606937 0.06448957189901207 0.41835260115606937 0.06448957189901207 0.5180635838150289
0 0.12705817782656423 0.9263005780346821 0.2066410537870472 0.9263005780346821 0.2066410537870472 0.8265895953757225 0.12705817782656423 0.8265895953757225 0.12705817782656423 0.9263005780346821
0 0.11141602634467618 0.1217485549132948 0.1964873765093304 0.1217485549132948 0.1964873765093304 0.032153179190751446 0.11141602634467618 0.032153179190751446 0.11141602634467618 0.1217485549132948
0 0.4857299670691548 0.3963150289017341 0.5653128430296378 0.3963150289017341 0.5653128430296378 0.28215317919075145 0.4857299670691548 0.28215317919075145 0.4857299670691548 0.3963150289017341
0 0.2217343578485181 0.861271676300578 0.3013172338090011 0.861271676300578 0.3013172338090011 0.7557803468208093 0.2217343578485181 0.7557803468208093 0.2217343578485181 0.861271676300578
0 0.18660812294182216 0 0.18660812294182216 0.06069364161849711 0.2650933040614709 0.06069364161849711 0.2650933040614709 0 0.18660812294182216 0
0 0.08589462129527992 0.36488439306358383 0.16163556531284304 0.36488439306358383 0.16163556531284304 0.2695086705202312 0.08589462129527992 0.2695086705202312 0.08589462129527992 0.36488439306358383