0 0.6949860724233984 0.9472027972027972 0.786908077994429 0.9472027972027972 0.786908077994429 0.8702797202797202 0.6949860724233984 0.8702797202797202 0.6949860724233984 0.9472027972027972
0 0.7907381615598886 0.8090909090909091 0.8854456824512534 0.8090909090909091 0.8854456824512534 0.7335664335664336 0.7907381615598886 0.7335664335664336 0.7907381615598886 0.8090909090909091
0 0.8321727019498607 0.7101398601398602 0.9240947075208914 0.7101398601398602 0.9240947075208914 0.6381118881118881 0.8321727019498607 0.6381118881118881 0.8321727019498607 0.7101398601398602
0 0 0.6395104895104895 0.08217270194986072 0.6395104895104895 0.08217270194986072 0.5702797202797203 0 0.5702797202797203 0 0.6395104895104895
0 0.657033426183844 0.8265734265734266 0.7433844011142061 0.8265734265734266 0.7433844011142061 0.7538461538461538 0.657033426183844 0.7538461538461538 0.657033426183844 0.8265734265734266
0 0.2614902506963788 0.5685314685314685 0.3464484679665738 0.5685314685314685 0.3464484679665738 0.5 0.2614902506963788 0.5 0.2614902506963788 0.5685314685314685
0 0.023676880222841225 0.5541958041958042 0.09610027855153204 0.5541958041958042 0.09610027855153204 0.49195804195804194 0.023676880222841225 0.49195804195804194 0.023676880222841225 0.5541958041958042
0 0.027855153203342618 0.827972027972028 0.10445682451253482 0.827972027972028 0.10445682451253482 0.7608391608391608 0.027855153203342618 0.7608391608391608 0.027855153203342618 0.827972027972028
0 0.6542479108635098 0.6146853146853147 0.7412952646239555 0.6146853146853147 0.7412952646239555 0.541958041958042 0.6542479108635098 0.541958041958042 0.6542479108635098 0.6146853146853147
0 0.6110724233983287 0.4597902097902098 0.6932451253481894 0.4597902097902098 0.6932451253481894 0.384965034965035 0.6110724233983287 0.384965034965035 0.6110724233983287 0.4597902097902098
0 0.5595403899721448 0.9583916083916084 0.6451949860724234 0.9583916083916084 0.6451949860724234 0.8828671328671329 0.5595403899721448 0.8828671328671329 0.5595403899721448 0.9583916083916084
0 0.549791086350975 0.07972027972027972 0.6215181058495822 0.07972027972027972 0.6215181058495822 0.013286713286713287 0.549791086350975 0.013286713286713287 0.549791086350975 0.07972027972027972
0 0.08774373259052924 0.7538461538461538 0.17200557103064068 0.7538461538461538 0.17200557103064068 0.6916083916083916 0.08774373259052924 0.6916083916083916 0.08774373259052924 0.7538461538461538
0 0.07973537604456825 0.3083916083916084 0.14589136490250695 0.3083916083916084 0.14589136490250695 0.24755244755244754 0.07973537604456825 0.24755244755244754 0.07973537604456825 0.3083916083916084
0 0.37848189415041783 0.5944055944055944 0.45856545961002787 0.5944055944055944 0.45856545961002787 0.5293706293706294 0.37848189415041783 0.5293706293706294 0.37848189415041783 0.5944055944055944
0 0.08704735376044569 0.5692307692307692 0.16225626740947074 0.5692307692307692 0.16225626740947074 0.5055944055944056 0.08704735376044569 0.5055944055944056 0.08704735376044569 0.5692307692307692
0 0.7029944289693594 0.679020979020979 0.7956128133704735 0.679020979020979 0.7956128133704735 0.6041958041958042 0.7029944289693594 0.6041958041958042 0.7029944289693594 0.679020979020979
0 0.8920612813370473 0.7825174825174825 0.9888579387186629 0.7825174825174825 0.9888579387186629 0.7034965034965035 0.8920612813370473 0.7034965034965035 0.8920612813370473 0.7825174825174825
0 0.5285515320334262 0.43846153846153846 0.612116991643454 0.43846153846153846 0.612116991643454 0.3734265734265734 0.5285515320334262 0.3734265734265734 0.5285515320334262 0.43846153846153846
0 0.4878133704735376 0.986013986013986 0.5665041782729805 0.986013986013986 0.5665041782729805 0.9111888111888112 0.4878133704735376 0.9111888111888112 0.4878133704735376 0.986013986013986
0 0.24442896935933148 0.4325174825174825 0.3266016713091922 0.4325174825174825 0.3266016713091922 0.3695804195804196 0.24442896935933148 0.3695804195804196 0.24442896935933148 0.4325174825174825
0 0.5254178272980501 0.25244755244755246 0.599233983286908 0.25244755244755246 0.599233983286908 0.1867132867132867 0.5254178272980501 0.1867132867132867 0.5254178272980501 0.25244755244755246
0 0.4477715877437326 0.24160839160839162 0.525766016713092 0.24160839160839162 0.525766016713092 0.17447552447552447 0.4477715877437326 0.17447552447552447 0.4477715877437326 0.24160839160839162
0 0.00034818941504178273 0.9576923076923077 0.06162952646239554 0.9576923076923077 0.06162952646239554 0.8884615384615384 0.00034818941504178273 0.8884615384615384 0.00034818941504178273 0.9576923076923077
0 0.1431058495821727 0.31783216783216783 0.21274373259052926 0.31783216783216783 0.21274373259052926 0.2611888111888112 0.1431058495821727 0.2611888111888112 0.1431058495821727 0.31783216783216783
0 0.2698467966573816 0.34335664335664334 0.34157381615598886 0.34335664335664334 0.34157381615598886 0.2818181818181818 0.2698467966573816 0.2818181818181818 0.2698467966573816 0.34335664335664334
0 0.49686629526462395 0.6234265734265734 0.5818245125348189 0.6234265734265734 0.5818245125348189 0.5583916083916084 0.49686629526462395 0.5583916083916084 0.49686629526462395 0.6234265734265734
0 0.12534818941504178 0.9167832167832168 0.20682451253481896 0.9167832167832168 0.20682451253481896 0.8440559440559441 0.12534818941504178 0.8440559440559441 0.12534818941504178 0.9167832167832168
0 0.600974930362117 0.7562937062937063 0.6845403899721448 0.7562937062937063 0.6845403899721448 0.6821678321678322 0.600974930362117 0.6821678321678322 0.600974930362117 0.7562937062937063
0 0.5738161559888579 0.5902097902097903 0.653899721448468 0.5902097902097903 0.653899721448468 0.5258741258741259 0.5738161559888579 0.5258741258741259 0.5738161559888579 0.5902097902097903
0 0.9561281337047354 0.41643356643356644 0.9993036211699164 0.41643356643356644 0.9993036211699164 0.3465034965034965 0.9561281337047354 0.3465034965034965 0.9561281337047354 0.41643356643356644
0 0.2440807799442897 0.08671328671328671 0.31441504178272983 0.08671328671328671 0.31441504178272983 0.025874125874125874 0.2440807799442897 0.025874125874125874 0.2440807799442897 0.08671328671328671
0 0.4571727019498607 0.870979020979021 0.5428272980501393 0.870979020979021 0.5428272980501393 0.7926573426573427 0.4571727019498607 0.7926573426573427 0.4571727019498607 0.870979020979021
0 0.44463788300835655 0.563986013986014 0.5309888579387186 0.563986013986014 0.5309888579387186 0.49335664335664337 0.44463788300835655 0.49335664335664337 0.44463788300835655 0.563986013986014
0 0.23015320334261838 0.8468531468531468 0.3088440111420613 0.8468531468531468 0.3088440111420613 0.779020979020979 0.23015320334261838 0.779020979020979 0.23015320334261838 0.8468531468531468
0 0.21587743732590528 0.6958041958041958 0.29596100278551535 0.6958041958041958 0.29596100278551535 0.6328671328671329 0.21587743732590528 0.6328671328671329 0.21587743732590528 0.6958041958041958
0 0.4136490250696379 0.11083916083916084 0.4860724233983287 0.11083916083916084 0.4860724233983287 0.045804195804195806 0.4136490250696379 0.045804195804195806 0.4136490250696379 0.11083916083916084
0 0.0745125348189415 0.6524475524475525 0.14623955431754876 0.6524475524475525 0.14623955431754876 0.5951048951048951 0.0745125348189415 0.5951048951048951 0.0745125348189415 0.6524475524475525
0 0.40842618384401114 0.7024475524475524 0.49129526462395545 0.7024475524475524 0.49129526462395545 0.6374125874125874 0.40842618384401114 0.6374125874125874 0.40842618384401114 0.7024475524475524
0 0.09366295264623956 0.8506993006993007 0.173050139275766 0.8506993006993007 0.173050139275766 0.7842657342657343 0.09366295264623956 0.7842657342657343 0.09366295264623956 0.8506993006993007
0 0.25974930362116994 0.7608391608391608 0.33913649025069637 0.7608391608391608 0.33913649025069637 0.6923076923076923 0.25974930362116994 0.6923076923076923 0.25974930362116994 0.7608391608391608
0 0.20403899721448468 0.32972027972027973 0.2743732590529248 0.32972027972027973 0.2743732590529248 0.270979020979021 0.20403899721448468 0.270979020979021 0.20403899721448468 0.32972027972027973
0 0.1048050139275766 0.39895104895104894 0.1758356545961003 0.39895104895104894 0.1758356545961003 0.3388111888111888 0.1048050139275766 0.3388111888111888 0.1048050139275766 0.39895104895104894
0 0.5421309192200557 0.16783216783216784 0.6159470752089137 0.16783216783216784 0.6159470752089137 0.0972027972027972 0.5421309192200557 0.0972027972027972 0.5421309192200557 0.16783216783216784
0 0.1855849582172702 0.24265734265734265 0.2566155988857939 0.24265734265734265 0.2566155988857939 0.17552447552447553 0.1855849582172702 0.17552447552447553 0.1855849582172702 0.24265734265734265
0 0.7851671309192201 0.6426573426573426 0.8736072423398329 0.6426573426573426 0.8736072423398329 0.5727272727272728 0.7851671309192201 0.5727272727272728 0.7851671309192201 0.6426573426573426
0 0.1737465181058496 0.5916083916083916 0.2517409470752089 0.5916083916083916 0.2517409470752089 0.5272727272727272 0.1737465181058496 0.5272727272727272 0.1737465181058496 0.5916083916083916
0 0.8976323119777159 0.2583916083916084 0.9846796657381616 0.2583916083916084 0.9846796657381616 0.18216783216783217 0.8976323119777159 0.18216783216783217 0.8976323119777159 0.2583916083916084
0 0.1413649025069638 0.536013986013986 0.2193593314763231 0.536013986013986 0.2193593314763231 0.47657342657342655 0.1413649025069638 0.47657342657342655 0.1413649025069638 0.536013986013986
0 0.28725626740947074 0.4825174825174825 0.36246518105849584 0.4825174825174825 0.36246518105849584 0.4195804195804196 0.28725626740947074 0.4195804195804196 0.28725626740947074 0.4825174825174825
0 0.055710306406685235 0.936013986013986 0.13161559888579388 0.936013986013986 0.13161559888579388 0.8681818181818182 0.055710306406685235 0.8681818181818182 0.055710306406685235 0.936013986013986
0 0.3868384401114206 0.9520979020979021 0.4738857938718663 0.9520979020979021 0.4738857938718663 0.8765734265734266 0.3868384401114206 0.8765734265734266 0.3868384401114206 0.9520979020979021
0 0.1974233983286908 0.9423076923076923 0.2761142061281337 0.9423076923076923 0.2761142061281337 0.8702797202797202 0.1974233983286908 0.8702797202797202 0.1974233983286908 0.9423076923076923
0 0.28934540389972147 0.2601398601398601 0.36246518105849584 0.2601398601398601 0.36246518105849584 0.1979020979020979 0.28934540389972147 0.1979020979020979 0.28934540389972147 0.2601398601398601
0 0.17409470752089137 0.41223776223776226 0.24512534818941503 0.41223776223776226 0.24512534818941503 0.3555944055944056 0.17409470752089137 0.3555944055944056 0.17409470752089137 0.41223776223776226
0 0.3516713091922006 0.4541958041958042 0.43245125348189417 0.4541958041958042 0.43245125348189417 0.38566433566433567 0.3516713091922006 0.38566433566433567 0.3516713091922006 0.4541958041958042
0 0.34435933147632314 0.22517482517482518 0.4153899721448468 0.22517482517482518 0.4153899721448468 0.15594405594405594 0.34435933147632314 0.15594405594405594 0.34435933147632314 0.22517482517482518
0 0.6664345403899722 0.08881118881118881 0.7458217270194986 0.08881118881118881 0.7458217270194986 0.02097902097902098 0.6664345403899722 0.02097902097902098 0.6664345403899722 0.08881118881118881
0 0.3366991643454039 0.8881118881118881 0.4272284122562674 0.8881118881118881 0.4272284122562674 0.813986013986014 0.3366991643454039 0.813986013986014 0.3366991643454039 0.8881118881118881
0 0.34331476323119775 0.1020979020979021 0.4129526462395543 0.1020979020979021 0.4129526462395543 0.03496503496503497 0.34331476323119775 0.03496503496503497 0.34331476323119775 0.1020979020979021
0 0.11873259052924791 0.23076923076923078 0.18906685236768803 0.23076923076923078 0.18906685236768803 0.17132867132867133 0.11873259052924791 0.17132867132867133 0.11873259052924791 0.23076923076923078
0 0.709958217270195 0.23566433566433567 0.7970055710306406 0.23566433566433567 0.7970055710306406 0.15944055944055943 0.709958217270195 0.15944055944055943 0.709958217270195 0.23566433566433567
0 0.31441504178272983 0.3972027972027972 0.391016713091922 0.3972027972027972 0.391016713091922 0.33146853146853145 0.31441504178272983 0.33146853146853145 0.31441504178272983 0.3972027972027972
0 0.14171309192200557 0.6800699300699301 0.22318941504178272 0.6800699300699301 0.22318941504178272 0.6115384615384616 0.14171309192200557 0.6115384615384616 0.14171309192200557 0.6800699300699301
0 0.4724930362116992 0.06888111888111888 0.549791086350975 0.06888111888111888 0.549791086350975 0.0038461538461538464 0.4724930362116992 0.0038461538461538464 0.4724930362116992 0.06888111888111888
0 0.5873955431754875 0.21433566433566434 0.6605153203342619 0.21433566433566434 0.6605153203342619 0.1451048951048951 0.5873955431754875 0.1451048951048951 0.5873955431754875 0.21433566433566434
0 0.4634401114206128 0.1520979020979021 0.5316852367688022 0.1520979020979021 0.5316852367688022 0.09125874125874125 0.4634401114206128 0.09125874125874125 0.4634401114206128 0.1520979020979021
0 0.2928272980501393 0.672027972027972 0.3729108635097493 0.672027972027972 0.3729108635097493 0.6062937062937063 0.2928272980501393 0.6062937062937063 0.2928272980501393 0.672027972027972
0 0.3983286908077994 0.5083916083916084 0.4818941504178273 0.5083916083916084 0.4818941504178273 0.4405594405594406 0.3983286908077994 0.4405594405594406 0.3983286908077994 0.5083916083916084
0 0.3363509749303621 0.7342657342657343 0.4213091922005571 0.7342657342657343 0.4213091922005571 0.6629370629370629 0.3363509749303621 0.6629370629370629 0.3363509749303621 0.7342657342657343
0 0.5473537604456824 0.691958041958042 0.6323119777158774 0.691958041958042 0.6323119777158774 0.6199300699300699 0.5473537604456824 0.6199300699300699 0.5473537604456824 0.691958041958042
0 0.24338440111420612 0.9996503496503496 0.32137883008356544 0.9996503496503496 0.32137883008356544 0.9311188811188811 0.24338440111420612 0.9311188811188811 0.24338440111420612 0.9996503496503496
0 0.6072423398328691 0.13356643356643358 0.6866295264623955 0.13356643356643358 0.6866295264623955 0.06713286713286713 0.6072423398328691 0.06713286713286713 0.6072423398328691 0.13356643356643358
0 0.6594707520891365 0.18216783216783217 0.7527855153203342 0.18216783216783217 0.7527855153203342 0.11083916083916084 0.6594707520891365 0.11083916083916084 0.6594707520891365 0.18216783216783217
0 0.4662256267409471 0.47692307692307695 0.5470055710306406 0.47692307692307695 0.5470055710306406 0.4097902097902098 0.4662256267409471 0.4097902097902098 0.4662256267409471 0.47692307692307695
0 0.21100278551532034 0.1646853146853147 0.28551532033426186 0.1646853146853147 0.28551532033426186 0.10174825174825175 0.21100278551532034 0.10174825174825175 0.21100278551532034 0.1646853146853147
0 0.8004874651810585 0.2472027972027972 0.8819637883008357 0.2472027972027972 0.8819637883008357 0.17097902097902098 0.8004874651810585 0.17097902097902098 0.8004874651810585 0.2472027972027972
0 0.33008356545961004 0.5363636363636364 0.4115598885793872 0.5363636363636364 0.4115598885793872 0.46223776223776225 0.33008356545961004 0.46223776223776225 0.33008356545961004 0.5363636363636364
0 0.40668523676880225 0.18951048951048952 0.47841225626740946 0.18951048951048952 0.47841225626740946 0.12377622377622377 0.40668523676880225 0.12377622377622377 0.40668523676880225 0.18951048951048952
0 0.24512534818941503 0.21153846153846154 0.31337047353760444 0.21153846153846154 0.31337047353760444 0.15 0.24512534818941503 0.15 0.24512534818941503 0.21153846153846154
0 0.717966573816156 0.5783216783216784 0.8084958217270195 0.5783216783216784 0.8084958217270195 0.5132867132867133 0.717966573816156 0.5132867132867133 0.717966573816156 0.5783216783216784
0 0.42513927576601673 0.9996503496503496 0.5066155988857939 0.9996503496503496 0.5066155988857939 0.9493006993006993 0.42513927576601673 0.9493006993006993 0.42513927576601673 0.9996503496503496
0 0.02193593314763231 0.9996503496503496 0.10271587743732591 0.9996503496503496 0.10271587743732591 0.9472027972027972 0.02193593314763231 0.9472027972027972 0.02193593314763231 0.9996503496503496
0 0.29735376044568246 0 0.29735376044568246 0.05244755244755245 0.36629526462395545 0.05244755244755245 0.36629526462395545 0 0.29735376044568246 0
0 0.298050139275766 0.8188811188811189 0.37813370473537605 0.8188811188811189 0.37813370473537605 0.7545454545454545 0.298050139275766 0.7545454545454545 0.298050139275766 0.8188811188811189
0 0.533774373259053 0.5381118881118881 0.6124651810584958 0.5381118881118881 0.6124651810584958 0.4723776223776224 0.533774373259053 0.4723776223776224 0.533774373259053 0.5381118881118881
0 0.17409470752089137 0.9996503496503496 0.2562674094707521 0.9996503496503496 0.2562674094707521 0.9604895104895105 0.17409470752089137 0.9604895104895105 0.17409470752089137 0.9996503496503496
0 0.3098885793871866 0.16958041958041958 0.3816155988857939 0.16958041958041958 0.3816155988857939 0.11223776223776223 0.3098885793871866 0.11223776223776223 0.3098885793871866 0.16958041958041958
0 0.00034818941504178273 0.8937062937062937 0.030988857938718663 0.8937062937062937 0.030988857938718663 0.8321678321678322 0.00034818941504178273 0.8321678321678322 0.00034818941504178273 0.8937062937062937
0 0.34818941504178275 0.9993006993006993 0.42270194986072424 0.9993006993006993 0.42270194986072424 0.9699300699300699 0.34818941504178275 0.9699300699300699 0.34818941504178275 0.9993006993006993
0 0.608983286908078 0 0.608983286908078 0.032867132867132866 0.6855849582172702 0.032867132867132866 0.6855849582172702 0 0.608983286908078 0
0 0.056406685236768804 0.42937062937062936 0.12534818941504178 0.42937062937062936 0.12534818941504178 0.3706293706293706 0.056406685236768804 0.3706293706293706 0.056406685236768804 0.42937062937062936
0 0.4338440111420613 0 0.4338440111420613 0.025874125874125874 0.504874651810585 0.025874125874125874 0.504874651810585 0 0.4338440111420613 0
0 0 0.4199300699300699 0.025069637883008356 0.4199300699300699 0.025069637883008356 0.3758741258741259 0 0.3758741258741259 0 0.4199300699300699
0 0.8119777158774373 1 0.8119777158774373 0.9804195804195804 0.7116991643454039 0.9804195804195804 0.7116991643454039 1 0.8119777158774373 1
0 0.8694289693593314 0 0.8694289693593314 0.01048951048951049 0.9139972144846796 0.01048951048951049 0.9139972144846796 0 0.8694289693593314 0
0 0.7935236768802229 0 0.7935236768802229 0.011888111888111888 0.8652506963788301 0.011888111888111888 0.8652506963788301 0 0.7935236768802229 0
0 0.17548746518105848 1 0.17548746518105848 0.9818181818181818 0.12534818941504178 0.9818181818181818 0.12534818941504178 1 0.17548746518105848 1
0 0.6928969359331476 0.26433566433566436 0.7298050139275766 0.26433566433566436 0.7298050139275766 0.23496503496503496 0.6928969359331476 0.23496503496503496 0.6928969359331476 0.26433566433566436
0 0.8889275766016713 0.3374125874125874 0.9272284122562674 0.3374125874125874 0.9272284122562674 0.30314685314685313 0.8889275766016713 0.30314685314685313 0.8889275766016713 0.3374125874125874