0 0.7263603925066905 0.2689144736842105 0.8169045495093666 0.2689144736842105 0.8169045495093666 0.11513157894736842 0.7263603925066905 0.11513157894736842 0.7263603925066905 0.2689144736842105
0 0.20985727029438 0.18050986842105263 0.29549509366636934 0.18050986842105263 0.29549509366636934 0.052220394736842105 0.20985727029438 0.052220394736842105 0.20985727029438 0.18050986842105263
0 0.7624888492417484 0.6077302631578947 0.8552631578947368 0.6077302631578947 0.8552631578947368 0.4720394736842105 0.7624888492417484 0.4720394736842105 0.7624888492417484 0.6077302631578947
0 0.4723461195361285 0.4535361842105263 0.5597680642283676 0.4535361842105263 0.5597680642283676 0.3268914473684211 0.4723461195361285 0.3268914473684211 0.4723461195361285 0.4535361842105263
0 0.0008920606601248885 0.4083059210526316 0.07850133809099019 0.4083059210526316 0.07850133809099019 0.2421875 0.0008920606601248885 0.2421875 0.0008920606601248885 0.4083059210526316
0 0.0767172167707404 0.7931743421052632 0.15744870651204282 0.7931743421052632 0.15744870651204282 0.6607730263157895 0.0767172167707404 0.6607730263157895 0.0767172167707404 0.7931743421052632
0 0.3329616413916146 0.9391447368421053 0.4029884032114184 0.9391447368421053 0.4029884032114184 0.796875 0.3329616413916146 0.796875 0.3329616413916146 0.9391447368421053
0 0.7718554861730598 0.4518914473684211 0.8481266726137378 0.4518914473684211 0.8481266726137378 0.28988486842105265 0.7718554861730598 0.28988486842105265 0.7718554861730598 0.4518914473684211
0 0.0031222123104371097 0.7039473684210527 0.0816235504014273 0.7039473684210527 0.0816235504014273 0.5666118421052632 0.0031222123104371097 0.5666118421052632 0.0031222123104371097 0.7039473684210527
0 0.27185548617305977 0.71875 0.3499107939339875 0.71875 0.3499107939339875 0.5904605263157895 0.27185548617305977 0.5904605263157895 0.27185548617305977 0.71875
0 0.7876895628902766 0.16241776315789475 0.8648528099910794 0.16241776315789475 0.8648528099910794 0.010279605263157895 0.7876895628902766 0.010279605263157895 0.7876895628902766 0.16241776315789475
0 0.20628902765388046 0.829358552631579 0.2838983050847458 0.829358552631579 0.2838983050847458 0.6895559210526315 0.20628902765388046 0.6895559210526315 0.20628902765388046 0.829358552631579
0 0.4908563782337199 0.17516447368421054 0.5733719892952721 0.17516447368421054 0.5733719892952721 0.03125 0.4908563782337199 0.03125 0.4908563782337199 0.17516447368421054
0 0.4808206958073149 0.8967927631578947 0.5504014272970562 0.8967927631578947 0.5504014272970562 0.7347861842105263 0.4808206958073149 0.7347861842105263 0.4808206958073149 0.8967927631578947
0 0.5778322925958965 0.28824013157894735 0.6496431757359501 0.28824013157894735 0.6496431757359501 0.12623355263157895 0.5778322925958965 0.12623355263157895 0.5778322925958965 0.28824013157894735
0 0.028322925958965208 0.8811677631578947 0.1059322033898305 0.8811677631578947 0.1059322033898305 0.7660361842105263 0.028322925958965208 0.7660361842105263 0.028322925958965208 0.8811677631578947
0 0.613514719000892 0.9991776315789473 0.694692239072257 0.9991776315789473 0.694692239072257 0.8947368421052632 0.613514719000892 0.8947368421052632 0.613514719000892 0.9991776315789473
0 0.5916592328278323 0.11060855263157894 0.6813113291703836 0.11060855263157894 0.6813113291703836 0.00041118421052631577 0.5916592328278323 0.00041118421052631577 0.5916592328278323 0.11060855263157894
0 0.5376895628902766 0.9868421052631579 0.60950044603033 0.9868421052631579 0.60950044603033 0.8314144736842105 0.5376895628902766 0.8314144736842105 0.5376895628902766 0.9868421052631579
0 0.42484388938447815 0.9991776315789473 0.5144959857270295 0.9991776315789473 0.5144959857270295 0.90625 0.42484388938447815 0.90625 0.42484388938447815 0.9991776315789473
0 0.07114183764495986 0.9658717105263158 0.15633363068688672 0.9658717105263158 0.15633363068688672 0.8359375 0.07114183764495986 0.8359375 0.07114183764495986 0.9658717105263158
0 0.00022301516503122213 0.16529605263157895 0.028322925958965208 0.16529605263157895 0.028322925958965208 0.03618421052631579 0.00022301516503122213 0.03618421052631579 0.00022301516503122213 0.16529605263157895
0 0.6966993755575379 0 0.6966993755575379 0.07072368421052631 0.7685102586975915 0.07072368421052631 0.7685102586975915 0 0.6966993755575379 0
0 0.4556199821587868 0 0.4556199821587868 0.05921052631578947 0.5323371989295272 0.05921052631578947 0.5323371989295272 0 0.4556199821587868 0
0 0.35548617305976804 0 0.35548617305976804 0.061677631578947366 0.427743086529884 0.061677631578947366 0.427743086529884 0 0.35548617305976804 0
0 0.09121320249776985 0.08675986842105263 0.17417484388938448 0.08675986842105263 0.17417484388938448 0.00041118421052631577 0.09121320249776985 0.00041118421052631577 0.09121320249776985 0.08675986842105263
0 0.22301516503122212 0.057154605263157895 0.3090990187332739 0.057154605263157895 0.3090990187332739 0.00041118421052631577 0.22301516503122212 0.00041118421052631577 0.22301516503122212 0.057154605263157895
0 0.14763603925066904 1 0.14763603925066904 0.96875 0.07493309545049064 0.96875 0.07493309545049064 1 0.14763603925066904 1
0 0 0.31620065789473684 0.010704727921498661 0.31620065789473684 0.010704727921498661 0.24465460526315788 0 0.24465460526315788 0 0.31620065789473684