0 0.915041782729805 0.6055944055944056 0.9993036211699164 0.6055944055944056 0.9993036211699164 0.5328671328671328 0.915041782729805 0.5328671328671328 0.915041782729805 0.6055944055944056
0 0.8561977715877437 0.43636363636363634 0.9467270194986073 0.43636363636363634 0.9467270194986073 0.36013986013986016 0.8561977715877437 0.36013986013986016 0.8561977715877437 0.43636363636363634
0 0.790041782729805 0.9038461538461539 0.8819637883008357 0.9038461538461539 0.8819637883008357 0.8297202797202797 0.790041782729805 0.8297202797202797 0.790041782729805 0.9038461538461539
0 0.8481894150417827 0.9807692307692307 0.9435933147632312 0.9807692307692307 0.9435933147632312 0.9024475524475525 0.8481894150417827 0.9024475524475525 0.8481894150417827 0.9807692307692307
0 0.34575208913649025 0.12867132867132866 0.4167827298050139 0.12867132867132866 0.4167827298050139 0.06083916083916084 0.34575208913649025 0.06083916083916084 0.34575208913649025 0.12867132867132866
0 0.7513927576601671 0.17552447552447553 0.8335654596100278 0.17552447552447553 0.8335654596100278 0.106993006993007 0.7513927576601671 0.106993006993007 0.7513927576601671 0.17552447552447553
0 0.24303621169916434 0.6451048951048951 0.31824512534818944 0.6451048951048951 0.31824512534818944 0.5793706293706293 0.24303621169916434 0.5793706293706293 0.24303621169916434 0.6451048951048951
0 0.6117688022284122 0.7951048951048951 0.7009052924791086 0.7951048951048951 0.7009052924791086 0.7230769230769231 0.6117688022284122 0.7230769230769231 0.6117688022284122 0.7951048951048951
0 0.557799442896936 0.9440559440559441 0.6399721448467967 0.9440559440559441 0.6399721448467967 0.8671328671328671 0.557799442896936 0.8671328671328671 0.557799442896936 0.9440559440559441
0 0.42096100278551535 0.6405594405594406 0.5045264623955432 0.6405594405594406 0.5045264623955432 0.5762237762237762 0.42096100278551535 0.5762237762237762 0.42096100278551535 0.6405594405594406
0 0.8485376044568245 0.13916083916083916 0.9383704735376045 0.13916083916083916 0.9383704735376045 0.06923076923076923 0.8485376044568245 0.06923076923076923 0.8485376044568245 0.13916083916083916
0 0.5034818941504178 0.8660839160839161 0.5863509749303621 0.8660839160839161 0.5863509749303621 0.7954545454545454 0.5034818941504178 0.7954545454545454 0.5034818941504178 0.8660839160839161
0 0.042827298050139274 0.9178321678321678 0.12569637883008355 0.9178321678321678 0.12569637883008355 0.8493006993006993 0.042827298050139274 0.8493006993006993 0.042827298050139274 0.9178321678321678
0 0.24825905292479108 0.4111888111888112 0.3199860724233983 0.4111888111888112 0.3199860724233983 0.35104895104895106 0.24825905292479108 0.35104895104895106 0.24825905292479108 0.4111888111888112
0 0.4860724233983287 0.6087412587412587 0.5710306406685237 0.6087412587412587 0.5710306406685237 0.5395104895104895 0.4860724233983287 0.5395104895104895 0.4860724233983287 0.6087412587412587
0 0.4314066852367688 0.2230769230769231 0.5094011142061281 0.2230769230769231 0.5094011142061281 0.15734265734265734 0.4314066852367688 0.15734265734265734 0.4314066852367688 0.2230769230769231
0 0.5689415041782729 0.6276223776223776 0.6497214484679665 0.6276223776223776 0.6497214484679665 0.5562937062937063 0.5689415041782729 0.5562937062937063 0.5689415041782729 0.6276223776223776
0 0.26915041782729804 0.5552447552447553 0.34435933147632314 0.5552447552447553 0.34435933147632314 0.4937062937062937 0.26915041782729804 0.4937062937062937 0.26915041782729804 0.5552447552447553
0 0.0988857938718663 0.46783216783216786 0.17061281337047354 0.46783216783216786 0.17061281337047354 0.4097902097902098 0.0988857938718663 0.4097902097902098 0.0988857938718663 0.46783216783216786
0 0.6591225626740947 0.8671328671328671 0.7538300835654597 0.8671328671328671 0.7538300835654597 0.7902097902097902 0.6591225626740947 0.7902097902097902 0.6591225626740947 0.8671328671328671
0 0.0403899721448468 0.7241258741258741 0.116991643454039 0.7241258741258741 0.116991643454039 0.6611888111888112 0.0403899721448468 0.6611888111888112 0.0403899721448468 0.7241258741258741
0 0.6852367688022284 0.7643356643356644 0.766016713091922 0.7643356643356644 0.766016713091922 0.6944055944055944 0.6852367688022284 0.6944055944055944 0.6852367688022284 0.7643356643356644
0 0.21239554317548748 0.9318181818181818 0.2924791086350975 0.9318181818181818 0.2924791086350975 0.8590909090909091 0.21239554317548748 0.8590909090909091 0.21239554317548748 0.9318181818181818
0 0.225974930362117 0.49755244755244754 0.29979108635097496 0.49755244755244754 0.29979108635097496 0.4367132867132867 0.225974930362117 0.4367132867132867 0.225974930362117 0.49755244755244754
0 0.4832869080779944 0.41363636363636364 0.557799442896936 0.41363636363636364 0.557799442896936 0.3513986013986014 0.4832869080779944 0.3513986013986014 0.4832869080779944 0.41363636363636364
0 0.45020891364902504 0.798951048951049 0.5358635097493036 0.798951048951049 0.5358635097493036 0.7325174825174825 0.45020891364902504 0.7325174825174825 0.45020891364902504 0.798951048951049
0 0.09575208913649025 0.6933566433566434 0.17653203342618384 0.6933566433566434 0.17653203342618384 0.6325174825174825 0.09575208913649025 0.6325174825174825 0.09575208913649025 0.6933566433566434
0 0.2155292479108635 0.14825174825174825 0.2865598885793872 0.14825174825174825 0.2865598885793872 0.08951048951048951 0.2155292479108635 0.08951048951048951 0.2155292479108635 0.14825174825174825
0 0.4895543175487465 0.13986013986013987 0.564066852367688 0.13986013986013987 0.564066852367688 0.07692307692307693 0.4895543175487465 0.07692307692307693 0.4895543175487465 0.13986013986013987
0 0.40041782729805014 0.7367132867132867 0.4881615598885794 0.7367132867132867 0.4881615598885794 0.663986013986014 0.40041782729805014 0.663986013986014 0.40041782729805014 0.7367132867132867
0 0.20403899721448468 0.5863636363636363 0.28342618384401114 0.5863636363636363 0.28342618384401114 0.5248251748251749 0.20403899721448468 0.5248251748251749 0.20403899721448468 0.5863636363636363
0 0.34993036211699163 0.6772727272727272 0.43419220055710306 0.6772727272727272 0.43419220055710306 0.6087412587412587 0.34993036211699163 0.6087412587412587 0.34993036211699163 0.6772727272727272
0 0.3332172701949861 0.7657342657342657 0.4153899721448468 0.7657342657342657 0.4153899721448468 0.6993006993006993 0.3332172701949861 0.6993006993006993 0.3332172701949861 0.7657342657342657
0 0 0.993006993006993 0.0584958217270195 0.993006993006993 0.0584958217270195 0.9272727272727272 0 0.9272727272727272 0 0.993006993006993
0 0.027158774373259052 0.8136363636363636 0.100974930362117 0.8136363636363636 0.100974930362117 0.75 0.027158774373259052 0.75 0.027158774373259052 0.8136363636363636
0 0.395891364902507 0.1751748251748252 0.4662256267409471 0.1751748251748252 0.4662256267409471 0.10944055944055944 0.395891364902507 0.10944055944055944 0.395891364902507 0.1751748251748252
0 0.14275766016713093 0.3895104895104895 0.21587743732590528 0.3895104895104895 0.21587743732590528 0.32797202797202796 0.14275766016713093 0.32797202797202796 0.14275766016713093 0.3895104895104895
0 0.3084958217270195 0.6139860139860139 0.3906685236768802 0.6139860139860139 0.3906685236768802 0.5468531468531469 0.3084958217270195 0.5468531468531469 0.3084958217270195 0.6139860139860139
0 0.746866295264624 0.9996503496503496 0.8415738161559888 0.9996503496503496 0.8415738161559888 0.9283216783216783 0.746866295264624 0.9283216783216783 0.746866295264624 0.9996503496503496
0 0.2155292479108635 0.7314685314685314 0.29909470752089135 0.7314685314685314 0.29909470752089135 0.6636363636363637 0.2155292479108635 0.6636363636363637 0.2155292479108635 0.7314685314685314
0 0.7594011142061281 0.4195804195804196 0.8422701949860725 0.4195804195804196 0.8422701949860725 0.34615384615384615 0.7594011142061281 0.34615384615384615 0.7594011142061281 0.4195804195804196
0 0 0.7083916083916084 0.04944289693593315 0.7083916083916084 0.04944289693593315 0.644055944055944 0 0.644055944055944 0 0.7083916083916084
0 0.1960306406685237 0.22972027972027972 0.27402506963788303 0.22972027972027972 0.27402506963788303 0.17167832167832167 0.1960306406685237 0.17167832167832167 0.1960306406685237 0.22972027972027972
0 0.16086350974930363 0.48146853146853147 0.23328690807799443 0.48146853146853147 0.23328690807799443 0.42272727272727273 0.16086350974930363 0.42272727272727273 0.16086350974930363 0.48146853146853147
0 0.12743732590529247 0.7524475524475525 0.20682451253481896 0.7524475524475525 0.20682451253481896 0.686013986013986 0.12743732590529247 0.686013986013986 0.12743732590529247 0.7524475524475525
0 0.3635097493036212 0.3437062937062937 0.4401114206128134 0.3437062937062937 0.4401114206128134 0.27867132867132866 0.3635097493036212 0.27867132867132866 0.3635097493036212 0.3437062937062937
0 0.3008356545961003 0.38076923076923075 0.3774373259052925 0.38076923076923075 0.3774373259052925 0.31223776223776223 0.3008356545961003 0.31223776223776223 0.3008356545961003 0.38076923076923075
0 0.6194289693593314 0.3493006993006993 0.700208913649025 0.3493006993006993 0.700208913649025 0.27587412587412585 0.6194289693593314 0.27587412587412585 0.6194289693593314 0.3493006993006993
0 0.4073816155988858 0.4020979020979021 0.48676880222841223 0.4020979020979021 0.48676880222841223 0.33426573426573425 0.4073816155988858 0.33426573426573425 0.4073816155988858 0.4020979020979021
0 0.16887186629526463 0.30979020979020977 0.24338440111420612 0.30979020979020977 0.24338440111420612 0.24825174825174826 0.16887186629526463 0.24825174825174826 0.16887186629526463 0.30979020979020977
0 0.16956824512534818 0.8646853146853147 0.24825905292479108 0.8646853146853147 0.24825905292479108 0.7961538461538461 0.16956824512534818 0.7961538461538461 0.16956824512534818 0.8646853146853147
0 0.2907381615598886 0.9052447552447552 0.375 0.9052447552447552 0.375 0.8318181818181818 0.2907381615598886 0.8318181818181818 0.2907381615598886 0.9052447552447552
0 0.009749303621169917 0.5797202797202797 0.08426183844011143 0.5797202797202797 0.08426183844011143 0.5202797202797202 0.009749303621169917 0.5202797202797202 0.009749303621169917 0.5797202797202797
0 0.05884401114206128 0.5482517482517483 0.13196378830083566 0.5482517482517483 0.13196378830083566 0.4874125874125874 0.05884401114206128 0.4874125874125874 0.05884401114206128 0.5482517482517483
0 0.20403899721448468 0.3622377622377622 0.27785515320334264 0.3622377622377622 0.27785515320334264 0.2972027972027972 0.20403899721448468 0.2972027972027972 0.20403899721448468 0.3622377622377622
0 0.66991643454039 0.4034965034965035 0.7604456824512534 0.4034965034965035 0.7604456824512534 0.33146853146853145 0.66991643454039 0.33146853146853145 0.66991643454039 0.4034965034965035
0 0.6981197771587744 1 0.6981197771587744 0.9398601398601398 0.6117688022284122 0.9398601398601398 0.6117688022284122 1 0.6981197771587744 1
0 0.12813370473537605 0.563986013986014 0.1998607242339833 0.563986013986014 0.1998607242339833 0.5073426573426574 0.12813370473537605 0.5073426573426574 0.12813370473537605 0.563986013986014
0 0.5020891364902507 0.32622377622377624 0.5724233983286908 0.32622377622377624 0.5724233983286908 0.25769230769230766 0.5020891364902507 0.25769230769230766 0.5020891364902507 0.32622377622377624
0 0.28481894150417825 0.6996503496503497 0.3683844011142061 0.6996503496503497 0.3683844011142061 0.6346153846153846 0.28481894150417825 0.6346153846153846 0.28481894150417825 0.6996503496503497
0 0.03516713091922006 0.4548951048951049 0.1048050139275766 0.4548951048951049 0.1048050139275766 0.3940559440559441 0.03516713091922006 0.3940559440559441 0.03516713091922006 0.4548951048951049
0 0.3631615598885794 0.8776223776223776 0.45090529247910865 0.8776223776223776 0.45090529247910865 0.8090909090909091 0.3631615598885794 0.8090909090909091 0.3631615598885794 0.8776223776223776
0 0.5094011142061281 0.23496503496503496 0.5825208913649025 0.23496503496503496 0.5825208913649025 0.17062937062937064 0.5094011142061281 0.17062937062937064 0.5094011142061281 0.23496503496503496
0 0.0947075208913649 0.8426573426573427 0.17688022284122562 0.8426573426573427 0.17688022284122562 0.7713286713286713 0.0947075208913649 0.7713286713286713 0.0947075208913649 0.8426573426573427
0 0.5470055710306406 0.3776223776223776 0.6222144846796658 0.3776223776223776 0.6222144846796658 0.3118881118881119 0.5470055710306406 0.3118881118881119 0.5470055710306406 0.3776223776223776
0 0.3920612813370474 0 0.3920612813370474 0.04685314685314685 0.4672701949860724 0.04685314685314685 0.4672701949860724 0 0.3920612813370474 0
0 0.07486072423398328 0.3706293706293706 0.14449860724233984 0.3706293706293706 0.14449860724233984 0.3153846153846154 0.07486072423398328 0.3153846153846154 0.07486072423398328 0.3706293706293706
0 0.6643454038997214 0.16783216783216784 0.7555710306406686 0.16783216783216784 0.7555710306406686 0.0951048951048951 0.6643454038997214 0.0951048951048951 0.6643454038997214 0.16783216783216784
0 0.3722144846796657 0.2625874125874126 0.44603064066852366 0.2625874125874126 0.44603064066852366 0.19755244755244755 0.3722144846796657 0.19755244755244755 0.3722144846796657 0.2625874125874126
0 0.7426880222841226 0.8335664335664336 0.8325208913649025 0.8335664335664336 0.8325208913649025 0.7552447552447552 0.7426880222841226 0.7552447552447552 0.7426880222841226 0.8335664335664336
0 0.6267409470752089 0.25104895104895103 0.7068245125348189 0.25104895104895103 0.7068245125348189 0.18601398601398603 0.6267409470752089 0.18601398601398603 0.6267409470752089 0.25104895104895103
0 0.528899721448468 0.7695804195804196 0.6117688022284122 0.7695804195804196 0.6117688022284122 0.701048951048951 0.528899721448468 0.701048951048951 0.528899721448468 0.7695804195804196
0 0.49059888579387184 0.7122377622377623 0.5699860724233984 0.7122377622377623 0.5699860724233984 0.6437062937062937 0.49059888579387184 0.6437062937062937 0.49059888579387184 0.7122377622377623
0 0.18210306406685237 0.9996503496503496 0.26357938718662954 0.9996503496503496 0.26357938718662954 0.95 0.18210306406685237 0.95 0.18210306406685237 0.9996503496503496
0 0.5668523676880223 0.29265734265734267 0.649025069637883 0.29265734265734267 0.649025069637883 0.22692307692307692 0.5668523676880223 0.22692307692307692 0.5668523676880223 0.29265734265734267
0 0.12604456824512536 1 0.12604456824512536 0.9496503496503497 0.04456824512534819 0.9496503496503497 0.04456824512534819 1 0.12604456824512536 1
0 0.26497214484679665 0.3241258741258741 0.33948467966573814 0.3241258741258741 0.33948467966573814 0.26328671328671327 0.26497214484679665 0.26328671328671327 0.26497214484679665 0.3241258741258741
0 0.4213091922005571 0.30734265734265737 0.49442896935933145 0.30734265734265737 0.49442896935933145 0.2465034965034965 0.4213091922005571 0.2465034965034965 0.4213091922005571 0.30734265734265737
0 0.5668523676880223 0.2006993006993007 0.6462395543175488 0.2006993006993007 0.6462395543175488 0.12307692307692308 0.5668523676880223 0.12307692307692308 0.5668523676880223 0.2006993006993007
0 0.584958217270195 0.10314685314685315 0.6608635097493036 0.10314685314685315 0.6608635097493036 0.045804195804195806 0.584958217270195 0.045804195804195806 0.584958217270195 0.10314685314685315
0 0.3008356545961003 0.25034965034965034 0.3732590529247911 0.25034965034965034 0.3732590529247911 0.18461538461538463 0.3008356545961003 0.18461538461538463 0.3008356545961003 0.25034965034965034
0 0.25452646239554316 0.9916083916083916 0.3311281337047354 0.9916083916083916 0.3311281337047354 0.9300699300699301 0.25452646239554316 0.9300699300699301 0.25452646239554316 0.9916083916083916
0 0.24756267409470753 0.8395104895104896 0.3318245125348189 0.8395104895104896 0.3318245125348189 0.7723776223776224 0.24756267409470753 0.7723776223776224 0.24756267409470753 0.8395104895104896
0 0.25591922005571033 0.1972027972027972 0.326949860724234 0.1972027972027972 0.326949860724234 0.13496503496503495 0.25591922005571033 0.13496503496503495 0.25591922005571033 0.1972027972027972
0 0.30153203342618384 0 0.30153203342618384 0.03566433566433566 0.3767409470752089 0.03566433566433566 0.3767409470752089 0 0.30153203342618384 0
0 0.9665738161559888 0.3006993006993007 0.9993036211699164 0.3006993006993007 0.9993036211699164 0.23426573426573427 0.9665738161559888 0.23426573426573427 0.9665738161559888 0.3006993006993007
0 0.00034818941504178273 0.793006993006993 0.03725626740947075 0.793006993006993 0.03725626740947075 0.727972027972028 0.00034818941504178273 0.727972027972028 0.00034818941504178273 0.793006993006993
0 0.4958217270194986 1 0.4958217270194986 0.9755244755244755 0.41434540389972147 0.9755244755244755 0.41434540389972147 1 0.4958217270194986 1
0 0.7043871866295265 0.7961538461538461 0.7524373259052924 0.7961538461538461 0.7524373259052924 0.7618881118881119 0.7043871866295265 0.7618881118881119 0.7043871866295265 0.7961538461538461
0 0 0.4178321678321678 0.019498607242339833 0.4178321678321678 0.019498607242339833 0.3758741258741259 0 0.3758741258741259 0 0.4178321678321678
0 0.8276462395543176 0.21713286713286714 0.8680362116991643 0.21713286713286714 0.8680362116991643 0.18776223776223777 0.8276462395543176 0.18776223776223777 0.8276462395543176 0.21713286713286714