0 0.5798572996706916 0.4479768786127168 0.6676728869374314 0.4479768786127168 0.6676728869374314 0.309971098265896 0.5798572996706916 0.309971098265896 0.5798572996706916 0.4479768786127168
0 0.3814489571899012 0.4888005780346821 0.47091108671789245 0.4888005780346821 0.47091108671789245 0.38692196531791906 0.3814489571899012 0.38692196531791906 0.3814489571899012 0.4888005780346821
0 0.6695938529088913 0.7377167630057804 0.7727771679473107 0.7377167630057804 0.7727771679473107 0.6069364161849711 0.6695938529088913 0.6069364161849711 0.6695938529088913 0.7377167630057804
0 0.13336992316136115 0.7377167630057804 0.22063666300768386 0.7377167630057804 0.22063666300768386 0.6416184971098265 0.13336992316136115 0.6416184971098265 0.13336992316136115 0.7377167630057804
0 0.4442919868276619 0.6683526011560693 0.5299121844127332 0.6683526011560693 0.5299121844127332 0.5708092485549133 0.4442919868276619 0.5708092485549133 0.4442919868276619 0.6683526011560693
0 0.30735455543358947 0 0.30735455543358947 0.0968208092485549 0.38199780461031835 0.0968208092485549 0.38199780461031835 0 0.30735455543358947 0
0 0.09796926454445665 0.5523843930635838 0.179198682766191 0.5523843930635838 0.179198682766191 0.45195086705202314 0.09796926454445665 0.45195086705202314 0.09796926454445665 0.5523843930635838
0 0.39763995609220637 0.8428468208092486 0.48929747530186607 0.8428468208092486 0.48929747530186607 0.7330202312138728 0.39763995609220637 0.7330202312138728 0.39763995609220637 0.8428468208092486
0 0.04665203073545554 0.47434971098265893 0.12184412733260154 0.47434971098265893 0.12184412733260154 0.3768063583815029 0.04665203073545554 0.3768063583815029 0.04665203073545554 0.47434971098265893
0 0.17645444566410537 0.26264450867052025 0.2510976948408343 0.26264450867052025 0.2510976948408343 0.15570809248554912 0.17645444566410537 0.15570809248554912 0.17645444566410537 0.26264450867052025
0 0.10647639956092206 0.9913294797687862 0.18331503841931943 0.9913294797687862 0.18331503841931943 0.8786127167630058 0.10647639956092206 0.8786127167630058 0.10647639956092206 0.9913294797687862
0 0.21048298572996707 0.6893063583815029 0.29226125137211856 0.6893063583815029 0.29226125137211856 0.5758670520231214 0.21048298572996707 0.5758670520231214 0.21048298572996707 0.6893063583815029
0 0.27716794731064764 0.2138728323699422 0.36388583973655325 0.2138728323699422 0.36388583973655325 0.11416184971098266 0.27716794731064764 0.11416184971098266 0.27716794731064764 0.2138728323699422
0 0.02716794731064764 0.1773843930635838 0.09906695938529089 0.1773843930635838 0.09906695938529089 0.06900289017341041 0.02716794731064764 0.06900289017341041 0.02716794731064764 0.1773843930635838
0 0.4640504939626784 0.9479768786127167 0.5584522502744237 0.9479768786127167 0.5584522502744237 0.833092485549133 0.4640504939626784 0.833092485549133 0.4640504939626784 0.9479768786127167
0 0.34659714599341385 0.40028901734104044 0.42233809001097694 0.40028901734104044 0.42233809001097694 0.2817919075144509 0.34659714599341385 0.2817919075144509 0.34659714599341385 0.40028901734104044
0 0.21789242590559824 0.5744219653179191 0.2996706915477497 0.5744219653179191 0.2996706915477497 0.47398843930635837 0.21789242590559824 0.47398843930635837 0.21789242590559824 0.5744219653179191
0 0.1062019758507135 0.23554913294797689 0.1770032930845225 0.23554913294797689 0.1770032930845225 0.15028901734104047 0.1062019758507135 0.15028901734104047 0.1062019758507135 0.23554913294797689
0 0.027442371020856202 0.2677023121387283 0.11031833150384193 0.2677023121387283 0.11031833150384193 0.17882947976878613 0.027442371020856202 0.17882947976878613 0.027442371020856202 0.2677023121387283
0 0.3065312843029638 0.29804913294797686 0.3910537870472009 0.29804913294797686 0.3910537870472009 0.20122832369942195 0.3065312843029638 0.20122832369942195 0.3065312843029638 0.29804913294797686
0 0 0.4147398843930636 0.049945115257958285 0.4147398843930636 0.049945115257958285 0.3236994219653179 0 0.3236994219653179 0 0.4147398843930636
0 0.21569703622392974 0.39197976878612717 0.28869374313940727 0.39197976878612717 0.28869374313940727 0.2807080924855491 0.21569703622392974 0.2807080924855491 0.21569703622392974 0.39197976878612717
0 0.7041712403951701 1 0.7041712403951701 0.9421965317919075 0.6158068057080132 0.9421965317919075 0.6158068057080132 1 0.7041712403951701 1
0 0.00027442371020856203 0.3211705202312139 0.0491218441273326 0.3211705202312139 0.0491218441273326 0.22796242774566475 0.00027442371020856203 0.22796242774566475 0.00027442371020856203 0.3211705202312139
0 0.14654226125137212 0 0.14654226125137212 0.07369942196531792 0.22447859495060374 0.07369942196531792 0.22447859495060374 0 0.14654226125137212 0
0 0.26207464324917673 0.4848265895953757 0.3361690450054885 0.4848265895953757 0.3361690450054885 0.3735549132947977 0.26207464324917673 0.3735549132947977 0.26207464324917673 0.4848265895953757
0 0 0.13619942196531792 0.04226125137211855 0.13619942196531792 0.04226125137211855 0.028540462427745664 0 0.028540462427745664 0 0.13619942196531792
0 0.2340834248079034 0 0.2340834248079034 0.07586705202312138 0.3043358946212953 0.07586705202312138 0.3043358946212953 0 0.2340834248079034 0
0 0 0.5010838150289018 0.03238199780461032 0.5010838150289018 0.03238199780461032 0.41510115606936415 0 0.41510115606936415 0 0.5010838150289018
0 0.04198682766190999 0 0.04198682766190999 0.02745664739884393 0.10400658616904501 0.02745664739884393 0.10400658616904501 0 0.04198682766190999 0
0 0.00027442371020856203 0.20917630057803469 0.01619099890230516 0.20917630057803469 0.01619099890230516 0.14703757225433525 0.00027442371020856203 0.14703757225433525 0.00027442371020856203 0.20917630057803469