0 0.6794731064763996 0.16473988439306358 0.7799121844127332 0.16473988439306358 0.7799121844127332 0.049132947976878616 0.6794731064763996 0.049132947976878616 0.6794731064763996 0.16473988439306358
0 0.5809549945115258 0.6007947976878613 0.6841383095499451 0.6007947976878613 0.6841383095499451 0.4779624277456647 0.5809549945115258 0.4779624277456647 0.5809549945115258 0.6007947976878613
0 0.43468715697036225 0.3500722543352601 0.5230515916575192 0.3500722543352601 0.5230515916575192 0.24530346820809248 0.43468715697036225 0.24530346820809248 0.43468715697036225 0.3500722543352601
0 0.3611416026344676 0.12897398843930635 0.43468715697036225 0.12897398843930635 0.43468715697036225 0.010476878612716763 0.3611416026344676 0.010476878612716763 0.3611416026344676 0.12897398843930635
0 0.686059275521405 0.9241329479768786 0.7771679473106476 0.9241329479768786 0.7771679473106476 0.7803468208092486 0.686059275521405 0.7803468208092486 0.686059275521405 0.9241329479768786
0 0.5617453347969265 0.20845375722543352 0.6539517014270033 0.20845375722543352 0.6539517014270033 0.0906791907514451 0.5617453347969265 0.0906791907514451 0.5617453347969265 0.20845375722543352
0 0.09412733260153677 0.39197976878612717 0.16273326015367728 0.39197976878612717 0.16273326015367728 0.2929913294797688 0.09412733260153677 0.2929913294797688 0.09412733260153677 0.39197976878612717
0 0.2804610318331504 0.5209537572254336 0.36882546652030734 0.5209537572254336 0.36882546652030734 0.4234104046242775 0.2804610318331504 0.4234104046242775 0.2804610318331504 0.5209537572254336
0 0.254390779363337 0.6184971098265896 0.3400109769484083 0.6184971098265896 0.3400109769484083 0.5202312138728323 0.254390779363337 0.5202312138728323 0.254390779363337 0.6184971098265896
0 0.5238748627881449 0 0.5238748627881449 0.09754335260115607 0.6149835345773875 0.09754335260115607 0.6149835345773875 0 0.5238748627881449 0
0 0.20197585071350166 0.7673410404624278 0.27771679473106475 0.7673410404624278 0.27771679473106475 0.648121387283237 0.20197585071350166 0.648121387283237 0.20197585071350166 0.7673410404624278
0 0.35208562019758505 0.35585260115606937 0.4322173435784852 0.35585260115606937 0.4322173435784852 0.24747109826589594 0.35208562019758505 0.24747109826589594 0.35208562019758505 0.35585260115606937
0 0.36470911086717894 0.6004335260115607 0.43825466520307355 0.6004335260115607 0.43825466520307355 0.48265895953757226 0.36470911086717894 0.48265895953757226 0.36470911086717894 0.6004335260115607
0 0.13062568605927552 0.20664739884393063 0.21405049396267836 0.20664739884393063 0.21405049396267836 0.11416184971098266 0.13062568605927552 0.11416184971098266 0.13062568605927552 0.20664739884393063
0 0.22063666300768386 0.27565028901734107 0.300768386388584 0.27565028901734107 0.300768386388584 0.1795520231213873 0.22063666300768386 0.1795520231213873 0.22063666300768386 0.27565028901734107
0 0.15587266739846323 0 0.15587266739846323 0.08236994219653179 0.22667398463227223 0.08236994219653179 0.22667398463227223 0 0.15587266739846323 0
0 0.2804610318331504 0.35332369942196534 0.3545554335894621 0.35332369942196534 0.3545554335894621 0.24710982658959538 0.2804610318331504 0.24710982658959538 0.2804610318331504 0.35332369942196534
0 0 0.9801300578034682 0.0570801317233809 0.9801300578034682 0.0570801317233809 0.8905346820809249 0 0.8905346820809249 0 0.9801300578034682
0 0.3743139407244786 0.9992774566473989 0.4489571899012075 0.9992774566473989 0.4489571899012075 0.916907514450867 0.3743139407244786 0.916907514450867 0.3743139407244786 0.9992774566473989
0 0.14763995609220637 0.3002167630057804 0.2239297475301866 0.3002167630057804 0.2239297475301866 0.21495664739884393 0.14763995609220637 0.21495664739884393 0.14763995609220637 0.3002167630057804
0 0 0.4057080924855491 0.06750823271130625 0.4057080924855491 0.06750823271130625 0.29877167630057805 0 0.29877167630057805 0 0.4057080924855491
0 0.22145993413830956 0.16799132947976878 0.29281009879253567 0.16799132947976878 0.29281009879253567 0.07189306358381503 0.22145993413830956 0.07189306358381503 0.22145993413830956 0.16799132947976878
0 0.2903402854006586 0.13367052023121387 0.3600439077936334 0.13367052023121387 0.3600439077936334 0.02384393063583815 0.2903402854006586 0.02384393063583815 0.2903402854006586 0.13367052023121387
0 0.070801317233809 0.29804913294797686 0.14544456641053788 0.29804913294797686 0.14544456641053788 0.1976156069364162 0.070801317233809 0.1976156069364162 0.070801317233809 0.29804913294797686
0 0.0982436882546652 0.12030346820809248 0.16465422612513722 0.12030346820809248 0.16465422612513722 0.019869942196531792 0.0982436882546652 0.019869942196531792 0.0982436882546652 0.12030346820809248
0 0.7392974753018661 0 0.7392974753018661 0.03829479768786127 0.8375411635565313 0.03829479768786127 0.8375411635565313 0 0.7392974753018661 0
0 0.02991218441273326 0.9996387283236994 0.10290889132821075 0.9996387283236994 0.10290889132821075 0.9692919075144508 0.02991218441273326 0.9692919075144508 0.02991218441273326 0.9996387283236994
0 0.9914928649835346 0.11632947976878613 0.9997255762897914 0.11632947976878613 0.9997255762897914 0.057803468208092484 0.9914928649835346 0.057803468208092484 0.9914928649835346 0.11632947976878613