0 0.6083853702051739 0.21628289473684212 0.695807314897413 0.21628289473684212 0.695807314897413 0.07730263157894737 0.6083853702051739 0.07730263157894737 0.6083853702051739 0.21628289473684212
0 0.4431311329170384 0.5773026315789473 0.5309991079393399 0.5773026315789473 0.5309991079393399 0.44243421052631576 0.4431311329170384 0.44243421052631576 0.4431311329170384 0.5773026315789473
0 0.7852363960749331 0.45929276315789475 0.8646297948260482 0.45929276315789475 0.8646297948260482 0.3203125 0.7852363960749331 0.3203125 0.7852363960749331 0.45929276315789475
0 0.3608385370205174 0.7598684210526315 0.4295272078501338 0.7598684210526315 0.4295272078501338 0.6052631578947368 0.3608385370205174 0.6052631578947368 0.3608385370205174 0.7598684210526315
0 0.4384478144513827 0.16447368421052633 0.5075825156110616 0.16447368421052633 0.5075825156110616 0.004934210526315789 0.4384478144513827 0.004934210526315789 0.4384478144513827 0.16447368421052633
0 0.4466993755575379 0.2948190789473684 0.5265388046387154 0.2948190789473684 0.5265388046387154 0.15583881578947367 0.4466993755575379 0.15583881578947367 0.4466993755575379 0.2948190789473684
0 0.09121320249776985 0.561266447368421 0.17729705619982158 0.561266447368421 0.17729705619982158 0.41899671052631576 0.09121320249776985 0.41899671052631576 0.09121320249776985 0.561266447368421
0 0.20628902765388046 0.5489309210526315 0.29148082069580733 0.5489309210526315 0.29148082069580733 0.4231085526315789 0.20628902765388046 0.4231085526315789 0.20628902765388046 0.5489309210526315
0 0.296164139161463 0.24259868421052633 0.3813559322033898 0.24259868421052633 0.3813559322033898 0.11019736842105263 0.296164139161463 0.11019736842105263 0.296164139161463 0.24259868421052633
0 0.6295718108831401 0.4864309210526316 0.7062890276538805 0.4864309210526316 0.7062890276538805 0.3293585526315789 0.6295718108831401 0.3293585526315789 0.6295718108831401 0.4864309210526316
0 0.4070026761819804 0.8462171052631579 0.48461195361284565 0.8462171052631579 0.48461195361284565 0.6907894736842105 0.4070026761819804 0.6907894736842105 0.4070026761819804 0.8462171052631579
0 0.7183318465655665 0.3425164473684211 0.8111061552185549 0.3425164473684211 0.8111061552185549 0.20435855263157895 0.7183318465655665 0.20435855263157895 0.7183318465655665 0.3425164473684211
0 0.3458965209634255 0.3737664473684211 0.41770740410347906 0.3737664473684211 0.41770740410347906 0.21011513157894737 0.3458965209634255 0.21011513157894737 0.3458965209634255 0.3737664473684211
0 0.6358162355040142 0.7142269736842105 0.7276984834968778 0.7142269736842105 0.7276984834968778 0.5801809210526315 0.6358162355040142 0.5801809210526315 0.6358162355040142 0.7142269736842105
0 0.2245762711864407 0.35526315789473684 0.30798394290811776 0.35526315789473684 0.30798394290811776 0.22286184210526316 0.2245762711864407 0.22286184210526316 0.2245762711864407 0.35526315789473684
0 0.6891168599464763 0.5990953947368421 0.7796610169491526 0.5990953947368421 0.7796610169491526 0.4708059210526316 0.6891168599464763 0.4708059210526316 0.6891168599464763 0.5990953947368421
0 0.2649420160570919 0.8881578947368421 0.34255129348795715 0.8881578947368421 0.34255129348795715 0.7442434210526315 0.2649420160570919 0.7442434210526315 0.2649420160570919 0.8881578947368421
0 0.6980374665477252 0.21628289473684212 0.780107047279215 0.21628289473684212 0.780107047279215 0.0649671052631579 0.6980374665477252 0.0649671052631579 0.6980374665477252 0.21628289473684212
0 0.3285013380909902 0.5855263157894737 0.4087867975022301 0.5855263157894737 0.4087867975022301 0.45394736842105265 0.3285013380909902 0.45394736842105265 0.3285013380909902 0.5855263157894737
0 0.29549509366636934 0.4605263157894737 0.37355040142729706 0.4605263157894737 0.37355040142729706 0.31167763157894735 0.29549509366636934 0.31167763157894735 0.29549509366636934 0.4605263157894737
0 0.5782783229259589 0.5908717105263158 0.661685994647636 0.5908717105263158 0.661685994647636 0.4666940789473684 0.5782783229259589 0.4666940789473684 0.5782783229259589 0.5908717105263158
0 0.7100802854594113 0.4609375 0.7823371989295272 0.4609375 0.7823371989295272 0.3359375 0.7100802854594113 0.3359375 0.7100802854594113 0.4609375
0 0.5309991079393399 1 0.5309991079393399 0.8865131578947368 0.45026761819803746 0.8865131578947368 0.45026761819803746 1 0.5309991079393399 1
0 0.27631578947368424 0.7508223684210527 0.34857270294380016 0.7508223684210527 0.34857270294380016 0.6060855263157895 0.27631578947368424 0.6060855263157895 0.27631578947368424 0.7508223684210527
0 0.8456735057983943 0.9995888157894737 0.9281891168599464 0.9995888157894737 0.9281891168599464 0.8597861842105263 0.8456735057983943 0.8597861842105263 0.8456735057983943 0.9995888157894737
0 0.24107939339875112 0.9995888157894737 0.32894736842105265 0.9995888157894737 0.32894736842105265 0.8852796052631579 0.24107939339875112 0.8852796052631579 0.24107939339875112 0.9995888157894737
0 0.20941123996431757 0.7791940789473685 0.2816681534344335 0.7791940789473685 0.2816681534344335 0.6295230263157895 0.20941123996431757 0.6295230263157895 0.20941123996431757 0.7791940789473685
0 0.00022301516503122213 0.45024671052631576 0.04348795718108831 0.45024671052631576 0.04348795718108831 0.30550986842105265 0.00022301516503122213 0.30550986842105265 0.00022301516503122213 0.45024671052631576
0 0.3599464763603925 0.13856907894736842 0.42863514719000895 0.13856907894736842 0.42863514719000895 0.00041118421052631577 0.3599464763603925 0.00041118421052631577 0.3599464763603925 0.13856907894736842
0 0.7859054415700267 0.24300986842105263 0.852363960749331 0.24300986842105263 0.852363960749331 0.09004934210526316 0.7859054415700267 0.09004934210526316 0.7859054415700267 0.24300986842105263
0 0.00022301516503122213 0.6924342105263158 0.044380017841213204 0.6924342105263158 0.044380017841213204 0.5682565789473685 0.00022301516503122213 0.5682565789473685 0.00022301516503122213 0.6924342105263158
0 0.22033898305084745 0.22286184210526316 0.30017841213202495 0.22286184210526316 0.30017841213202495 0.08881578947368421 0.22033898305084745 0.08881578947368421 0.22033898305084745 0.22286184210526316
0 0.6335860838537021 1 0.6335860838537021 0.9037828947368421 0.5608831400535237 0.9037828947368421 0.5608831400535237 1 0.6335860838537021 1
0 0.766057091882248 0 0.766057091882248 0.08963815789473684 0.8347457627118644 0.08963815789473684 0.8347457627118644 0 0.766057091882248 0
0 0.758028545941124 0.9991776315789473 0.8552631578947368 0.9991776315789473 0.8552631578947368 0.9103618421052632 0.758028545941124 0.9103618421052632 0.758028545941124 0.9991776315789473
0 0.6759589652096343 0 0.6759589652096343 0.09210526315789473 0.7549063336306869 0.09210526315789473 0.7549063336306869 0 0.6759589652096343 0