0 0.006963788300835654 0.4954545454545455 0.08565459610027855 0.4954545454545455 0.08565459610027855 0.4318181818181818 0.006963788300835654 0.4318181818181818 0.006963788300835654 0.4954545454545455
0 0.9230501392757661 0.34195804195804197 0.9996518105849582 0.34195804195804197 0.9996518105849582 0.27342657342657345 0.9230501392757661 0.27342657342657345 0.9230501392757661 0.34195804195804197
0 0.6800139275766016 0.8853146853146853 0.7684540389972145 0.8853146853146853 0.7684540389972145 0.8062937062937063 0.6800139275766016 0.8062937062937063 0.6800139275766016 0.8853146853146853
0 0.6302228412256268 0.45874125874125876 0.713091922005571 0.45874125874125876 0.713091922005571 0.3902097902097902 0.6302228412256268 0.3902097902097902 0.6302228412256268 0.45874125874125876
0 0.3753481894150418 0.15489510489510488 0.44637883008356544 0.15489510489510488 0.44637883008356544 0.08566433566433566 0.3753481894150418 0.08566433566433566 0.3753481894150418 0.15489510489510488
0 0.6939415041782729 0.6185314685314686 0.7830779944289693 0.6185314685314686 0.7830779944289693 0.5486013986013986 0.6939415041782729 0.5486013986013986 0.6939415041782729 0.6185314685314686
0 0.7705431754874652 0.8496503496503497 0.8659470752089137 0.8496503496503497 0.8659470752089137 0.7748251748251749 0.7705431754874652 0.7748251748251749 0.7705431754874652 0.8496503496503497
0 0.5539693593314763 0.8573426573426574 0.6451949860724234 0.8573426573426574 0.6451949860724234 0.7755244755244756 0.5539693593314763 0.7755244755244756 0.5539693593314763 0.8573426573426574
0 0.5041782729805014 0.6318181818181818 0.5877437325905293 0.6318181818181818 0.5877437325905293 0.5688811188811189 0.5041782729805014 0.5688811188811189 0.5041782729805014 0.6318181818181818
0 0.8464484679665738 0.4370629370629371 0.9376740947075209 0.4370629370629371 0.9376740947075209 0.36433566433566433 0.8464484679665738 0.36433566433566433 0.8464484679665738 0.4370629370629371
0 0.029944289693593314 0.7230769230769231 0.10445682451253482 0.7230769230769231 0.10445682451253482 0.6622377622377622 0.029944289693593314 0.6622377622377622 0.029944289693593314 0.7230769230769231
0 0.7827298050139275 0 0.7827298050139275 0.04755244755244755 0.8676880222841226 0.04755244755244755 0.8676880222841226 0 0.7827298050139275 0
0 0.4947771587743733 0.9506993006993008 0.5922701949860725 0.9506993006993008 0.5922701949860725 0.8688811188811189 0.4947771587743733 0.8688811188811189 0.4947771587743733 0.9506993006993008
0 0.7043871866295265 0.41853146853146855 0.7928272980501393 0.41853146853146855 0.7928272980501393 0.3506993006993007 0.7043871866295265 0.3506993006993007 0.7043871866295265 0.41853146853146855
0 0.6584261838440112 0.22622377622377624 0.7440807799442897 0.22622377622377624 0.7440807799442897 0.1506993006993007 0.6584261838440112 0.1506993006993007 0.6584261838440112 0.22622377622377624
0 0.6253481894150418 0.35874125874125873 0.708217270194986 0.35874125874125873 0.708217270194986 0.2916083916083916 0.6253481894150418 0.2916083916083916 0.6253481894150418 0.35874125874125873
0 0.3868384401114206 0.6108391608391608 0.4676183844011142 0.6108391608391608 0.4676183844011142 0.5458041958041958 0.3868384401114206 0.5458041958041958 0.3868384401114206 0.6108391608391608
0 0.2733286908077994 0.7811188811188812 0.354108635097493 0.7811188811188812 0.354108635097493 0.7167832167832168 0.2733286908077994 0.7167832167832168 0.2733286908077994 0.7811188811188812
0 0 0.7611888111888112 0.057103064066852366 0.7611888111888112 0.057103064066852366 0.6961538461538461 0 0.6961538461538461 0 0.7611888111888112
0 0.6034122562674095 0.17587412587412588 0.6855849582172702 0.17587412587412588 0.6855849582172702 0.10244755244755245 0.6034122562674095 0.10244755244755245 0.6034122562674095 0.17587412587412588
0 0.018454038997214484 0.8192307692307692 0.10341225626740948 0.8192307692307692 0.10341225626740948 0.7479020979020979 0.018454038997214484 0.7479020979020979 0.018454038997214484 0.8192307692307692
0 0.79491643454039 0.23426573426573427 0.8833565459610028 0.23426573426573427 0.8833565459610028 0.16013986013986015 0.79491643454039 0.16013986013986015 0.79491643454039 0.23426573426573427
0 0.5156685236768802 0.5363636363636364 0.5957520891364902 0.5363636363636364 0.5957520891364902 0.46853146853146854 0.5156685236768802 0.46853146853146854 0.5156685236768802 0.5363636363636364
0 0.2733286908077994 0.4937062937062937 0.3568941504178273 0.4937062937062937 0.3568941504178273 0.43006993006993005 0.2733286908077994 0.43006993006993005 0.2733286908077994 0.4937062937062937
0 0.28934540389972147 0.35874125874125873 0.36942896935933145 0.35874125874125873 0.36942896935933145 0.2965034965034965 0.28934540389972147 0.2965034965034965 0.28934540389972147 0.35874125874125873
0 0.4780640668523677 0.3881118881118881 0.5567548746518106 0.3881118881118881 0.5567548746518106 0.3167832167832168 0.4780640668523677 0.3167832167832168 0.4780640668523677 0.3881118881118881
0 0.31963788300835655 0.5527972027972028 0.4087743732590529 0.5527972027972028 0.4087743732590529 0.4835664335664336 0.31963788300835655 0.4835664335664336 0.31963788300835655 0.5527972027972028
0 0.23224233983286907 0.7265734265734266 0.30954038997214484 0.7265734265734266 0.30954038997214484 0.6573426573426573 0.23224233983286907 0.6573426573426573 0.23224233983286907 0.7265734265734266
0 0.4216573816155989 0.20244755244755244 0.5024373259052924 0.20244755244755244 0.5024373259052924 0.13041958041958043 0.4216573816155989 0.13041958041958043 0.4216573816155989 0.20244755244755244
0 0.6413649025069638 0.558041958041958 0.7256267409470752 0.558041958041958 0.7256267409470752 0.48951048951048953 0.6413649025069638 0.48951048951048953 0.6413649025069638 0.558041958041958
0 0.4878133704735376 0.15874125874125875 0.560933147632312 0.15874125874125875 0.560933147632312 0.0937062937062937 0.4878133704735376 0.0937062937062937 0.4878133704735376 0.15874125874125875
0 0.24338440111420612 0.5846153846153846 0.32764623955431754 0.5846153846153846 0.32764623955431754 0.5160839160839161 0.24338440111420612 0.5160839160839161 0.24338440111420612 0.5846153846153846
0 0.4634401114206128 0.479020979020979 0.549791086350975 0.479020979020979 0.549791086350975 0.4125874125874126 0.4634401114206128 0.4125874125874126 0.4634401114206128 0.479020979020979
0 0.1834958217270195 0.13041958041958043 0.2524373259052925 0.13041958041958043 0.2524373259052925 0.07027972027972028 0.1834958217270195 0.07027972027972028 0.1834958217270195 0.13041958041958043
0 0.572075208913649 0.5961538461538461 0.6605153203342619 0.5961538461538461 0.6605153203342619 0.5304195804195804 0.572075208913649 0.5304195804195804 0.572075208913649 0.5961538461538461
0 0.5619777158774373 0.12167832167832168 0.6344011142061281 0.12167832167832168 0.6344011142061281 0.05174825174825175 0.5619777158774373 0.05174825174825175 0.5619777158774373 0.12167832167832168
0 0.44324512534818944 0.6737762237762238 0.5261142061281338 0.6737762237762238 0.5261142061281338 0.6017482517482518 0.44324512534818944 0.6017482517482518 0.44324512534818944 0.6737762237762238
0 0.4348885793871866 0.3346153846153846 0.5100974930362117 0.3346153846153846 0.5100974930362117 0.2702797202797203 0.4348885793871866 0.2702797202797203 0.4348885793871866 0.3346153846153846
0 0.685933147632312 0.12902097902097903 0.7681058495821727 0.12902097902097903 0.7681058495821727 0.06118881118881119 0.685933147632312 0.06118881118881119 0.685933147632312 0.12902097902097903
0 0.49686629526462395 0.7870629370629371 0.583217270194986 0.7870629370629371 0.583217270194986 0.7164335664335665 0.49686629526462395 0.7164335664335665 0.49686629526462395 0.7870629370629371
0 0.7350278551532033 0.18041958041958042 0.8192896935933147 0.18041958041958042 0.8192896935933147 0.11118881118881119 0.7350278551532033 0.11118881118881119 0.7350278551532033 0.18041958041958042
0 0.18662952646239556 0.6671328671328671 0.2646239554317549 0.6671328671328671 0.2646239554317549 0.6 0.18662952646239556 0.6 0.18662952646239556 0.6671328671328671
0 0.34784122562674097 0.45944055944055945 0.42653203342618384 0.45944055944055945 0.42653203342618384 0.3972027972027972 0.34784122562674097 0.3972027972027972 0.34784122562674097 0.45944055944055945
0 0.19707520891364902 0.5272727272727272 0.2743732590529248 0.5272727272727272 0.2743732590529248 0.4636363636363636 0.19707520891364902 0.4636363636363636 0.19707520891364902 0.5272727272727272
0 0.21901114206128133 0.17832167832167833 0.30118384401114207 0.17832167832167833 0.30118384401114207 0.11398601398601399 0.21901114206128133 0.11398601398601399 0.21901114206128133 0.17832167832167833
0 0.7085654596100278 0.2744755244755245 0.799791086350975 0.2744755244755245 0.799791086350975 0.20454545454545456 0.7085654596100278 0.20454545454545456 0.7085654596100278 0.2744755244755245
0 0.09261838440111421 0.5986013986013986 0.1692200557103064 0.5986013986013986 0.1692200557103064 0.5363636363636364 0.09261838440111421 0.5363636363636364 0.09261838440111421 0.5986013986013986
0 0.22110027855153203 0.39755244755244756 0.29143454038997213 0.39755244755244756 0.29143454038997213 0.3339160839160839 0.22110027855153203 0.3339160839160839 0.22110027855153203 0.39755244755244756
0 0.0908774373259053 0.7916083916083916 0.1653899721448468 0.7916083916083916 0.1653899721448468 0.7244755244755244 0.0908774373259053 0.7244755244755244 0.0908774373259053 0.7916083916083916
0 0.3568941504178273 0.32447552447552447 0.43419220055710306 0.32447552447552447 0.43419220055710306 0.2601398601398601 0.3568941504178273 0.2601398601398601 0.3568941504178273 0.32447552447552447
0 0.37047353760445684 0.705944055944056 0.44846796657381616 0.705944055944056 0.44846796657381616 0.6388111888111888 0.37047353760445684 0.6388111888111888 0.37047353760445684 0.705944055944056
0 0.23607242339832868 0.3118881118881119 0.314066852367688 0.3118881118881119 0.314066852367688 0.24405594405594405 0.23607242339832868 0.24405594405594405 0.23607242339832868 0.3118881118881119
0 0.270891364902507 0.887062937062937 0.35097493036211697 0.887062937062937 0.35097493036211697 0.8136363636363636 0.270891364902507 0.8136363636363636 0.270891364902507 0.887062937062937
0 0.387883008356546 0.5132867132867133 0.46935933147632314 0.5132867132867133 0.46935933147632314 0.44755244755244755 0.387883008356546 0.44755244755244755 0.387883008356546 0.5132867132867133
0 0.7792479108635098 0.3748251748251748 0.8704735376044568 0.3748251748251748 0.8704735376044568 0.3062937062937063 0.7792479108635098 0.3062937062937063 0.7792479108635098 0.3748251748251748
0 0.1960306406685237 0.8671328671328671 0.27541782729805014 0.8671328671328671 0.27541782729805014 0.7958041958041958 0.1960306406685237 0.7958041958041958 0.1960306406685237 0.8671328671328671
0 0.13892757660167132 0.09195804195804196 0.20926183844011143 0.09195804195804196 0.20926183844011143 0.026923076923076925 0.13892757660167132 0.026923076923076925 0.13892757660167132 0.09195804195804196
0 0.27681058495821725 0.14160839160839161 0.34575208913649025 0.14160839160839161 0.34575208913649025 0.08076923076923077 0.27681058495821725 0.08076923076923077 0.27681058495821725 0.14160839160839161
0 0.2214484679665738 0.9716783216783217 0.3126740947075209 0.9716783216783217 0.3126740947075209 0.8947552447552447 0.2214484679665738 0.8947552447552447 0.2214484679665738 0.9716783216783217
0 0.1894150417827298 0.2597902097902098 0.26253481894150416 0.2597902097902098 0.26253481894150416 0.20034965034965035 0.1894150417827298 0.20034965034965035 0.1894150417827298 0.2597902097902098
0 0.5062674094707521 0.07342657342657342 0.5786908077994429 0.07342657342657342 0.5786908077994429 0.008391608391608392 0.5062674094707521 0.008391608391608392 0.5062674094707521 0.07342657342657342
0 0.07486072423398328 0.12482517482517483 0.15215877437325906 0.12482517482517483 0.15215877437325906 0.06328671328671329 0.07486072423398328 0.06328671328671329 0.07486072423398328 0.12482517482517483
0 0.2116991643454039 0 0.2116991643454039 0.05034965034965035 0.28342618384401114 0.05034965034965035 0.28342618384401114 0 0.2116991643454039 0
0 0.532033426183844 0.4437062937062937 0.6093314763231198 0.4437062937062937 0.6093314763231198 0.3758741258741259 0.532033426183844 0.3758741258741259 0.532033426183844 0.4437062937062937
0 0.44428969359331477 0.11048951048951049 0.5139275766016713 0.11048951048951049 0.5139275766016713 0.038461538461538464 0.44428969359331477 0.038461538461538464 0.44428969359331477 0.11048951048951049
0 0.6291782729805014 0.07902097902097902 0.7106545961002786 0.07902097902097902 0.7106545961002786 0.013986013986013986 0.6291782729805014 0.013986013986013986 0.6291782729805014 0.07902097902097902
0 0.3046657381615599 0.2744755244755245 0.38614206128133705 0.2744755244755245 0.38614206128133705 0.20524475524475524 0.3046657381615599 0.20524475524475524 0.3046657381615599 0.2744755244755245
0 0.6963788300835655 0 0.6963788300835655 0.04125874125874126 0.7694986072423399 0.04125874125874126 0.7694986072423399 0 0.6963788300835655 0
0 0.10619777158774374 0 0.10619777158774374 0.04895104895104895 0.17235376044568246 0.04895104895104895 0.17235376044568246 0 0.10619777158774374 0
0 0.334958217270195 0.10139860139860139 0.3983286908077994 0.10139860139860139 0.3983286908077994 0.04195804195804196 0.334958217270195 0.04195804195804196 0.334958217270195 0.10139860139860139
0 0.4007660167130919 0.06573426573426573 0.46831476323119775 0.06573426573426573 0.46831476323119775 0.002797202797202797 0.4007660167130919 0.002797202797202797 0.4007660167130919 0.06573426573426573
0 0.5821727019498607 0 0.5821727019498607 0.03076923076923077 0.6532033426183844 0.03076923076923077 0.6532033426183844 0 0.5821727019498607 0
0 0.35759052924791085 0 0.35759052924791085 0.025874125874125874 0.42513927576601673 0.025874125874125874 0.42513927576601673 0 0.35759052924791085 0
0 0 0.8765734265734266 0.009052924791086351 0.8765734265734266 0.009052924791086351 0.8332167832167832 0 0.8332167832167832 0 0.8765734265734266
0 0.37151810584958217 1 0.37151810584958217 0.972027972027972 0.28725626740947074 0.972027972027972 0.28725626740947074 1 0.37151810584958217 1
0 0.2903899721448468 0 0.2903899721448468 0.016083916083916083 0.35584958217270196 0.016083916083916083 0.35584958217270196 0 0.2903899721448468 0
0 0.8499303621169917 0.1811188811188811 0.8951949860724234 0.1811188811188811 0.8951949860724234 0.15034965034965034 0.8499303621169917 0.15034965034965034 0.8499303621169917 0.1811188811188811