0 0.6142857142857143 0.9934640522875817 0.7122448979591837 0.9934640522875817 0.7122448979591837 0.9052287581699346 0.6142857142857143 0.9052287581699346 0.6142857142857143 0.9934640522875817
0 0.8183673469387756 0.26838235294117646 0.9326530612244898 0.26838235294117646 0.9326530612244898 0.19321895424836602 0.8183673469387756 0.19321895424836602 0.8183673469387756 0.26838235294117646
0 0.5183673469387755 0.22426470588235295 0.6224489795918368 0.22426470588235295 0.6224489795918368 0.14583333333333334 0.5183673469387755 0.14583333333333334 0.5183673469387755 0.22426470588235295
0 0.1923469387755102 0.32883986928104575 0.3137755102040816 0.32883986928104575 0.3137755102040816 0.25612745098039214 0.1923469387755102 0.25612745098039214 0.1923469387755102 0.32883986928104575
0 0.6321428571428571 0.6556372549019608 0.7443877551020408 0.6556372549019608 0.7443877551020408 0.573937908496732 0.6321428571428571 0.573937908496732 0.6321428571428571 0.6556372549019608
0 0.38316326530612244 0.1294934640522876 0.4913265306122449 0.1294934640522876 0.4913265306122449 0.051879084967320264 0.38316326530612244 0.051879084967320264 0.38316326530612244 0.1294934640522876
0 0.628061224489796 0.21691176470588236 0.7341836734693877 0.21691176470588236 0.7341836734693877 0.14419934640522875 0.628061224489796 0.14419934640522875 0.628061224489796 0.21691176470588236
0 0.488265306122449 0.11233660130718955 0.5811224489795919 0.11233660130718955 0.5811224489795919 0.024918300653594773 0.488265306122449 0.024918300653594773 0.488265306122449 0.11233660130718955
0 0.5540816326530612 0.6196895424836601 0.6530612244897959 0.6196895424836601 0.6530612244897959 0.5396241830065359 0.5540816326530612 0.5396241830065359 0.5540816326530612 0.6196895424836601
0 0.5045918367346939 0.32107843137254904 0.6076530612244898 0.32107843137254904 0.6076530612244898 0.22630718954248366 0.5045918367346939 0.22630718954248366 0.5045918367346939 0.32107843137254904
0 0.09081632653061225 0.46772875816993464 0.2153061224489796 0.46772875816993464 0.2153061224489796 0.3917483660130719 0.09081632653061225 0.3917483660130719 0.09081632653061225 0.46772875816993464
0 0.23877551020408164 0.255718954248366 0.35714285714285715 0.255718954248366 0.35714285714285715 0.18382352941176472 0.23877551020408164 0.18382352941176472 0.23877551020408164 0.255718954248366
0 0.7387755102040816 0.559640522875817 0.8326530612244898 0.559640522875817 0.8326530612244898 0.4722222222222222 0.7387755102040816 0.4722222222222222 0.7387755102040816 0.559640522875817
0 0.8321428571428572 0.6727941176470589 0.9270408163265306 0.6727941176470589 0.9270408163265306 0.5853758169934641 0.8321428571428572 0.5853758169934641 0.8321428571428572 0.6727941176470589
0 0.5760204081632653 0.14583333333333334 0.6770408163265306 0.14583333333333334 0.6770408163265306 0.07230392156862746 0.5760204081632653 0.07230392156862746 0.5760204081632653 0.14583333333333334
0 0.3520408163265306 0.4178921568627451 0.47244897959183674 0.4178921568627451 0.47244897959183674 0.3443627450980392 0.3520408163265306 0.3443627450980392 0.3520408163265306 0.4178921568627451
0 0.8163265306122449 0.15073529411764705 0.9030612244897959 0.15073529411764705 0.9030612244897959 0.07393790849673203 0.8163265306122449 0.07393790849673203 0.8163265306122449 0.15073529411764705
0 0.498469387755102 0.4362745098039216 0.5913265306122449 0.4362745098039216 0.5913265306122449 0.35866013071895425 0.498469387755102 0.35866013071895425 0.498469387755102 0.4362745098039216
0 0.7142857142857143 0.4505718954248366 0.8091836734693878 0.4505718954248366 0.8091836734693878 0.37540849673202614 0.7142857142857143 0.37540849673202614 0.7142857142857143 0.4505718954248366
0 0.7061224489795919 0.7038398692810458 0.8122448979591836 0.7038398692810458 0.8122448979591836 0.6294934640522876 0.7061224489795919 0.6294934640522876 0.7061224489795919 0.7038398692810458
0 0.6275510204081632 0.3125 0.7204081632653061 0.3125 0.7204081632653061 0.21854575163398693 0.6275510204081632 0.21854575163398693 0.6275510204081632 0.3125
0 0.685204081632653 0.1621732026143791 0.7882653061224489 0.1621732026143791 0.7882653061224489 0.07965686274509803 0.685204081632653 0.07965686274509803 0.685204081632653 0.1621732026143791
0 0.09030612244897959 0.2818627450980392 0.21377551020408164 0.2818627450980392 0.21377551020408164 0.20751633986928106 0.09030612244897959 0.20751633986928106 0.09030612244897959 0.2818627450980392
0 0.7030612244897959 0.7773692810457516 0.8081632653061225 0.7773692810457516 0.8081632653061225 0.7030228758169934 0.7030612244897959 0.7030228758169934 0.7030612244897959 0.7773692810457516
0 0.6285714285714286 0.8329248366013072 0.7377551020408163 0.8329248366013072 0.7377551020408163 0.7512254901960784 0.6285714285714286 0.7512254901960784 0.6285714285714286 0.8329248366013072
0 0.911734693877551 0.5375816993464052 0.9994897959183674 0.5375816993464052 0.9994897959183674 0.46486928104575165 0.911734693877551 0.46486928104575165 0.911734693877551 0.5375816993464052
0 0.5862244897959183 0.4215686274509804 0.6862244897959183 0.4215686274509804 0.6862244897959183 0.32679738562091504 0.5862244897959183 0.32679738562091504 0.5862244897959183 0.4215686274509804
0 0.6739795918367347 0.37540849673202614 0.7903061224489796 0.37540849673202614 0.7903061224489796 0.3035130718954248 0.6739795918367347 0.3035130718954248 0.6739795918367347 0.37540849673202614
0 0.8 0.7565359477124183 0.9102040816326531 0.7565359477124183 0.9102040816326531 0.6683006535947712 0.8 0.6683006535947712 0.8 0.7565359477124183
0 0.6045918367346939 0.07720588235294118 0.7168367346938775 0.07720588235294118 0.7168367346938775 0.013480392156862746 0.6045918367346939 0.013480392156862746 0.6045918367346939 0.07720588235294118
0 0.27346938775510204 0.1090686274509804 0.376530612244898 0.1090686274509804 0.376530612244898 0.024918300653594773 0.27346938775510204 0.024918300653594773 0.27346938775510204 0.1090686274509804
0 0.39846938775510204 0.19852941176470587 0.5178571428571429 0.19852941176470587 0.5178571428571429 0.1315359477124183 0.39846938775510204 0.1315359477124183 0.39846938775510204 0.19852941176470587
0 0.8219387755102041 0.9362745098039216 0.9311224489795918 0.9362745098039216 0.9311224489795918 0.8553921568627451 0.8219387755102041 0.8553921568627451 0.8219387755102041 0.9362745098039216
0 0.8469387755102041 0.35580065359477125 0.936734693877551 0.35580065359477125 0.936734693877551 0.27001633986928103 0.8469387755102041 0.27001633986928103 0.8469387755102041 0.35580065359477125
0 0.5964285714285714 0.5110294117647058 0.6872448979591836 0.5110294117647058 0.6872448979591836 0.42606209150326796 0.5964285714285714 0.42606209150326796 0.5964285714285714 0.5110294117647058
0 0.49081632653061225 0.5330882352941176 0.5989795918367347 0.5330882352941176 0.5989795918367347 0.44485294117647056 0.49081632653061225 0.44485294117647056 0.49081632653061225 0.5330882352941176
0 0.8341836734693877 0.8553921568627451 0.9219387755102041 0.8553921568627451 0.9219387755102041 0.7753267973856209 0.8341836734693877 0.7753267973856209 0.8341836734693877 0.8553921568627451
0 0 0.46282679738562094 0.07857142857142857 0.46282679738562094 0.07857142857142857 0.38357843137254904 0 0.38357843137254904 0 0.46282679738562094
0 0.4091836734693878 0.3508986928104575 0.5071428571428571 0.3508986928104575 0.5071428571428571 0.2618464052287582 0.4091836734693878 0.2618464052287582 0.4091836734693878 0.3508986928104575
0 0.23979591836734693 0.18178104575163398 0.3489795918367347 0.18178104575163398 0.3489795918367347 0.10253267973856209 0.23979591836734693 0.10253267973856209 0.23979591836734693 0.18178104575163398
0 0.7280612244897959 0.09558823529411764 0.8290816326530612 0.09558823529411764 0.8290816326530612 0.017973856209150325 0.7280612244897959 0.017973856209150325 0.7280612244897959 0.09558823529411764
0 0.8178571428571428 0.0763888888888889 0.9341836734693878 0.0763888888888889 0.9341836734693878 0.011029411764705883 0.8178571428571428 0.011029411764705883 0.8178571428571428 0.0763888888888889
0 0.5408163265306123 1 0.5408163265306123 0.9158496732026143 0.4448979591836735 0.9158496732026143 0.4448979591836735 1 0.5408163265306123 1
0 0.925 0.7328431372549019 0.9994897959183674 0.7328431372549019 0.9994897959183674 0.6462418300653595 0.925 0.6462418300653595 0.925 0.7328431372549019
0 0.5443877551020408 0.8619281045751634 0.6321428571428571 0.8619281045751634 0.6321428571428571 0.7606209150326797 0.5443877551020408 0.7606209150326797 0.5443877551020408 0.8619281045751634
0 0.05408163265306123 0.5379901960784313 0.16428571428571428 0.5379901960784313 0.16428571428571428 0.46854575163398693 0.05408163265306123 0.46854575163398693 0.05408163265306123 0.5379901960784313
0 0.5285714285714286 0.951797385620915 0.6204081632653061 0.951797385620915 0.6204081632653061 0.8627450980392157 0.5285714285714286 0.8627450980392157 0.5285714285714286 0.951797385620915
0 0.33724489795918366 0.5698529411764706 0.45153061224489793 0.5698529411764706 0.45153061224489793 0.4881535947712418 0.33724489795918366 0.4881535947712418 0.33724489795918366 0.5698529411764706
0 0.7357142857142858 0.3174019607843137 0.8428571428571429 0.3174019607843137 0.8428571428571429 0.2332516339869281 0.7357142857142858 0.2332516339869281 0.7357142857142858 0.3174019607843137
0 0.8397959183673469 1 0.8397959183673469 0.9444444444444444 0.7326530612244898 0.9444444444444444 0.7326530612244898 1 0.8397959183673469 1
0 0.0933673469387755 0.38480392156862747 0.2096938775510204 0.38480392156862747 0.2096938775510204 0.3161764705882353 0.0933673469387755 0.3161764705882353 0.0933673469387755 0.38480392156862747
0 0.9270408163265306 0.6311274509803921 0.9994897959183674 0.6311274509803921 0.9994897959183674 0.5469771241830066 0.9270408163265306 0.5469771241830066 0.9270408163265306 0.6311274509803921
0 0.735204081632653 0.8643790849673203 0.8301020408163265 0.8643790849673203 0.8301020408163265 0.7663398692810458 0.735204081632653 0.7663398692810458 0.735204081632653 0.8643790849673203
0 0.6096938775510204 0.9040032679738562 0.7178571428571429 0.9040032679738562 0.7178571428571429 0.8329248366013072 0.6096938775510204 0.8329248366013072 0.6096938775510204 0.9040032679738562
0 0.1086734693877551 0.12459150326797386 0.2209183673469388 0.12459150326797386 0.2209183673469388 0.05514705882352941 0.1086734693877551 0.05514705882352941 0.1086734693877551 0.12459150326797386
0 0.7489795918367347 0.627859477124183 0.8561224489795919 0.627859477124183 0.8561224489795919 0.5412581699346405 0.7489795918367347 0.5412581699346405 0.7489795918367347 0.627859477124183
0 0.7505102040816326 0.22549019607843138 0.8494897959183674 0.22549019607843138 0.8494897959183674 0.14869281045751634 0.7505102040816326 0.14869281045751634 0.7505102040816326 0.22549019607843138
0 0.6408163265306123 0.5763888888888888 0.7295918367346939 0.5763888888888888 0.7295918367346939 0.49060457516339867 0.6408163265306123 0.49060457516339867 0.6408163265306123 0.5763888888888888
0 0.44540816326530613 0.8443627450980392 0.5392857142857143 0.8443627450980392 0.5392857142857143 0.7610294117647058 0.44540816326530613 0.7610294117647058 0.44540816326530613 0.8443627450980392
0 0.9321428571428572 0.8574346405228758 0.9994897959183674 0.8574346405228758 0.9994897959183674 0.7741013071895425 0.9321428571428572 0.7741013071895425 0.9321428571428572 0.8574346405228758
0 0.9994897959183674 1 0.9994897959183674 0.9444444444444444 0.9413265306122449 0.9444444444444444 0.9413265306122449 1 0.9994897959183674 1
0 0.12193877551020409 0.7467320261437909 0.21785714285714286 0.7467320261437909 0.21785714285714286 0.6584967320261438 0.12193877551020409 0.6584967320261438 0.12193877551020409 0.7467320261437909
0 0.6448979591836734 1 0.6448979591836734 0.9665032679738562 0.5387755102040817 0.9665032679738562 0.5387755102040817 1 0.6448979591836734 1
0 0.9688775510204082 0.07883986928104575 0.9994897959183674 0.07883986928104575 0.9994897959183674 0.01184640522875817 0.9688775510204082 0.01184640522875817 0.9688775510204082 0.07883986928104575
0 0.4479591836734694 1 0.4479591836734694 0.9673202614379085 0.35816326530612247 0.9673202614379085 0.35816326530612247 1 0.4479591836734694 1
0 0.0005102040816326531 0.5686274509803921 0.05765306122448979 0.5686274509803921 0.05765306122448979 0.4852941176470588 0.0005102040816326531 0.4852941176470588 0.0005102040816326531 0.5686274509803921
0 0.9913265306122448 0.7753267973856209 0.9994897959183674 0.7753267973856209 0.9994897959183674 0.7312091503267973 0.9913265306122448 0.7312091503267973 0.9913265306122448 0.7753267973856209