0 0.023921200750469045 0.6685110663983903 0.13836772983114445 0.6685110663983903 0.13836772983114445 0.5417505030181087 0.023921200750469045 0.5417505030181087 0.023921200750469045 0.6685110663983903
0 0.14071294559099437 0.7847082494969819 0.2598499061913696 0.7847082494969819 0.2598499061913696 0.6670020120724346 0.14071294559099437 0.6670020120724346 0.14071294559099437 0.7847082494969819
0 0.7673545966228893 0.4924547283702213 0.8583489681050657 0.4924547283702213 0.8583489681050657 0.3727364185110664 0.7673545966228893 0.3727364185110664 0.7673545966228893 0.4924547283702213
0 0.7546904315196998 0.6433601609657947 0.8456848030018762 0.6433601609657947 0.8456848030018762 0.5155935613682092 0.7546904315196998 0.5155935613682092 0.7546904315196998 0.6433601609657947
0 0.8611632270168855 0.9989939637826962 0.9765478424015009 0.9989939637826962 0.9765478424015009 0.8712273641851107 0.8611632270168855 0.8712273641851107 0.8611632270168855 0.9989939637826962
0 0.08958724202626642 0.2711267605633803 0.19277673545966229 0.2711267605633803 0.19277673545966229 0.15140845070422534 0.08958724202626642 0.15140845070422534 0.08958724202626642 0.2711267605633803
0 0.10787992495309569 0.9079476861167002 0.2270168855534709 0.9079476861167002 0.2270168855534709 0.778169014084507 0.10787992495309569 0.778169014084507 0.10787992495309569 0.9079476861167002
0 0.8419324577861164 0.42052313883299797 0.9319887429643527 0.42052313883299797 0.9319887429643527 0.3118712273641851 0.8419324577861164 0.3118712273641851 0.8419324577861164 0.42052313883299797
0 0.2321763602251407 0.7122736418511066 0.33818011257035646 0.7122736418511066 0.33818011257035646 0.5885311871227364 0.2321763602251407 0.5885311871227364 0.2321763602251407 0.7122736418511066
0 0.8128517823639775 0.744466800804829 0.9160412757973734 0.744466800804829 0.9160412757973734 0.6056338028169014 0.8128517823639775 0.6056338028169014 0.8128517823639775 0.744466800804829
0 0.5961538461538461 0.37122736418511065 0.6862101313320825 0.37122736418511065 0.6862101313320825 0.24949698189134809 0.5961538461538461 0.24949698189134809 0.5961538461538461 0.37122736418511065
0 0.2964352720450281 0.42354124748490946 0.3902439024390244 0.42354124748490946 0.3902439024390244 0.30482897384305835 0.2964352720450281 0.30482897384305835 0.2964352720450281 0.42354124748490946
0 0.7101313320825516 0.3727364185110664 0.8020637898686679 0.3727364185110664 0.8020637898686679 0.2530181086519115 0.7101313320825516 0.2530181086519115 0.7101313320825516 0.3727364185110664
0 0.1796435272045028 0.6327967806841046 0.2903377110694184 0.6327967806841046 0.2903377110694184 0.5110663983903421 0.1796435272045028 0.5110663983903421 0.1796435272045028 0.6327967806841046
0 0.5093808630393997 0.8023138832997988 0.625703564727955 0.8023138832997988 0.625703564727955 0.6775653923541247 0.5093808630393997 0.6775653923541247 0.5093808630393997 0.8023138832997988
0 0.8456848030018762 0.2917505030181087 0.9404315196998124 0.2917505030181087 0.9404315196998124 0.1750503018108652 0.8456848030018762 0.1750503018108652 0.8456848030018762 0.2917505030181087
0 0.674953095684803 0.7399396378269618 0.7678236397748592 0.7399396378269618 0.7678236397748592 0.6121730382293763 0.674953095684803 0.6121730382293763 0.674953095684803 0.7399396378269618
0 0.7410881801125704 0.272635814889336 0.8320825515947468 0.272635814889336 0.8320825515947468 0.16800804828973842 0.7410881801125704 0.16800804828973842 0.7410881801125704 0.272635814889336
0 0.5309568480300187 0.6861167002012073 0.6332082551594747 0.6861167002012073 0.6332082551594747 0.5643863179074446 0.5309568480300187 0.5643863179074446 0.5309568480300187 0.6861167002012073
0 0.5168855534709194 0.36619718309859156 0.5975609756097561 0.36619718309859156 0.5975609756097561 0.24849094567404426 0.5168855534709194 0.24849094567404426 0.5168855534709194 0.36619718309859156
0 0 0.38028169014084506 0.08818011257035648 0.38028169014084506 0.08818011257035648 0.2676056338028169 0 0.2676056338028169 0 0.38028169014084506
0 0.26125703564727953 0.3158953722334004 0.3616322701688555 0.3158953722334004 0.3616322701688555 0.19718309859154928 0.26125703564727953 0.19718309859154928 0.26125703564727953 0.3158953722334004
0 0.6280487804878049 0.5 0.7190431519699813 0.5 0.7190431519699813 0.3853118712273642 0.6280487804878049 0.3853118712273642 0.6280487804878049 0.5
0 0.8977485928705441 0.5442655935613682 0.9896810506566605 0.5442655935613682 0.9896810506566605 0.4225352112676056 0.8977485928705441 0.4225352112676056 0.8977485928705441 0.5442655935613682
0 0.05722326454033771 0.5538229376257545 0.16416510318949343 0.5538229376257545 0.16416510318949343 0.44114688128772633 0.05722326454033771 0.44114688128772633 0.05722326454033771 0.5538229376257545
0 0.548311444652908 0.56841046277666 0.6477485928705441 0.56841046277666 0.6477485928705441 0.44969818913480886 0.548311444652908 0.44969818913480886 0.548311444652908 0.56841046277666
0 0.8405253283302064 0.1710261569416499 0.9418386491557224 0.1710261569416499 0.9418386491557224 0.06639839034205232 0.8405253283302064 0.06639839034205232 0.8405253283302064 0.1710261569416499
0 0.4910881801125704 0.9149899396378269 0.601782363977486 0.9149899396378269 0.601782363977486 0.78420523138833 0.4910881801125704 0.78420523138833 0.4910881801125704 0.9149899396378269
0 0.801125703564728 0.8656941649899397 0.9061913696060038 0.8656941649899397 0.9061913696060038 0.7298792756539235 0.801125703564728 0.7298792756539235 0.801125703564728 0.8656941649899397
0 0.48827392120075047 0.4864185110663984 0.5877110694183865 0.4864185110663984 0.5877110694183865 0.3677062374245473 0.48827392120075047 0.3677062374245473 0.48827392120075047 0.4864185110663984
0 0.14071294559099437 0.48843058350100604 0.24577861163227016 0.48843058350100604 0.24577861163227016 0.3767605633802817 0.14071294559099437 0.3767605633802817 0.14071294559099437 0.48843058350100604
0 0.39165103189493433 0.4014084507042254 0.49390243902439024 0.4014084507042254 0.49390243902439024 0.2887323943661972 0.39165103189493433 0.2887323943661972 0.39165103189493433 0.4014084507042254
0 0.7321763602251408 0.17756539235412475 0.8194183864915572 0.17756539235412475 0.8194183864915572 0.08601609657947686 0.7321763602251408 0.08601609657947686 0.7321763602251408 0.17756539235412475
0 0.06848030018761726 0.16851106639839034 0.16885553470919323 0.16851106639839034 0.16885553470919323 0.06388329979879276 0.06848030018761726 0.06388329979879276 0.06848030018761726 0.16851106639839034
0 0.005159474671669793 0.9954728370221329 0.13367729831144465 0.9954728370221329 0.13367729831144465 0.8536217303822937 0.005159474671669793 0.8536217303822937 0.005159474671669793 0.9954728370221329
0 0.551125703564728 0.26509054325955733 0.6458724202626641 0.26509054325955733 0.6458724202626641 0.15241448692152917 0.551125703564728 0.15241448692152917 0.551125703564728 0.26509054325955733
0 0.3198874296435272 0.6428571428571429 0.4277673545966229 0.6428571428571429 0.4277673545966229 0.5211267605633803 0.3198874296435272 0.5211267605633803 0.3198874296435272 0.6428571428571429
0 0.22420262664165103 0.5221327967806841 0.32176360225140715 0.5221327967806841 0.32176360225140715 0.4124748490945674 0.22420262664165103 0.4124748490945674 0.22420262664165103 0.5221327967806841
0 0.4094746716697936 0.18259557344064387 0.5070356472795498 0.18259557344064387 0.5070356472795498 0.07696177062374246 0.4094746716697936 0.07696177062374246 0.4094746716697936 0.18259557344064387
0 0.9155722326454033 0.35261569416498995 0.9962476547842402 0.35261569416498995 0.9962476547842402 0.25 0.9155722326454033 0.25 0.9155722326454033 0.35261569416498995
0 0.46106941838649157 0.2590543259557344 0.5520637898686679 0.2590543259557344 0.5520637898686679 0.14537223340040242 0.46106941838649157 0.14537223340040242 0.46106941838649157 0.2590543259557344
0 0.8939962476547842 0.6740442655935613 0.9840525328330206 0.6740442655935613 0.9840525328330206 0.5352112676056338 0.8939962476547842 0.5352112676056338 0.8939962476547842 0.6740442655935613
0 0.9272983114446529 0.44466800804828976 0.9995309568480301 0.44466800804828976 0.9995309568480301 0.3329979879275654 0.9272983114446529 0.3329979879275654 0.9272983114446529 0.44466800804828976
0 0.6543151969981238 0.2852112676056338 0.7406191369606003 0.2852112676056338 0.7406191369606003 0.17354124748490946 0.6543151969981238 0.17354124748490946 0.6543151969981238 0.2852112676056338
0 0.19699812382739212 0.2590543259557344 0.3058161350844278 0.2590543259557344 0.3058161350844278 0.13832997987927564 0.19699812382739212 0.13832997987927564 0.19699812382739212 0.2590543259557344
0 0.3409943714821764 0.505533199195171 0.45168855534709196 0.505533199195171 0.45168855534709196 0.38983903420523136 0.3409943714821764 0.38983903420523136 0.3409943714821764 0.505533199195171
0 0.9179174484052532 0.22334004024144868 0.9995309568480301 0.22334004024144868 0.9995309568480301 0.1227364185110664 0.9179174484052532 0.1227364185110664 0.9179174484052532 0.22334004024144868
0 0.6196060037523452 0.1966800804828974 0.7068480300187617 0.1966800804828974 0.7068480300187617 0.08903420523138833 0.6196060037523452 0.08903420523138833 0.6196060037523452 0.1966800804828974
0 0.40619136960600377 0.5829979879275654 0.5065666041275797 0.5829979879275654 0.5065666041275797 0.4562374245472837 0.40619136960600377 0.4562374245472837 0.40619136960600377 0.5829979879275654
0 0.1772983114446529 0.3702213279678068 0.28142589118198874 0.3702213279678068 0.28142589118198874 0.2595573440643863 0.1772983114446529 0.2595573440643863 0.1772983114446529 0.3702213279678068
0 0 0.7399396378269618 0.04971857410881801 0.7399396378269618 0.04971857410881801 0.6091549295774648 0 0.6091549295774648 0 0.7399396378269618
0 0.5384615384615384 0.1664989939637827 0.6294559099437148 0.1664989939637827 0.6294559099437148 0.0789738430583501 0.5384615384615384 0.0789738430583501 0.5384615384615384 0.1664989939637827
0 0.38461538461538464 0.3058350100603622 0.4831144465290807 0.3058350100603622 0.4831144465290807 0.20724346076458752 0.38461538461538464 0.20724346076458752 0.38461538461538464 0.3058350100603622
0 0.004690431519699813 0.26609657947686116 0.0975609756097561 0.26609657947686116 0.0975609756097561 0.15241448692152917 0.004690431519699813 0.15241448692152917 0.004690431519699813 0.26609657947686116
0 0.33677298311444653 0.25855130784708247 0.4324577861163227 0.25855130784708247 0.4324577861163227 0.13078470824949698 0.33677298311444653 0.13078470824949698 0.33677298311444653 0.25855130784708247
0 0.2847091932457786 0.19114688128772636 0.3869606003752345 0.19114688128772636 0.3869606003752345 0.07042253521126761 0.2847091932457786 0.07042253521126761 0.2847091932457786 0.19114688128772636
0 0.08630393996247655 0.41851106639839036 0.18855534709193245 0.41851106639839036 0.18855534709193245 0.2977867203219316 0.08630393996247655 0.2977867203219316 0.08630393996247655 0.41851106639839036
0 0.9601313320825516 0.7489939637826962 0.9995309568480301 0.7489939637826962 0.9995309568480301 0.6252515090543259 0.9601313320825516 0.6252515090543259 0.9601313320825516 0.7489939637826962
0 0.00046904315196998124 0.1795774647887324 0.06894934333958724 0.1795774647887324 0.06894934333958724 0.07394366197183098 0.00046904315196998124 0.07394366197183098 0.00046904315196998124 0.1795774647887324
0 0.1599437148217636 0.17706237424547283 0.2584427767354597 0.17706237424547283 0.2584427767354597 0.07746478873239436 0.1599437148217636 0.07746478873239436 0.1599437148217636 0.17706237424547283
0 0.9788930581613509 0.28269617706237427 0.9995309568480301 0.28269617706237427 0.9995309568480301 0.193158953722334 0.9788930581613509 0.193158953722334 0.9788930581613509 0.28269617706237427
0 0.00046904315196998124 0.2937625754527163 0.027673545966228893 0.2937625754527163 0.027673545966228893 0.21730382293762576 0.00046904315196998124 0.21730382293762576 0.00046904315196998124 0.2937625754527163
0 0.6979362101313321 0.9994969818913481 0.8105065666041276 0.9994969818913481 0.8105065666041276 0.9733400402414487 0.6979362101313321 0.9733400402414487 0.6979362101313321 0.9994969818913481
0 0 0.9979879275653923 0.03564727954971857 0.9979879275653923 0.03564727954971857 0.9386317907444668 0 0.9386317907444668 0 0.9979879275653923