0 0.8367729831144465 0.9154929577464789 0.9427767354596623 0.9154929577464789 0.9427767354596623 0.7766599597585513 0.8367729831144465 0.7766599597585513 0.8367729831144465 0.9154929577464789
0 0.07973733583489681 0.33048289738430586 0.19136960600375236 0.33048289738430586 0.19136960600375236 0.21177062374245473 0.07973733583489681 0.21177062374245473 0.07973733583489681 0.33048289738430586
0 0.8667917448405253 0.528169014084507 0.9577861163227017 0.528169014084507 0.9577861163227017 0.40945674044265595 0.8667917448405253 0.40945674044265595 0.8667917448405253 0.528169014084507
0 0.2073170731707317 0.352112676056338 0.31894934333958724 0.352112676056338 0.31894934333958724 0.21428571428571427 0.2073170731707317 0.21428571428571427 0.2073170731707317 0.352112676056338
0 0.9343339587242027 0.6413480885311871 0.99906191369606 0.6413480885311871 0.99906191369606 0.5176056338028169 0.9343339587242027 0.5176056338028169 0.9343339587242027 0.6413480885311871
0 0.40103189493433394 0.37877263581488935 0.5079737335834896 0.37877263581488935 0.5079737335834896 0.2590543259557344 0.40103189493433394 0.2590543259557344 0.40103189493433394 0.37877263581488935
0 0.8761726078799249 0.3938631790744467 0.9652908067542214 0.3938631790744467 0.9652908067542214 0.267102615694165 0.8761726078799249 0.267102615694165 0.8761726078799249 0.3938631790744467
0 0.6130393996247655 0.3420523138832998 0.7068480300187617 0.3420523138832998 0.7068480300187617 0.22032193158953722 0.6130393996247655 0.22032193158953722 0.6130393996247655 0.3420523138832998
0 0.8142589118198874 0.2917505030181087 0.9033771106941839 0.2917505030181087 0.9033771106941839 0.16901408450704225 0.8142589118198874 0.16901408450704225 0.8142589118198874 0.2917505030181087
0 0.9207317073170732 0.8103621730382293 0.9995309568480301 0.8103621730382293 0.9995309568480301 0.6805835010060363 0.9207317073170732 0.6805835010060363 0.9207317073170732 0.8103621730382293
0 0.04221388367729831 0.7328973843058351 0.1575984990619137 0.7328973843058351 0.1575984990619137 0.602112676056338 0.04221388367729831 0.602112676056338 0.04221388367729831 0.7328973843058351
0 0.4526266416510319 0.4813883299798793 0.5576923076923077 0.4813883299798793 0.5576923076923077 0.36971830985915494 0.4526266416510319 0.36971830985915494 0.4526266416510319 0.4813883299798793
0 0.1294559099437148 0.6514084507042254 0.24390243902439024 0.6514084507042254 0.24390243902439024 0.5296780684104627 0.1294559099437148 0.5296780684104627 0.1294559099437148 0.6514084507042254
0 0.5192307692307693 0.9914486921529175 0.6299249530956847 0.9914486921529175 0.6299249530956847 0.8546277665995976 0.5192307692307693 0.8546277665995976 0.5192307692307693 0.9914486921529175
0 0.5933395872420263 0.4859154929577465 0.6871482176360225 0.4859154929577465 0.6871482176360225 0.36519114688128773 0.5933395872420263 0.36519114688128773 0.5933395872420263 0.4859154929577465
0 0.7209193245778611 0.5145875251509054 0.825046904315197 0.5145875251509054 0.825046904315197 0.37575452716297786 0.7209193245778611 0.37575452716297786 0.7209193245778611 0.5145875251509054
0 0.26313320825515946 0.7404426559356136 0.3710131332082552 0.7404426559356136 0.3710131332082552 0.6096579476861167 0.26313320825515946 0.6096579476861167 0.26313320825515946 0.7404426559356136
0 0.7087242026266416 0.7243460764587525 0.8062851782363978 0.7243460764587525 0.8062851782363978 0.6096579476861167 0.7087242026266416 0.6096579476861167 0.7087242026266416 0.7243460764587525
0 0.16557223264540338 0.5462776659959758 0.2725140712945591 0.5462776659959758 0.2725140712945591 0.4255533199195171 0.16557223264540338 0.4255533199195171 0.16557223264540338 0.5462776659959758
0 0.3714821763602251 0.5523138832997988 0.47373358348968103 0.5523138832997988 0.47373358348968103 0.42857142857142855 0.3714821763602251 0.42857142857142855 0.3714821763602251 0.5523138832997988
0 0.37664165103189495 0.18108651911468812 0.47795497185741087 0.18108651911468812 0.47795497185741087 0.0613682092555332 0.37664165103189495 0.0613682092555332 0.37664165103189495 0.18108651911468812
0 0.043151969981238276 0.4874245472837022 0.150093808630394 0.4874245472837022 0.150093808630394 0.3606639839034205 0.043151969981238276 0.3606639839034205 0.043151969981238276 0.4874245472837022
0 0.30065666041275796 0.8963782696177063 0.4179174484052533 0.8963782696177063 0.4179174484052533 0.7565392354124748 0.30065666041275796 0.7565392354124748 0.30065666041275796 0.8963782696177063
0 0.7434333958724203 0.35563380281690143 0.8363039399624765 0.35563380281690143 0.8363039399624765 0.22987927565392355 0.7434333958724203 0.22987927565392355 0.7434333958724203 0.35563380281690143
0 0.9052532833020638 0.28621730382293764 0.9953095684803002 0.28621730382293764 0.9953095684803002 0.17253521126760563 0.9052532833020638 0.17253521126760563 0.9052532833020638 0.28621730382293764
0 0.06144465290806754 0.9622736418511066 0.18339587242026267 0.9622736418511066 0.18339587242026267 0.8174044265593562 0.06144465290806754 0.8174044265593562 0.06144465290806754 0.9622736418511066
0 0.43058161350844276 0.2580482897384306 0.524390243902439 0.2580482897384306 0.524390243902439 0.14637826961770622 0.43058161350844276 0.14637826961770622 0.43058161350844276 0.2580482897384306
0 0.5600375234521576 0.26156941649899396 0.6519699812382739 0.26156941649899396 0.6519699812382739 0.15090543259557343 0.5600375234521576 0.15090543259557343 0.5600375234521576 0.26156941649899396
0 0.6885553470919324 0.25201207243460766 0.7786116322701688 0.25201207243460766 0.7786116322701688 0.14134808853118713 0.6885553470919324 0.14134808853118713 0.6885553470919324 0.25201207243460766
0 0.2570356472795497 0.44014084507042256 0.35365853658536583 0.44014084507042256 0.35365853658536583 0.3274647887323944 0.2570356472795497 0.3274647887323944 0.2570356472795497 0.44014084507042256
0 0.6350844277673546 0.17555331991951711 0.7326454033771107 0.17555331991951711 0.7326454033771107 0.06388329979879276 0.6350844277673546 0.06388329979879276 0.6350844277673546 0.17555331991951711
0 0.8545966228893058 0.71579476861167 0.948405253283302 0.71579476861167 0.948405253283302 0.5829979879275654 0.8545966228893058 0.5829979879275654 0.8545966228893058 0.71579476861167
0 0.001876172607879925 0.3893360160965795 0.10412757973733583 0.3893360160965795 0.10412757973733583 0.2887323943661972 0.001876172607879925 0.2887323943661972 0.001876172607879925 0.3893360160965795
0 0.2950281425891182 0.2595573440643863 0.39352720450281425 0.2595573440643863 0.39352720450281425 0.1529175050301811 0.2950281425891182 0.1529175050301811 0.2950281425891182 0.2595573440643863
0 0.34662288930581614 0.3244466800804829 0.44887429643527205 0.3244466800804829 0.44887429643527205 0.2107645875251509 0.34662288930581614 0.2107645875251509 0.34662288930581614 0.3244466800804829
0 0.75 0.9979879275653923 0.8625703564727955 0.9979879275653923 0.8625703564727955 0.9014084507042254 0.75 0.9014084507042254 0.75 0.9979879275653923
0 0 0.5593561368209256 0.06285178236397748 0.5593561368209256 0.06285178236397748 0.43661971830985913 0 0.43661971830985913 0 0.5593561368209256
0 0.8428705440900562 0.18611670020120724 0.9319887429643527 0.18611670020120724 0.9319887429643527 0.07847082494969819 0.8428705440900562 0.07847082494969819 0.8428705440900562 0.18611670020120724
0 0.3400562851782364 0.44969818913480886 0.43855534709193245 0.44969818913480886 0.43855534709193245 0.35714285714285715 0.3400562851782364 0.35714285714285715 0.3400562851782364 0.44969818913480886
0 0.6210131332082551 0.7947686116700201 0.724202626641651 0.7947686116700201 0.724202626641651 0.6619718309859155 0.6210131332082551 0.6619718309859155 0.6210131332082551 0.7947686116700201
0 0.5056285178236398 0.1836016096579477 0.6013133208255159 0.1836016096579477 0.6013133208255159 0.0658953722334004 0.5056285178236398 0.0658953722334004 0.5056285178236398 0.1836016096579477
0 0.25093808630394 0.18158953722334004 0.3531894934333959 0.18158953722334004 0.3531894934333959 0.061871227364185113 0.25093808630394 0.061871227364185113 0.25093808630394 0.18158953722334004
0 0 0.31438631790744465 0.06285178236397748 0.31438631790744465 0.06285178236397748 0.19869215291750503 0 0.19869215291750503 0 0.31438631790744465
0 0.12804878048780488 0.1926559356136821 0.2406191369606004 0.1926559356136821 0.2406191369606004 0.0699195171026157 0.12804878048780488 0.0699195171026157 0.12804878048780488 0.1926559356136821
0 0.1697936210131332 0.2575452716297787 0.2776735459662289 0.2575452716297787 0.2776735459662289 0.14285714285714285 0.1697936210131332 0.14285714285714285 0.1697936210131332 0.2575452716297787
0 0.040337711069418386 0.2459758551307847 0.14352720450281425 0.2459758551307847 0.14352720450281425 0.136317907444668 0.040337711069418386 0.136317907444668 0.040337711069418386 0.2459758551307847
0 0.0009380863039399625 0.8672032193158954 0.12570356472795496 0.8672032193158954 0.12570356472795496 0.7323943661971831 0.0009380863039399625 0.7323943661971831 0.0009380863039399625 0.8672032193158954
0 0.053939962476547844 0.1488933601609658 0.15150093808630394 0.1488933601609658 0.15150093808630394 0.06237424547283702 0.053939962476547844 0.06237424547283702 0.053939962476547844 0.1488933601609658
0 0.7589118198874296 0.19919517102615694 0.8405253283302064 0.19919517102615694 0.8405253283302064 0.0925553319919517 0.7589118198874296 0.0925553319919517 0.7589118198874296 0.19919517102615694
0 0 0.1966800804828974 0.04127579737335835 0.1966800804828974 0.04127579737335835 0.0880281690140845 0 0.0880281690140845 0 0.1966800804828974
0 0.950750469043152 0.19416498993963782 0.9995309568480301 0.19416498993963782 0.9995309568480301 0.08350100603621731 0.950750469043152 0.08350100603621731 0.950750469043152 0.19416498993963782
0 0.00046904315196998124 0.6785714285714286 0.025797373358348967 0.6785714285714286 0.025797373358348967 0.5870221327967807 0.00046904315196998124 0.5870221327967807 0.00046904315196998124 0.6785714285714286
0 0.9666979362101313 0.3717303822937626 0.9995309568480301 0.3717303822937626 0.9995309568480301 0.2580482897384306 0.9666979362101313 0.2580482897384306 0.9666979362101313 0.3717303822937626
0 0 0.43561368209255535 0.020637898686679174 0.43561368209255535 0.020637898686679174 0.3611670020120724 0 0.3611670020120724 0 0.43561368209255535