0 0.6330811554332875 0.35917496443812236 0.7788858321870702 0.35917496443812236 0.7788858321870702 0.21692745376955902 0.6330811554332875 0.21692745376955902 0.6330811554332875 0.35917496443812236
0 0.40852819807427787 0.5323613086770982 0.5199449793672627 0.5323613086770982 0.5199449793672627 0.4100284495021337 0.40852819807427787 0.4100284495021337 0.40852819807427787 0.5323613086770982
0 0.3535075653370014 0.35526315789473684 0.4614855570839065 0.35526315789473684 0.4614855570839065 0.23790896159317212 0.3535075653370014 0.23790896159317212 0.3535075653370014 0.35526315789473684
0 0.4167812929848693 0.12268847795163584 0.5206327372764786 0.12268847795163584 0.5206327372764786 0.011024182076813657 0.4167812929848693 0.011024182076813657 0.4167812929848693 0.12268847795163584
0 0.4986244841815681 0.4142958748221906 0.610041265474553 0.4142958748221906 0.610041265474553 0.29694167852062586 0.4986244841815681 0.29694167852062586 0.4986244841815681 0.4142958748221906
0 0.13033012379642367 0.668918918918919 0.22248968363136176 0.668918918918919 0.22248968363136176 0.5544096728307255 0.13033012379642367 0.5544096728307255 0.13033012379642367 0.668918918918919
0 0.5584594222833562 0.26102418207681366 0.6774415405777167 0.26102418207681366 0.6774415405777167 0.14295874822190613 0.5584594222833562 0.14295874822190613 0.5584594222833562 0.26102418207681366
0 0.27888583218707014 0.5704125177809388 0.375171939477304 0.5704125177809388 0.375171939477304 0.45092460881934565 0.27888583218707014 0.45092460881934565 0.27888583218707014 0.5704125177809388
0 0.18019257221458046 0.9011379800853485 0.2867950481430536 0.9011379800853485 0.2867950481430536 0.7809388335704125 0.18019257221458046 0.7809388335704125 0.18019257221458046 0.9011379800853485
0 0.44910591471801925 0.2542674253200569 0.5557083906464925 0.2542674253200569 0.5557083906464925 0.13691322901849218 0.44910591471801925 0.13691322901849218 0.44910591471801925 0.2542674253200569
0 0.1922283356258597 0.5576102418207681 0.28645116918844565 0.5576102418207681 0.28645116918844565 0.4359886201991465 0.1922283356258597 0.4359886201991465 0.1922283356258597 0.5576102418207681
0 0.2781980742778542 1 0.2781980742778542 0.8961593172119487 0.16884456671251719 0.8961593172119487 0.16884456671251719 1 0.2781980742778542 1
0 0.09112792297111416 0.9637268847795164 0.18535075653370015 0.9637268847795164 0.18535075653370015 0.8421052631578947 0.09112792297111416 0.8421052631578947 0.09112792297111416 0.9637268847795164
0 0.5577716643741403 0.14082503556187767 0.6740027510316369 0.14082503556187767 0.6740027510316369 0.03769559032716927 0.5577716643741403 0.03769559032716927 0.5577716643741403 0.14082503556187767
0 0.4360385144429161 0.8367709815078236 0.5543328748280605 0.8367709815078236 0.5543328748280605 0.6916785206258891 0.4360385144429161 0.6916785206258891 0.4360385144429161 0.8367709815078236
0 0.2723521320495186 0.4445234708392603 0.3713892709766162 0.4445234708392603 0.3713892709766162 0.3413940256045519 0.2723521320495186 0.3413940256045519 0.2723521320495186 0.4445234708392603
0 0.31327372764786793 0.8968705547652916 0.4253782668500688 0.8968705547652916 0.4253782668500688 0.7567567567567568 0.31327372764786793 0.7567567567567568 0.31327372764786793 0.8968705547652916
0 0.024415405777166437 0.819701280227596 0.12414030261348005 0.819701280227596 0.12414030261348005 0.7101706970128022 0.024415405777166437 0.7101706970128022 0.024415405777166437 0.819701280227596
0 0.2640990371389271 0.3314366998577525 0.3562585969738652 0.3314366998577525 0.3562585969738652 0.24324324324324326 0.2640990371389271 0.24324324324324326 0.2640990371389271 0.3314366998577525
0 0 0.7279516358463727 0.08321870701513068 0.7279516358463727 0.08321870701513068 0.6198435277382646 0 0.6198435277382646 0 0.7279516358463727
0 0.29126547455295737 0.1678520625889047 0.37792297111416784 0.1678520625889047 0.37792297111416784 0.06258890469416785 0.29126547455295737 0.06258890469416785 0.29126547455295737 0.1678520625889047
0 0.08459422283356259 0.45092460881934565 0.17262723521320494 0.45092460881934565 0.17262723521320494 0.3662873399715505 0.08459422283356259 0.3662873399715505 0.08459422283356259 0.45092460881934565
0 0.0017193947730398899 0.614153627311522 0.09181568088033012 0.614153627311522 0.09181568088033012 0.5245376955903271 0.0017193947730398899 0.5245376955903271 0.0017193947730398899 0.614153627311522
0 0.1361760660247593 0.8012091038406828 0.234525447042641 0.8012091038406828 0.234525447042641 0.6831436699857752 0.1361760660247593 0.6831436699857752 0.1361760660247593 0.8012091038406828
0 0.22627235213204952 0.2720483641536273 0.31636863823933975 0.2720483641536273 0.31636863823933975 0.17958748221906118 0.22627235213204952 0.17958748221906118 0.22627235213204952 0.2720483641536273
0 0.25034387895460797 0.7738264580369844 0.35832187070151306 0.7738264580369844 0.35832187070151306 0.6486486486486487 0.25034387895460797 0.6486486486486487 0.25034387895460797 0.7738264580369844
0 0 0.1248221906116643 0.07359009628610728 0.1248221906116643 0.07359009628610728 0.0430298719772404 0 0.0430298719772404 0 0.1248221906116643
0 0.18775790921595598 0.42069701280227595 0.2751031636863824 0.42069701280227595 0.2751031636863824 0.3282361308677098 0.18775790921595598 0.3282361308677098 0.18775790921595598 0.42069701280227595
0 0.22730398899587345 0.17389758179231862 0.3002063273727648 0.17389758179231862 0.3002063273727648 0.08285917496443812 0.22730398899587345 0.08285917496443812 0.22730398899587345 0.17389758179231862
0 0 0.8801564722617354 0.07083906464924347 0.8801564722617354 0.07083906464924347 0.7805832147937412 0 0.7805832147937412 0 0.8801564722617354
0 0.07393397524071527 0.5423186344238976 0.14614855570839064 0.5423186344238976 0.14614855570839064 0.4548364153627312 0.07393397524071527 0.4548364153627312 0.07393397524071527 0.5423186344238976
0 0.15130674002751032 0.25711237553342814 0.2297111416781293 0.25711237553342814 0.2297111416781293 0.17958748221906118 0.15130674002751032 0.17958748221906118 0.15130674002751032 0.25711237553342814
0 0.35557083906464926 0.24359886201991465 0.453232462173315 0.24359886201991465 0.453232462173315 0.14118065433854907 0.35557083906464926 0.14118065433854907 0.35557083906464926 0.24359886201991465
0 0.07015130674002751 0.6593172119487909 0.14030261348005502 0.6593172119487909 0.14030261348005502 0.5533428165007113 0.07015130674002751 0.5533428165007113 0.07015130674002751 0.6593172119487909
0 0.000687757909215956 0.33926031294452347 0.0749656121045392 0.33926031294452347 0.0749656121045392 0.25391180654338547 0.000687757909215956 0.25391180654338547 0.000687757909215956 0.33926031294452347
0 0.016162310866574967 0.4274537695590327 0.09456671251719395 0.4274537695590327 0.09456671251719395 0.34779516358463725 0.016162310866574967 0.34779516358463725 0.016162310866574967 0.4274537695590327
0 0.000343878954607978 0.2798719772403983 0.06292984869325997 0.2798719772403983 0.06292984869325997 0.19238975817923187 0.000343878954607978 0.19238975817923187 0.000343878954607978 0.2798719772403983
0 0.12001375515818431 0.1301564722617354 0.20048143053645118 0.1301564722617354 0.20048143053645118 0.04054054054054054 0.12001375515818431 0.04054054054054054 0.12001375515818431 0.1301564722617354
0 0.13961485557083905 0.5419630156472262 0.20220082530949107 0.5419630156472262 0.20220082530949107 0.4487908961593172 0.13961485557083905 0.4487908961593172 0.13961485557083905 0.5419630156472262
0 0.11829436038514443 1 0.11829436038514443 0.9466571834992887 0.016506189821182942 0.9466571834992887 0.016506189821182942 1 0.11829436038514443 1
0 0.13961485557083905 0.3563300142247511 0.234525447042641 0.3563300142247511 0.234525447042641 0.26102418207681366 0.13961485557083905 0.26102418207681366 0.13961485557083905 0.3563300142247511
0 0.3404401650618982 0.6788762446657184 0.4497936726272352 0.6788762446657184 0.4497936726272352 0.5494310099573257 0.3404401650618982 0.5494310099573257 0.3404401650618982 0.6788762446657184
0 0.15852819807427784 0.17034139402560455 0.23349381017881707 0.17034139402560455 0.23349381017881707 0.08997155049786629 0.15852819807427784 0.08997155049786629 0.15852819807427784 0.17034139402560455
0 0 0.9861308677098151 0.0343878954607978 0.9861308677098151 0.0343878954607978 0.8773115220483642 0 0.8773115220483642 0 0.9861308677098151
0 0.07118294360385144 0.3403271692745377 0.14958734525447043 0.3403271692745377 0.14958734525447043 0.24075391180654337 0.07118294360385144 0.24075391180654337 0.07118294360385144 0.3403271692745377
0 0.008253094910591471 0.5184921763869133 0.08528198074277854 0.5184921763869133 0.08528198074277854 0.43741109530583216 0.008253094910591471 0.43741109530583216 0.008253094910591471 0.5184921763869133
0 0.07565337001375516 0.2336415362731152 0.156121045392022 0.2336415362731152 0.156121045392022 0.15753911806543386 0.07565337001375516 0.15753911806543386 0.07565337001375516 0.2336415362731152
0 0.041953232462173314 0.18421052631578946 0.1203576341127923 0.18421052631578946 0.1203576341127923 0.10526315789473684 0.041953232462173314 0.10526315789473684 0.041953232462173314 0.18421052631578946
0 0.1172627235213205 0 0.1172627235213205 0.03769559032716927 0.1956671251719395 0.03769559032716927 0.1956671251719395 0 0.1172627235213205 0
0 0 0.1984352773826458 0.018569463548830812 0.1984352773826458 0.018569463548830812 0.13157894736842105 0 0.13157894736842105 0 0.1984352773826458
0 0 0.4061166429587482 0.023383768913342505 0.4061166429587482 0.023383768913342505 0.3307254623044097 0 0.3307254623044097 0 0.4061166429587482
0 0 0.5103129445234709 0.019944979367262722 0.5103129445234709 0.019944979367262722 0.41785206258890467 0 0.41785206258890467 0 0.5103129445234709
0 0 0.7756045519203414 0.026822558459422285 0.7756045519203414 0.026822558459422285 0.7130156472261735 0 0.7130156472261735 0 0.7756045519203414
0 0.5574277854195323 0 0.5574277854195323 0.03698435277382646 0.6674690508940853 0.03698435277382646 0.6674690508940853 0 0.5574277854195323 0
0 0.000343878954607978 0.6091749644381224 0.009972489683631361 0.6091749644381224 0.009972489683631361 0.5536984352773826 0.000343878954607978 0.5536984352773826 0.000343878954607978 0.6091749644381224
0 0 0.6098862019914651 0.009628610729023384 0.6098862019914651 0.009628610729023384 0.5245376955903271 0 0.5245376955903271 0 0.6098862019914651
0 0 0.5675675675675675 0.0171939477303989 0.5675675675675675 0.0171939477303989 0.5220483641536273 0 0.5220483641536273 0 0.5675675675675675
0 0.3311554332874828 0.02027027027027027 0.40268225584594225 0.02027027027027027 0.40268225584594225 0.00035561877667140827 0.3311554332874828 0.00035561877667140827 0.3311554332874828 0.02027027027027027
0 0 0.6006401137980085 0.01581843191196699 0.6006401137980085 0.01581843191196699 0.5216927453769559 0 0.5216927453769559 0 0.6006401137980085