0 0.6939415041782729 0.7828671328671328 0.7851671309192201 0.7828671328671328 0.7851671309192201 0.705944055944056 0.6939415041782729 0.705944055944056 0.6939415041782729 0.7828671328671328
0 0.5550139275766016 0.9622377622377623 0.6462395543175488 0.9622377622377623 0.6462395543175488 0.8832167832167832 0.5550139275766016 0.8832167832167832 0.5550139275766016 0.9622377622377623
0 0.7527855153203342 0.6356643356643357 0.8447075208913649 0.6356643356643357 0.8447075208913649 0.5650349650349651 0.7527855153203342 0.5650349650349651 0.7527855153203342 0.6356643356643357
0 0.5066155988857939 0.8888111888111888 0.5922701949860725 0.8888111888111888 0.5922701949860725 0.8167832167832167 0.5066155988857939 0.8167832167832167 0.5066155988857939 0.8888111888111888
0 0.290041782729805 0.5755244755244755 0.3708217270194986 0.5755244755244755 0.3708217270194986 0.509090909090909 0.290041782729805 0.509090909090909 0.290041782729805 0.5755244755244755
0 0.326949860724234 0.10034965034965035 0.39658774373259054 0.10034965034965035 0.39658774373259054 0.032517482517482516 0.326949860724234 0.032517482517482516 0.326949860724234 0.10034965034965035
0 0.6208217270194986 0.6552447552447552 0.7009052924791086 0.6552447552447552 0.7009052924791086 0.586013986013986 0.6208217270194986 0.586013986013986 0.6208217270194986 0.6552447552447552
0 0.5191504178272981 0.5807692307692308 0.5999303621169917 0.5807692307692308 0.5999303621169917 0.5136363636363637 0.5191504178272981 0.5136363636363637 0.5191504178272981 0.5807692307692308
0 0.15041782729805014 0.49755244755244754 0.23119777158774374 0.49755244755244754 0.23119777158774374 0.43391608391608394 0.15041782729805014 0.43391608391608394 0.15041782729805014 0.49755244755244754
0 0.6594707520891365 0.4646853146853147 0.7409470752089137 0.4646853146853147 0.7409470752089137 0.39545454545454545 0.6594707520891365 0.39545454545454545 0.6594707520891365 0.4646853146853147
0 0.35341225626740946 0.4020979020979021 0.4300139275766017 0.4020979020979021 0.4300139275766017 0.33916083916083917 0.35341225626740946 0.33916083916083917 0.35341225626740946 0.4020979020979021
0 0.05745125348189415 0.3905594405594406 0.1354456824512535 0.3905594405594406 0.1354456824512535 0.32622377622377624 0.05745125348189415 0.32622377622377624 0.05745125348189415 0.3905594405594406
0 0.7862116991643454 1 0.7862116991643454 0.9265734265734266 0.6949860724233984 0.9265734265734266 0.6949860724233984 1 0.7862116991643454 1
0 0.3168523676880223 0.8804195804195805 0.3983286908077994 0.8804195804195805 0.3983286908077994 0.8083916083916084 0.3168523676880223 0.8083916083916084 0.3168523676880223 0.8804195804195805
0 0.15459610027855153 0.5874125874125874 0.23259052924791088 0.5874125874125874 0.23259052924791088 0.5265734265734265 0.15459610027855153 0.5265734265734265 0.15459610027855153 0.5874125874125874
0 0.04213091922005571 0.6947552447552447 0.12151810584958217 0.6947552447552447 0.12151810584958217 0.6353146853146853 0.04213091922005571 0.6353146853146853 0.04213091922005571 0.6947552447552447
0 0.39763231197771587 0.6045454545454545 0.4860724233983287 0.6045454545454545 0.4860724233983287 0.5318181818181819 0.39763231197771587 0.5318181818181819 0.39763231197771587 0.6045454545454545
0 0.11211699164345404 0.19230769230769232 0.18036211699164345 0.19230769230769232 0.18036211699164345 0.13356643356643358 0.11211699164345404 0.13356643356643358 0.11211699164345404 0.19230769230769232
0 0.6657381615598886 0.18041958041958042 0.7513927576601671 0.18041958041958042 0.7513927576601671 0.11118881118881119 0.6657381615598886 0.11118881118881119 0.6657381615598886 0.18041958041958042
0 0.14589136490250695 0.31993006993006995 0.21901114206128133 0.31993006993006995 0.21901114206128133 0.2583916083916084 0.14589136490250695 0.2583916083916084 0.14589136490250695 0.31993006993006995
0 0.5894846796657381 0.8608391608391608 0.6751392757660167 0.8608391608391608 0.6751392757660167 0.7867132867132867 0.5894846796657381 0.7867132867132867 0.5894846796657381 0.8608391608391608
0 0.532033426183844 0.7912587412587413 0.6197771587743732 0.7912587412587413 0.6197771587743732 0.7206293706293706 0.532033426183844 0.7206293706293706 0.532033426183844 0.7912587412587413
0 0.19881615598885793 0.08216783216783216 0.2642757660167131 0.08216783216783216 0.2642757660167131 0.022027972027972027 0.19881615598885793 0.022027972027972027 0.19881615598885793 0.08216783216783216
0 0.31754874651810583 0.49055944055944056 0.39623955431754876 0.49055944055944056 0.39623955431754876 0.42482517482517484 0.31754874651810583 0.42482517482517484 0.31754874651810583 0.49055944055944056
0 0.08217270194986072 0.31083916083916086 0.149025069637883 0.31083916083916086 0.149025069637883 0.25 0.08217270194986072 0.25 0.08217270194986072 0.31083916083916086
0 0.08356545961002786 0.7555944055944056 0.16364902506963788 0.7555944055944056 0.16364902506963788 0.6891608391608391 0.08356545961002786 0.6891608391608391 0.08356545961002786 0.7555944055944056
0 0.08844011142061281 0.570979020979021 0.16504178272980502 0.570979020979021 0.16504178272980502 0.5108391608391608 0.08844011142061281 0.5108391608391608 0.08844011142061281 0.570979020979021
0 0.1354456824512535 0.40174825174825174 0.20438718662952646 0.40174825174825174 0.20438718662952646 0.343006993006993 0.1354456824512535 0.343006993006993 0.1354456824512535 0.40174825174825174
0 0.7656685236768802 0.7405594405594406 0.8555013927576601 0.7405594405594406 0.8555013927576601 0.6734265734265734 0.7656685236768802 0.6734265734265734 0.7656685236768802 0.7405594405594406
0 0.7590529247910863 0.3832167832167832 0.8481894150417827 0.3832167832167832 0.8481894150417827 0.3118881118881119 0.7590529247910863 0.3118881118881119 0.7590529247910863 0.3832167832167832
0 0.013231197771587743 0.6402097902097902 0.08844011142061281 0.6402097902097902 0.08844011142061281 0.58006993006993 0.013231197771587743 0.58006993006993 0.013231197771587743 0.6402097902097902
0 0.11733983286908078 0.6688811188811189 0.1932451253481894 0.6688811188811189 0.1932451253481894 0.6073426573426574 0.11733983286908078 0.6073426573426574 0.11733983286908078 0.6688811188811189
0 0.13579387186629527 0.07727272727272727 0.20055710306406685 0.07727272727272727 0.20055710306406685 0.012937062937062937 0.13579387186629527 0.012937062937062937 0.13579387186629527 0.07727272727272727
0 0.7148328690807799 0.5237762237762238 0.8011838440111421 0.5237762237762238 0.8011838440111421 0.45104895104895104 0.7148328690807799 0.45104895104895104 0.7148328690807799 0.5237762237762238
0 0.16051532033426183 0.15874125874125875 0.23084958217270196 0.15874125874125875 0.23084958217270196 0.0986013986013986 0.16051532033426183 0.0986013986013986 0.16051532033426183 0.15874125874125875
0 0.11629526462395544 0.8129370629370629 0.1991643454038997 0.8129370629370629 0.1991643454038997 0.7479020979020979 0.11629526462395544 0.7479020979020979 0.11629526462395544 0.8129370629370629
0 0.6368384401114207 0.9300699300699301 0.7245821727019499 0.9300699300699301 0.7245821727019499 0.8552447552447553 0.6368384401114207 0.8552447552447553 0.6368384401114207 0.9300699300699301
0 0.34435933147632314 0.784965034965035 0.42513927576601673 0.784965034965035 0.42513927576601673 0.7185314685314685 0.34435933147632314 0.7185314685314685 0.34435933147632314 0.784965034965035
0 0.5846100278551533 0.17237762237762239 0.6702646239554317 0.17237762237762239 0.6702646239554317 0.10384615384615385 0.5846100278551533 0.10384615384615385 0.5846100278551533 0.17237762237762239
0 0.3203342618384401 0.3094405594405594 0.3969359331476323 0.3094405594405594 0.3969359331476323 0.2395104895104895 0.3203342618384401 0.2395104895104895 0.3203342618384401 0.3094405594405594
0 0.4672701949860724 0.42482517482517484 0.5487465181058496 0.42482517482517484 0.5487465181058496 0.3618881118881119 0.4672701949860724 0.3618881118881119 0.4672701949860724 0.42482517482517484
0 0.41086350974930363 0.7510489510489511 0.48885793871866295 0.7510489510489511 0.48885793871866295 0.6874125874125874 0.41086350974930363 0.6874125874125874 0.41086350974930363 0.7510489510489511
0 0.18628133704735375 0.6451048951048951 0.2656685236768802 0.6451048951048951 0.2656685236768802 0.5786713286713286 0.18628133704735375 0.5786713286713286 0.18628133704735375 0.6451048951048951
0 0.4881615598885794 0.7230769230769231 0.5675487465181058 0.7230769230769231 0.5675487465181058 0.6531468531468532 0.4881615598885794 0.6531468531468532 0.4881615598885794 0.7230769230769231
0 0.26079387186629527 0.6643356643356644 0.3373955431754875 0.6643356643356644 0.3373955431754875 0.5986013986013986 0.26079387186629527 0.5986013986013986 0.26079387186629527 0.6643356643356644
0 0.4557799442896936 0.243006993006993 0.5295961002785515 0.243006993006993 0.5295961002785515 0.17657342657342656 0.4557799442896936 0.17657342657342656 0.4557799442896936 0.243006993006993
0 0.4620473537604457 0.8216783216783217 0.5428272980501393 0.8216783216783217 0.5428272980501393 0.7503496503496504 0.4620473537604457 0.7503496503496504 0.4620473537604457 0.8216783216783217
0 0.270891364902507 0.8157342657342658 0.35584958217270196 0.8157342657342658 0.35584958217270196 0.7451048951048951 0.270891364902507 0.7451048951048951 0.270891364902507 0.8157342657342658
0 0.2736768802228412 0.4332167832167832 0.35236768802228413 0.4332167832167832 0.35236768802228413 0.3695804195804196 0.2736768802228412 0.3695804195804196 0.2736768802228412 0.4332167832167832
0 0.8467966573816156 0.5052447552447552 0.9401114206128134 0.5052447552447552 0.9401114206128134 0.4269230769230769 0.8467966573816156 0.4269230769230769 0.8467966573816156 0.5052447552447552
0 0.20299442896935932 0.4188811188811189 0.2802924791086351 0.4188811188811189 0.2802924791086351 0.3531468531468531 0.20299442896935932 0.3531468531468531 0.20299442896935932 0.4188811188811189
0 0.00034818941504178273 0.7202797202797203 0.05257660167130919 0.7202797202797203 0.05257660167130919 0.6608391608391608 0.00034818941504178273 0.6608391608391608 0.00034818941504178273 0.7202797202797203
0 0.39902506963788303 0.45664335664335665 0.479108635097493 0.45664335664335665 0.479108635097493 0.3916083916083916 0.39902506963788303 0.3916083916083916 0.39902506963788303 0.45664335664335665
0 0.7116991643454039 0.32622377622377624 0.7945682451253482 0.32622377622377624 0.7945682451253482 0.2548951048951049 0.7116991643454039 0.2548951048951049 0.7116991643454039 0.32622377622377624
0 0.4477715877437326 0.666083916083916 0.5362116991643454 0.666083916083916 0.5362116991643454 0.5961538461538461 0.4477715877437326 0.5961538461538461 0.4477715877437326 0.666083916083916
0 0.6044568245125348 0.7594405594405594 0.6949860724233984 0.7594405594405594 0.6949860724233984 0.6846153846153846 0.6044568245125348 0.6846153846153846 0.6044568245125348 0.7594405594405594
0 0.26079387186629527 0.08951048951048951 0.3283426183844011 0.08951048951048951 0.3283426183844011 0.025874125874125874 0.26079387186629527 0.025874125874125874 0.26079387186629527 0.08951048951048951
0 0.6051532033426184 0.40384615384615385 0.6845403899721448 0.40384615384615385 0.6845403899721448 0.3374125874125874 0.6051532033426184 0.3374125874125874 0.6051532033426184 0.40384615384615385
0 0.23293871866295265 0.3356643356643357 0.3088440111420613 0.3356643356643357 0.3088440111420613 0.272027972027972 0.23293871866295265 0.272027972027972 0.23293871866295265 0.3356643356643357
0 0.233983286908078 0.7517482517482518 0.31197771587743733 0.7517482517482518 0.31197771587743733 0.6888111888111889 0.233983286908078 0.6888111888111889 0.233983286908078 0.7517482517482518
0 0.4101671309192201 0.193006993006993 0.4853760445682451 0.193006993006993 0.4853760445682451 0.12657342657342657 0.4101671309192201 0.12657342657342657 0.4101671309192201 0.193006993006993
0 0.38474930362116994 0.848951048951049 0.46692200557103064 0.848951048951049 0.46692200557103064 0.779020979020979 0.38474930362116994 0.779020979020979 0.38474930362116994 0.848951048951049
0 0.07973537604456825 0.8996503496503496 0.15912256267409472 0.8996503496503496 0.15912256267409472 0.8325174825174825 0.07973537604456825 0.8325174825174825 0.07973537604456825 0.8996503496503496
0 0.19951253481894152 0.9440559440559441 0.278899721448468 0.9440559440559441 0.278899721448468 0.8685314685314686 0.19951253481894152 0.8685314685314686 0.19951253481894152 0.9440559440559441
0 0.3046657381615599 0.7234265734265735 0.3826601671309192 0.7234265734265735 0.3826601671309192 0.6583916083916084 0.3046657381615599 0.6583916083916084 0.3046657381615599 0.7234265734265735
0 0.9460306406685237 0.4632867132867133 0.9996518105849582 0.4632867132867133 0.9996518105849582 0.39335664335664333 0.9460306406685237 0.39335664335664333 0.9460306406685237 0.4632867132867133
0 0.12465181058495822 0.9685314685314685 0.20682451253481896 0.9685314685314685 0.20682451253481896 0.8895104895104895 0.12465181058495822 0.8895104895104895 0.12465181058495822 0.9685314685314685
0 0.503133704735376 0.29790209790209793 0.5846100278551533 0.29790209790209793 0.5846100278551533 0.2202797202797203 0.503133704735376 0.2202797202797203 0.503133704735376 0.29790209790209793
0 0.22841225626740946 0.1674825174825175 0.29874651810584957 0.1674825174825175 0.29874651810584957 0.11153846153846154 0.22841225626740946 0.11153846153846154 0.22841225626740946 0.1674825174825175
0 0.17479108635097493 0.7786713286713287 0.2479108635097493 0.7786713286713287 0.2479108635097493 0.7157342657342657 0.17479108635097493 0.7157342657342657 0.17479108635097493 0.7786713286713287
0 0.3697771587743733 0.1465034965034965 0.4428969359331476 0.1465034965034965 0.4428969359331476 0.08076923076923077 0.3697771587743733 0.08076923076923077 0.3697771587743733 0.1465034965034965
0 0.8861420612813371 0.4034965034965035 0.9780640668523677 0.4034965034965035 0.9780640668523677 0.32447552447552447 0.8861420612813371 0.32447552447552447 0.8861420612813371 0.4034965034965035
0 0.4352367688022284 0.3258741258741259 0.5139275766016713 0.3258741258741259 0.5139275766016713 0.26433566433566436 0.4352367688022284 0.26433566433566436 0.4352367688022284 0.3258741258741259
0 0.8398328690807799 0.343006993006993 0.9296657381615598 0.343006993006993 0.9296657381615598 0.27517482517482517 0.8398328690807799 0.27517482517482517 0.8398328690807799 0.343006993006993
0 0.6312674094707521 0.31153846153846154 0.7155292479108635 0.31153846153846154 0.7155292479108635 0.2444055944055944 0.6312674094707521 0.2444055944055944 0.6312674094707521 0.31153846153846154
0 0.3447075208913649 0.22937062937062938 0.415041782729805 0.22937062937062938 0.415041782729805 0.16363636363636364 0.3447075208913649 0.16363636363636364 0.3447075208913649 0.22937062937062938
0 0.306058495821727 0.18181818181818182 0.37987465181058494 0.18181818181818182 0.37987465181058494 0.11608391608391608 0.306058495821727 0.11608391608391608 0.306058495821727 0.18181818181818182
0 0.5483983286908078 0.6895104895104895 0.6277855153203342 0.6895104895104895 0.6277855153203342 0.6216783216783217 0.5483983286908078 0.6216783216783217 0.5483983286908078 0.6895104895104895
0 0.19881615598885793 0.2853146853146853 0.2775069637883008 0.2853146853146853 0.2775069637883008 0.22727272727272727 0.19881615598885793 0.22727272727272727 0.19881615598885793 0.2853146853146853
0 0.5480501392757661 0.34895104895104895 0.6364902506963789 0.34895104895104895 0.6364902506963789 0.2818181818181818 0.5480501392757661 0.2818181818181818 0.5480501392757661 0.34895104895104895
0 0.5226323119777159 0.2062937062937063 0.6013231197771588 0.2062937062937063 0.6013231197771588 0.14125874125874127 0.5226323119777159 0.14125874125874127 0.5226323119777159 0.2062937062937063
0 0.32729805013927576 1 0.32729805013927576 0.9377622377622378 0.24512534818941503 0.9377622377622378 0.24512534818941503 1 0.32729805013927576 1
0 0.36002785515320335 0.5426573426573427 0.4387186629526462 0.5426573426573427 0.4387186629526462 0.4811188811188811 0.36002785515320335 0.4811188811188811 0.36002785515320335 0.5426573426573427
0 0.6981197771587744 1 0.6981197771587744 0.9517482517482517 0.6103760445682451 0.9517482517482517 0.6103760445682451 1 0.6981197771587744 1
0 0.5901810584958217 0.2646853146853147 0.6646935933147632 0.2646853146853147 0.6646935933147632 0.19475524475524475 0.5901810584958217 0.19475524475524475 0.5901810584958217 0.2646853146853147
0 0.7830779944289693 0.28706293706293706 0.8617688022284122 0.28706293706293706 0.8617688022284122 0.21923076923076923 0.7830779944289693 0.21923076923076923 0.7830779944289693 0.28706293706293706
0 0.391016713091922 0.27132867132867133 0.4578690807799443 0.27132867132867133 0.4578690807799443 0.20909090909090908 0.391016713091922 0.20909090909090908 0.391016713091922 0.27132867132867133
0 0.395891364902507 1 0.395891364902507 0.9671328671328672 0.32207520891364905 0.9671328671328672 0.32207520891364905 1 0.395891364902507 1
0 0.25557103064066855 1 0.25557103064066855 0.9664335664335665 0.17618384401114207 0.9664335664335665 0.17618384401114207 1 0.25557103064066855 1
0 0.17618384401114207 1 0.17618384401114207 0.9874125874125874 0.11350974930362116 0.9874125874125874 0.11350974930362116 1 0.17618384401114207 1
0 0.3474930362116992 0 0.3474930362116992 0.015384615384615385 0.4129526462395543 0.015384615384615385 0.4129526462395543 0 0.3474930362116992 0
0 0.6319637883008357 0.34195804195804197 0.6744428969359332 0.34195804195804197 0.6744428969359332 0.3132867132867133 0.6319637883008357 0.3132867132867133 0.6319637883008357 0.34195804195804197