0 0.20294380017841213 0.23519736842105263 0.2818911685994648 0.23519736842105263 0.2818911685994648 0.09703947368421052 0.20294380017841213 0.09703947368421052 0.20294380017841213 0.23519736842105263
0 0.2894736842105263 0.5666118421052632 0.3621766280107047 0.5666118421052632 0.3621766280107047 0.4161184210526316 0.2894736842105263 0.4161184210526316 0.2894736842105263 0.5666118421052632
0 0.8008474576271186 0.5082236842105263 0.8784567350579839 0.5082236842105263 0.8784567350579839 0.37664473684210525 0.8008474576271186 0.37664473684210525 0.8008474576271186 0.5082236842105263
0 0.04906333630686887 0.47162828947368424 0.13291703835860838 0.47162828947368424 0.13291703835860838 0.3548519736842105 0.04906333630686887 0.3548519736842105 0.04906333630686887 0.47162828947368424
0 0.6612399643175736 0.31620065789473684 0.7428635147190009 0.31620065789473684 0.7428635147190009 0.17557565789473684 0.6612399643175736 0.17557565789473684 0.6612399643175736 0.31620065789473684
0 0.40811775200713646 0.7952302631578947 0.4910793933987511 0.7952302631578947 0.4910793933987511 0.6669407894736842 0.40811775200713646 0.6669407894736842 0.40811775200713646 0.7952302631578947
0 0.656556645851918 0.7142269736842105 0.7421944692239072 0.7142269736842105 0.7421944692239072 0.576891447368421 0.656556645851918 0.576891447368421 0.656556645851918 0.7142269736842105
0 0.7602586975914363 0.9995888157894737 0.8450044603033007 0.9995888157894737 0.8450044603033007 0.8811677631578947 0.7602586975914363 0.8811677631578947 0.7602586975914363 0.9995888157894737
0 0.41369313113291706 0.6484375 0.49041034790365745 0.6484375 0.49041034790365745 0.5094572368421053 0.41369313113291706 0.5094572368421053 0.41369313113291706 0.6484375
0 0.6391614629794826 0.5863486842105263 0.7149866190900981 0.5863486842105263 0.7149866190900981 0.4399671052631579 0.6391614629794826 0.4399671052631579 0.6391614629794826 0.5863486842105263
0 0.6086083853702052 0.22615131578947367 0.6911239964317574 0.22615131578947367 0.6911239964317574 0.07236842105263158 0.6086083853702052 0.07236842105263158 0.6086083853702052 0.22615131578947367
0 0.7736396074933095 0.8704769736842105 0.8427743086529884 0.8704769736842105 0.8427743086529884 0.7372532894736842 0.7736396074933095 0.7372532894736842 0.7736396074933095 0.8704769736842105
0 0.5905441570026762 0.4317434210526316 0.6717216770740411 0.4317434210526316 0.6717216770740411 0.29769736842105265 0.5905441570026762 0.29769736842105265 0.5905441570026762 0.4317434210526316
0 0.03479036574487065 0.35320723684210525 0.12310437109723461 0.35320723684210525 0.12310437109723461 0.2314967105263158 0.03479036574487065 0.2314967105263158 0.03479036574487065 0.35320723684210525
0 0.7535682426404996 0.735608552631579 0.8280553077609277 0.735608552631579 0.8280553077609277 0.5867598684210527 0.7535682426404996 0.5867598684210527 0.7535682426404996 0.735608552631579
0 0.36351471900089205 0.9140625 0.4491525423728814 0.9140625 0.4491525423728814 0.780016447368421 0.36351471900089205 0.780016447368421 0.36351471900089205 0.9140625
0 0.5840767172167708 0.7294407894736842 0.6549955396966993 0.7294407894736842 0.6549955396966993 0.5822368421052632 0.5840767172167708 0.5822368421052632 0.5840767172167708 0.7294407894736842
0 0.5006690454950936 0.4847861842105263 0.5706958073148974 0.4847861842105263 0.5706958073148974 0.33511513157894735 0.5006690454950936 0.33511513157894735 0.5006690454950936 0.4847861842105263
0 0.8148974130240857 0.6632401315789473 0.8956289027653881 0.6632401315789473 0.8956289027653881 0.5127467105263158 0.8148974130240857 0.5127467105263158 0.8148974130240857 0.6632401315789473
0 0.6926851025869759 0.8651315789473685 0.7689562890276539 0.8651315789473685 0.7689562890276539 0.712171052631579 0.6926851025869759 0.712171052631579 0.6926851025869759 0.8651315789473685
0 0.725914362176628 0.5855263157894737 0.8012934879571811 0.5855263157894737 0.8012934879571811 0.4120065789473684 0.725914362176628 0.4120065789473684 0.725914362176628 0.5855263157894737
0 0.8356378233719893 0.8145559210526315 0.9101248884924175 0.8145559210526315 0.9101248884924175 0.6665296052631579 0.8356378233719893 0.6665296052631579 0.8356378233719893 0.8145559210526315
0 0.11173059768064228 0.17516447368421054 0.19023193577163247 0.17516447368421054 0.19023193577163247 0.039473684210526314 0.11173059768064228 0.039473684210526314 0.11173059768064228 0.17516447368421054
0 0.7486619090098127 0.3926809210526316 0.8347457627118644 0.3926809210526316 0.8347457627118644 0.23643092105263158 0.7486619090098127 0.23643092105263158 0.7486619090098127 0.3926809210526316
0 0.8309545049063336 0.9572368421052632 0.9255129348795718 0.9572368421052632 0.9255129348795718 0.828125 0.8309545049063336 0.828125 0.8309545049063336 0.9572368421052632
0 0.77921498661909 0.24629934210526316 0.851471900089206 0.24629934210526316 0.851471900089206 0.08922697368421052 0.77921498661909 0.08922697368421052 0.77921498661909 0.24629934210526316
0 0.05017841213202498 0.24054276315789475 0.13537020517395182 0.24054276315789475 0.13537020517395182 0.10649671052631579 0.05017841213202498 0.10649671052631579 0.05017841213202498 0.24054276315789475
0 0.7103033006244425 0.17228618421052633 0.7816681534344335 0.17228618421052633 0.7816681534344335 0.036595394736842105 0.7103033006244425 0.036595394736842105 0.7103033006244425 0.17228618421052633
0 0.6766280107047279 0.4354440789473684 0.7595896520963425 0.4354440789473684 0.7595896520963425 0.31949013157894735 0.6766280107047279 0.31949013157894735 0.6766280107047279 0.4354440789473684
0 0.6509812667261374 0 0.6509812667261374 0.07730263157894737 0.7245762711864406 0.07730263157894737 0.7245762711864406 0 0.6509812667261374 0
0 0.7624888492417484 0 0.7624888492417484 0.07894736842105263 0.8320695807314897 0.07894736842105263 0.8320695807314897 0 0.7624888492417484 0
0 0.26984834968777877 1 0.26984834968777877 0.9506578947368421 0.2016057091882248 0.9506578947368421 0.2016057091882248 1 0.26984834968777877 1
0 0.00022301516503122213 0.3745888157894737 0.024754683318465656 0.3745888157894737 0.024754683318465656 0.2512335526315789 0.00022301516503122213 0.2512335526315789 0.00022301516503122213 0.3745888157894737
0 0.08898305084745763 1 0.08898305084745763 0.9366776315789473 0.01048171275646744 0.9366776315789473 0.01048171275646744 1 0.08898305084745763 1
0 0.4192685102586976 1 0.4192685102586976 0.9555921052631579 0.35548617305976804 0.9555921052631579 0.35548617305976804 1 0.4192685102586976 1
0 0.49732381801962533 0 0.49732381801962533 0.044407894736842105 0.5566458519179304 0.044407894736842105 0.5566458519179304 0 0.49732381801962533 0
0 0.00022301516503122213 0.9983552631578947 0.016280107047279214 0.9983552631578947 0.016280107047279214 0.9399671052631579 0.00022301516503122213 0.9399671052631579 0.00022301516503122213 0.9983552631578947
0 0.9364406779661016 1 0.9364406779661016 0.9613486842105263 0.8659678858162355 0.9613486842105263 0.8659678858162355 1 0.9364406779661016 1
0 0.6382694023193577 0.9995888157894737 0.6953612845673506 0.9995888157894737 0.6953612845673506 0.9683388157894737 0.6382694023193577 0.9683388157894737 0.6382694023193577 0.9995888157894737
0 0 0.22574013157894737 0.009812667261373774 0.22574013157894737 0.009812667261373774 0.1328125 0 0.1328125 0 0.22574013157894737
0 0.4605263157894737 0.9995888157894737 0.5104817127564675 0.9995888157894737 0.5104817127564675 0.9732730263157895 0.4605263157894737 0.9732730263157895 0.4605263157894737 0.9995888157894737
0 0.2085191793041927 0.3885690789473684 0.2731935771632471 0.3885690789473684 0.2731935771632471 0.24547697368421054 0.2085191793041927 0.24547697368421054 0.2085191793041927 0.3885690789473684