0 0.4071363220494053 0.41776315789473684 0.5009149130832571 0.41776315789473684 0.5009149130832571 0.27713815789473684 0.4071363220494053 0.27713815789473684 0.4071363220494053 0.41776315789473684
0 0.7108874656907593 0.8478618421052632 0.8119853613906679 0.8478618421052632 0.8119853613906679 0.6825657894736842 0.7108874656907593 0.6825657894736842 0.7108874656907593 0.8478618421052632
0 0.419487648673376 0.6287006578947368 0.5182982616651418 0.6287006578947368 0.5182982616651418 0.4675164473684211 0.419487648673376 0.4675164473684211 0.419487648673376 0.6287006578947368
0 0.32913998170173836 0.3223684210526316 0.4188014638609332 0.3223684210526316 0.4188014638609332 0.18174342105263158 0.32913998170173836 0.18174342105263158 0.32913998170173836 0.3223684210526316
0 0.17680695333943275 0.21751644736842105 0.2609789569990851 0.21751644736842105 0.2609789569990851 0.08182565789473684 0.17680695333943275 0.08182565789473684 0.17680695333943275 0.21751644736842105
0 0.5034309240622141 0.7351973684210527 0.6008691674290942 0.7351973684210527 0.6008691674290942 0.5748355263157895 0.5034309240622141 0.5748355263157895 0.5034309240622141 0.7351973684210527
0 0.07319304666056725 0.3112664473684211 0.16834400731930466 0.3112664473684211 0.16834400731930466 0.1796875 0.07319304666056725 0.1796875 0.07319304666056725 0.3112664473684211
0 0.14272644098810613 0.4058388157894737 0.23467520585544374 0.4058388157894737 0.23467520585544374 0.27179276315789475 0.14272644098810613 0.27179276315789475 0.14272644098810613 0.4058388157894737
0 0.26189387008234216 0.21340460526315788 0.35155535224153706 0.21340460526315788 0.35155535224153706 0.08018092105263158 0.26189387008234216 0.08018092105263158 0.26189387008234216 0.21340460526315788
0 0.2081427264409881 0.7931743421052632 0.29643183897529735 0.7931743421052632 0.29643183897529735 0.6361019736842105 0.2081427264409881 0.6361019736842105 0.2081427264409881 0.7931743421052632
0 0.3142726440988106 0.7129934210526315 0.41171088746569073 0.7129934210526315 0.41171088746569073 0.5583881578947368 0.3142726440988106 0.5583881578947368 0.3142726440988106 0.7129934210526315
0 0.046203110704483075 0.7791940789473685 0.13860933211344922 0.7791940789473685 0.13860933211344922 0.6369243421052632 0.046203110704483075 0.6369243421052632 0.046203110704483075 0.7791940789473685
0 0.009835315645013724 0.4009046052631579 0.10590118938700824 0.4009046052631579 0.10590118938700824 0.2676809210526316 0.009835315645013724 0.2676809210526316 0.009835315645013724 0.4009046052631579
0 0.10247026532479414 0 0.10247026532479414 0.12417763157894737 0.19258920402561758 0.12417763157894737 0.19258920402561758 0 0.10247026532479414 0
0 0.016697163769441904 0.5875822368421053 0.11688014638609331 0.5875822368421053 0.11688014638609331 0.4551809210526316 0.016697163769441904 0.4551809210526316 0.016697163769441904 0.5875822368421053
0 0.00022872827081427266 0.12212171052631579 0.05558096980786825 0.12212171052631579 0.05558096980786825 0.002055921052631579 0.00022872827081427266 0.002055921052631579 0.00022872827081427266 0.12212171052631579
0 0 0.6726973684210527 0.07044830741079597 0.6726973684210527 0.07044830741079597 0.5427631578947368 0 0.5427631578947368 0 0.6726973684210527
0 0.5265324794144556 1 0.5265324794144556 0.9473684210526315 0.439615736505032 0.9473684210526315 0.439615736505032 1 0.5265324794144556 1
0 0.00022872827081427266 0.2972861842105263 0.02950594693504117 0.2972861842105263 0.02950594693504117 0.17886513157894737 0.00022872827081427266 0.17886513157894737 0.00022872827081427266 0.2972861842105263