0 0.82 0.309009009009009 0.884 0.309009009009009 0.884 0.17207207207207206 0.82 0.17207207207207206 0.82 0.309009009009009
0 0.9114 0.509009009009009 0.9702 0.509009009009009 0.9702 0.35225225225225226 0.9114 0.35225225225225226 0.9114 0.509009009009009
0 0.7442 0.5175675675675676 0.8058 0.5175675675675676 0.8058 0.39144144144144144 0.7442 0.39144144144144144 0.7442 0.5175675675675676
0 0.8472 0.4594594594594595 0.9088 0.4594594594594595 0.9088 0.3162162162162162 0.8472 0.3162162162162162 0.8472 0.4594594594594595
0 0.8256 0.8513513513513513 0.884 0.8513513513513513 0.884 0.7171171171171171 0.8256 0.7171171171171171 0.8256 0.8513513513513513
0 0.8858 0.9292792792792792 0.9526 0.9292792792792792 0.9526 0.7581081081081081 0.8858 0.7581081081081081 0.8858 0.9292792792792792
0 0.866 0.21666666666666667 0.9432 0.21666666666666667 0.9432 0.07972972972972973 0.866 0.07972972972972973 0.866 0.21666666666666667
0 0.5196 0.23198198198198197 0.5796 0.23198198198198197 0.5796 0.09864864864864865 0.5196 0.09864864864864865 0.5196 0.23198198198198197
0 0.795 0.9576576576576576 0.8546 0.9576576576576576 0.8546 0.80990990990991 0.795 0.80990990990991 0.795 0.9576576576576576
0 0.7838 0.4243243243243243 0.8426 0.4243243243243243 0.8426 0.2765765765765766 0.7838 0.2765765765765766 0.7838 0.4243243243243243
0 0.9412 0.27837837837837837 0.9996 0.27837837837837837 0.9996 0.11171171171171171 0.9412 0.11171171171171171 0.9412 0.27837837837837837
0 0.7202 0.4045045045045045 0.7786 0.4045045045045045 0.7786 0.26576576576576577 0.7202 0.26576576576576577 0.7202 0.4045045045045045
0 0.8696 0.5981981981981982 0.9248 0.5981981981981982 0.9248 0.4594594594594595 0.8696 0.4594594594594595 0.8696 0.5981981981981982
0 0.6454 0.2063063063063063 0.7002 0.2063063063063063 0.7002 0.054954954954954956 0.6454 0.054954954954954956 0.6454 0.2063063063063063
0 0.805 0.5666666666666667 0.8614 0.5666666666666667 0.8614 0.42342342342342343 0.805 0.42342342342342343 0.805 0.5666666666666667
0 0.8268 0.722972972972973 0.8856 0.722972972972973 0.8856 0.5698198198198198 0.8268 0.5698198198198198 0.8268 0.722972972972973
0 0.6974 0 0.6974 0.12612612612612611 0.7566 0.12612612612612611 0.7566 0 0.6974 0
0 0.9296 0.8261261261261261 0.9996 0.8261261261261261 0.9996 0.6693693693693694 0.9296 0.6693693693693694 0.9296 0.8261261261261261
0 0.7006 0.26576576576576577 0.7614 0.26576576576576577 0.7614 0.13243243243243244 0.7006 0.13243243243243244 0.7006 0.26576576576576577
0 0.8844 0.3509009009009009 0.9544 0.3509009009009009 0.9544 0.22477477477477478 0.8844 0.22477477477477478 0.8844 0.3509009009009009
0 0.8068 0.1581081081081081 0.8656 0.1581081081081081 0.8656 0.022072072072072072 0.8068 0.022072072072072072 0.8068 0.1581081081081081
0 0.9228 0.6671171171171171 0.9852 0.6671171171171171 0.9852 0.5157657657657657 0.9228 0.5157657657657657 0.9228 0.6671171171171171
0 0.916 0 0.916 0.10990990990990991 0.9916 0.10990990990990991 0.9916 0 0.916 0
0 0.7506 0.6567567567567567 0.811 0.6567567567567567 0.811 0.5216216216216216 0.7506 0.5216216216216216 0.7506 0.6567567567567567
0 0.7652 0.2418918918918919 0.8188 0.2418918918918919 0.8188 0.10495495495495495 0.7652 0.10495495495495495 0.7652 0.2418918918918919
0 0.638 0.3364864864864865 0.7 0.3364864864864865 0.7 0.20675675675675675 0.638 0.20675675675675675 0.638 0.3364864864864865
0 0.5948 0.17792792792792791 0.648 0.17792792792792791 0.648 0.034684684684684684 0.5948 0.034684684684684684 0.5948 0.17792792792792791
0 0.4702 0.1518018018018018 0.5366 0.1518018018018018 0.5366 0.02027027027027027 0.4702 0.02027027027027027 0.4702 0.1518018018018018
0 0.6626 0.46936936936936935 0.721 0.46936936936936935 0.721 0.33603603603603605 0.6626 0.33603603603603605 0.6626 0.46936936936936935
0 0.6946 0.5945945945945946 0.753 0.5945945945945946 0.753 0.45315315315315313 0.6946 0.45315315315315313 0.6946 0.5945945945945946
0 0.344 0.10585585585585586 0.4036 0.10585585585585586 0.4036 0.00045045045045045046 0.344 0.00045045045045045046 0.344 0.10585585585585586
0 0.958 0.4157657657657658 0.9996 0.4157657657657658 0.9996 0.2788288288288288 0.958 0.2788288288288288 0.958 0.4157657657657658
0 0.2108 0.16126126126126125 0.2708 0.16126126126126125 0.2708 0.05765765765765766 0.2108 0.05765765765765766 0.2108 0.16126126126126125
0 0.1546 0.15765765765765766 0.213 0.15765765765765766 0.213 0.04864864864864865 0.1546 0.04864864864864865 0.1546 0.15765765765765766
0 0.3442 0.23513513513513515 0.4066 0.23513513513513515 0.4066 0.12702702702702703 0.3442 0.12702702702702703 0.3442 0.23513513513513515
0 0.856 0.07702702702702703 0.918 0.07702702702702703 0.918 0.00045045045045045046 0.856 0.00045045045045045046 0.856 0.07702702702702703
0 0.1896 0.26576576576576577 0.2476 0.26576576576576577 0.2476 0.15945945945945947 0.1896 0.15945945945945947 0.1896 0.26576576576576577
0 0.9492 0.9815315315315315 0.9996 0.9815315315315315 0.9996 0.8391891891891892 0.9492 0.8391891891891892 0.9492 0.9815315315315315
0 0.7602 0.10315315315315315 0.8118 0.10315315315315315 0.8118 0.00045045045045045046 0.7602 0.00045045045045045046 0.7602 0.10315315315315315
0 0.9228 1 0.9228 0.8810810810810811 0.8588 0.8810810810810811 0.8588 1 0.9228 1
0 0.0988 0.618018018018018 0.1524 0.618018018018018 0.1524 0.5162162162162162 0.0988 0.5162162162162162 0.0988 0.618018018018018
0 0.9692 0.5716216216216217 0.9996 0.5716216216216217 0.9996 0.42657657657657655 0.9692 0.42657657657657655 0.9692 0.5716216216216217
0 0.1174 0.1518018018018018 0.157 0.1518018018018018 0.157 0.0545045045045045 0.1174 0.0545045045045045 0.1174 0.1518018018018018
0 0.1434 0.23783783783783785 0.1882 0.23783783783783785 0.1882 0.14774774774774774 0.1434 0.14774774774774774 0.1434 0.23783783783783785
0 0.1344 0 0.1344 0.05765765765765766 0.1812 0.05765765765765766 0.1812 0 0.1344 0
0 0.9804 0.7279279279279279 0.9996 0.7279279279279279 0.9996 0.5990990990990991 0.9804 0.5990990990990991 0.9804 0.7279279279279279
0 0.0892 0.43738738738738736 0.1408 0.43738738738738736 0.1408 0.3238738738738739 0.0892 0.3238738738738739 0.0892 0.43738738738738736
0 0.1786 0 0.1786 0.05405405405405406 0.2426 0.05405405405405406 0.2426 0 0.1786 0
0 0.141 0.6013513513513513 0.1998 0.6013513513513513 0.1998 0.48153153153153155 0.141 0.48153153153153155 0.141 0.6013513513513513
0 0.5824 0 0.5824 0.036036036036036036 0.6368 0.036036036036036036 0.6368 0 0.5824 0
0 0.4488 0.0445945945945946 0.504 0.0445945945945946 0.504 0.00045045045045045046 0.4488 0.00045045045045045046 0.4488 0.0445945945945946
0 0.8158 1 0.8158 0.9531531531531532 0.755 0.9531531531531532 0.755 1 0.8158 1
0 0.0614 0.6693693693693694 0.1066 0.6693693693693694 0.1066 0.581081081081081 0.0614 0.581081081081081 0.0614 0.6693693693693694
0 0.0612 0.668918918918919 0.0932 0.668918918918919 0.0932 0.5824324324324325 0.0612 0.5824324324324325 0.0612 0.668918918918919
0 0.0776 0.23738738738738738 0.1128 0.23738738738738738 0.1128 0.1725225225225225 0.0776 0.1725225225225225 0.0776 0.23738738738738738
0 0.051 0.40540540540540543 0.0878 0.40540540540540543 0.0878 0.34144144144144145 0.051 0.34144144144144145 0.051 0.40540540540540543
0 0.0706 0.14954954954954955 0.1182 0.14954954954954955 0.1182 0.054954954954954956 0.0706 0.054954954954954956 0.0706 0.14954954954954955