0 0.5224489795918368 0.18627450980392157 0.6316326530612245 0.18627450980392157 0.6316326530612245 0.10702614379084967 0.5224489795918368 0.10702614379084967 0.5224489795918368 0.18627450980392157
0 0.5224489795918368 0.33088235294117646 0.6377551020408163 0.33088235294117646 0.6377551020408163 0.2589869281045752 0.5224489795918368 0.2589869281045752 0.5224489795918368 0.33088235294117646
0 0.8086734693877551 0.7769607843137255 0.9158163265306123 0.7769607843137255 0.9158163265306123 0.696078431372549 0.8086734693877551 0.696078431372549 0.8086734693877551 0.7769607843137255
0 0.3056122448979592 0.4513888888888889 0.41377551020408165 0.4513888888888889 0.41377551020408165 0.372140522875817 0.3056122448979592 0.372140522875817 0.3056122448979592 0.4513888888888889
0 0 0.39419934640522875 0.10306122448979592 0.39419934640522875 0.10306122448979592 0.3165849673202614 0 0.3165849673202614 0 0.39419934640522875
0 0.6147959183673469 0.5906862745098039 0.7219387755102041 0.5906862745098039 0.7219387755102041 0.5089869281045751 0.6147959183673469 0.5089869281045751 0.6147959183673469 0.5906862745098039
0 0.6938775510204082 0.6368464052287581 0.7948979591836735 0.6368464052287581 0.7948979591836735 0.556781045751634 0.6938775510204082 0.556781045751634 0.6938775510204082 0.6368464052287581
0 0.8153061224489796 0.14950980392156862 0.9214285714285714 0.14950980392156862 0.9214285714285714 0.0718954248366013 0.8153061224489796 0.0718954248366013 0.8153061224489796 0.14950980392156862
0 0.8331632653061225 0.4783496732026144 0.9474489795918367 0.4783496732026144 0.9474489795918367 0.4089052287581699 0.8331632653061225 0.4089052287581699 0.8331632653061225 0.4783496732026144
0 0.613265306122449 0.15931372549019607 0.7153061224489796 0.15931372549019607 0.7153061224489796 0.0784313725490196 0.613265306122449 0.0784313725490196 0.613265306122449 0.15931372549019607
0 0.4306122448979592 0.4579248366013072 0.5540816326530612 0.4579248366013072 0.5540816326530612 0.38112745098039214 0.4306122448979592 0.38112745098039214 0.4306122448979592 0.4579248366013072
0 0.6454081632653061 0.9587418300653595 0.7637755102040816 0.9587418300653595 0.7637755102040816 0.872140522875817 0.6454081632653061 0.872140522875817 0.6454081632653061 0.9587418300653595
0 0.6918367346938775 0.41217320261437906 0.7826530612244897 0.41217320261437906 0.7826530612244897 0.31413398692810457 0.6918367346938775 0.31413398692810457 0.6918367346938775 0.41217320261437906
0 0 0.47181372549019607 0.09693877551020408 0.47181372549019607 0.09693877551020408 0.40236928104575165 0 0.40236928104575165 0 0.47181372549019607
0 0.6413265306122449 0.3145424836601307 0.7515306122448979 0.3145424836601307 0.7515306122448979 0.23202614379084968 0.6413265306122449 0.23202614379084968 0.6413265306122449 0.3145424836601307
0 0.42244897959183675 0.2647058823529412 0.5479591836734694 0.2647058823529412 0.5479591836734694 0.18627450980392157 0.42244897959183675 0.18627450980392157 0.42244897959183675 0.2647058823529412
0 0.8489795918367347 0.9334150326797386 0.9530612244897959 0.9334150326797386 0.9530612244897959 0.8451797385620915 0.8489795918367347 0.8451797385620915 0.8489795918367347 0.9334150326797386
0 0.826530612244898 0.2246732026143791 0.923469387755102 0.2246732026143791 0.923469387755102 0.1503267973856209 0.826530612244898 0.1503267973856209 0.826530612244898 0.2246732026143791
0 0.7224489795918367 0.17238562091503268 0.8142857142857143 0.17238562091503268 0.8142857142857143 0.0915032679738562 0.7224489795918367 0.0915032679738562 0.7224489795918367 0.17238562091503268
0 0.07142857142857142 0.26552287581699346 0.17959183673469387 0.26552287581699346 0.17959183673469387 0.19281045751633988 0.07142857142857142 0.19281045751633988 0.07142857142857142 0.26552287581699346
0 0 0.3047385620915033 0.09183673469387756 0.3047385620915033 0.09183673469387756 0.22875816993464052 0 0.22875816993464052 0 0.3047385620915033
0 0.5433673469387755 0.09722222222222222 0.638265306122449 0.09722222222222222 0.638265306122449 0.013071895424836602 0.5433673469387755 0.013071895424836602 0.5433673469387755 0.09722222222222222
0 0.764795918367347 0.5257352941176471 0.8556122448979592 0.5257352941176471 0.8556122448979592 0.4522058823529412 0.764795918367347 0.4522058823529412 0.764795918367347 0.5257352941176471
0 0.9030612244897959 0.40645424836601307 0.9979591836734694 0.40645424836601307 0.9979591836734694 0.3386437908496732 0.9030612244897959 0.3386437908496732 0.9030612244897959 0.40645424836601307
0 0.6622448979591836 0.4934640522875817 0.7653061224489796 0.4934640522875817 0.7653061224489796 0.40931372549019607 0.6622448979591836 0.40931372549019607 0.6622448979591836 0.4934640522875817
0 0.06275510204081633 0.7316176470588235 0.16683673469387755 0.7316176470588235 0.16683673469387755 0.641748366013072 0.06275510204081633 0.641748366013072 0.06275510204081633 0.7316176470588235
0 0.17142857142857143 0.7230392156862745 0.27755102040816326 0.7230392156862745 0.27755102040816326 0.6437908496732027 0.17142857142857143 0.6437908496732027 0.17142857142857143 0.7230392156862745
0 0.5872448979591837 0.3958333333333333 0.6841836734693878 0.3958333333333333 0.6841836734693878 0.3133169934640523 0.5872448979591837 0.3133169934640523 0.5872448979591837 0.3958333333333333
0 0.1469387755102041 0.30800653594771243 0.25816326530612244 0.30800653594771243 0.25816326530612244 0.24101307189542484 0.1469387755102041 0.24101307189542484 0.1469387755102041 0.30800653594771243
0 0.6035714285714285 0.7769607843137255 0.7056122448979592 0.7769607843137255 0.7056122448979592 0.6911764705882353 0.6035714285714285 0.6911764705882353 0.6035714285714285 0.7769607843137255
0 0.8709183673469387 0.33700980392156865 0.9821428571428571 0.33700980392156865 0.9821428571428571 0.2536764705882353 0.8709183673469387 0.2536764705882353 0.8709183673469387 0.33700980392156865
0 0.7193877551020408 0.7381535947712419 0.8244897959183674 0.7381535947712419 0.8244897959183674 0.6466503267973857 0.7193877551020408 0.6466503267973857 0.7193877551020408 0.7381535947712419
0 0.15306122448979592 0.4562908496732026 0.2602040816326531 0.4562908496732026 0.2602040816326531 0.3860294117647059 0.15306122448979592 0.3860294117647059 0.15306122448979592 0.4562908496732026
0 0.6423469387755102 0.08619281045751634 0.7403061224489796 0.08619281045751634 0.7403061224489796 0.014297385620915032 0.6423469387755102 0.014297385620915032 0.6423469387755102 0.08619281045751634
0 0.6 0.6936274509803921 0.7071428571428572 0.6936274509803921 0.7071428571428572 0.6168300653594772 0.6 0.6168300653594772 0.6 0.6936274509803921
0 0.7821428571428571 0.42769607843137253 0.8811224489795918 0.42769607843137253 0.8811224489795918 0.33782679738562094 0.7821428571428571 0.33782679738562094 0.7821428571428571 0.42769607843137253
0 0.1270408163265306 0.380718954248366 0.2372448979591837 0.380718954248366 0.2372448979591837 0.3137254901960784 0.1270408163265306 0.3137254901960784 0.1270408163265306 0.380718954248366
0 0.7413265306122448 0.2659313725490196 0.838265306122449 0.2659313725490196 0.838265306122449 0.1875 0.7413265306122448 0.1875 0.7413265306122448 0.2659313725490196
0 0.4448979591836735 0.6237745098039216 0.5683673469387756 0.6237745098039216 0.5683673469387756 0.5379901960784313 0.4448979591836735 0.5379901960784313 0.4448979591836735 0.6237745098039216
0 0.7586734693877552 0.34477124183006536 0.8637755102040816 0.34477124183006536 0.8637755102040816 0.25980392156862747 0.7586734693877552 0.25980392156862747 0.7586734693877552 0.34477124183006536
0 0.5545918367346939 0.2577614379084967 0.6596938775510204 0.2577614379084967 0.6596938775510204 0.18586601307189543 0.5545918367346939 0.18586601307189543 0.5545918367346939 0.2577614379084967
0 0.7408163265306122 0.08455882352941177 0.8397959183673469 0.08455882352941177 0.8397959183673469 0.01184640522875817 0.7408163265306122 0.01184640522875817 0.7408163265306122 0.08455882352941177
0 0.007653061224489796 0.8537581699346405 0.11581632653061225 0.8537581699346405 0.11581632653061225 0.7753267973856209 0.007653061224489796 0.7753267973856209 0.007653061224489796 0.8537581699346405
0 0.5107142857142857 0.9064542483660131 0.6045918367346939 0.9064542483660131 0.6045918367346939 0.8035130718954249 0.5107142857142857 0.8035130718954249 0.5107142857142857 0.9064542483660131
0 0.4336734693877551 0.11519607843137254 0.5448979591836735 0.11519607843137254 0.5448979591836735 0.04411764705882353 0.4336734693877551 0.04411764705882353 0.4336734693877551 0.11519607843137254
0 0.8428571428571429 0.0763888888888889 0.9581632653061225 0.0763888888888889 0.9581632653061225 0.012663398692810458 0.8428571428571429 0.012663398692810458 0.8428571428571429 0.0763888888888889
0 0.8612244897959184 0.6638071895424836 0.9673469387755103 0.6638071895424836 0.9673469387755103 0.5706699346405228 0.8612244897959184 0.5706699346405228 0.8612244897959184 0.6638071895424836
0 0 0.633578431372549 0.09795918367346938 0.633578431372549 0.09795918367346938 0.5592320261437909 0 0.5592320261437909 0 0.633578431372549
0 0.4270408163265306 0.3786764705882353 0.5454081632653062 0.3786764705882353 0.5454081632653062 0.30514705882352944 0.4270408163265306 0.30514705882352944 0.4270408163265306 0.3786764705882353
0 0.39081632653061227 0.5273692810457516 0.5040816326530613 0.5273692810457516 0.5040816326530613 0.4571078431372549 0.39081632653061227 0.4571078431372549 0.39081632653061227 0.5273692810457516
0 0.7321428571428571 0.8251633986928104 0.8321428571428572 0.8251633986928104 0.8321428571428572 0.738562091503268 0.7321428571428571 0.738562091503268 0.7321428571428571 0.8251633986928104
0 0.6545918367346939 0.23080065359477125 0.7627551020408163 0.23080065359477125 0.7627551020408163 0.16299019607843138 0.6545918367346939 0.16299019607843138 0.6545918367346939 0.23080065359477125
0 0 0.22181372549019607 0.10204081632653061 0.22181372549019607 0.10204081632653061 0.14419934640522875 0 0.14419934640522875 0 0.22181372549019607
0 0.8484693877551021 1 0.8484693877551021 0.9468954248366013 0.7372448979591837 0.9468954248366013 0.7372448979591837 1 0.8484693877551021 1
0 0.0005102040816326531 0.5645424836601307 0.07908163265306123 0.5645424836601307 0.07908163265306123 0.4877450980392157 0.0005102040816326531 0.4877450980392157 0.0005102040816326531 0.5645424836601307
0 0.2066326530612245 0.5812908496732027 0.30051020408163265 0.5812908496732027 0.30051020408163265 0.49060457516339867 0.2066326530612245 0.49060457516339867 0.2066326530612245 0.5812908496732027
0 0.29591836734693877 0.5551470588235294 0.39591836734693875 0.5551470588235294 0.39591836734693875 0.4709967320261438 0.29591836734693877 0.4709967320261438 0.29591836734693877 0.5551470588235294
0 0.0005102040816326531 0.733251633986928 0.060714285714285714 0.733251633986928 0.060714285714285714 0.6474673202614379 0.0005102040816326531 0.6474673202614379 0.0005102040816326531 0.733251633986928
0 0.6127551020408163 0.8786764705882353 0.7005102040816327 0.8786764705882353 0.7005102040816327 0.7847222222222222 0.6127551020408163 0.7847222222222222 0.6127551020408163 0.8786764705882353
0 0.5530612244897959 0.9889705882352942 0.6438775510204081 0.9889705882352942 0.6438775510204081 0.8991013071895425 0.5530612244897959 0.8991013071895425 0.5530612244897959 0.9889705882352942
0 0.1826530612244898 0.886437908496732 0.28469387755102044 0.886437908496732 0.28469387755102044 0.798202614379085 0.1826530612244898 0.798202614379085 0.1826530612244898 0.886437908496732
0 0.09591836734693877 0.6372549019607843 0.1989795918367347 0.6372549019607843 0.1989795918367347 0.5555555555555556 0.09591836734693877 0.5555555555555556 0.09591836734693877 0.6372549019607843
0 0.02040816326530612 0.9366830065359477 0.11122448979591837 0.9366830065359477 0.11122448979591837 0.8590686274509803 0.02040816326530612 0.8590686274509803 0.02040816326530612 0.9366830065359477
0 0.7239795918367347 1 0.7239795918367347 0.9607843137254902 0.6168367346938776 0.9607843137254902 0.6168367346938776 1 0.7239795918367347 1
0 0.14642857142857144 0.798202614379085 0.2576530612244898 0.798202614379085 0.2576530612244898 0.7263071895424836 0.14642857142857144 0.7263071895424836 0.14642857142857144 0.798202614379085
0 0.12040816326530612 0.934640522875817 0.2173469387755102 0.934640522875817 0.2173469387755102 0.8660130718954249 0.12040816326530612 0.8660130718954249 0.12040816326530612 0.934640522875817
0 0.29081632653061223 1 0.29081632653061223 0.9256535947712419 0.17857142857142858 0.9256535947712419 0.17857142857142858 1 0.29081632653061223 1
0 0.9668367346938775 0.29248366013071897 0.9994897959183674 0.29248366013071897 0.9994897959183674 0.2181372549019608 0.9668367346938775 0.2181372549019608 0.9668367346938775 0.29248366013071897
0 0.9989795918367347 1 0.9989795918367347 0.9379084967320261 0.9244897959183673 0.9379084967320261 0.9244897959183673 1 0.9989795918367347 1
0 0.9821428571428571 0.6286764705882353 0.9994897959183674 0.6286764705882353 0.9994897959183674 0.5551470588235294 0.9821428571428571 0.5551470588235294 0.9821428571428571 0.6286764705882353
0 0.09081632653061225 1 0.09081632653061225 0.9820261437908496 0 0.9820261437908496 0 1 0.09081632653061225 1
0 0 0.34395424836601307 0.018367346938775512 0.34395424836601307 0.018367346938775512 0.2957516339869281 0 0.2957516339869281 0 0.34395424836601307