0 0.7660332541567696 0.96415770609319 0.8574821852731591 0.96415770609319 0.8574821852731591 0.8324372759856631 0.7660332541567696 0.8324372759856631 0.7660332541567696 0.96415770609319
0 0.6140142517814727 0.9995519713261649 0.6935866983372921 0.9995519713261649 0.6935866983372921 0.9063620071684588 0.6140142517814727 0.9063620071684588 0.6140142517814727 0.9995519713261649
0 0.7986935866983373 0.7768817204301075 0.8919239904988123 0.7768817204301075 0.8919239904988123 0.6586021505376344 0.7986935866983373 0.6586021505376344 0.7986935866983373 0.7768817204301075
0 0.17814726840855108 0.5452508960573477 0.2505938242280285 0.5452508960573477 0.2505938242280285 0.4350358422939068 0.17814726840855108 0.4350358422939068 0.17814726840855108 0.5452508960573477
0 0.052256532066508314 0.3216845878136201 0.11460807600950118 0.3216845878136201 0.11460807600950118 0.2114695340501792 0.052256532066508314 0.2114695340501792 0.052256532066508314 0.3216845878136201
0 0.7725653206650831 0.12948028673835124 0.8467933491686461 0.12948028673835124 0.8467933491686461 0.023745519713261647 0.7725653206650831 0.023745519713261647 0.7725653206650831 0.12948028673835124
0 0.6656769596199525 0.31765232974910396 0.7387173396674585 0.31765232974910396 0.7387173396674585 0.19578853046594982 0.6656769596199525 0.19578853046594982 0.6656769596199525 0.31765232974910396
0 0.8684679334916865 0.610663082437276 0.9385391923990499 0.610663082437276 0.9385391923990499 0.48700716845878134 0.8684679334916865 0.48700716845878134 0.8684679334916865 0.610663082437276
0 0.9308194774346793 0.9650537634408602 0.9997030878859857 0.9650537634408602 0.9997030878859857 0.8315412186379928 0.9308194774346793 0.8315412186379928 0.9308194774346793 0.9650537634408602
0 0 0.4171146953405018 0.045724465558194774 0.4171146953405018 0.045724465558194774 0.3033154121863799 0 0.3033154121863799 0 0.4171146953405018
0 0.23901425178147268 0.9695340501792115 0.31918052256532065 0.9695340501792115 0.31918052256532065 0.8333333333333334 0.23901425178147268 0.8333333333333334 0.23901425178147268 0.9695340501792115
0 0.23070071258907363 0.24686379928315413 0.29720902612826605 0.24686379928315413 0.29720902612826605 0.1447132616487455 0.23070071258907363 0.1447132616487455 0.23070071258907363 0.24686379928315413
0 0.11163895486935867 0.3736559139784946 0.17933491686460806 0.3736559139784946 0.17933491686460806 0.2616487455197133 0.11163895486935867 0.2616487455197133 0.11163895486935867 0.3736559139784946
0 0.49465558194774345 0.41084229390681004 0.5617577197149644 0.41084229390681004 0.5617577197149644 0.2970430107526882 0.49465558194774345 0.2970430107526882 0.49465558194774345 0.41084229390681004
0 0.5350356294536817 0.12365591397849462 0.5920427553444181 0.12365591397849462 0.5920427553444181 0.010752688172043012 0.5350356294536817 0.010752688172043012 0.5350356294536817 0.12365591397849462
0 0.11757719714964371 0.6061827956989247 0.1828978622327791 0.6061827956989247 0.1828978622327791 0.4959677419354839 0.11757719714964371 0.4959677419354839 0.11757719714964371 0.6061827956989247
0 0.19328978622327792 0.7159498207885304 0.27048693586698336 0.7159498207885304 0.27048693586698336 0.5958781362007168 0.19328978622327792 0.5958781362007168 0.19328978622327792 0.7159498207885304
0 0.7084323040380047 0.1603942652329749 0.7719714964370546 0.1603942652329749 0.7719714964370546 0.05197132616487455 0.7084323040380047 0.05197132616487455 0.7084323040380047 0.1603942652329749
0 0.5956057007125891 0.25492831541218636 0.6668646080760094 0.25492831541218636 0.6668646080760094 0.13485663082437277 0.5956057007125891 0.13485663082437277 0.5956057007125891 0.25492831541218636
0 0.7387173396674585 0.6836917562724014 0.8283847980997625 0.6836917562724014 0.8283847980997625 0.557347670250896 0.7387173396674585 0.557347670250896 0.7387173396674585 0.6836917562724014
0 0.6333135391923991 0.11738351254480286 0.706353919239905 0.11738351254480286 0.706353919239905 0.012544802867383513 0.6333135391923991 0.012544802867383513 0.6333135391923991 0.11738351254480286
0 0.3319477434679335 0.6308243727598566 0.41330166270783847 0.6308243727598566 0.41330166270783847 0.510752688172043 0.3319477434679335 0.510752688172043 0.3319477434679335 0.6308243727598566
0 0.9774346793349169 1 0.9774346793349169 0.9408602150537635 0.8913301662707839 0.9408602150537635 0.8913301662707839 1 0.9774346793349169 1
0 0.16716152019002375 0.1388888888888889 0.23070071258907363 0.1388888888888889 0.23070071258907363 0.03494623655913978 0.16716152019002375 0.03494623655913978 0.16716152019002375 0.1388888888888889
0 0.18111638954869358 0.22446236559139784 0.23931116389548693 0.22446236559139784 0.23931116389548693 0.11603942652329749 0.18111638954869358 0.11603942652329749 0.18111638954869358 0.22446236559139784
0 0.5783847980997625 0.4798387096774194 0.6532066508313539 0.4798387096774194 0.6532066508313539 0.35439068100358423 0.5783847980997625 0.35439068100358423 0.5783847980997625 0.4798387096774194
0 0.5739311163895487 0.17338709677419356 0.6404394299287411 0.17338709677419356 0.6404394299287411 0.06854838709677419 0.5739311163895487 0.06854838709677419 0.5739311163895487 0.17338709677419356
0 0.18200712589073634 0.9251792114695341 0.2609857482185273 0.9251792114695341 0.2609857482185273 0.7862903225806451 0.18200712589073634 0.7862903225806451 0.18200712589073634 0.9251792114695341
0 0.0011876484560570072 0.28360215053763443 0.060570071258907364 0.28360215053763443 0.060570071258907364 0.19130824372759855 0.0011876484560570072 0.19130824372759855 0.0011876484560570072 0.28360215053763443
0 0.2749406175771972 0.1581541218637993 0.34085510688836107 0.1581541218637993 0.34085510688836107 0.04435483870967742 0.2749406175771972 0.04435483870967742 0.2749406175771972 0.1581541218637993
0 0.45486935866983375 0.3301971326164875 0.5237529691211401 0.3301971326164875 0.5237529691211401 0.22804659498207885 0.45486935866983375 0.22804659498207885 0.45486935866983375 0.3301971326164875
0 0.5279097387173397 0.30600358422939067 0.5926365795724465 0.30600358422939067 0.5926365795724465 0.2056451612903226 0.5279097387173397 0.2056451612903226 0.5279097387173397 0.30600358422939067
0 0.3245249406175772 0.32302867383512546 0.3904394299287411 0.32302867383512546 0.3904394299287411 0.21191756272401432 0.3245249406175772 0.21191756272401432 0.3245249406175772 0.32302867383512546
0 0.3479809976247031 0.19310035842293907 0.40914489311163893 0.19310035842293907 0.40914489311163893 0.09363799283154121 0.3479809976247031 0.09363799283154121 0.3479809976247031 0.19310035842293907
0 0.13717339667458434 0.4861111111111111 0.20843230403800475 0.4861111111111111 0.20843230403800475 0.39023297491039427 0.13717339667458434 0.39023297491039427 0.13717339667458434 0.4861111111111111
0 0.4833729216152019 0.24193548387096775 0.5498812351543944 0.24193548387096775 0.5498812351543944 0.12365591397849462 0.4833729216152019 0.12365591397849462 0.4833729216152019 0.24193548387096775
0 0 0.9887992831541219 0.032660332541567694 0.9887992831541219 0.032660332541567694 0.885752688172043 0 0.885752688172043 0 0.9887992831541219
0 0.5653206650831354 0.37007168458781364 0.6365795724465558 0.37007168458781364 0.6365795724465558 0.28225806451612906 0.5653206650831354 0.28225806451612906 0.5653206650831354 0.37007168458781364
0 0.12648456057007126 0.27419354838709675 0.19061757719714964 0.27419354838709675 0.19061757719714964 0.1639784946236559 0.12648456057007126 0.1639784946236559 0.12648456057007126 0.27419354838709675
0 0.053147268408551065 0.21012544802867383 0.11490498812351543 0.21012544802867383 0.11490498812351543 0.135752688172043 0.053147268408551065 0.135752688172043 0.053147268408551065 0.21012544802867383
0 0.42191211401425177 0.5900537634408602 0.5002969121140143 0.5900537634408602 0.5002969121140143 0.46102150537634407 0.42191211401425177 0.46102150537634407 0.42191211401425177 0.5900537634408602
0 0.2597980997624703 0 0.2597980997624703 0.07437275985663082 0.31739904988123513 0.07437275985663082 0.31739904988123513 0 0.2597980997624703 0
0 0.30374109263657956 0.4229390681003584 0.37143705463182897 0.4229390681003584 0.37143705463182897 0.3109318996415771 0.30374109263657956 0.3109318996415771 0.30374109263657956 0.4229390681003584
0 0.0002969121140142518 0.09005376344086022 0.061460807600950115 0.09005376344086022 0.061460807600950115 0.011200716845878136 0.0002969121140142518 0.011200716845878136 0.0002969121140142518 0.09005376344086022
0 0.11906175771971496 0.8938172043010753 0.19507125890736343 0.8938172043010753 0.19507125890736343 0.7710573476702509 0.11906175771971496 0.7710573476702509 0.11906175771971496 0.8938172043010753
0 0.025831353919239904 0.1527777777777778 0.0757125890736342 0.1527777777777778 0.0757125890736342 0.07034050179211469 0.025831353919239904 0.07034050179211469 0.025831353919239904 0.1527777777777778
0 0.8693586698337292 1 0.8693586698337292 0.9632616487455197 0.8010688836104513 0.9632616487455197 0.8010688836104513 1 0.8693586698337292 1
0 0.42903800475059384 0.15143369175627241 0.4943586698337292 0.15143369175627241 0.4943586698337292 0.0528673835125448 0.42903800475059384 0.0528673835125448 0.42903800475059384 0.15143369175627241
0 0.08105700712589074 0.09722222222222222 0.13331353919239905 0.09722222222222222 0.13331353919239905 0.004032258064516129 0.08105700712589074 0.004032258064516129 0.08105700712589074 0.09722222222222222
0 0.10748218527315914 0.16308243727598568 0.167458432304038 0.16308243727598568 0.167458432304038 0.06003584229390681 0.10748218527315914 0.06003584229390681 0.10748218527315914 0.16308243727598568
0 0.3554038004750594 0.4475806451612903 0.4242874109263658 0.4475806451612903 0.4242874109263658 0.3346774193548387 0.3554038004750594 0.3346774193548387 0.3554038004750594 0.4475806451612903
0 0.3898456057007126 0.2513440860215054 0.4605106888361045 0.2513440860215054 0.4605106888361045 0.14202508960573476 0.3898456057007126 0.14202508960573476 0.3898456057007126 0.2513440860215054
0 0.20902612826603326 0 0.20902612826603326 0.06451612903225806 0.26009501187648454 0.06451612903225806 0.26009501187648454 0 0.20902612826603326 0
0 0 0.8203405017921147 0.013064133016627079 0.8203405017921147 0.013064133016627079 0.7414874551971327 0 0.7414874551971327 0 0.8203405017921147
0 0 0.21012544802867383 0.027315914489311165 0.21012544802867383 0.027315914489311165 0.11693548387096774 0 0.11693548387096774 0 0.21012544802867383
0 0.4907957244655582 0 0.4907957244655582 0.0528673835125448 0.5483966745843231 0.0528673835125448 0.5483966745843231 0 0.4907957244655582 0
0 0.7078384798099763 0 0.7078384798099763 0.05734767025089606 0.7832541567695962 0.05734767025089606 0.7832541567695962 0 0.7078384798099763 0
0 0.5944180522565321 0 0.5944180522565321 0.06810035842293907 0.6484560570071259 0.06810035842293907 0.6484560570071259 0 0.5944180522565321 0
0 0.43616389548693585 0 0.43616389548693585 0.05555555555555555 0.48842042755344417 0.05555555555555555 0.48842042755344417 0 0.43616389548693585 0
0 0.9881235154394299 0.2114695340501792 0.9994061757719715 0.2114695340501792 0.9994061757719715 0.12455197132616487 0.9881235154394299 0.12455197132616487 0.9881235154394299 0.2114695340501792
0 0.8960807600950119 0 0.8960807600950119 0.07078853046594982 0.9608076009501187 0.07078853046594982 0.9608076009501187 0 0.8960807600950119 0
0 0.7773159144893111 1 0.7773159144893111 0.9758064516129032 0.7191211401425178 0.9758064516129032 0.7191211401425178 1 0.7773159144893111 1
0 0.7820665083135392 0 0.7820665083135392 0.025985663082437275 0.836104513064133 0.025985663082437275 0.836104513064133 0 0.7820665083135392 0