0 0.8791782729805014 0.23881118881118882 0.9704038997214485 0.23881118881118882 0.9704038997214485 0.1674825174825175 0.8791782729805014 0.1674825174825175 0.8791782729805014 0.23881118881118882
0 0.8130222841225627 0.6356643356643357 0.9063370473537604 0.6356643356643357 0.9063370473537604 0.5622377622377622 0.8130222841225627 0.5622377622377622 0.8130222841225627 0.6356643356643357
0 0.6772284122562674 0.9905594405594406 0.7698467966573816 0.9905594405594406 0.7698467966573816 0.9115384615384615 0.6772284122562674 0.9115384615384615 0.6772284122562674 0.9905594405594406
0 0.746866295264624 0.08951048951048951 0.8290389972144847 0.08951048951048951 0.8290389972144847 0.02097902097902098 0.746866295264624 0.02097902097902098 0.746866295264624 0.08951048951048951
0 0.05362116991643454 0.3423076923076923 0.12952646239554316 0.3423076923076923 0.12952646239554316 0.27797202797202797 0.05362116991643454 0.27797202797202797 0.05362116991643454 0.3423076923076923
0 0.43175487465181056 0.43111888111888114 0.5097493036211699 0.43111888111888114 0.5097493036211699 0.36538461538461536 0.43175487465181056 0.36538461538461536 0.43175487465181056 0.43111888111888114
0 0.7238857938718662 0.6723776223776223 0.8130222841225627 0.6723776223776223 0.8130222841225627 0.5961538461538461 0.7238857938718662 0.5961538461538461 0.7238857938718662 0.6723776223776223
0 0.541782729805014 0.7465034965034965 0.6316155988857939 0.7465034965034965 0.6316155988857939 0.670979020979021 0.541782729805014 0.670979020979021 0.541782729805014 0.7465034965034965
0 0.541782729805014 0.5923076923076923 0.6225626740947076 0.5923076923076923 0.6225626740947076 0.5244755244755245 0.541782729805014 0.5244755244755245 0.541782729805014 0.5923076923076923
0 0.33008356545961004 0.1979020979020979 0.4073816155988858 0.1979020979020979 0.4073816155988858 0.13286713286713286 0.33008356545961004 0.13286713286713286 0.33008356545961004 0.1979020979020979
0 0 0.7195804195804196 0.060584958217270196 0.7195804195804196 0.060584958217270196 0.6566433566433566 0 0.6566433566433566 0 0.7195804195804196
0 0.6660863509749304 0.2702797202797203 0.7475626740947076 0.2702797202797203 0.7475626740947076 0.19965034965034964 0.6660863509749304 0.19965034965034964 0.6660863509749304 0.2702797202797203
0 0.6601671309192201 0.17797202797202796 0.7423398328690808 0.17797202797202796 0.7423398328690808 0.09825174825174825 0.6601671309192201 0.09825174825174825 0.6601671309192201 0.17797202797202796
0 0.24477715877437325 0.6821678321678322 0.3241643454038997 0.6821678321678322 0.3241643454038997 0.6178321678321679 0.24477715877437325 0.6178321678321679 0.24477715877437325 0.6821678321678322
0 0.5999303621169917 0.65 0.6897632311977716 0.65 0.6897632311977716 0.577972027972028 0.5999303621169917 0.577972027972028 0.5999303621169917 0.65
0 0.07486072423398328 0.6482517482517482 0.15424791086350975 0.6482517482517482 0.15424791086350975 0.5874125874125874 0.07486072423398328 0.5874125874125874 0.07486072423398328 0.6482517482517482
0 0.27402506963788303 0.1493006993006993 0.3513231197771588 0.1493006993006993 0.3513231197771588 0.08496503496503496 0.27402506963788303 0.08496503496503496 0.27402506963788303 0.1493006993006993
0 0.2336350974930362 0.49125874125874125 0.3081476323119777 0.49125874125874125 0.3081476323119777 0.4297202797202797 0.2336350974930362 0.4297202797202797 0.2336350974930362 0.49125874125874125
0 0.5678969359331476 0.8517482517482518 0.6556406685236769 0.8517482517482518 0.6556406685236769 0.7762237762237763 0.5678969359331476 0.7762237762237763 0.5678969359331476 0.8517482517482518
0 0.7332869080779945 0.41818181818181815 0.8203342618384402 0.41818181818181815 0.8203342618384402 0.34685314685314683 0.7332869080779945 0.34685314685314683 0.7332869080779945 0.41818181818181815
0 0.14206128133704735 0.43356643356643354 0.21448467966573817 0.43356643356643354 0.21448467966573817 0.3748251748251748 0.14206128133704735 0.3748251748251748 0.14206128133704735 0.43356643356643354
0 0.43036211699164345 0.33706293706293705 0.5055710306406686 0.33706293706293705 0.5055710306406686 0.272027972027972 0.43036211699164345 0.272027972027972 0.43036211699164345 0.33706293706293705
0 0.4139972144846797 0.5195804195804196 0.491991643454039 0.5195804195804196 0.491991643454039 0.45244755244755247 0.4139972144846797 0.45244755244755247 0.4139972144846797 0.5195804195804196
0 0.38231197771587744 0.9115384615384615 0.46448467966573814 0.9115384615384615 0.46448467966573814 0.843006993006993 0.38231197771587744 0.843006993006993 0.38231197771587744 0.9115384615384615
0 0.3185933147632312 0.951048951048951 0.40285515320334264 0.951048951048951 0.40285515320334264 0.8804195804195805 0.3185933147632312 0.8804195804195805 0.3185933147632312 0.951048951048951
0 0.34157381615598886 0.848951048951049 0.42235376044568246 0.848951048951049 0.42235376044568246 0.7825174825174825 0.34157381615598886 0.7825174825174825 0.34157381615598886 0.848951048951049
0 0.4857242339832869 0.48391608391608393 0.5685933147632312 0.48391608391608393 0.5685933147632312 0.41748251748251747 0.4857242339832869 0.41748251748251747 0.4857242339832869 0.48391608391608393
0 0.07973537604456825 0.5583916083916084 0.15215877437325906 0.5583916083916084 0.15215877437325906 0.4926573426573427 0.07973537604456825 0.4926573426573427 0.07973537604456825 0.5583916083916084
0 0.32103064066852366 0.6993006993006993 0.39763231197771587 0.6993006993006993 0.39763231197771587 0.6321678321678321 0.32103064066852366 0.6321678321678321 0.32103064066852366 0.6993006993006993
0 0.47214484679665736 0.16433566433566432 0.5459610027855153 0.16433566433566432 0.5459610027855153 0.0986013986013986 0.47214484679665736 0.0986013986013986 0.47214484679665736 0.16433566433566432
0 0.14171309192200557 0.6181818181818182 0.21413649025069637 0.6181818181818182 0.21413649025069637 0.5538461538461539 0.14171309192200557 0.5538461538461539 0.14171309192200557 0.6181818181818182
0 0.6117688022284122 0.40454545454545454 0.6974233983286908 0.40454545454545454 0.6974233983286908 0.3409090909090909 0.6117688022284122 0.3409090909090909 0.6117688022284122 0.40454545454545454
0 0.5473537604456824 0.44300699300699303 0.6302228412256268 0.44300699300699303 0.6302228412256268 0.38076923076923075 0.5473537604456824 0.38076923076923075 0.5473537604456824 0.44300699300699303
0 0.46309192200557103 0.9311188811188811 0.5480501392757661 0.9311188811188811 0.5480501392757661 0.856993006993007 0.46309192200557103 0.856993006993007 0.46309192200557103 0.9311188811188811
0 0.14275766016713093 0.9552447552447553 0.2214484679665738 0.9552447552447553 0.2214484679665738 0.8804195804195805 0.14275766016713093 0.8804195804195805 0.14275766016713093 0.9552447552447553
0 0.27715877437325903 0.5493006993006992 0.3565459610027855 0.5493006993006992 0.3565459610027855 0.4800699300699301 0.27715877437325903 0.4800699300699301 0.27715877437325903 0.5493006993006992
0 0.9536908077994429 0.1423076923076923 0.9996518105849582 0.1423076923076923 0.9996518105849582 0.07237762237762238 0.9536908077994429 0.07237762237762238 0.9536908077994429 0.1423076923076923
0 0.5146239554317549 0.21433566433566434 0.5947075208913649 0.21433566433566434 0.5947075208913649 0.1402097902097902 0.5146239554317549 0.1402097902097902 0.5146239554317549 0.21433566433566434
0 0.2096100278551532 0.9202797202797203 0.2931754874651811 0.9202797202797203 0.2931754874651811 0.8517482517482518 0.2096100278551532 0.8517482517482518 0.2096100278551532 0.9202797202797203
0 0.7343314763231198 0.229020979020979 0.8269498607242339 0.229020979020979 0.8269498607242339 0.1597902097902098 0.7343314763231198 0.1597902097902098 0.7343314763231198 0.229020979020979
0 0.028551532033426183 0.5954545454545455 0.10654596100278552 0.5954545454545455 0.10654596100278552 0.5346153846153846 0.028551532033426183 0.5346153846153846 0.028551532033426183 0.5954545454545455
0 0 0.6307692307692307 0.056406685236768804 0.6307692307692307 0.056406685236768804 0.5706293706293706 0 0.5706293706293706 0 0.6307692307692307
0 0.2618384401114206 0.23146853146853147 0.33147632311977715 0.23146853146853147 0.33147632311977715 0.17272727272727273 0.2618384401114206 0.17272727272727273 0.2618384401114206 0.23146853146853147
0 0.22527855153203344 0.10524475524475524 0.2970055710306407 0.10524475524475524 0.2970055710306407 0.04160839160839161 0.22527855153203344 0.04160839160839161 0.22527855153203344 0.10524475524475524
0 0.6814066852367688 0.36538461538461536 0.7656685236768802 0.36538461538461536 0.7656685236768802 0.29755244755244753 0.6814066852367688 0.29755244755244753 0.6814066852367688 0.36538461538461536
0 0.36385793871866295 0.3748251748251748 0.4481197771587744 0.3748251748251748 0.4481197771587744 0.3090909090909091 0.36385793871866295 0.3090909090909091 0.36385793871866295 0.3748251748251748
0 0.24059888579387187 0.3594405594405594 0.3137186629526462 0.3594405594405594 0.3137186629526462 0.2951048951048951 0.24059888579387187 0.2951048951048951 0.24059888579387187 0.3594405594405594
0 0.08739554317548746 0.9884615384615385 0.17026462395543177 0.9884615384615385 0.17026462395543177 0.9185314685314685 0.08739554317548746 0.9185314685314685 0.08739554317548746 0.9884615384615385
0 0.26636490250696376 0.8874125874125874 0.35341225626740946 0.8874125874125874 0.35341225626740946 0.8132867132867133 0.26636490250696376 0.8132867132867133 0.26636490250696376 0.8874125874125874
0 0.6880222841225627 0 0.6880222841225627 0.044755244755244755 0.7722841225626741 0.044755244755244755 0.7722841225626741 0 0.6880222841225627 0
0 0.552924791086351 0.3520979020979021 0.6309192200557103 0.3520979020979021 0.6309192200557103 0.28426573426573426 0.552924791086351 0.28426573426573426 0.552924791086351 0.3520979020979021
0 0.3948467966573816 0.15349650349650348 0.4700557103064067 0.15349650349650348 0.4700557103064067 0.09335664335664336 0.3948467966573816 0.09335664335664336 0.3948467966573816 0.15349650349650348
0 0.2907381615598886 0.4115384615384615 0.3659470752089137 0.4115384615384615 0.3659470752089137 0.35 0.2907381615598886 0.35 0.2907381615598886 0.4115384615384615
0 0.8119777158774373 0.1839160839160839 0.9025069637883009 0.1839160839160839 0.9025069637883009 0.11328671328671329 0.8119777158774373 0.11328671328671329 0.8119777158774373 0.1839160839160839
0 0.8241643454038997 0 0.8241643454038997 0.046153846153846156 0.911908077994429 0.046153846153846156 0.911908077994429 0 0.8241643454038997 0
0 0.2747214484679666 0.7811188811188812 0.35619777158774374 0.7811188811188812 0.35619777158774374 0.7111888111888112 0.2747214484679666 0.7111888111888112 0.2747214484679666 0.7811188811188812
0 0.3906685236768802 0.28426573426573426 0.46309192200557103 0.28426573426573426 0.46309192200557103 0.22412587412587412 0.3906685236768802 0.22412587412587412 0.3906685236768802 0.28426573426573426
0 0.504874651810585 0.2972027972027972 0.5856545961002786 0.2972027972027972 0.5856545961002786 0.22867132867132867 0.504874651810585 0.22867132867132867 0.504874651810585 0.2972027972027972
0 0.9293175487465181 1 0.9293175487465181 0.9461538461538461 0.8325208913649025 0.9461538461538461 0.8325208913649025 1 0.9293175487465181 1
0 0.3151114206128134 0.32272727272727275 0.39240947075208915 0.32272727272727275 0.39240947075208915 0.2611888111888112 0.3151114206128134 0.2611888111888112 0.3151114206128134 0.32272727272727275
0 0.32346796657381616 0.6006993006993007 0.4007660167130919 0.6006993006993007 0.4007660167130919 0.5286713286713287 0.32346796657381616 0.5286713286713287 0.32346796657381616 0.6006993006993007
0 0.4561281337047354 0 0.4561281337047354 0.03426573426573427 0.5334261838440112 0.03426573426573427 0.5334261838440112 0 0.4561281337047354 0
0 0.34714484679665736 0.11153846153846154 0.42026462395543174 0.11153846153846154 0.42026462395543174 0.0486013986013986 0.34714484679665736 0.0486013986013986 0.34714484679665736 0.11153846153846154
0 0.5665041782729805 0.26083916083916087 0.650766016713092 0.26083916083916087 0.650766016713092 0.19370629370629372 0.5665041782729805 0.19370629370629372 0.5665041782729805 0.26083916083916087
0 0.10654596100278552 1 0.10654596100278552 0.9461538461538461 0.02158774373259053 0.9461538461538461 0.02158774373259053 1 0.10654596100278552 1
0 0.25870473537604455 0 0.25870473537604455 0.026573426573426574 0.33530640668523676 0.026573426573426574 0.33530640668523676 0 0.25870473537604455 0