0 0.8123827392120075 0.5442655935613682 0.9052532833020638 0.5442655935613682 0.9052532833020638 0.4225352112676056 0.8123827392120075 0.4225352112676056 0.8123827392120075 0.5442655935613682
0 0.2926829268292683 0.9979879275653923 0.41932457786116323 0.9979879275653923 0.41932457786116323 0.8561368209255533 0.2926829268292683 0.8561368209255533 0.2926829268292683 0.9979879275653923
0 0.6303939962476548 0.8661971830985915 0.7363977485928705 0.8661971830985915 0.7363977485928705 0.7374245472837022 0.6303939962476548 0.7374245472837022 0.6303939962476548 0.8661971830985915
0 0.5042213883677298 0.2837022132796781 0.6045966228893058 0.2837022132796781 0.6045966228893058 0.1720321931589537 0.5042213883677298 0.1720321931589537 0.5042213883677298 0.2837022132796781
0 0.00375234521575985 0.6755533199195171 0.11913696060037524 0.6755533199195171 0.11913696060037524 0.5518108651911469 0.00375234521575985 0.5518108651911469 0.00375234521575985 0.6755533199195171
0 0 0.7882293762575453 0.09662288930581614 0.7882293762575453 0.09662288930581614 0.6654929577464789 0 0.6654929577464789 0 0.7882293762575453
0 0.12664165103189493 0.4894366197183099 0.2326454033771107 0.4894366197183099 0.2326454033771107 0.37474849094567403 0.12664165103189493 0.37474849094567403 0.12664165103189493 0.4894366197183099
0 0.37335834896810505 0.28319919517102615 0.4718574108818011 0.28319919517102615 0.4718574108818011 0.1664989939637827 0.37335834896810505 0.1664989939637827 0.37335834896810505 0.28319919517102615
0 0.038461538461538464 0.5583501006036218 0.14821763602251406 0.5583501006036218 0.14821763602251406 0.4386317907444668 0.038461538461538464 0.4386317907444668 0.038461538461538464 0.5583501006036218
0 0.350844277673546 0.41146881287726356 0.44183864915572235 0.41146881287726356 0.44183864915572235 0.30181086519114686 0.350844277673546 0.30181086519114686 0.350844277673546 0.41146881287726356
0 0.8541275797373359 0.9180080482897385 0.9610694183864915 0.9180080482897385 0.9610694183864915 0.7892354124748491 0.8541275797373359 0.7892354124748491 0.8541275797373359 0.9180080482897385
0 0.773921200750469 0.9964788732394366 0.874296435272045 0.9964788732394366 0.874296435272045 0.8677062374245473 0.773921200750469 0.8677062374245473 0.773921200750469 0.9964788732394366
0 0.07176360225140713 0.2550301810865191 0.1805816135084428 0.2550301810865191 0.1805816135084428 0.1443661971830986 0.07176360225140713 0.1443661971830986 0.07176360225140713 0.2550301810865191
0 0.23686679174484052 0.6302816901408451 0.3409943714821764 0.6302816901408451 0.3409943714821764 0.5035211267605634 0.23686679174484052 0.5035211267605634 0.23686679174484052 0.6302816901408451
0 0.899624765478424 0.358148893360161 0.9821763602251408 0.358148893360161 0.9821763602251408 0.2515090543259557 0.899624765478424 0.2515090543259557 0.899624765478424 0.358148893360161
0 0.26594746716697937 0.4813883299798793 0.3700750469043152 0.4813883299798793 0.3700750469043152 0.363682092555332 0.26594746716697937 0.363682092555332 0.26594746716697937 0.4813883299798793
0 0.2678236397748593 0.26509054325955733 0.36538461538461536 0.26509054325955733 0.36538461538461536 0.15945674044265593 0.2678236397748593 0.15945674044265593 0.2678236397748593 0.26509054325955733
0 0.8302063789868668 0.29678068410462777 0.924015009380863 0.29678068410462777 0.924015009380863 0.18611670020120724 0.8302063789868668 0.18611670020120724 0.8302063789868668 0.29678068410462777
0 0.875703564727955 0.18611670020120724 0.9666979362101313 0.18611670020120724 0.9666979362101313 0.0744466800804829 0.875703564727955 0.0744466800804829 0.875703564727955 0.18611670020120724
0 0.7068480300187617 0.2837022132796781 0.8044090056285178 0.2837022132796781 0.8044090056285178 0.18209255533199195 0.7068480300187617 0.18209255533199195 0.7068480300187617 0.2837022132796781
0 0.22842401500938087 0.36217303822937624 0.33161350844277676 0.36217303822937624 0.33161350844277676 0.24446680080482897 0.22842401500938087 0.24446680080482897 0.22842401500938087 0.36217303822937624
0 0.28095684803001875 0.7323943661971831 0.3954033771106942 0.7323943661971831 0.3954033771106942 0.5945674044265593 0.28095684803001875 0.5945674044265593 0.28095684803001875 0.7323943661971831
0 0.4774859287054409 0.8591549295774648 0.5872420262664165 0.8591549295774648 0.5872420262664165 0.7263581488933601 0.4774859287054409 0.7263581488933601 0.4774859287054409 0.8591549295774648
0 0 0.4768611670020121 0.10412757973733583 0.4768611670020121 0.10412757973733583 0.3591549295774648 0 0.3591549295774648 0 0.4768611670020121
0 0.5084427767354597 0.6629778672032193 0.6172607879924953 0.6629778672032193 0.6172607879924953 0.5241448692152918 0.5084427767354597 0.5241448692152918 0.5084427767354597 0.6629778672032193
0 0.548311444652908 0.4079476861167002 0.6477485928705441 0.4079476861167002 0.6477485928705441 0.2932595573440644 0.548311444652908 0.2932595573440644 0.548311444652908 0.4079476861167002
0 0.6876172607879925 0.41750503018108653 0.7786116322701688 0.41750503018108653 0.7786116322701688 0.306841046277666 0.6876172607879925 0.306841046277666 0.6876172607879925 0.41750503018108653
0 0.14446529080675422 0.7268611670020121 0.25046904315197 0.7268611670020121 0.25046904315197 0.5980885311871227 0.14446529080675422 0.5980885311871227 0.14446529080675422 0.7268611670020121
0 0.27345215759849906 0.1720321931589537 0.36632270168855535 0.1720321931589537 0.36632270168855535 0.07847082494969819 0.27345215759849906 0.07847082494969819 0.27345215759849906 0.1720321931589537
0 0.25328330206378985 0.8511066398390342 0.36585365853658536 0.8511066398390342 0.36585365853658536 0.7173038229376257 0.25328330206378985 0.7173038229376257 0.25328330206378985 0.8511066398390342
0 0.7504690431519699 0.2147887323943662 0.8696060037523452 0.2147887323943662 0.8696060037523452 0.1141851106639839 0.7504690431519699 0.1141851106639839 0.7504690431519699 0.2147887323943662
0 0.8710131332082551 0.7892354124748491 0.9629455909943715 0.7892354124748491 0.9629455909943715 0.6675050301810865 0.8710131332082551 0.6675050301810865 0.8710131332082551 0.7892354124748491
0 0.8907129455909943 0.4708249496981891 0.9817073170731707 0.4708249496981891 0.9817073170731707 0.35311871227364183 0.8907129455909943 0.35311871227364183 0.8907129455909943 0.4708249496981891
0 0.18198874296435272 0.27716297786720323 0.27110694183864914 0.27716297786720323 0.27110694183864914 0.16549295774647887 0.18198874296435272 0.16549295774647887 0.18198874296435272 0.27716297786720323
0 0.10928705440900563 0.36016096579476864 0.2124765478424015 0.36016096579476864 0.2124765478424015 0.2414486921529175 0.10928705440900563 0.2414486921529175 0.10928705440900563 0.36016096579476864
0 0.4268292682926829 0.7359154929577465 0.5309568480300187 0.7359154929577465 0.5309568480300187 0.6091549295774648 0.4268292682926829 0.6091549295774648 0.4268292682926829 0.7359154929577465
0 0.6421200750469043 0.2278672032193159 0.7396810506566605 0.2278672032193159 0.7396810506566605 0.11820925553319919 0.6421200750469043 0.11820925553319919 0.6421200750469043 0.2278672032193159
0 0.6285178236397748 0.34959758551307846 0.7288930581613509 0.34959758551307846 0.7288930581613509 0.22686116700201206 0.6285178236397748 0.22686116700201206 0.6285178236397748 0.34959758551307846
0 0.6078799249530957 0.48390342052313884 0.7054409005628518 0.48390342052313884 0.7054409005628518 0.36016096579476864 0.6078799249530957 0.36016096579476864 0.6078799249530957 0.48390342052313884
0 0.9451219512195121 0.6775653923541247 0.9995309568480301 0.6775653923541247 0.9995309568480301 0.5487927565392354 0.9451219512195121 0.5487927565392354 0.9451219512195121 0.6775653923541247
0 0 0.24849094567404426 0.08348968105065666 0.24849094567404426 0.08348968105065666 0.13883299798792756 0 0.13883299798792756 0 0.24849094567404426
0 0.5276735459662288 0.5372233400402414 0.6308630393996247 0.5372233400402414 0.6308630393996247 0.42655935613682094 0.5276735459662288 0.42655935613682094 0.5276735459662288 0.5372233400402414
0 0.4343339587242026 0.42857142857142855 0.5187617260787992 0.42857142857142855 0.5187617260787992 0.32293762575452717 0.4343339587242026 0.32293762575452717 0.4343339587242026 0.42857142857142855
0 0.3789868667917448 0.1664989939637827 0.4896810506566604 0.1664989939637827 0.4896810506566604 0.057847082494969816 0.3789868667917448 0.057847082494969816 0.3789868667917448 0.1664989939637827
0 0.951688555347092 0.5362173038229376 0.9995309568480301 0.5362173038229376 0.9995309568480301 0.4154929577464789 0.951688555347092 0.4154929577464789 0.951688555347092 0.5362173038229376
0 0.39165103189493433 0.5412474849094567 0.4948405253283302 0.5412474849094567 0.4948405253283302 0.40945674044265595 0.39165103189493433 0.40945674044265595 0.39165103189493433 0.5412474849094567
0 0.036585365853658534 0.3566398390342052 0.1200750469043152 0.3566398390342052 0.1200750469043152 0.23893360160965796 0.036585365853658534 0.23893360160965796 0.036585365853658534 0.3566398390342052
0 0.45168855534709196 0.2193158953722334 0.5464352720450282 0.2193158953722334 0.5464352720450282 0.11368209255533199 0.45168855534709196 0.11368209255533199 0.45168855534709196 0.2193158953722334
0 0 0.8998993963782697 0.05722326454033771 0.8998993963782697 0.05722326454033771 0.7751509054325956 0 0.7751509054325956 0 0.8998993963782697
0 0.5806754221388368 0.17555331991951711 0.6772983114446529 0.17555331991951711 0.6772983114446529 0.07796780684104627 0.5806754221388368 0.07796780684104627 0.5806754221388368 0.17555331991951711
0 0.07833020637898687 0.15040241448692154 0.17401500938086303 0.15040241448692154 0.17401500938086303 0.07092555331991952 0.07833020637898687 0.07092555331991952 0.07833020637898687 0.15040241448692154
0 0.1529080675422139 0.19064386317907445 0.2570356472795497 0.19064386317907445 0.2570356472795497 0.08098591549295775 0.1529080675422139 0.08098591549295775 0.1529080675422139 0.19064386317907445
0 0.9535647279549718 0.29275653923541245 0.9995309568480301 0.29275653923541245 0.9995309568480301 0.16901408450704225 0.9535647279549718 0.16901408450704225 0.9535647279549718 0.29275653923541245
0 0.4301125703564728 0.33400402414486924 0.523921200750469 0.33400402414486924 0.523921200750469 0.24044265593561368 0.4301125703564728 0.24044265593561368 0.4301125703564728 0.33400402414486924
0 0 0.15945674044265593 0.06191369606003752 0.15945674044265593 0.06191369606003752 0.06891348088531186 0 0.06891348088531186 0 0.15945674044265593
0 0.3710131332082552 0.6614688128772636 0.475140712945591 0.6614688128772636 0.475140712945591 0.5236418511066399 0.3710131332082552 0.5236418511066399 0.3710131332082552 0.6614688128772636
0 0.10834896810506567 0.9984909456740443 0.2528142589118199 0.9984909456740443 0.2528142589118199 0.9582494969818913 0.10834896810506567 0.9582494969818913 0.10834896810506567 0.9984909456740443
0 0.9629455909943715 0.17303822937625754 0.9995309568480301 0.17303822937625754 0.9995309568480301 0.09054325955734406 0.9629455909943715 0.09054325955734406 0.9629455909943715 0.17303822937625754
0 0 0.36619718309859156 0.016885553470919325 0.36619718309859156 0.016885553470919325 0.2977867203219316 0 0.2977867203219316 0 0.36619718309859156
0 0 0.29527162977867205 0.019699812382739212 0.29527162977867205 0.019699812382739212 0.22585513078470826 0 0.22585513078470826 0 0.29527162977867205
0 0 0.5407444668008048 0.010318949343339587 0.5407444668008048 0.010318949343339587 0.47434607645875254 0 0.47434607645875254 0 0.5407444668008048