0 0.7214540588760036 0.1953125 0.8088760035682426 0.1953125 0.8088760035682426 0.03577302631578947 0.7214540588760036 0.03577302631578947 0.7214540588760036 0.1953125
0 0.4705619982158787 0.3725328947368421 0.5575379125780553 0.3725328947368421 0.5575379125780553 0.24342105263157895 0.4705619982158787 0.24342105263157895 0.4705619982158787 0.3725328947368421
0 0.33140053523639607 0.8569078947368421 0.4009812667261374 0.8569078947368421 0.4009812667261374 0.7162828947368421 0.33140053523639607 0.7162828947368421 0.33140053523639607 0.8569078947368421
0 0.7698483496877788 0.34745065789473684 0.847457627118644 0.34745065789473684 0.847457627118644 0.18544407894736842 0.7698483496877788 0.18544407894736842 0.7698483496877788 0.34745065789473684
0 0.7526761819803747 0.5571546052631579 0.8414362176628011 0.5571546052631579 0.8414362176628011 0.4231085526315789 0.7526761819803747 0.4231085526315789 0.7526761819803747 0.5571546052631579
0 0.2045049063336307 0.748766447368421 0.28300624442462086 0.748766447368421 0.28300624442462086 0.6089638157894737 0.2045049063336307 0.6089638157894737 0.2045049063336307 0.748766447368421
0 0.6128456735057984 0.9506578947368421 0.6922390722569135 0.9506578947368421 0.6922390722569135 0.8108552631578947 0.6128456735057984 0.8108552631578947 0.6128456735057984 0.9506578947368421
0 0.002007136485280999 0.6254111842105263 0.08095450490633363 0.6254111842105263 0.08095450490633363 0.4856085526315789 0.002007136485280999 0.4856085526315789 0.002007136485280999 0.6254111842105263
0 0.00022301516503122213 0.3355263157894737 0.0796164139161463 0.3355263157894737 0.0796164139161463 0.16611842105263158 0.00022301516503122213 0.16611842105263158 0.00022301516503122213 0.3355263157894737
0 0.5359054415700267 0.9000822368421053 0.6077163247100803 0.9000822368421053 0.6077163247100803 0.7471217105263158 0.5359054415700267 0.7471217105263158 0.5359054415700267 0.9000822368421053
0 0.4790365744870651 0.811266447368421 0.5490633363068689 0.811266447368421 0.5490633363068689 0.6517269736842105 0.4790365744870651 0.6517269736842105 0.4790365744870651 0.811266447368421
0 0.576271186440678 0.20518092105263158 0.6462979482604817 0.20518092105263158 0.6462979482604817 0.039884868421052634 0.576271186440678 0.039884868421052634 0.576271186440678 0.20518092105263158
0 0.20941123996431757 0 0.20941123996431757 0.10115131578947369 0.294157002676182 0.10115131578947369 0.294157002676182 0 0.20941123996431757 0
0 0.0756021409455843 0.7183388157894737 0.15588760035682425 0.7183388157894737 0.15588760035682425 0.5818256578947368 0.0756021409455843 0.5818256578947368 0.0756021409455843 0.7183388157894737
0 0.2709634255129349 0.640625 0.3490187332738626 0.640625 0.3490187332738626 0.5106907894736842 0.2709634255129349 0.5106907894736842 0.2709634255129349 0.640625
0 0.4239518287243533 0.9658717105263158 0.5104817127564675 0.9658717105263158 0.5104817127564675 0.8244243421052632 0.4239518287243533 0.8244243421052632 0.4239518287243533 0.9658717105263158
0 0.4892952720785013 0 0.4892952720785013 0.08881578947368421 0.5691347011596789 0.08881578947368421 0.5691347011596789 0 0.4892952720785013 0
0 0.5412578055307761 0.9995888157894737 0.6139607493309545 0.9995888157894737 0.6139607493309545 0.9124177631578947 0.5412578055307761 0.9124177631578947 0.5412578055307761 0.9995888157894737
0 0.06333630686886708 0.9991776315789473 0.15165031222123104 0.9991776315789473 0.15165031222123104 0.8922697368421053 0.06333630686886708 0.8922697368421053 0.06333630686886708 0.9991776315789473
0 0.07002676181980375 0.8782894736842105 0.1543264942016057 0.8782894736842105 0.1543264942016057 0.756578947368421 0.07002676181980375 0.756578947368421 0.07002676181980375 0.8782894736842105
0 0.027207850133809098 0.8018092105263158 0.11329170383586083 0.8018092105263158 0.11329170383586083 0.6883223684210527 0.027207850133809098 0.6883223684210527 0.027207850133809098 0.8018092105263158
0 0.3619536128456735 0.9995888157894737 0.4346565566458519 0.9995888157894737 0.4346565566458519 0.9296875 0.3619536128456735 0.9296875 0.3619536128456735 0.9995888157894737
0 0.7789919714540589 0 0.7789919714540589 0.07154605263157894 0.8552631578947368 0.07154605263157894 0.8552631578947368 0 0.7789919714540589 0
0 0 0.0884046052631579 0.024977698483496878 0.0884046052631579 0.024977698483496878 0.00041118421052631577 0 0.00041118421052631577 0 0.0884046052631579
0 0.8739964317573595 0.9995888157894737 0.9551739518287243 0.9995888157894737 0.9551739518287243 0.9370888157894737 0.8739964317573595 0.9370888157894737 0.8739964317573595 0.9995888157894737
0 0.4511596788581623 0.9995888157894737 0.5332292595896521 0.9995888157894737 0.5332292595896521 0.9584703947368421 0.4511596788581623 0.9584703947368421 0.4511596788581623 0.9995888157894737
0 0 0.9983552631578947 0.06289027653880463 0.9983552631578947 0.06289027653880463 0.9161184210526315 0 0.9161184210526315 0 0.9983552631578947