0 0.5209634255129348 0.9107730263157895 0.5914362176628011 0.9107730263157895 0.5914362176628011 0.7446546052631579 0.5209634255129348 0.7446546052631579 0.5209634255129348 0.9107730263157895
0 0.28880463871543266 0.31743421052631576 0.3619536128456735 0.31743421052631576 0.3619536128456735 0.1611842105263158 0.28880463871543266 0.1611842105263158 0.28880463871543266 0.31743421052631576
0 0.6413916146297948 0.4449013157894737 0.7305976806422837 0.4449013157894737 0.7305976806422837 0.3001644736842105 0.6413916146297948 0.3001644736842105 0.6413916146297948 0.4449013157894737
0 0.7466547725245317 0.14185855263157895 0.8398751115075825 0.14185855263157895 0.8398751115075825 0.008634868421052632 0.7466547725245317 0.008634868421052632 0.7466547725245317 0.14185855263157895
0 0.8231489741302409 0.7290296052631579 0.9074487065120428 0.7290296052631579 0.9074487065120428 0.5752467105263158 0.8231489741302409 0.5752467105263158 0.8231489741302409 0.7290296052631579
0 0.19513826940231935 0.8708881578947368 0.27051739518287243 0.8708881578947368 0.27051739518287243 0.7064144736842105 0.19513826940231935 0.7064144736842105 0.19513826940231935 0.8708881578947368
0 0.006690454950936664 0.852796052631579 0.08652988403211419 0.852796052631579 0.08652988403211419 0.7006578947368421 0.006690454950936664 0.7006578947368421 0.006690454950936664 0.852796052631579
0 0.7734165923282783 0.41570723684210525 0.8702051739518287 0.41570723684210525 0.8702051739518287 0.2824835526315789 0.7734165923282783 0.2824835526315789 0.7734165923282783 0.41570723684210525
0 0.4487065120428189 0.8758223684210527 0.5169491525423728 0.8758223684210527 0.5169491525423728 0.7220394736842105 0.4487065120428189 0.7220394736842105 0.4487065120428189 0.8758223684210527
0 0.707850133809099 0.31661184210526316 0.7867975022301517 0.31661184210526316 0.7867975022301517 0.14884868421052633 0.707850133809099 0.14884868421052633 0.707850133809099 0.31661184210526316
0 0.04683318465655665 0.23231907894736842 0.13068688670829617 0.23231907894736842 0.13068688670829617 0.10814144736842106 0.04683318465655665 0.10814144736842106 0.04683318465655665 0.23231907894736842
0 0.7847903657448706 0.26850328947368424 0.8592774308652988 0.26850328947368424 0.8592774308652988 0.13116776315789475 0.7847903657448706 0.13116776315789475 0.7847903657448706 0.26850328947368424
0 0.40789473684210525 0.5386513157894737 0.4908563782337199 0.5386513157894737 0.4908563782337199 0.41118421052631576 0.40789473684210525 0.41118421052631576 0.40789473684210525 0.5386513157894737
0 0.7428635147190009 0.7997532894736842 0.8396520963425513 0.7997532894736842 0.8396520963425513 0.6665296052631579 0.7428635147190009 0.6665296052631579 0.7428635147190009 0.7997532894736842
0 0.3496877787689563 0.8671875 0.42060660124888494 0.8671875 0.42060660124888494 0.7076480263157895 0.3496877787689563 0.7076480263157895 0.3496877787689563 0.8671875
0 0.7268064228367529 0.5271381578947368 0.7972792149866191 0.5271381578947368 0.7972792149866191 0.3725328947368421 0.7268064228367529 0.3725328947368421 0.7268064228367529 0.5271381578947368
0 0.4132471008028546 0.3910361842105263 0.49041034790365745 0.3910361842105263 0.49041034790365745 0.2512335526315789 0.4132471008028546 0.2512335526315789 0.4132471008028546 0.3910361842105263
0 0.6735057983942908 0.9864309210526315 0.7569134701159679 0.9864309210526315 0.7569134701159679 0.8540296052631579 0.6735057983942908 0.8540296052631579 0.6735057983942908 0.9864309210526315
0 0.764049955396967 0.9370888157894737 0.8537020517395183 0.9370888157894737 0.8537020517395183 0.8022203947368421 0.764049955396967 0.8022203947368421 0.764049955396967 0.9370888157894737
0 0.36306868867082964 0.662828947368421 0.4504906333630687 0.662828947368421 0.4504906333630687 0.5296052631578947 0.36306868867082964 0.5296052631578947 0.36306868867082964 0.662828947368421
0 0.7029438001784122 0.6792763157894737 0.7912578055307761 0.6792763157894737 0.7912578055307761 0.5509868421052632 0.7029438001784122 0.5509868421052632 0.7029438001784122 0.6792763157894737
0 0.6215432649420161 0.3199013157894737 0.7040588760035682 0.3199013157894737 0.7040588760035682 0.17516447368421054 0.6215432649420161 0.17516447368421054 0.6215432649420161 0.3199013157894737
0 0.5013380909901873 0.23108552631578946 0.571364852809991 0.23108552631578946 0.571364852809991 0.06990131578947369 0.5013380909901873 0.06990131578947369 0.5013380909901873 0.23108552631578946
0 0.5789473684210527 0.20682565789473684 0.6583407671721677 0.20682565789473684 0.6583407671721677 0.07113486842105263 0.5789473684210527 0.07113486842105263 0.5789473684210527 0.20682565789473684
0 0.5086975914362176 0.43585526315789475 0.5791703835860839 0.43585526315789475 0.5791703835860839 0.28536184210526316 0.5086975914362176 0.28536184210526316 0.5086975914362176 0.43585526315789475
0 0.6338090990187333 0.859375 0.7051739518287243 0.859375 0.7051739518287243 0.7113486842105263 0.6338090990187333 0.7113486842105263 0.6338090990187333 0.859375
0 0.6471900089206066 0.5970394736842105 0.7252453166815344 0.5970394736842105 0.7252453166815344 0.44243421052631576 0.6471900089206066 0.44243421052631576 0.6471900089206066 0.5970394736842105
0 0.8117752007136485 0.5731907894736842 0.8862622658340767 0.5731907894736842 0.8862622658340767 0.4136513157894737 0.8117752007136485 0.4136513157894737 0.8117752007136485 0.5731907894736842
0 0.6636931311329171 0.16241776315789475 0.7448706512042819 0.16241776315789475 0.7448706512042819 0.04399671052631579 0.6636931311329171 0.04399671052631579 0.6636931311329171 0.16241776315789475
0 0.5831846565566459 0.977796052631579 0.665700267618198 0.977796052631579 0.665700267618198 0.8388157894736842 0.5831846565566459 0.8388157894736842 0.5831846565566459 0.977796052631579
0 0.8588314005352364 0.9995888157894737 0.9391168599464763 0.9995888157894737 0.9391168599464763 0.8696546052631579 0.8588314005352364 0.8696546052631579 0.8588314005352364 0.9995888157894737
0 0.838314005352364 0.8667763157894737 0.9266280107047279 0.8667763157894737 0.9266280107047279 0.7319078947368421 0.838314005352364 0.7319078947368421 0.838314005352364 0.8667763157894737
0 0.42283675289919714 0.9983552631578947 0.5115967885816235 0.9983552631578947 0.5115967885816235 0.8692434210526315 0.42283675289919714 0.8692434210526315 0.42283675289919714 0.9983552631578947
0 0.03233719892952721 0 0.03233719892952721 0.109375 0.1228813559322034 0.109375 0.1228813559322034 0 0.03233719892952721 0
0 0.11016949152542373 0.9995888157894737 0.19402319357716324 0.9995888157894737 0.19402319357716324 0.9132401315789473 0.11016949152542373 0.9132401315789473 0.11016949152542373 0.9995888157894737
0 0.254014272970562 0.9995888157894737 0.32894736842105265 0.9995888157894737 0.32894736842105265 0.9321546052631579 0.254014272970562 0.9321546052631579 0.254014272970562 0.9995888157894737
0 0.8659678858162355 1 0.8659678858162355 0.9399671052631579 0.7861284567350579 0.9399671052631579 0.7861284567350579 1 0.8659678858162355 1
0 0 0.1356907894736842 0.024977698483496878 0.1356907894736842 0.024977698483496878 0.003289473684210526 0 0.003289473684210526 0 0.1356907894736842
0 0.6427297056199821 0 0.6427297056199821 0.05345394736842105 0.7261373773416593 0.05345394736842105 0.7261373773416593 0 0.6427297056199821 0
0 0.00022301516503122213 0.842516447368421 0.012711864406779662 0.842516447368421 0.012711864406779662 0.7035361842105263 0.00022301516503122213 0.7035361842105263 0.00022301516503122213 0.842516447368421
0 0 0.7952302631578947 0.011150758251561105 0.7952302631578947 0.011150758251561105 0.7047697368421053 0 0.7047697368421053 0 0.7952302631578947