0 0.24710080285459413 0.25411184210526316 0.33318465655664586 0.25411184210526316 0.33318465655664586 0.12911184210526316 0.24710080285459413 0.12911184210526316 0.24710080285459413 0.25411184210526316
0 0.2076271186440678 0.563733552631579 0.286128456735058 0.563733552631579 0.286128456735058 0.43133223684210525 0.2076271186440678 0.43133223684210525 0.2076271186440678 0.563733552631579
0 0.6804192685102587 0.47738486842105265 0.7535682426404996 0.47738486842105265 0.7535682426404996 0.33182565789473684 0.6804192685102587 0.33182565789473684 0.6804192685102587 0.47738486842105265
0 0.453835860838537 0.24917763157894737 0.5327832292595897 0.24917763157894737 0.5327832292595897 0.1069078947368421 0.453835860838537 0.1069078947368421 0.453835860838537 0.24917763157894737
0 0.29148082069580733 0.8963815789473685 0.3637377341659233 0.8963815789473685 0.3637377341659233 0.7475328947368421 0.29148082069580733 0.7475328947368421 0.29148082069580733 0.8963815789473685
0 0.7618198037466548 0.19161184210526316 0.8407671721677074 0.19161184210526316 0.8407671721677074 0.03536184210526316 0.7618198037466548 0.03536184210526316 0.7618198037466548 0.19161184210526316
0 0.8258251561106156 0.8597861842105263 0.9029884032114184 0.8597861842105263 0.9029884032114184 0.7150493421052632 0.8258251561106156 0.7150493421052632 0.8258251561106156 0.8597861842105263
0 0.502007136485281 0.8248355263157895 0.5724799286351472 0.8248355263157895 0.5724799286351472 0.6751644736842105 0.502007136485281 0.6751644736842105 0.502007136485281 0.8248355263157895
0 0.49732381801962533 0.38569078947368424 0.571364852809991 0.38569078947368424 0.571364852809991 0.21710526315789475 0.49732381801962533 0.21710526315789475 0.49732381801962533 0.38569078947368424
0 0.7290365744870652 0.3671875 0.8066458519179304 0.3671875 0.8066458519179304 0.20764802631578946 0.7290365744870652 0.20764802631578946 0.7290365744870652 0.3671875
0 0.5631132917038358 0.2833059210526316 0.6349241748438894 0.2833059210526316 0.6349241748438894 0.11636513157894737 0.5631132917038358 0.11636513157894737 0.5631132917038358 0.2833059210526316
0 0.2714094558429973 0 0.2714094558429973 0.12664473684210525 0.3472346119536128 0.12664473684210525 0.3472346119536128 0 0.2714094558429973 0
0 0.6554415700267618 0.20518092105263158 0.7464317573595004 0.20518092105263158 0.7464317573595004 0.053865131578947366 0.6554415700267618 0.053865131578947366 0.6554415700267618 0.20518092105263158
0 0.6681534344335415 0.9399671052631579 0.7404103479036575 0.9399671052631579 0.7404103479036575 0.7828947368421053 0.6681534344335415 0.7828947368421053 0.6681534344335415 0.9399671052631579
0 0.4150312221231044 0.9839638157894737 0.49264049955396966 0.9839638157894737 0.49264049955396966 0.8416940789473685 0.4150312221231044 0.8416940789473685 0.4150312221231044 0.9839638157894737
0 0.6188670829616414 0.5744243421052632 0.7067350579839429 0.5744243421052632 0.7067350579839429 0.44120065789473684 0.6188670829616414 0.44120065789473684 0.6188670829616414 0.5744243421052632
0 0.1148528099910794 0.4967105263157895 0.1915700267618198 0.4967105263157895 0.1915700267618198 0.3626644736842105 0.1148528099910794 0.3626644736842105 0.1148528099910794 0.4967105263157895
0 0.7471008028545941 0.9189967105263158 0.8247100802854594 0.9189967105263158 0.8247100802854594 0.7553453947368421 0.7471008028545941 0.7553453947368421 0.7471008028545941 0.9189967105263158
0 0.05196253345227476 0.7890625 0.13492417484388938 0.7890625 0.13492417484388938 0.6763980263157895 0.05196253345227476 0.6763980263157895 0.05196253345227476 0.7890625
0 0.6884478144513827 0.662828947368421 0.7656110615521855 0.662828947368421 0.7656110615521855 0.5213815789473685 0.6884478144513827 0.5213815789473685 0.6884478144513827 0.662828947368421
0 0.8030776092774309 0.43914473684210525 0.8704281891168599 0.43914473684210525 0.8704281891168599 0.2738486842105263 0.8030776092774309 0.2738486842105263 0.8030776092774309 0.43914473684210525
0 0.05285459411239964 0.5542763157894737 0.13670829616413915 0.5542763157894737 0.13670829616413915 0.42680921052631576 0.05285459411239964 0.42680921052631576 0.05285459411239964 0.5542763157894737
0 0.7669491525423728 0.7421875 0.8436663693131133 0.7421875 0.8436663693131133 0.5859375 0.7669491525423728 0.5859375 0.7669491525423728 0.7421875
0 0.037689562890276536 0.6739309210526315 0.1260035682426405 0.6739309210526315 0.1260035682426405 0.5513980263157895 0.037689562890276536 0.5513980263157895 0.037689562890276536 0.6739309210526315
0 0.8528099910793934 0.9975328947368421 0.9308652988403211 0.9975328947368421 0.9308652988403211 0.8601973684210527 0.8528099910793934 0.8601973684210527 0.8528099910793934 0.9975328947368421
0 0.4114629794826048 0 0.4114629794826048 0.07730263157894737 0.48416592328278324 0.07730263157894737 0.48416592328278324 0 0.4114629794826048 0
0 0.6193131132917038 0.9995888157894737 0.6951382694023194 0.9995888157894737 0.6951382694023194 0.8992598684210527 0.6193131132917038 0.8992598684210527 0.6193131132917038 0.9995888157894737
0 0.813336306868867 0.6060855263157895 0.8869313113291704 0.6060855263157895 0.8869313113291704 0.45394736842105265 0.813336306868867 0.45394736842105265 0.813336306868867 0.6060855263157895
0 0.6119536128456735 0.7302631578947368 0.6966993755575379 0.7302631578947368 0.6966993755575379 0.5962171052631579 0.6119536128456735 0.5962171052631579 0.6119536128456735 0.7302631578947368
0 0.6926851025869759 0.7989309210526315 0.7769848349687779 0.7989309210526315 0.7769848349687779 0.673108552631579 0.6926851025869759 0.673108552631579 0.6926851025869759 0.7989309210526315
0 0.7107493309545049 0.9995888157894737 0.7865744870651205 0.9995888157894737 0.7865744870651205 0.9173519736842105 0.7107493309545049 0.9173519736842105 0.7107493309545049 0.9995888157894737
0 0.7455396966993756 0.5439967105263158 0.8186886708296164 0.5439967105263158 0.8186886708296164 0.39432565789473684 0.7455396966993756 0.39432565789473684 0.7455396966993756 0.5439967105263158
0 0 0.6825657894736842 0.03256021409455843 0.6825657894736842 0.03256021409455843 0.5608552631578947 0 0.5608552631578947 0 0.6825657894736842
0 0.792149866190901 0.9995888157894737 0.8612845673505798 0.9995888157894737 0.8612845673505798 0.9296875 0.792149866190901 0.9296875 0.792149866190901 0.9995888157894737
0 0 0.5328947368421053 0.012934879571810883 0.5328947368421053 0.012934879571810883 0.44243421052631576 0 0.44243421052631576 0 0.5328947368421053
0 0.2227921498661909 0 0.2227921498661909 0.032072368421052634 0.2754237288135593 0.032072368421052634 0.2754237288135593 0 0.2227921498661909 0
0 0.00022301516503122213 0.40213815789473684 0.008697591436217662 0.40213815789473684 0.008697591436217662 0.3149671052631579 0.00022301516503122213 0.3149671052631579 0.00022301516503122213 0.40213815789473684
0 0.6260035682426405 0 0.6260035682426405 0.03453947368421053 0.6982604817127565 0.03453947368421053 0.6982604817127565 0 0.6260035682426405 0