0 0.7833562585969739 0.6763869132290184 0.9401650618982118 0.6763869132290184 0.9401650618982118 0.5305832147937412 0.7833562585969739 0.5305832147937412 0.7833562585969739 0.6763869132290184
0 0.7465612104539202 0.9345661450924608 0.8971801925722146 0.9345661450924608 0.8971801925722146 0.7695590327169275 0.7465612104539202 0.7695590327169275 0.7465612104539202 0.9345661450924608
0 0.6722833562585969 0.27453769559032715 0.7933287482806052 0.27453769559032715 0.7933287482806052 0.14935988620199148 0.6722833562585969 0.14935988620199148 0.6722833562585969 0.27453769559032715
0 0.7441540577716643 0.3616642958748222 0.8878954607977991 0.3616642958748222 0.8878954607977991 0.22724039829302986 0.7441540577716643 0.22724039829302986 0.7441540577716643 0.3616642958748222
0 0.8693259972489684 0 0.8693259972489684 0.112375533428165 1 0.112375533428165 1 0 0.8693259972489684 0
0 0.7273039889958735 0 0.7273039889958735 0.10953058321479374 0.8703576341127923 0.10953058321479374 0.8703576341127923 0 0.7273039889958735 0
0 0 0.9662162162162162 0.0873452544704264 0.9662162162162162 0.0873452544704264 0.854551920341394 0 0.854551920341394 0 0.9662162162162162
0 0.842503438789546 0.45910384068278803 0.9786795048143053 0.45910384068278803 0.9786795048143053 0.3189900426742532 0.842503438789546 0.3189900426742532 0.842503438789546 0.45910384068278803
0 0.48521320495185694 0.5376955903271693 0.6055708390646493 0.5376955903271693 0.6055708390646493 0.39829302987197723 0.48521320495185694 0.39829302987197723 0.48521320495185694 0.5376955903271693
0 0.3328748280605227 0.5430298719772404 0.43947730398899587 0.5430298719772404 0.43947730398899587 0.42496443812233287 0.3328748280605227 0.42496443812233287 0.3328748280605227 0.5430298719772404
0 0.5453920220082531 0.38051209103840683 0.6740027510316369 0.38051209103840683 0.6740027510316369 0.24679943100995733 0.5453920220082531 0.24679943100995733 0.5453920220082531 0.38051209103840683
0 0.5079092159559835 0.9811522048364154 0.6268913342503438 0.9811522048364154 0.6268913342503438 0.835348506401138 0.5079092159559835 0.835348506401138 0.5079092159559835 0.9811522048364154
0 0.34284731774415406 0.3189900426742532 0.4384456671251719 0.3189900426742532 0.4384456671251719 0.20945945945945946 0.34284731774415406 0.20945945945945946 0.34284731774415406 0.3189900426742532
0 0.1781292984869326 0.7503556187766715 0.27579092159559837 0.7503556187766715 0.27579092159559837 0.6273115220483642 0.1781292984869326 0.6273115220483642 0.1781292984869326 0.7503556187766715
0 0.33184319119669875 1 0.33184319119669875 0.8677098150782361 0.2218019257221458 0.8677098150782361 0.2218019257221458 1 0.33184319119669875 1
0 0.2482806052269601 0.5245376955903271 0.3425034387895461 0.5245376955903271 0.3425034387895461 0.40718349928876246 0.2482806052269601 0.40718349928876246 0.2482806052269601 0.5245376955903271
0 0.5429848693259972 0.24004267425320056 0.6654057771664375 0.24004267425320056 0.6654057771664375 0.1426031294452347 0.5429848693259972 0.1426031294452347 0.5429848693259972 0.24004267425320056
0 0.05261348005502063 0.8424608819345661 0.1420220082530949 0.8424608819345661 0.1420220082530949 0.7208392603129445 0.05261348005502063 0.7208392603129445 0.05261348005502063 0.8424608819345661
0 0.4160935350756534 0.10633001422475107 0.5061898211829436 0.10633001422475107 0.5061898211829436 0.00035561877667140827 0.4160935350756534 0.00035561877667140827 0.4160935350756534 0.10633001422475107
0 0.422283356258597 0.4313655761024182 0.5206327372764786 0.4313655761024182 0.5206327372764786 0.3189900426742532 0.422283356258597 0.3189900426742532 0.422283356258597 0.4313655761024182
0 0.1062585969738652 0.7137268847795164 0.1936038514442916 0.7137268847795164 0.1936038514442916 0.6041963015647226 0.1062585969738652 0.6041963015647226 0.1062585969738652 0.7137268847795164
0 0.032324621733149934 0.6589615931721194 0.12723521320495185 0.6589615931721194 0.12723521320495185 0.5565433854907539 0.032324621733149934 0.5565433854907539 0.032324621733149934 0.6589615931721194
0 0.33665749656121047 0.20163584637268847 0.4343191196698762 0.20163584637268847 0.4343191196698762 0.09992887624466572 0.33665749656121047 0.09992887624466572 0.33665749656121047 0.20163584637268847
0 0.2548143053645117 0.3993598862019915 0.3559147180192572 0.3993598862019915 0.3559147180192572 0.30689900426742533 0.2548143053645117 0.30689900426742533 0.2548143053645117 0.3993598862019915
0 0.11623108665749655 0.5992176386913229 0.20563961485557083 0.5992176386913229 0.20563961485557083 0.5024893314366998 0.11623108665749655 0.5024893314366998 0.11623108665749655 0.5992176386913229
0 0.2637551581843191 0.30014224751066854 0.344222833562586 0.30014224751066854 0.344222833562586 0.20839260312944524 0.2637551581843191 0.20839260312944524 0.2637551581843191 0.30014224751066854
0 0.5711829436038515 0.13620199146514936 0.671595598349381 0.13620199146514936 0.671595598349381 0.025248933143669987 0.5711829436038515 0.025248933143669987 0.5711829436038515 0.13620199146514936
0 0.04401650618982118 0.24857752489331436 0.12861072902338377 0.24857752489331436 0.12861072902338377 0.16465149359886203 0.04401650618982118 0.16465149359886203 0.04401650618982118 0.24857752489331436
0 0.5010316368638239 0 0.5010316368638239 0.09672830725462304 0.5952544704264099 0.09672830725462304 0.5952544704264099 0 0.5010316368638239 0
0 0.028198074277854195 0.5405405405405406 0.11898211829436038 0.5405405405405406 0.11898211829436038 0.4438122332859175 0.028198074277854195 0.4438122332859175 0.028198074277854195 0.5405405405405406
0 0.09181568088033012 0.13477951635846372 0.17434662998624484 0.13477951635846372 0.17434662998624484 0.050142247510668564 0.09181568088033012 0.050142247510668564 0.09181568088033012 0.13477951635846372
0 0.32599724896836313 0.09601706970128022 0.4188445667125172 0.09601706970128022 0.4188445667125172 0.0007112375533428165 0.32599724896836313 0.0007112375533428165 0.32599724896836313 0.09601706970128022
0 0.16850068775790922 0.48115220483641535 0.2620357634112792 0.48115220483641535 0.2620357634112792 0.38015647226173543 0.16850068775790922 0.38015647226173543 0.16850068775790922 0.48115220483641535
0 0.14889958734525446 0.2243954480796586 0.23349381017881707 0.2243954480796586 0.23349381017881707 0.137624466571835 0.14889958734525446 0.137624466571835 0.14889958734525446 0.2243954480796586
0 0.17847317744154056 0.0906827880512091 0.25068775790921594 0.0906827880512091 0.25068775790921594 0.00035561877667140827 0.17847317744154056 0.00035561877667140827 0.17847317744154056 0.0906827880512091
0 0 0.11379800853485064 0.05295735900962861 0.11379800853485064 0.05295735900962861 0.03911806543385491 0 0.03911806543385491 0 0.11379800853485064
0 0.26994497936726275 0.19772403982930298 0.34559834938101786 0.19772403982930298 0.34559834938101786 0.11522048364153627 0.26994497936726275 0.11522048364153627 0.26994497936726275 0.19772403982930298
0 0.17537826685006877 0.3751778093883357 0.26478679504814306 0.3751778093883357 0.26478679504814306 0.2884068278805121 0.17537826685006877 0.2884068278805121 0.17537826685006877 0.3751778093883357
0 0.22111416781292983 0.14722617354196302 0.30777166437414033 0.14722617354196302 0.30777166437414033 0.05334281650071124 0.22111416781292983 0.05334281650071124 0.22111416781292983 0.14722617354196302
0 0.021664374140302613 0.1934566145092461 0.0952544704264099 0.1934566145092461 0.0952544704264099 0.11735419630156473 0.021664374140302613 0.11735419630156473 0.021664374140302613 0.1934566145092461
0 0.05364511691884457 0.07432432432432433 0.13204951856946354 0.07432432432432433 0.13204951856946354 0.00035561877667140827 0.05364511691884457 0.00035561877667140827 0.05364511691884457 0.07432432432432433
0 0.8923658872077029 0.837126600284495 0.999656121045392 0.837126600284495 0.999656121045392 0.6571834992887624 0.8923658872077029 0.6571834992887624 0.8923658872077029 0.837126600284495
0 0.08768913342503439 0.31258890469416784 0.16471801925722146 0.31258890469416784 0.16471801925722146 0.22226173541963015 0.08768913342503439 0.22226173541963015 0.08768913342503439 0.31258890469416784
0 0.17916093535075653 0.28413940256045517 0.2706327372764787 0.28413940256045517 0.2706327372764787 0.20021337126600283 0.17916093535075653 0.20021337126600283 0.17916093535075653 0.28413940256045517
0 0.11519944979367262 0.3741109530583215 0.1887895460797799 0.3741109530583215 0.1887895460797799 0.27524893314367 0.11519944979367262 0.27524893314367 0.11519944979367262 0.3741109530583215
0 0.000343878954607978 0.19772403982930298 0.03198074277854195 0.19772403982930298 0.03198074277854195 0.11806543385490754 0.000343878954607978 0.11806543385490754 0.000343878954607978 0.19772403982930298
0 0.07359009628610728 1 0.07359009628610728 0.9608819345661451 0 0.9608819345661451 0 1 0.07359009628610728 1
0 0.9487620357634112 0.5700568990042674 0.999656121045392 0.5700568990042674 0.999656121045392 0.42425320056899 0.9487620357634112 0.42425320056899 0.9487620357634112 0.5700568990042674
0 0 0.5295163584637269 0.04745529573590096 0.5295163584637269 0.04745529573590096 0.4235419630156472 0 0.4235419630156472 0 0.5295163584637269
0 0.6619669876203577 0 0.6619669876203577 0.033428165007112376 0.7417469050894085 0.033428165007112376 0.7417469050894085 0 0.6619669876203577 0
0 0.2781980742778542 0.04018492176386913 0.3483493810178817 0.04018492176386913 0.3483493810178817 0.00035561877667140827 0.2781980742778542 0.00035561877667140827 0.2781980742778542 0.04018492176386913
0 0 0.43065433854907537 0.02888583218707015 0.43065433854907537 0.02888583218707015 0.3758890469416785 0 0.3758890469416785 0 0.43065433854907537
0 0.6127922971114168 1 0.6127922971114168 0.9772403982930299 0.5 0.9772403982930299 0.5 1 0.6127922971114168 1
0 0 0.8403271692745377 0.008940852819807428 0.8403271692745377 0.008940852819807428 0.7912517780938834 0 0.7912517780938834 0 0.8403271692745377
0 0 0.6351351351351351 0.011691884456671253 0.6351351351351351 0.011691884456671253 0.5825035561877667 0 0.5825035561877667 0 0.6351351351351351
0 0.9993122420907841 1 0.9993122420907841 0.9317211948790897 0.9270976616231087 0.9317211948790897 0.9270976616231087 1 0.9993122420907841 1