0 0.363265306122449 0.6695261437908496 0.47551020408163264 0.6695261437908496 0.47551020408163264 0.5902777777777778 0.363265306122449 0.5902777777777778 0.363265306122449 0.6695261437908496
0 0.8107142857142857 0.23161764705882354 0.9066326530612245 0.23161764705882354 0.9066326530612245 0.15400326797385622 0.8107142857142857 0.15400326797385622 0.8107142857142857 0.23161764705882354
0 0.21683673469387754 0.19444444444444445 0.31479591836734694 0.19444444444444445 0.31479591836734694 0.12173202614379085 0.21683673469387754 0.12173202614379085 0.21683673469387754 0.19444444444444445
0 0.8341836734693877 0.5334967320261438 0.9280612244897959 0.5334967320261438 0.9280612244897959 0.4550653594771242 0.8341836734693877 0.4550653594771242 0.8341836734693877 0.5334967320261438
0 0.4913265306122449 0.5392156862745098 0.5933673469387755 0.5392156862745098 0.5933673469387755 0.46078431372549017 0.4913265306122449 0.46078431372549017 0.4913265306122449 0.5392156862745098
0 0.5908163265306122 0.46568627450980393 0.6857142857142857 0.46568627450980393 0.6857142857142857 0.38235294117647056 0.5908163265306122 0.38235294117647056 0.5908163265306122 0.46568627450980393
0 0.35051020408163264 0.5151143790849673 0.4688775510204082 0.5151143790849673 0.4688775510204082 0.443218954248366 0.35051020408163264 0.443218954248366 0.35051020408163264 0.5151143790849673
0 0.7204081632653061 0.511437908496732 0.8081632653061225 0.511437908496732 0.8081632653061225 0.4305555555555556 0.7204081632653061 0.4305555555555556 0.7204081632653061 0.511437908496732
0 0.5035714285714286 0.19117647058823528 0.6066326530612245 0.19117647058823528 0.6066326530612245 0.12091503267973856 0.5035714285714286 0.12091503267973856 0.5035714285714286 0.19117647058823528
0 0.3280612244897959 0.5915032679738562 0.44642857142857145 0.5915032679738562 0.44642857142857145 0.5171568627450981 0.3280612244897959 0.5171568627450981 0.3280612244897959 0.5915032679738562
0 0.32857142857142857 0.1875 0.44285714285714284 0.1875 0.44285714285714284 0.12214052287581699 0.32857142857142857 0.12214052287581699 0.32857142857142857 0.1875
0 0.7321428571428571 0.7152777777777778 0.8413265306122449 0.7152777777777778 0.8413265306122449 0.6425653594771242 0.7321428571428571 0.6425653594771242 0.7321428571428571 0.7152777777777778
0 0.5153061224489796 0.35375816993464054 0.6051020408163266 0.35375816993464054 0.6051020408163266 0.2818627450980392 0.5153061224489796 0.2818627450980392 0.5153061224489796 0.35375816993464054
0 0.8020408163265306 0.15400326797385622 0.9061224489795918 0.15400326797385622 0.9061224489795918 0.09109477124183006 0.8020408163265306 0.09109477124183006 0.8020408163265306 0.15400326797385622
0 0.8775510204081632 0.36519607843137253 0.9704081632653061 0.36519607843137253 0.9704081632653061 0.2867647058823529 0.8775510204081632 0.2867647058823529 0.8775510204081632 0.36519607843137253
0 0.24540816326530612 0.5486111111111112 0.3433673469387755 0.5486111111111112 0.3433673469387755 0.46691176470588236 0.24540816326530612 0.46691176470588236 0.24540816326530612 0.5486111111111112
0 0.3826530612244898 0.44076797385620914 0.4887755102040816 0.44076797385620914 0.4887755102040816 0.3590686274509804 0.3826530612244898 0.3590686274509804 0.3826530612244898 0.44076797385620914
0 0.43214285714285716 0.30514705882352944 0.5311224489795918 0.30514705882352944 0.5311224489795918 0.21854575163398693 0.43214285714285716 0.21854575163398693 0.43214285714285716 0.30514705882352944
0 0.5112244897959184 0.7144607843137255 0.6051020408163266 0.7144607843137255 0.6051020408163266 0.6262254901960784 0.5112244897959184 0.6262254901960784 0.5112244897959184 0.7144607843137255
0 0.6137755102040816 0.7369281045751634 0.701530612244898 0.7369281045751634 0.701530612244898 0.6560457516339869 0.6137755102040816 0.6560457516339869 0.6137755102040816 0.7369281045751634
0 0.2780612244897959 0.8562091503267973 0.3719387755102041 0.8562091503267973 0.3719387755102041 0.7671568627450981 0.2780612244897959 0.7671568627450981 0.2780612244897959 0.8562091503267973
0 0.2576530612244898 0.6474673202614379 0.3566326530612245 0.6474673202614379 0.3566326530612245 0.5649509803921569 0.2576530612244898 0.5649509803921569 0.2576530612244898 0.6474673202614379
0 0.31020408163265306 0.3974673202614379 0.41836734693877553 0.3974673202614379 0.41836734693877553 0.3125 0.31020408163265306 0.3125 0.31020408163265306 0.3974673202614379
0 0.8846938775510204 0.46772875816993464 0.9755102040816327 0.46772875816993464 0.9755102040816327 0.3860294117647059 0.8846938775510204 0.3860294117647059 0.8846938775510204 0.46772875816993464
0 0.7724489795918368 0.38848039215686275 0.8622448979591837 0.38848039215686275 0.8622448979591837 0.2986111111111111 0.7724489795918368 0.2986111111111111 0.7724489795918368 0.38848039215686275
0 0.27040816326530615 0.7320261437908496 0.3673469387755102 0.7320261437908496 0.3673469387755102 0.6478758169934641 0.27040816326530615 0.6478758169934641 0.27040816326530615 0.7320261437908496
0 0.6372448979591837 0.2565359477124183 0.7270408163265306 0.2565359477124183 0.7270408163265306 0.17320261437908496 0.6372448979591837 0.17320261437908496 0.6372448979591837 0.2565359477124183
0 0.2316326530612245 0.3165849673202614 0.3336734693877551 0.3165849673202614 0.3336734693877551 0.23161764705882354 0.2316326530612245 0.23161764705882354 0.2316326530612245 0.3165849673202614
0 0.6846938775510204 0.8586601307189542 0.7704081632653061 0.8586601307189542 0.7704081632653061 0.7720588235294118 0.6846938775510204 0.7720588235294118 0.6846938775510204 0.8586601307189542
0 0.6260204081632653 0.17116013071895425 0.7219387755102041 0.17116013071895425 0.7219387755102041 0.11642156862745098 0.6260204081632653 0.11642156862745098 0.6260204081632653 0.17116013071895425
0 0.3637755102040816 0.7483660130718954 0.4658163265306122 0.7483660130718954 0.4658163265306122 0.6658496732026143 0.3637755102040816 0.6658496732026143 0.3637755102040816 0.7483660130718954
0 0.06938775510204082 0.9799836601307189 0.19081632653061226 0.9799836601307189 0.19081632653061226 0.8901143790849673 0.06938775510204082 0.8901143790849673 0.06938775510204082 0.9799836601307189
0 0.5142857142857142 0.2790032679738562 0.613265306122449 0.2790032679738562 0.613265306122449 0.19975490196078433 0.5142857142857142 0.19975490196078433 0.5142857142857142 0.2790032679738562
0 0.12551020408163266 0.5330882352941176 0.2336734693877551 0.5330882352941176 0.2336734693877551 0.4522058823529412 0.12551020408163266 0.4522058823529412 0.12551020408163266 0.5330882352941176
0 0.47346938775510206 0.9248366013071896 0.576530612244898 0.9248366013071896 0.576530612244898 0.8472222222222222 0.47346938775510206 0.8472222222222222 0.47346938775510206 0.9248366013071896
0 0.29489795918367345 0.25980392156862747 0.3979591836734694 0.25980392156862747 0.3979591836734694 0.18137254901960784 0.29489795918367345 0.18137254901960784 0.29489795918367345 0.25980392156862747
0 0.2683673469387755 0.9505718954248366 0.37142857142857144 0.9505718954248366 0.37142857142857144 0.8688725490196079 0.2683673469387755 0.8688725490196079 0.2683673469387755 0.9505718954248366
0 0.38979591836734695 0.8202614379084967 0.49081632653061225 0.8202614379084967 0.49081632653061225 0.7287581699346405 0.38979591836734695 0.7287581699346405 0.38979591836734695 0.8202614379084967
0 0.4489795918367347 0.8574346405228758 0.5581632653061225 0.8574346405228758 0.5581632653061225 0.7757352941176471 0.4489795918367347 0.7757352941176471 0.4489795918367347 0.8574346405228758
0 0.6469387755102041 0.4089052287581699 0.7377551020408163 0.4089052287581699 0.7377551020408163 0.32393790849673204 0.6469387755102041 0.32393790849673204 0.6469387755102041 0.4089052287581699
0 0.05408163265306123 0.8337418300653595 0.1673469387755102 0.8337418300653595 0.1673469387755102 0.7512254901960784 0.05408163265306123 0.7512254901960784 0.05408163265306123 0.8337418300653595
0 0.36122448979591837 0.9158496732026143 0.4530612244897959 0.9158496732026143 0.4530612244897959 0.8235294117647058 0.36122448979591837 0.8235294117647058 0.36122448979591837 0.9158496732026143
0 0.7331632653061224 0.7933006535947712 0.8290816326530612 0.7933006535947712 0.8290816326530612 0.7165032679738562 0.7331632653061224 0.7165032679738562 0.7331632653061224 0.7933006535947712
0 0.5102040816326531 0.9897875816993464 0.6193877551020408 0.9897875816993464 0.6193877551020408 0.9089052287581699 0.5102040816326531 0.9089052287581699 0.5102040816326531 0.9897875816993464
0 0.7520408163265306 0.9599673202614379 0.8408163265306122 0.9599673202614379 0.8408163265306122 0.8700980392156863 0.7520408163265306 0.8700980392156863 0.7520408163265306 0.9599673202614379
0 0 0.639297385620915 0.03571428571428571 0.639297385620915 0.03571428571428571 0.5714869281045751 0 0.5714869281045751 0 0.639297385620915
0 0.27091836734693875 1 0.27091836734693875 0.928921568627451 0.16479591836734694 0.928921568627451 0.16479591836734694 1 0.27091836734693875 1
0 0.8668367346938776 0.9223856209150327 0.9545918367346938 0.9223856209150327 0.9545918367346938 0.8398692810457516 0.8668367346938776 0.8398692810457516 0.8668367346938776 0.9223856209150327
0 0.9454081632653061 0.40645424836601307 0.9994897959183674 0.40645424836601307 0.9994897959183674 0.3272058823529412 0.9454081632653061 0.3272058823529412 0.9454081632653061 0.40645424836601307
0 0.3790816326530612 0.9738562091503268 0.48316326530612247 0.9738562091503268 0.48316326530612247 0.9142156862745098 0.3790816326530612 0.9142156862745098 0.3790816326530612 0.9738562091503268
0 0.9280612244897959 0.9726307189542484 0.9994897959183674 0.9726307189542484 0.9994897959183674 0.8852124183006536 0.9280612244897959 0.8852124183006536 0.9280612244897959 0.9726307189542484
0 0.5260204081632653 1 0.5260204081632653 0.9616013071895425 0.4372448979591837 0.9616013071895425 0.4372448979591837 1 0.5260204081632653 1
0 0.4260204081632653 1 0.4260204081632653 0.9673202614379085 0.3352040816326531 0.9673202614379085 0.3352040816326531 1 0.4260204081632653 1
0 0.019387755102040816 0.9015522875816994 0.14489795918367346 0.9015522875816994 0.14489795918367346 0.8361928104575164 0.019387755102040816 0.8361928104575164 0.019387755102040816 0.9015522875816994
0 0.9076530612244897 1 0.9076530612244897 0.9387254901960784 0.8239795918367347 0.9387254901960784 0.8239795918367347 1 0.9076530612244897 1
0 0.9801020408163266 0.28717320261437906 0.9994897959183674 0.28717320261437906 0.9994897959183674 0.22344771241830066 0.9801020408163266 0.22344771241830066 0.9801020408163266 0.28717320261437906
0 0.058673469387755105 1 0.058673469387755105 0.928921568627451 0.0005102040816326531 0.928921568627451 0.0005102040816326531 1 0.058673469387755105 1
0 0.32040816326530613 1 0.32040816326530613 0.9795751633986928 0.2602040816326531 0.9795751633986928 0.2602040816326531 1 0.32040816326530613 1
0 0.14591836734693878 1 0.14591836734693878 0.9861111111111112 0.0673469387755102 0.9861111111111112 0.0673469387755102 1 0.14591836734693878 1
0 0.9994897959183674 1 0.9994897959183674 0.9714052287581699 0.9709183673469388 0.9714052287581699 0.9709183673469388 1 0.9994897959183674 1