0 0.8762 0.42342342342342343 0.939 0.42342342342342343 0.939 0.27207207207207207 0.8762 0.27207207207207207 0.8762 0.42342342342342343
0 0.7 0.6765765765765765 0.7672 0.6765765765765765 0.7672 0.5477477477477477 0.7 0.5477477477477477 0.7 0.6765765765765765
0 0.922 0.859009009009009 0.9876 0.859009009009009 0.9876 0.713963963963964 0.922 0.713963963963964 0.922 0.859009009009009
0 0.7776 0.5968468468468469 0.8468 0.5968468468468469 0.8468 0.4671171171171171 0.7776 0.4671171171171171 0.7776 0.5968468468468469
0 0.6402 0.30855855855855857 0.6994 0.30855855855855857 0.6994 0.17702702702702702 0.6402 0.17702702702702702 0.6402 0.30855855855855857
0 0.8448 0.6522522522522523 0.9056 0.6522522522522523 0.9056 0.5144144144144144 0.8448 0.5144144144144144 0.8448 0.6522522522522523
0 0.7564 0.34144144144144145 0.8168 0.34144144144144145 0.8168 0.1981981981981982 0.7564 0.1981981981981982 0.7564 0.34144144144144145
0 0.826 0.5063063063063064 0.8924 0.5063063063063064 0.8924 0.37657657657657656 0.826 0.37657657657657656 0.826 0.5063063063063064
0 0.9014 0.7112612612612612 0.9674 0.7112612612612612 0.9674 0.5824324324324325 0.9014 0.5824324324324325 0.9014 0.7112612612612612
0 0.6424 0 0.6424 0.11891891891891893 0.7036 0.11891891891891893 0.7036 0 0.6424 0
0 0.794 0.22432432432432434 0.8604 0.22432432432432434 0.8604 0.0981981981981982 0.794 0.0981981981981982 0.794 0.22432432432432434
0 0.8922 0.5824324324324325 0.957 0.5824324324324325 0.957 0.4346846846846847 0.8922 0.4346846846846847 0.8922 0.5824324324324325
0 0.7788 0 0.7788 0.0972972972972973 0.8408 0.0972972972972973 0.8408 0 0.7788 0
0 0.8618 0.2747747747747748 0.9218 0.2747747747747748 0.9218 0.13243243243243244 0.8618 0.13243243243243244 0.8618 0.2747747747747748
0 0.7114 0.5274774774774775 0.771 0.5274774774774775 0.771 0.3824324324324324 0.7114 0.3824324324324324 0.7114 0.5274774774774775
0 0.8018 0.9108108108108108 0.8702 0.9108108108108108 0.8702 0.7837837837837838 0.8018 0.7837837837837838 0.8018 0.9108108108108108
0 0.7042 0.372972972972973 0.7618 0.372972972972973 0.7618 0.24054054054054055 0.7042 0.24054054054054055 0.7042 0.372972972972973
0 0.845 0.13063063063063063 0.911 0.13063063063063063 0.911 0.0018018018018018018 0.845 0.0018018018018018018 0.845 0.13063063063063063
0 0.6796 0.23423423423423423 0.7396 0.23423423423423423 0.7396 0.1 0.6796 0.1 0.6796 0.23423423423423423
0 0.791 0.7855855855855856 0.8518 0.7855855855855856 0.8518 0.6297297297297297 0.791 0.6297297297297297 0.791 0.7855855855855856
0 0.823 0.3707207207207207 0.8766 0.3707207207207207 0.8766 0.22747747747747749 0.823 0.22747747747747749 0.823 0.3707207207207207
0 0.7352 0.19774774774774775 0.7932 0.19774774774774775 0.7932 0.06261261261261261 0.7352 0.06261261261261261 0.7352 0.19774774774774775
0 0.6724 0.7864864864864864 0.7344 0.7864864864864864 0.7344 0.6513513513513514 0.6724 0.6513513513513514 0.6724 0.7864864864864864
0 0.8566 0.7869369369369369 0.9238 0.7869369369369369 0.9238 0.6572072072072072 0.8566 0.6572072072072072 0.8566 0.7869369369369369
0 0.589 0.1972972972972973 0.6478 0.1972972972972973 0.6478 0.05405405405405406 0.589 0.05405405405405406 0.589 0.1972972972972973
0 0.7666 0.46756756756756757 0.8262 0.46756756756756757 0.8262 0.34234234234234234 0.7666 0.34234234234234234 0.7666 0.46756756756756757
0 0.6928 0.9774774774774775 0.7556 0.9774774774774775 0.7556 0.8279279279279279 0.6928 0.8279279279279279 0.6928 0.9774774774774775
0 0.6024 0.7054054054054054 0.6688 0.7054054054054054 0.6688 0.5783783783783784 0.6024 0.5783783783783784 0.6024 0.7054054054054054
0 0.9326 0.9995495495495496 0.9962 0.9995495495495496 0.9962 0.8797297297297297 0.9326 0.8797297297297297 0.9326 0.9995495495495496
0 0.7362 0.8162162162162162 0.7902 0.8162162162162162 0.7902 0.6675675675675675 0.7362 0.6675675675675675 0.7362 0.8162162162162162
0 0.8758 0.9369369369369369 0.9338 0.9369369369369369 0.9338 0.7936936936936937 0.8758 0.7936936936936937 0.8758 0.9369369369369369
0 0.6404 0.9747747747747748 0.6936 0.9747747747747748 0.6936 0.8378378378378378 0.6404 0.8378378378378378 0.6404 0.9747747747747748
0 0.6606 0.581981981981982 0.7234 0.581981981981982 0.7234 0.4603603603603604 0.6606 0.4603603603603604 0.6606 0.581981981981982
0 0.5398 0.2648648648648649 0.6042 0.2648648648648649 0.6042 0.15855855855855855 0.5398 0.15855855855855855 0.5398 0.2648648648648649
0 0.6576 0.44819819819819817 0.7144 0.44819819819819817 0.7144 0.3202702702702703 0.6576 0.3202702702702703 0.6576 0.44819819819819817
0 0.2444 0.2563063063063063 0.3132 0.2563063063063063 0.3132 0.1545045045045045 0.2444 0.1545045045045045 0.2444 0.2563063063063063
0 0.5384 0.12432432432432433 0.5972 0.12432432432432433 0.5972 0.002702702702702703 0.5384 0.002702702702702703 0.5384 0.12432432432432433
0 0.1374 0.2851351351351351 0.1886 0.2851351351351351 0.1886 0.18963963963963965 0.1374 0.18963963963963965 0.1374 0.2851351351351351
0 0.4018 0.3333333333333333 0.4594 0.3333333333333333 0.4594 0.22432432432432434 0.4018 0.22432432432432434 0.4018 0.3333333333333333
0 0.7218 0.07252252252252252 0.7778 0.07252252252252252 0.7778 0.00045045045045045046 0.7218 0.00045045045045045046 0.7218 0.07252252252252252
0 0.1404 0.15360360360360362 0.1888 0.15360360360360362 0.1888 0.05990990990990991 0.1404 0.05990990990990991 0.1404 0.15360360360360362
0 0.5706 0.5891891891891892 0.6402 0.5891891891891892 0.6402 0.4837837837837838 0.5706 0.4837837837837838 0.5706 0.5891891891891892
0 0.6042 0.3824324324324324 0.6646 0.3824324324324324 0.6646 0.2788288288288288 0.6042 0.2788288288288288 0.6042 0.3824324324324324
0 0.5976 0.8860360360360361 0.6552 0.8860360360360361 0.6552 0.7662162162162162 0.5976 0.7662162162162162 0.5976 0.8860360360360361
0 0.5678 0.7797297297297298 0.631 0.7797297297297298 0.631 0.6734234234234234 0.5678 0.6734234234234234 0.5678 0.7797297297297298
0 0.156 0 0.156 0.05045045045045045 0.2012 0.05045045045045045 0.2012 0 0.156 0
0 0.377 0.0545045045045045 0.4438 0.0545045045045045 0.4438 0.00045045045045045046 0.377 0.00045045045045045046 0.377 0.0545045045045045
0 0.1848 0.14054054054054055 0.2232 0.14054054054054055 0.2232 0.05045045045045045 0.1848 0.05045045045045045 0.1848 0.14054054054054055
0 0.102 0.34864864864864864 0.1552 0.34864864864864864 0.1552 0.263963963963964 0.102 0.263963963963964 0.102 0.34864864864864864
0 0.9414 1 0.9414 0.9405405405405406 0.8694 0.9405405405405406 0.8694 1 0.9414 1
0 0.102 0.2445945945945946 0.1396 0.2445945945945946 0.1396 0.17612612612612613 0.102 0.17612612612612613 0.102 0.2445945945945946
0 0.211 0.20405405405405405 0.2558 0.20405405405405405 0.2558 0.11396396396396397 0.211 0.11396396396396397 0.211 0.20405405405405405
0 0.1146 0 0.1146 0.06306306306306306 0.1582 0.06306306306306306 0.1582 0 0.1146 0
0 0.1974 0 0.1974 0.044144144144144144 0.2422 0.044144144144144144 0.2422 0 0.1974 0
0 0.0642 0.27522522522522525 0.1054 0.27522522522522525 0.1054 0.18513513513513513 0.0642 0.18513513513513513 0.0642 0.27522522522522525
0 0.2442 0 0.2442 0.03423423423423423 0.2974 0.03423423423423423 0.2974 0 0.2442 0
0 0.1106 0.15765765765765766 0.1442 0.15765765765765766 0.1442 0.07477477477477477 0.1106 0.07477477477477477 0.1106 0.15765765765765766