0 0.7799121844127332 0.7944364161849711 0.8918770581778266 0.7944364161849711 0.8918770581778266 0.6578757225433526 0.7799121844127332 0.6578757225433526 0.7799121844127332 0.7944364161849711
0 0.7222832052689352 0.9226878612716763 0.8326015367727772 0.9226878612716763 0.8326015367727772 0.7789017341040463 0.7222832052689352 0.7789017341040463 0.7222832052689352 0.9226878612716763
0 0.6997804610318331 0.5888728323699421 0.787596048298573 0.5888728323699421 0.787596048298573 0.45736994219653176 0.6997804610318331 0.45736994219653176 0.6997804610318331 0.5888728323699421
0 0.5965971459934138 0.9273843930635838 0.6970362239297475 0.9273843930635838 0.6970362239297475 0.8038294797687862 0.5965971459934138 0.8038294797687862 0.5965971459934138 0.9273843930635838
0 0.568880351262349 0.3106936416184971 0.6545005488474204 0.3106936416184971 0.6545005488474204 0.1893063583815029 0.568880351262349 0.1893063583815029 0.568880351262349 0.3106936416184971
0 0.6778265642151482 0.4194364161849711 0.7656421514818881 0.4194364161849711 0.7656421514818881 0.29010115606936415 0.6778265642151482 0.29010115606936415 0.6778265642151482 0.4194364161849711
0 0.38419319429198684 0.796242774566474 0.45993413830954993 0.796242774566474 0.45993413830954993 0.6683526011560693 0.38419319429198684 0.6683526011560693 0.38419319429198684 0.796242774566474
0 0.5636663007683864 0.5722543352601156 0.6580680570801317 0.5722543352601156 0.6580680570801317 0.45447976878612717 0.5636663007683864 0.45447976878612717 0.5636663007683864 0.5722543352601156
0 0.2801866081229418 0.608742774566474 0.3641602634467618 0.608742774566474 0.3641602634467618 0.5039739884393064 0.2801866081229418 0.5039739884393064 0.2801866081229418 0.608742774566474
0 0.5579034028540066 0.8013005780346821 0.6534028540065862 0.8013005780346821 0.6534028540065862 0.6828034682080925 0.5579034028540066 0.6828034682080925 0.5579034028540066 0.8013005780346821
0 0.38172338090010977 0.5812861271676301 0.45636663007683864 0.5812861271676301 0.45636663007683864 0.47940751445086704 0.38172338090010977 0.47940751445086704 0.38172338090010977 0.5812861271676301
0 0.5705268935236004 0.6835260115606936 0.6638309549945115 0.6835260115606936 0.6638309549945115 0.5736994219653179 0.5705268935236004 0.5736994219653179 0.5705268935236004 0.6835260115606936
0 0.3734906695938529 0.9996387283236994 0.45526893523600437 0.9996387283236994 0.45526893523600437 0.9172687861271677 0.3734906695938529 0.9172687861271677 0.3734906695938529 0.9996387283236994
0 0.23298572996706915 0.9226878612716763 0.31695938529088913 0.9226878612716763 0.31695938529088913 0.815028901734104 0.23298572996706915 0.815028901734104 0.23298572996706915 0.9226878612716763
0 0.45526893523600437 0.5570809248554913 0.5315587266739846 0.5570809248554913 0.5315587266739846 0.4320809248554913 0.45526893523600437 0.4320809248554913 0.45526893523600437 0.5570809248554913
0 0.4832601536772777 0.6687138728323699 0.5661361141602634 0.6687138728323699 0.5661361141602634 0.5538294797687862 0.4832601536772777 0.5538294797687862 0.4832601536772777 0.6687138728323699
0 0 0.9989161849710982 0.06695938529088913 0.9989161849710982 0.06695938529088913 0.8854768786127167 0 0.8854768786127167 0 0.9989161849710982
0 0.30954994511525796 0.7825144508670521 0.38199780461031835 0.7825144508670521 0.38199780461031835 0.6647398843930635 0.30954994511525796 0.6647398843930635 0.30954994511525796 0.7825144508670521
0 0.16465422612513722 0.6972543352601156 0.23765093304061471 0.6972543352601156 0.23765093304061471 0.578757225433526 0.16465422612513722 0.578757225433526 0.16465422612513722 0.6972543352601156
0 0.29637760702524696 0.9996387283236994 0.3748627881448957 0.9996387283236994 0.3748627881448957 0.9064306358381503 0.29637760702524696 0.9064306358381503 0.29637760702524696 0.9996387283236994
0 0.27771679473106475 0.17015895953757226 0.34632272228320526 0.17015895953757226 0.34632272228320526 0.07189306358381503 0.27771679473106475 0.07189306358381503 0.27771679473106475 0.17015895953757226
0 0.5524149286498353 1 0.5524149286498353 0.9320809248554913 0.4629527991218441 0.9320809248554913 0.4629527991218441 1 0.5524149286498353 1
0 0.13693743139407244 0.8316473988439307 0.22420417124039518 0.8316473988439307 0.22420417124039518 0.7276011560693642 0.13693743139407244 0.7276011560693642 0.13693743139407244 0.8316473988439307
0 0.23435784851811198 0.8067196531791907 0.3106476399560922 0.8067196531791907 0.3106476399560922 0.6997832369942196 0.23435784851811198 0.6997832369942196 0.23435784851811198 0.8067196531791907
0 0.10428100987925357 0.721820809248555 0.1734357848518112 0.721820809248555 0.1734357848518112 0.611271676300578 0.10428100987925357 0.611271676300578 0.10428100987925357 0.721820809248555
0 0.20773874862788144 0.41510115606936415 0.2933589462129528 0.41510115606936415 0.2933589462129528 0.3204479768786127 0.20773874862788144 0.3204479768786127 0.20773874862788144 0.41510115606936415
0 0.1553238199780461 0.9320809248554913 0.23600439077936333 0.9320809248554913 0.23600439077936333 0.8323699421965318 0.1553238199780461 0.8323699421965318 0.1553238199780461 0.9320809248554913
0 0.23435784851811198 0.5148121387283237 0.3199780461031833 0.5148121387283237 0.3199780461031833 0.4208815028901734 0.23435784851811198 0.4208815028901734 0.23435784851811198 0.5148121387283237
0 0.19950603732162459 0 0.19950603732162459 0.07947976878612717 0.27195389681668497 0.07947976878612717 0.27195389681668497 0 0.19950603732162459 0
0 0.20938529088913282 0.203757225433526 0.2845773874862788 0.203757225433526 0.2845773874862788 0.08959537572254335 0.20938529088913282 0.08959537572254335 0.20938529088913282 0.203757225433526
0 0.09769484083424808 0.9992774566473989 0.17233809001097694 0.9992774566473989 0.17233809001097694 0.9067919075144508 0.09769484083424808 0.9067919075144508 0.09769484083424808 0.9992774566473989
0 0.0982436882546652 0 0.0982436882546652 0.05563583815028902 0.17453347969264543 0.05563583815028902 0.17453347969264543 0 0.0982436882546652 0
0 0.07272228320526894 0.9165462427745664 0.15504939626783754 0.9165462427745664 0.15504939626783754 0.7944364161849711 0.07272228320526894 0.7944364161849711 0.07272228320526894 0.9165462427745664