0 0.3885832187070151 0.5234708392603129 0.4924346629986245 0.5234708392603129 0.4924346629986245 0.406827880512091 0.3885832187070151 0.406827880512091 0.3885832187070151 0.5234708392603129
0 0.859009628610729 0 0.859009628610729 0.11308677098150782 1 0.11308677098150782 1 0 0.859009628610729 0
0 0.30261348005502064 0.6312233285917497 0.405777166437414 0.6312233285917497 0.405777166437414 0.5110241820768137 0.30261348005502064 0.5110241820768137 0.30261348005502064 0.6312233285917497
0 0.5096286107290234 0.4783072546230441 0.6437414030261348 0.4783072546230441 0.6437414030261348 0.3403271692745377 0.5096286107290234 0.3403271692745377 0.5096286107290234 0.4783072546230441
0 0.8779229711141678 0.3716216216216216 0.999656121045392 0.3716216216216216 0.999656121045392 0.2208392603129445 0.8779229711141678 0.2208392603129445 0.8779229711141678 0.3716216216216216
0 0.04401650618982118 0.7478662873399715 0.13480055020632736 0.7478662873399715 0.13480055020632736 0.6354907539118065 0.04401650618982118 0.6354907539118065 0.04401650618982118 0.7478662873399715
0 0.2568775790921596 0.4527027027027027 0.3607290233837689 0.4527027027027027 0.3607290233837689 0.33890469416785207 0.2568775790921596 0.33890469416785207 0.2568775790921596 0.4527027027027027
0 0.3174002751031637 0.933854907539118 0.4295048143053645 0.933854907539118 0.4295048143053645 0.7887624466571835 0.3174002751031637 0.7887624466571835 0.3174002751031637 0.933854907539118
0 0.3229023383768913 0.2240398293029872 0.421939477303989 0.2240398293029872 0.421939477303989 0.11948790896159317 0.3229023383768913 0.11948790896159317 0.3229023383768913 0.2240398293029872
0 0.4494497936726272 0.25568990042674256 0.5588033012379643 0.25568990042674256 0.5588033012379643 0.15753911806543386 0.4494497936726272 0.15753911806543386 0.4494497936726272 0.25568990042674256
0 0.3466299862448418 0.35988620199146515 0.4477303988995873 0.35988620199146515 0.4477303988995873 0.24466571834992887 0.3466299862448418 0.24466571834992887 0.3466299862448418 0.35988620199146515
0 0.1812242090784044 0.6593172119487909 0.2747592847317744 0.6593172119487909 0.2747592847317744 0.5412517780938834 0.1812242090784044 0.5412517780938834 0.1812242090784044 0.6593172119487909
0 0.08390646492434663 0.9811522048364154 0.18638239339752408 0.9811522048364154 0.18638239339752408 0.8609530583214794 0.08390646492434663 0.8609530583214794 0.08390646492434663 0.9811522048364154
0 0.04779917469050894 0.8773115220483642 0.14133425034387895 0.8773115220483642 0.14133425034387895 0.7635135135135135 0.04779917469050894 0.7635135135135135 0.04779917469050894 0.8773115220483642
0 0.20392022008253094 0.9793741109530584 0.312585969738652 0.9793741109530584 0.312585969738652 0.8435277382645804 0.20392022008253094 0.8435277382645804 0.20392022008253094 0.9793741109530584
0 0.4470426409903714 0.3741109530583215 0.5584594222833562 0.3741109530583215 0.5584594222833562 0.26102418207681366 0.4470426409903714 0.26102418207681366 0.4470426409903714 0.3741109530583215
0 0.09387895460797799 1 0.09387895460797799 0.9153627311522048 0.000343878954607978 0.9153627311522048 0.000343878954607978 1 0.09387895460797799 1
0 0.23693259972489683 0.7731152204836416 0.3407840440165062 0.7731152204836416 0.3407840440165062 0.6465149359886202 0.23693259972489683 0.6465149359886202 0.23693259972489683 0.7731152204836416
0 0.24037138927097662 0.1162873399715505 0.3249656121045392 0.1162873399715505 0.3249656121045392 0.02382645803698435 0.24037138927097662 0.02382645803698435 0.24037138927097662 0.1162873399715505
0 0.4518569463548831 0.15789473684210525 0.5563961485557084 0.15789473684210525 0.5563961485557084 0.060455192034139404 0.4518569463548831 0.060455192034139404 0.4518569463548831 0.15789473684210525
0 0.17916093535075653 0.5373399715504978 0.27544704264099035 0.5373399715504978 0.27544704264099035 0.43065433854907537 0.17916093535075653 0.43065433854907537 0.17916093535075653 0.5373399715504978
0 0 0.620199146514936 0.06602475928473177 0.620199146514936 0.06602475928473177 0.5334281650071123 0 0.5334281650071123 0 0.620199146514936
0 0.10350756533700138 0.6422475106685633 0.19497936726272352 0.6422475106685633 0.19497936726272352 0.5234708392603129 0.10350756533700138 0.5234708392603129 0.10350756533700138 0.6422475106685633
0 0.20598349381017883 0.26137980085348506 0.28988995873452544 0.26137980085348506 0.28988995873452544 0.15825035561877668 0.20598349381017883 0.15825035561877668 0.20598349381017883 0.26137980085348506
0 0.15130674002751032 0.8584637268847796 0.2544704264099037 0.8584637268847796 0.2544704264099037 0.7361308677098151 0.15130674002751032 0.7361308677098151 0.15130674002751032 0.8584637268847796
0 0.2637551581843191 0.32965860597439545 0.3511004126547455 0.32965860597439545 0.3511004126547455 0.2414651493598862 0.2637551581843191 0.2414651493598862 0.2637551581843191 0.32965860597439545
0 0.07427785419532325 0.34281650071123754 0.15405777166437415 0.34281650071123754 0.15405777166437415 0.26386913229018494 0.07427785419532325 0.26386913229018494 0.07427785419532325 0.34281650071123754
0 0.05742778541953233 0.6251778093883357 0.11588720770288859 0.6251778093883357 0.11588720770288859 0.5327169274537695 0.05742778541953233 0.5327169274537695 0.05742778541953233 0.6251778093883357
0 0.10385144429160935 0.5064011379800853 0.18707015130674004 0.5064011379800853 0.18707015130674004 0.4167852062588905 0.10385144429160935 0.4167852062588905 0.10385144429160935 0.5064011379800853
0 0.061898211829436035 0.4345661450924609 0.15405777166437415 0.4345661450924609 0.15405777166437415 0.34637268847795166 0.061898211829436035 0.34637268847795166 0.061898211829436035 0.4345661450924609
0 0.050206327372764786 0.20945945945945946 0.1313617606602476 0.20945945945945946 0.1313617606602476 0.12339971550497866 0.050206327372764786 0.12339971550497866 0.050206327372764786 0.20945945945945946
0 0.050206327372764786 0.12091038406827881 0.13067400275103164 0.12091038406827881 0.13067400275103164 0.04267425320056899 0.050206327372764786 0.04267425320056899 0.050206327372764786 0.12091038406827881
0 0.14718019257221457 0.26386913229018494 0.21801925722145804 0.26386913229018494 0.21801925722145804 0.17496443812233287 0.14718019257221457 0.17496443812233287 0.14718019257221457 0.26386913229018494
0 0.0068775790921595595 0.3129445234708393 0.08459422283356259 0.3129445234708393 0.08459422283356259 0.23826458036984352 0.0068775790921595595 0.23826458036984352 0.0068775790921595595 0.3129445234708393
0 0 0.8915362731152204 0.04264099037138927 0.8915362731152204 0.04264099037138927 0.784850640113798 0 0.784850640113798 0 0.8915362731152204
0 0.009628610729023384 0.531294452347084 0.09628610729023383 0.531294452347084 0.09628610729023383 0.44523470839260315 0.009628610729023384 0.44523470839260315 0.009628610729023384 0.531294452347084
0 0.922627235213205 0.6806543385490754 0.999656121045392 0.6806543385490754 0.999656121045392 0.5305832147937412 0.922627235213205 0.5305832147937412 0.922627235213205 0.6806543385490754
0 0 0.7357752489331437 0.06052269601100413 0.7357752489331437 0.06052269601100413 0.6319345661450925 0 0.6319345661450925 0 0.7357752489331437
0 0.1767537826685007 0.422475106685633 0.2627235213204952 0.422475106685633 0.2627235213204952 0.33499288762446655 0.1767537826685007 0.33499288762446655 0.1767537826685007 0.422475106685633
0 0.000343878954607978 0.26066856330014226 0.051925722145804674 0.26066856330014226 0.051925722145804674 0.17318634423897583 0.000343878954607978 0.17318634423897583 0.000343878954607978 0.26066856330014226
0 0 0.41571834992887624 0.07221458046767538 0.41571834992887624 0.07221458046767538 0.31756756756756754 0 0.31756756756756754 0 0.41571834992887624
0 0.08425034387895461 0.25889046941678523 0.15646492434662998 0.25889046941678523 0.15646492434662998 0.17780938833570412 0.08425034387895461 0.17780938833570412 0.08425034387895461 0.25889046941678523
0 0.32118294360385147 0 0.32118294360385147 0.03698435277382646 0.4092159559834938 0.03698435277382646 0.4092159559834938 0 0.32118294360385147 0
0 0.4143741403026135 0.028805120910384067 0.5072214580467675 0.028805120910384067 0.5072214580467675 0.00035561877667140827 0.4143741403026135 0.00035561877667140827 0.4143741403026135 0.028805120910384067
0 0 0.6593172119487909 0.017881705639614855 0.6593172119487909 0.017881705639614855 0.604551920341394 0 0.604551920341394 0 0.6593172119487909
0 0.1433975240715268 0.3762446657183499 0.23211829436038514 0.3762446657183499 0.23211829436038514 0.27453769559032715 0.1433975240715268 0.27453769559032715 0.1433975240715268 0.3762446657183499
0 0.5123796423658872 0 0.5123796423658872 0.02631578947368421 0.6086657496561211 0.02631578947368421 0.6086657496561211 0 0.5123796423658872 0
0 0 0.4996443812233286 0.02269601100412655 0.4996443812233286 0.02269601100412655 0.4192745376955903 0 0.4192745376955903 0 0.4996443812233286
0 0.054332874828060526 0.04658605974395448 0.13480055020632736 0.04658605974395448 0.13480055020632736 0.00035561877667140827 0.054332874828060526 0.00035561877667140827 0.054332874828060526 0.04658605974395448
0 0 0.19132290184921763 0.011004126547455296 0.19132290184921763 0.011004126547455296 0.11948790896159317 0 0.11948790896159317 0 0.19132290184921763
0 0.000343878954607978 0.5583214793741109 0.014099037138927097 0.5583214793741109 0.014099037138927097 0.5163584637268848 0.000343878954607978 0.5163584637268848 0.000343878954607978 0.5583214793741109
0 0 0.0387624466571835 0.026822558459422285 0.0387624466571835 0.026822558459422285 0.00035561877667140827 0 0.00035561877667140827 0 0.0387624466571835
0 0.16609353507565336 1 0.16609353507565336 0.9765291607396871 0.08218707015130675 0.9765291607396871 0.08218707015130675 1 0.16609353507565336 1