0 0.09790365744870651 0.5596217105263158 0.18398751115075826 0.5596217105263158 0.18398751115075826 0.4214638157894737 0.09790365744870651 0.4214638157894737 0.09790365744870651 0.5596217105263158
0 0.48617305976806424 0.9004934210526315 0.5548617305976806 0.9004934210526315 0.5548617305976806 0.7450657894736842 0.48617305976806424 0.7450657894736842 0.48617305976806424 0.9004934210526315
0 0.8113291703835861 0.2800164473684211 0.8880463871543265 0.2800164473684211 0.8880463871543265 0.10731907894736842 0.8113291703835861 0.10731907894736842 0.8113291703835861 0.2800164473684211
0 0.8244870651204282 0.7294407894736842 0.9070026761819804 0.7294407894736842 0.9070026761819804 0.5666118421052632 0.8244870651204282 0.5666118421052632 0.8244870651204282 0.7294407894736842
0 0.13760035682426405 0.43379934210526316 0.22145405887600356 0.43379934210526316 0.22145405887600356 0.30962171052631576 0.13760035682426405 0.30962171052631576 0.13760035682426405 0.43379934210526316
0 0.8414362176628011 0.5641447368421053 0.9177074041034791 0.5641447368421053 0.9177074041034791 0.4276315789473684 0.8414362176628011 0.4276315789473684 0.8414362176628011 0.5641447368421053
0 0.5189562890276539 0.5649671052631579 0.6072702943800179 0.5649671052631579 0.6072702943800179 0.4136513157894737 0.5189562890276539 0.4136513157894737 0.5189562890276539 0.5649671052631579
0 0.40075825156110617 0.8877467105263158 0.48238180196253344 0.8877467105263158 0.48238180196253344 0.7504111842105263 0.40075825156110617 0.7504111842105263 0.40075825156110617 0.8877467105263158
0 0.08920606601248884 0.3338815789473684 0.18287243532560213 0.3338815789473684 0.18287243532560213 0.20888157894736842 0.08920606601248884 0.20888157894736842 0.08920606601248884 0.3338815789473684
0 0.5142729705619982 0.7014802631578947 0.5990187332738626 0.7014802631578947 0.5990187332738626 0.5641447368421053 0.5142729705619982 0.5641447368421053 0.5142729705619982 0.7014802631578947
0 0.6848795718108831 0.6768092105263158 0.7633809099018734 0.6768092105263158 0.7633809099018734 0.5189144736842105 0.6848795718108831 0.5189144736842105 0.6848795718108831 0.6768092105263158
0 0.75 0.8182565789473685 0.842328278322926 0.8182565789473685 0.842328278322926 0.6768092105263158 0.75 0.6768092105263158 0.75 0.8182565789473685
0 0 0.6817434210526315 0.07091882247992863 0.6817434210526315 0.07091882247992863 0.5616776315789473 0 0.5616776315789473 0 0.6817434210526315
0 0.10013380909901873 0.9975328947368421 0.18710972346119537 0.9975328947368421 0.18710972346119537 0.8560855263157895 0.10013380909901873 0.8560855263157895 0.10013380909901873 0.9975328947368421
0 0.3416592328278323 0.7664473684210527 0.4295272078501338 0.7664473684210527 0.4295272078501338 0.6389802631578947 0.3416592328278323 0.6389802631578947 0.3416592328278323 0.7664473684210527
0 0.3365298840321142 0.20353618421052633 0.4154772524531668 0.20353618421052633 0.4154772524531668 0.05633223684210526 0.3365298840321142 0.05633223684210526 0.3365298840321142 0.20353618421052633
0 0.7334968777876896 0.30304276315789475 0.806199821587868 0.30304276315789475 0.806199821587868 0.14268092105263158 0.7334968777876896 0.14268092105263158 0.7334968777876896 0.30304276315789475
0 0.5548617305976806 0.4321546052631579 0.6369313113291704 0.4321546052631579 0.6369313113291704 0.2956414473684211 0.5548617305976806 0.2956414473684211 0.5548617305976806 0.4321546052631579
0 0.2528991971454059 0.8207236842105263 0.33140053523639607 0.8207236842105263 0.33140053523639607 0.6743421052631579 0.2528991971454059 0.6743421052631579 0.2528991971454059 0.8207236842105263
0 0.7968331846565566 0.4300986842105263 0.8927297056199821 0.4300986842105263 0.8927297056199821 0.2845394736842105 0.7968331846565566 0.2845394736842105 0.7968331846565566 0.4300986842105263
0 0.6467439785905441 0.33963815789473684 0.7381801962533452 0.33963815789473684 0.7381801962533452 0.19161184210526316 0.6467439785905441 0.19161184210526316 0.6467439785905441 0.33963815789473684
0 0.1663693131132917 0.852796052631579 0.24710080285459413 0.852796052631579 0.24710080285459413 0.7014802631578947 0.1663693131132917 0.7014802631578947 0.1663693131132917 0.852796052631579
0 0.33541480820695807 0.9642269736842105 0.41079393398751113 0.9642269736842105 0.41079393398751113 0.8120888157894737 0.33541480820695807 0.8120888157894737 0.33541480820695807 0.9642269736842105
0 0.027653880463871544 0.5600328947368421 0.10214094558429973 0.5600328947368421 0.10214094558429973 0.41776315789473684 0.027653880463871544 0.41776315789473684 0.027653880463871544 0.5600328947368421
0 0.752007136485281 0.9983552631578947 0.8340767172167708 0.9983552631578947 0.8340767172167708 0.8289473684210527 0.752007136485281 0.8289473684210527 0.752007136485281 0.9983552631578947
0 0.09054415700267618 0.20970394736842105 0.17216770740410348 0.20970394736842105 0.17216770740410348 0.047697368421052634 0.09054415700267618 0.047697368421052634 0.09054415700267618 0.20970394736842105
0 0.7109723461195361 0 0.7109723461195361 0.14802631578947367 0.7957181088314005 0.14802631578947367 0.7957181088314005 0 0.7109723461195361 0
0 0.42261373773416594 0.9991776315789473 0.5055753791257805 0.9991776315789473 0.5055753791257805 0.890625 0.42261373773416594 0.890625 0.42261373773416594 0.9991776315789473
0 0.8728813559322034 0.8758223684210527 0.9527207850133809 0.8758223684210527 0.9527207850133809 0.7294407894736842 0.8728813559322034 0.7294407894736842 0.8728813559322034 0.8758223684210527
0 0.8773416592328278 0.9991776315789473 0.9669937555753791 0.9991776315789473 0.9669937555753791 0.8774671052631579 0.8773416592328278 0.8774671052631579 0.8773416592328278 0.9991776315789473
0 0.7464317573595004 0.5620888157894737 0.8347457627118644 0.5620888157894737 0.8347457627118644 0.4263980263157895 0.7464317573595004 0.4263980263157895 0.7464317573595004 0.5620888157894737
0 0 0.3696546052631579 0.0383586083853702 0.3696546052631579 0.0383586083853702 0.23972039473684212 0 0.23972039473684212 0 0.3696546052631579
0 0.2734165923282783 0.9983552631578947 0.35013380909901876 0.9983552631578947 0.35013380909901876 0.8601973684210527 0.2734165923282783 0.8601973684210527 0.2734165923282783 0.9983552631578947
0 0.00022301516503122213 0.49506578947368424 0.046610169491525424 0.49506578947368424 0.046610169491525424 0.3717105263157895 0.00022301516503122213 0.3717105263157895 0.00022301516503122213 0.49506578947368424
0 0.7999553969669938 0 0.7999553969669938 0.09703947368421052 0.8726583407671722 0.09703947368421052 0.8726583407671722 0 0.7999553969669938 0
0 0.44580731489741304 0 0.44580731489741304 0.05838815789473684 0.5136039250669046 0.05838815789473684 0.5136039250669046 0 0.44580731489741304 0
0 0.22346119536128456 0.998766447368421 0.284121320249777 0.998766447368421 0.284121320249777 0.9716282894736842 0.22346119536128456 0.9716282894736842 0.22346119536128456 0.998766447368421
0 0.3771186440677966 0 0.3771186440677966 0.02055921052631579 0.43688670829616416 0.02055921052631579 0.43688670829616416 0 0.3771186440677966 0