0 0.38480055020632736 0.33392603129445236 0.49346629986244844 0.33392603129445236 0.49346629986244844 0.2158605974395448 0.38480055020632736 0.2158605974395448 0.38480055020632736 0.33392603129445236
0 0.44154057771664373 0.5085348506401138 0.5536451169188445 0.5085348506401138 0.5536451169188445 0.3862019914651494 0.44154057771664373 0.3862019914651494 0.44154057771664373 0.5085348506401138
0 0.4814305364511692 0.2286628733997155 0.59353507565337 0.2286628733997155 0.59353507565337 0.11059743954480797 0.4814305364511692 0.11059743954480797 0.4814305364511692 0.2286628733997155
0 0.6750343878954608 0.3314366998577525 0.8187757909215956 0.3314366998577525 0.8187757909215956 0.18634423897581792 0.6750343878954608 0.18634423897581792 0.6750343878954608 0.3314366998577525
0 0.21148555708390646 0.8826458036984353 0.3174002751031637 0.8826458036984353 0.3174002751031637 0.7603129445234709 0.21148555708390646 0.7603129445234709 0.21148555708390646 0.8826458036984353
0 0.5928473177441541 0.11024182076813656 0.7111416781292985 0.11024182076813656 0.7111416781292985 0.009246088193456615 0.5928473177441541 0.009246088193456615 0.5928473177441541 0.11024182076813656
0 0.5952544704264099 0.23399715504978663 0.7156121045392022 0.23399715504978663 0.7156121045392022 0.11379800853485064 0.5952544704264099 0.11379800853485064 0.5952544704264099 0.23399715504978663
0 0.44601100412654743 0 0.44601100412654743 0.09388335704125178 0.547799174690509 0.09388335704125178 0.547799174690509 0 0.44601100412654743 0
0 0.5354195323246217 0.3918918918918919 0.6495873452544704 0.3918918918918919 0.6495873452544704 0.2709815078236131 0.5354195323246217 0.2709815078236131 0.5354195323246217 0.3918918918918919
0 0.31189821182943606 1 0.31189821182943606 0.8783783783783784 0.20048143053645118 0.8783783783783784 0.20048143053645118 1 0.31189821182943606 1
0 0.22111416781292983 0.5380512091038406 0.31464924346629985 0.5380512091038406 0.31464924346629985 0.41571834992887624 0.22111416781292983 0.41571834992887624 0.22111416781292983 0.5380512091038406
0 0.31017881705639616 0.548719772403983 0.4050894085281981 0.548719772403983 0.4050894085281981 0.4270981507823613 0.31017881705639616 0.4270981507823613 0.31017881705639616 0.548719772403983
0 0.30192572214580465 0.42105263157894735 0.4016506189821183 0.42105263157894735 0.4016506189821183 0.31721194879089615 0.30192572214580465 0.31721194879089615 0.30192572214580465 0.42105263157894735
0 0.15887207702888584 0.6507823613086771 0.24896836313617607 0.6507823613086771 0.24896836313617607 0.5334281650071123 0.15887207702888584 0.5334281650071123 0.15887207702888584 0.6507823613086771
0 0.3187757909215956 0.14580369843527738 0.40887207702888584 0.14580369843527738 0.40887207702888584 0.03840682788051209 0.3187757909215956 0.03840682788051209 0.3187757909215956 0.14580369843527738
0 0.12001375515818431 0.9487908961593172 0.21492434662998625 0.9487908961593172 0.21492434662998625 0.8257467994310099 0.12001375515818431 0.8257467994310099 0.12001375515818431 0.9487908961593172
0 0.2534387895460798 0.25177809388335703 0.34284731774415406 0.25177809388335703 0.34284731774415406 0.16145092460881935 0.2534387895460798 0.16145092460881935 0.2534387895460798 0.25177809388335703
0 0 0.8648648648648649 0.09834938101788171 0.8648648648648649 0.09834938101788171 0.7652916073968705 0 0.7652916073968705 0 0.8648648648648649
0 0.4731774415405777 0.8172119487908962 0.5962861072902338 0.8172119487908962 0.5962861072902338 0.6721194879089616 0.4731774415405777 0.6721194879089616 0.4731774415405777 0.8172119487908962
0 0.1657496561210454 0.7802275960170697 0.2627235213204952 0.7802275960170697 0.2627235213204952 0.6657183499288762 0.1657496561210454 0.6657183499288762 0.1657496561210454 0.7802275960170697
0 0.0515818431911967 0.8036984352773826 0.15130674002751032 0.8036984352773826 0.15130674002751032 0.6920341394025604 0.0515818431911967 0.6920341394025604 0.0515818431911967 0.8036984352773826
0 0.29298486932599727 0.3104551920341394 0.3885832187070151 0.3104551920341394 0.3885832187070151 0.2194167852062589 0.29298486932599727 0.2194167852062589 0.29298486932599727 0.3104551920341394
0 0.1764099037138927 0.23648648648648649 0.2575653370013755 0.23648648648648649 0.2575653370013755 0.15825035561877668 0.1764099037138927 0.15825035561877668 0.1764099037138927 0.23648648648648649
0 0.10969738651994498 0.43349928876244664 0.203232462173315 0.43349928876244664 0.203232462173315 0.3481507823613087 0.10969738651994498 0.3481507823613087 0.10969738651994498 0.43349928876244664
0 0.34800550206327374 0.8744665718349929 0.4614855570839065 0.8744665718349929 0.4614855570839065 0.7350640113798008 0.34800550206327374 0.7350640113798008 0.34800550206327374 0.8744665718349929
0 0.14270976616231087 1 0.14270976616231087 0.9317211948790897 0.0436726272352132 0.9317211948790897 0.0436726272352132 1 0.14270976616231087 1
0 0.37207702888583216 0.6589615931721194 0.48486932599724897 0.6589615931721194 0.48486932599724897 0.5295163584637269 0.37207702888583216 0.5295163584637269 0.37207702888583216 0.6589615931721194
0 0.026822558459422285 0.5995732574679943 0.11691884456671252 0.5995732574679943 0.11691884456671252 0.5064011379800853 0.026822558459422285 0.5064011379800853 0.026822558459422285 0.5995732574679943
0 0.10041265474552957 0.5248933143669986 0.171939477303989 0.5248933143669986 0.171939477303989 0.4359886201991465 0.10041265474552957 0.4359886201991465 0.10041265474552957 0.5248933143669986
0 0.21595598349381018 0.4018492176386913 0.3012379642365887 0.4018492176386913 0.3012379642365887 0.3051209103840683 0.21595598349381018 0.3051209103840683 0.21595598349381018 0.4018492176386913
0 0.25378266850068776 0.15220483641536273 0.32599724896836313 0.15220483641536273 0.32599724896836313 0.059743954480796585 0.25378266850068776 0.059743954480796585 0.25378266850068776 0.15220483641536273
0 0.015130674002751032 0.7123044096728307 0.10729023383768914 0.7123044096728307 0.10729023383768914 0.6049075391180654 0.015130674002751032 0.6049075391180654 0.015130674002751032 0.7123044096728307
0 0.000343878954607978 0.9740398293029872 0.06017881705639615 0.9740398293029872 0.06017881705639615 0.8538406827880513 0.000343878954607978 0.8538406827880513 0.000343878954607978 0.9740398293029872
0 0.024071526822558458 0.3225462304409673 0.09972489683631362 0.3225462304409673 0.09972489683631362 0.23506401137980085 0.024071526822558458 0.23506401137980085 0.024071526822558458 0.3225462304409673
0 0.09353507565337002 0.6415362731152204 0.16918844566712518 0.6415362731152204 0.16918844566712518 0.534850640113798 0.09353507565337002 0.534850640113798 0.09353507565337002 0.6415362731152204
0 0.01581843191196699 0.10597439544807966 0.09147180192572214 0.10597439544807966 0.09147180192572214 0.024893314366998577 0.01581843191196699 0.024893314366998577 0.01581843191196699 0.10597439544807966
0 0.16471801925722146 0.33392603129445236 0.25825309491059145 0.33392603129445236 0.25825309491059145 0.24075391180654337 0.16471801925722146 0.24075391180654337 0.16471801925722146 0.33392603129445236
0 0.000343878954607978 0.49644381223328593 0.04642365887207703 0.49644381223328593 0.04642365887207703 0.414651493598862 0.000343878954607978 0.414651493598862 0.000343878954607978 0.49644381223328593
0 0.16643741403026135 0.5238264580369844 0.22902338376891335 0.5238264580369844 0.22902338376891335 0.42780938833570414 0.16643741403026135 0.42780938833570414 0.16643741403026135 0.5238264580369844
0 0.000343878954607978 0.3968705547652916 0.047111416781292985 0.3968705547652916 0.047111416781292985 0.3200568990042674 0.000343878954607978 0.3200568990042674 0.000343878954607978 0.3968705547652916
0 0.38548830811554335 0.21870554765291608 0.484525447042641 0.21870554765291608 0.484525447042641 0.1120199146514936 0.38548830811554335 0.1120199146514936 0.38548830811554335 0.21870554765291608
0 0.03198074277854195 0.5021337126600285 0.1110729023383769 0.5021337126600285 0.1110729023383769 0.422475106685633 0.03198074277854195 0.422475106685633 0.03198074277854195 0.5021337126600285
0 0.0952544704264099 0.3200568990042674 0.1702200825309491 0.3200568990042674 0.1702200825309491 0.22261735419630158 0.0952544704264099 0.22261735419630158 0.0952544704264099 0.3200568990042674
0 0.09834938101788171 0.2155049786628734 0.1829436038514443 0.2155049786628734 0.1829436038514443 0.14011379800853485 0.09834938101788171 0.14011379800853485 0.09834938101788171 0.2155049786628734
0 0.2799174690508941 0.7510668563300142 0.3872077028885832 0.7510668563300142 0.3872077028885832 0.6187766714082503 0.2799174690508941 0.6187766714082503 0.2799174690508941 0.7510668563300142
0 0.03885832187070151 0.41073968705547653 0.11863823933975241 0.41073968705547653 0.11863823933975241 0.327524893314367 0.03885832187070151 0.327524893314367 0.03885832187070151 0.41073968705547653
0 0.18259972489683632 0.1507823613086771 0.2596286107290234 0.1507823613086771 0.2596286107290234 0.06970128022759602 0.18259972489683632 0.06970128022759602 0.18259972489683632 0.1507823613086771
0 0.06361760660247592 0.16607396870554766 0.13995873452544705 0.16607396870554766 0.13995873452544705 0.08712660028449502 0.06361760660247592 0.08712660028449502 0.06361760660247592 0.16607396870554766
0 0.00515818431911967 0.2652916073968706 0.08562585969738652 0.2652916073968706 0.08562585969738652 0.1770981507823613 0.00515818431911967 0.1770981507823613 0.00515818431911967 0.2652916073968706
0 0.1420220082530949 0.11344238975817923 0.2252407152682256 0.11344238975817923 0.2252407152682256 0.01813655761024182 0.1420220082530949 0.01813655761024182 0.1420220082530949 0.11344238975817923
0 0.000343878954607978 0.18278805120910385 0.03885832187070151 0.18278805120910385 0.03885832187070151 0.10526315789473684 0.000343878954607978 0.10526315789473684 0.000343878954607978 0.18278805120910385
0 0 0.5945945945945946 0.035075653370013754 0.5945945945945946 0.035075653370013754 0.5056899004267426 0 0.5056899004267426 0 0.5945945945945946
0 0 0.6639402560455192 0.030261348005502064 0.6639402560455192 0.030261348005502064 0.5963726884779517 0 0.5963726884779517 0 0.6639402560455192
0 0.000343878954607978 0.7791607396870555 0.049174690508940855 0.7791607396870555 0.049174690508940855 0.6696301564722618 0.000343878954607978 0.6696301564722618 0.000343878954607978 0.7791607396870555
0 0.5921595598349381 1 0.5921595598349381 0.9743954480796586 0.5006877579092159 0.9743954480796586 0.5006877579092159 1 0.5921595598349381 1
0 0.03851444291609354 1 0.03851444291609354 0.9743954480796586 0 0.9743954480796586 0 1 0.03851444291609354 1
0 0 0.2706258890469417 0.02200825309491059 0.2706258890469417 0.02200825309491059 0.18314366998577525 0 0.18314366998577525 0 0.2706258890469417
0 0 0.2699146514935989 0.014442916093535076 0.2699146514935989 0.014442916093535076 0.1852773826458037 0 0.1852773826458037 0 0.2699146514935989