0 0.9078 0.3837837837837838 0.9814 0.3837837837837838 0.9814 0.2099099099099099 0.9078 0.2099099099099099 0.9078 0.3837837837837838
0 0.8072 0.31666666666666665 0.8712 0.31666666666666665 0.8712 0.17972972972972973 0.8072 0.17972972972972973 0.8072 0.31666666666666665
0 0.545 0.14189189189189189 0.6094 0.14189189189189189 0.6094 0.02027027027027027 0.545 0.02027027027027027 0.545 0.14189189189189189
0 0.5886 0.9599099099099099 0.6398 0.9599099099099099 0.6398 0.8220720720720721 0.5886 0.8220720720720721 0.5886 0.9599099099099099
0 0.9108 0.20765765765765765 0.9712 0.20765765765765765 0.9712 0.07522522522522522 0.9108 0.07522522522522522 0.9108 0.20765765765765765
0 0.8936 0.7301801801801802 0.954 0.7301801801801802 0.954 0.6040540540540541 0.8936 0.6040540540540541 0.8936 0.7301801801801802
0 0.8504 0.8171171171171171 0.9132 0.8171171171171171 0.9132 0.6846846846846847 0.8504 0.6846846846846847 0.8504 0.8171171171171171
0 0.7124 0.21351351351351353 0.772 0.21351351351351353 0.772 0.055855855855855854 0.7124 0.055855855855855854 0.7124 0.21351351351351353
0 0.6512 0.754054054054054 0.7044 0.754054054054054 0.7044 0.6072072072072072 0.6512 0.6072072072072072 0.6512 0.754054054054054
0 0.4424 0.12297297297297298 0.5052 0.12297297297297298 0.5052 0.0022522522522522522 0.4424 0.0022522522522522522 0.4424 0.12297297297297298
0 0.7764 0.2 0.8344 0.2 0.8344 0.055855855855855854 0.7764 0.055855855855855854 0.7764 0.2
0 0.6976 0.8265765765765766 0.7496 0.8265765765765766 0.7496 0.686036036036036 0.6976 0.686036036036036 0.6976 0.8265765765765766
0 0.7592 0.854954954954955 0.8176 0.854954954954955 0.8176 0.709009009009009 0.7592 0.709009009009009 0.7592 0.854954954954955
0 0.6696 0.3009009009009009 0.7248 0.3009009009009009 0.7248 0.15225225225225225 0.6696 0.15225225225225225 0.6696 0.3009009009009009
0 0.763 0.4954954954954955 0.8298 0.4954954954954955 0.8298 0.35765765765765767 0.763 0.35765765765765767 0.763 0.4954954954954955
0 0.8818 0.6022522522522522 0.941 0.6022522522522522 0.941 0.4734234234234234 0.8818 0.4734234234234234 0.8818 0.6022522522522522
0 0.697 1 0.697 0.8603603603603603 0.6438 0.8603603603603603 0.6438 1 0.697 1
0 0.8524 0.42162162162162165 0.914 0.42162162162162165 0.914 0.2756756756756757 0.8524 0.2756756756756757 0.8524 0.42162162162162165
0 0.5008 0.9788288288288288 0.5548 0.9788288288288288 0.5548 0.840990990990991 0.5008 0.840990990990991 0.5008 0.9788288288288288
0 0.9312 0.5310810810810811 0.9984 0.5310810810810811 0.9984 0.38333333333333336 0.9312 0.38333333333333336 0.9312 0.5310810810810811
0 0.5824 0.3130630630630631 0.6356 0.3130630630630631 0.6356 0.19504504504504505 0.5824 0.19504504504504505 0.5824 0.3130630630630631
0 0.6562 0.554954954954955 0.7114 0.554954954954955 0.7114 0.4081081081081081 0.6562 0.4081081081081081 0.6562 0.554954954954955
0 0.6018 0.7306306306306306 0.6502 0.7306306306306306 0.6502 0.5954954954954955 0.6018 0.5954954954954955 0.6018 0.7306306306306306
0 0.8234 0.5472972972972973 0.889 0.5472972972972973 0.889 0.40765765765765766 0.8234 0.40765765765765766 0.8234 0.5472972972972973
0 0.737 0.6166666666666667 0.7986 0.6166666666666667 0.7986 0.48153153153153155 0.737 0.48153153153153155 0.737 0.6166666666666667
0 0.5772 0.4436936936936937 0.638 0.4436936936936937 0.638 0.31756756756756754 0.5772 0.31756756756756754 0.5772 0.4436936936936937
0 0.9404 0.677027027027027 0.9996 0.677027027027027 0.9996 0.5355855855855856 0.9404 0.5355855855855856 0.9404 0.677027027027027
0 0.2314 0.29954954954954954 0.289 0.29954954954954954 0.289 0.18873873873873873 0.2314 0.18873873873873873 0.2314 0.29954954954954954
0 0.7712 0.981081081081081 0.8304 0.981081081081081 0.8304 0.8576576576576577 0.7712 0.8576576576576577 0.7712 0.981081081081081
0 0.9098 0.8936936936936937 0.9726 0.8936936936936937 0.9726 0.7378378378378379 0.9098 0.7378378378378379 0.9098 0.8936936936936937
0 0.8656 0.981081081081081 0.9196 0.981081081081081 0.9196 0.8450450450450451 0.8656 0.8450450450450451 0.8656 0.981081081081081
0 0.8082 0 0.8082 0.09279279279279279 0.8778 0.09279279279279279 0.8778 0 0.8082 0
0 0.8186 0.9049549549549549 0.8714 0.9049549549549549 0.8714 0.7608108108108108 0.8186 0.7608108108108108 0.8186 0.9049549549549549
0 0.2072 0.21396396396396397 0.2576 0.21396396396396397 0.2576 0.10765765765765765 0.2072 0.10765765765765765 0.2072 0.21396396396396397
0 0.9596 0.8198198198198198 0.9996 0.8198198198198198 0.9996 0.6774774774774774 0.9596 0.6774774774774774 0.9596 0.8198198198198198
0 0.8164 0.6882882882882883 0.878 0.6882882882882883 0.878 0.5612612612612613 0.8164 0.5612612612612613 0.8164 0.6882882882882883
0 0.8952 0 0.8952 0.08378378378378379 0.9616 0.08378378378378379 0.9616 0 0.8952 0
0 0.1604 0.18558558558558558 0.2092 0.18558558558558558 0.2092 0.08378378378378379 0.1604 0.08378378378378379 0.1604 0.18558558558558558
0 0.1118 0.3963963963963964 0.1642 0.3963963963963964 0.1642 0.2936936936936937 0.1118 0.2936936936936937 0.1118 0.3963963963963964
0 0.984 1 0.984 0.8972972972972973 0.918 0.8972972972972973 0.918 1 0.984 1
0 0.9664 0.9459459459459459 0.9996 0.9459459459459459 0.9996 0.8225225225225226 0.9664 0.8225225225225226 0.9664 0.9459459459459459
0 0.1956 0.10405405405405406 0.2512 0.10405405405405406 0.2512 0.0022522522522522522 0.1956 0.0022522522522522522 0.1956 0.10405405405405406
0 0.1126 0.18693693693693694 0.1582 0.18693693693693694 0.1582 0.09774774774774775 0.1126 0.09774774774774775 0.1126 0.18693693693693694
0 0.0996 0.28783783783783784 0.1396 0.28783783783783784 0.1396 0.19594594594594594 0.0996 0.19594594594594594 0.0996 0.28783783783783784
0 0.0694 0.3554054054054054 0.1142 0.3554054054054054 0.1142 0.27522522522522525 0.0694 0.27522522522522525 0.0694 0.3554054054054054
0 0.1322 0.09684684684684684 0.1842 0.09684684684684684 0.1842 0.004054054054054054 0.1322 0.004054054054054054 0.1322 0.09684684684684684
0 0.1354 0.2873873873873874 0.1818 0.2873873873873874 0.1818 0.17027027027027028 0.1354 0.17027027027027028 0.1354 0.2873873873873874
0 0.063 0.4540540540540541 0.1078 0.4540540540540541 0.1078 0.3864864864864865 0.063 0.3864864864864865 0.063 0.4540540540540541
0 0.0858 0.11171171171171171 0.131 0.11171171171171171 0.131 0.010810810810810811 0.0858 0.010810810810810811 0.0858 0.11171171171171171
0 0.1692 0 0.1692 0.024324324324324326 0.214 0.024324324324324326 0.214 0 0.1692 0
0 0.8698 1 0.8698 0.9405405405405406 0.815 0.9405405405405406 0.815 1 0.8698 1
0 0.502 0 0.502 0.02702702702702703 0.5524 0.02702702702702703 0.5524 0 0.502 0
0 0.6406 0 0.6406 0.026126126126126126 0.6958 0.026126126126126126 0.6958 0 0.6406 0
0 0.234 0 0.234 0.032432432432432434 0.2808 0.032432432432432434 0.2808 0 0.234 0