0 0.5927552140504939 0.7554190751445087 0.6822173435784852 0.7554190751445087 0.6822173435784852 0.6022398843930635 0.5927552140504939 0.6022398843930635 0.5927552140504939 0.7554190751445087
0 0.36635565312843027 0.1795520231213873 0.4530735455543359 0.1795520231213873 0.4530735455543359 0.07911849710982659 0.36635565312843027 0.07911849710982659 0.36635565312843027 0.1795520231213873
0 0.5592755214050494 0.11958092485549134 0.6443468715697036 0.11958092485549134 0.6443468715697036 0.000361271676300578 0.5592755214050494 0.000361271676300578 0.5592755214050494 0.11958092485549134
0 0.6465422612513722 0.3908959537572254 0.7464324917672887 0.3908959537572254 0.7464324917672887 0.26878612716763006 0.6465422612513722 0.26878612716763006 0.6465422612513722 0.3908959537572254
0 0.38172338090010977 0.5195086705202312 0.47283205268935236 0.5195086705202312 0.47283205268935236 0.41690751445086704 0.38172338090010977 0.41690751445086704 0.38172338090010977 0.5195086705202312
0 0.462403951701427 0.9263005780346821 0.5496706915477497 0.9263005780346821 0.5496706915477497 0.796242774566474 0.462403951701427 0.796242774566474 0.462403951701427 0.9263005780346821
0 0.4459385290889133 0.6098265895953757 0.5392425905598244 0.6098265895953757 0.5392425905598244 0.5057803468208093 0.4459385290889133 0.5057803468208093 0.4459385290889133 0.6098265895953757
0 0.4275521405049396 0.34790462427745666 0.5109769484083425 0.34790462427745666 0.5109769484083425 0.2561416184971098 0.4275521405049396 0.2561416184971098 0.4275521405049396 0.34790462427745666
0 0.19895718990120748 0.3898121387283237 0.2801866081229418 0.3898121387283237 0.2801866081229418 0.2807080924855491 0.19895718990120748 0.2807080924855491 0.19895718990120748 0.3898121387283237
0 0.5052140504939627 0.7716763005780347 0.5853457738748628 0.7716763005780347 0.5853457738748628 0.6510115606936416 0.5052140504939627 0.6510115606936416 0.5052140504939627 0.7716763005780347
0 0.2060922063666301 0.2781791907514451 0.2884193194291987 0.2781791907514451 0.2884193194291987 0.17991329479768786 0.2060922063666301 0.17991329479768786 0.2060922063666301 0.2781791907514451
0 0.07409440175631174 0.8486271676300579 0.15477497255762898 0.8486271676300579 0.15477497255762898 0.7424132947976878 0.07409440175631174 0.7424132947976878 0.07409440175631174 0.8486271676300579
0 0.33205268935236004 0 0.33205268935236004 0.0968208092485549 0.4061470911086718 0.0968208092485549 0.4061470911086718 0 0.33205268935236004 0
0 0.08918770581778265 0.26914739884393063 0.1676728869374314 0.26914739884393063 0.1676728869374314 0.16871387283236994 0.08918770581778265 0.16871387283236994 0.08918770581778265 0.26914739884393063
0 0.038693743139407245 0.20050578034682082 0.11333699231613611 0.20050578034682082 0.11333699231613611 0.10296242774566473 0.038693743139407245 0.10296242774566473 0.038693743139407245 0.20050578034682082
0 0.09659714599341383 0.690028901734104 0.17288693743139408 0.690028901734104 0.17288693743139408 0.5867052023121387 0.09659714599341383 0.5867052023121387 0.09659714599341383 0.690028901734104
0 0.24945115257958286 0.18605491329479767 0.3186059275521405 0.18605491329479767 0.3186059275521405 0.07622832369942197 0.24945115257958286 0.07622832369942197 0.24945115257958286 0.18605491329479767
0 0.12294182217343579 0.4440028901734104 0.21020856201975852 0.4440028901734104 0.21020856201975852 0.3529624277456647 0.12294182217343579 0.3529624277456647 0.12294182217343579 0.4440028901734104
0 0.00027442371020856203 0 0.00027442371020856203 0.05635838150289017 0.04143798024149287 0.05635838150289017 0.04143798024149287 0 0.00027442371020856203 0
0 0.20252469813391877 0 0.20252469813391877 0.10115606936416185 0.27497255762897915 0.10115606936416185 0.27497255762897915 0 0.20252469813391877 0
0 0.7047200878155873 1 0.7047200878155873 0.9371387283236994 0.6009879253567508 0.9371387283236994 0.6009879253567508 1 0.7047200878155873 1
0 0 0.14631502890173412 0.042810098792535674 0.14631502890173412 0.042810098792535674 0.05960982658959538 0 0.05960982658959538 0 0.14631502890173412
0 0 0.23049132947976878 0.02305159165751921 0.23049132947976878 0.02305159165751921 0.1546242774566474 0 0.1546242774566474 0 0.23049132947976878
0 0.25548847420417126 0.9996387283236994 0.32848518111964875 0.9996387283236994 0.32848518111964875 0.9635115606936416 0.25548847420417126 0.9635115606936416 0.25548847420417126 0.9996387283236994
0 0.056805708013172335 0.9996387283236994 0.12760702524698134 0.9996387283236994 0.12760702524698134 0.9620664739884393 0.056805708013172335 0.9620664739884393 0.056805708013172335 0.9996387283236994