0 0.9112116991643454 0.6835664335664335 0.9996518105849582 0.6835664335664335 0.9996518105849582 0.6101398601398601 0.9112116991643454 0.6101398601398601 0.9112116991643454 0.6835664335664335
0 0.5804317548746518 0.8678321678321679 0.6702646239554317 0.8678321678321679 0.6702646239554317 0.793006993006993 0.5804317548746518 0.793006993006993 0.5804317548746518 0.8678321678321679
0 0.7277158774373259 0.1527972027972028 0.8147632311977716 0.1527972027972028 0.8147632311977716 0.08006993006993007 0.7277158774373259 0.08006993006993007 0.7277158774373259 0.1527972027972028
0 0.6768802228412256 0.7342657342657343 0.7639275766016713 0.7342657342657343 0.7639275766016713 0.6629370629370629 0.6768802228412256 0.6629370629370629 0.6768802228412256 0.7342657342657343
0 0.017757660167130918 0.5636363636363636 0.09993036211699165 0.5636363636363636 0.09993036211699165 0.4979020979020979 0.017757660167130918 0.4979020979020979 0.017757660167130918 0.5636363636363636
0 0.30919220055710306 0.4048951048951049 0.38091922005571033 0.4048951048951049 0.38091922005571033 0.34335664335664334 0.30919220055710306 0.34335664335664334 0.30919220055710306 0.4048951048951049
0 0.3687325905292479 0.9573426573426573 0.4481197771587744 0.9573426573426573 0.4481197771587744 0.8839160839160839 0.3687325905292479 0.8839160839160839 0.3687325905292479 0.9573426573426573
0 0.46657381615598886 0.1660839160839161 0.5438718662952646 0.1660839160839161 0.5438718662952646 0.09685314685314686 0.46657381615598886 0.09685314685314686 0.46657381615598886 0.1660839160839161
0 0.8102367688022284 0.7160839160839161 0.9028551532033426 0.7160839160839161 0.9028551532033426 0.641958041958042 0.8102367688022284 0.641958041958042 0.8102367688022284 0.7160839160839161
0 0.2799442896935933 0.6779720279720279 0.3579387186629526 0.6779720279720279 0.3579387186629526 0.6136363636363636 0.2799442896935933 0.6136363636363636 0.2799442896935933 0.6779720279720279
0 0.850974930362117 0.6171328671328671 0.9456824512534819 0.6171328671328671 0.9456824512534819 0.5458041958041958 0.850974930362117 0.5458041958041958 0.850974930362117 0.6171328671328671
0 0.745125348189415 1 0.745125348189415 0.9258741258741259 0.6532033426183844 0.9258741258741259 0.6532033426183844 1 0.745125348189415 1
0 0.9136490250696379 0.17307692307692307 0.9993036211699164 0.17307692307692307 0.9993036211699164 0.09685314685314686 0.9136490250696379 0.09685314685314686 0.9136490250696379 0.17307692307692307
0 0.044220055710306405 0.4797202797202797 0.11594707520891365 0.4797202797202797 0.11594707520891365 0.4167832167832168 0.044220055710306405 0.4167832167832168 0.044220055710306405 0.4797202797202797
0 0.7270194986072424 0.9660839160839161 0.8147632311977716 0.9660839160839161 0.8147632311977716 0.8912587412587413 0.7270194986072424 0.8912587412587413 0.7270194986072424 0.9660839160839161
0 0.479108635097493 0.7839160839160839 0.5619777158774373 0.7839160839160839 0.5619777158774373 0.7097902097902098 0.479108635097493 0.7097902097902098 0.479108635097493 0.7839160839160839
0 0.16260445682451252 0.24685314685314685 0.22945682451253482 0.24685314685314685 0.22945682451253482 0.1888111888111888 0.16260445682451252 0.1888111888111888 0.16260445682451252 0.24685314685314685
0 0.6312674094707521 0.3730769230769231 0.7134401114206128 0.3730769230769231 0.7134401114206128 0.30314685314685313 0.6312674094707521 0.30314685314685313 0.6312674094707521 0.3730769230769231
0 0.5647632311977716 0.9751748251748251 0.6525069637883009 0.9751748251748251 0.6525069637883009 0.8968531468531469 0.5647632311977716 0.8968531468531469 0.5647632311977716 0.9751748251748251
0 0.26740947075208915 0.35629370629370627 0.34540389972144847 0.35629370629370627 0.34540389972144847 0.29265734265734267 0.26740947075208915 0.29265734265734267 0.26740947075208915 0.35629370629370627
0 0.10759052924791086 0.49615384615384617 0.18210306406685237 0.49615384615384617 0.18210306406685237 0.43111888111888114 0.10759052924791086 0.43111888111888114 0.10759052924791086 0.49615384615384617
0 0.001392757660167131 0.8772727272727273 0.08147632311977716 0.8772727272727273 0.08147632311977716 0.8115384615384615 0.001392757660167131 0.8115384615384615 0.001392757660167131 0.8772727272727273
0 0.4077298050139276 0.8653846153846154 0.49408077994428967 0.8653846153846154 0.49408077994428967 0.7926573426573427 0.4077298050139276 0.7926573426573427 0.4077298050139276 0.8653846153846154
0 0.39763231197771587 0.5118881118881119 0.4777158774373259 0.5118881118881119 0.4777158774373259 0.45104895104895104 0.39763231197771587 0.45104895104895104 0.39763231197771587 0.5118881118881119
0 0.0947075208913649 0.577972027972028 0.16643454038997216 0.577972027972028 0.16643454038997216 0.51993006993007 0.0947075208913649 0.51993006993007 0.0947075208913649 0.577972027972028
0 0.8189415041782729 0.16223776223776223 0.9045961002785515 0.16223776223776223 0.9045961002785515 0.08811188811188811 0.8189415041782729 0.08811188811188811 0.8189415041782729 0.16223776223776223
0 0.6204735376044568 0.6695804195804196 0.7019498607242339 0.6695804195804196 0.7019498607242339 0.5975524475524475 0.6204735376044568 0.5975524475524475 0.6204735376044568 0.6695804195804196
0 0.5483983286908078 0.36013986013986016 0.6312674094707521 0.36013986013986016 0.6312674094707521 0.2916083916083916 0.5483983286908078 0.2916083916083916 0.5483983286908078 0.36013986013986016
0 0.7158774373259053 0.8545454545454545 0.8057103064066853 0.8545454545454545 0.8057103064066853 0.779020979020979 0.7158774373259053 0.779020979020979 0.7158774373259053 0.8545454545454545
0 0.3321727019498607 0.3192307692307692 0.40668523676880225 0.3192307692307692 0.40668523676880225 0.256993006993007 0.3321727019498607 0.256993006993007 0.3321727019498607 0.3192307692307692
0 0.3729108635097493 0.3748251748251748 0.45229805013927576 0.3748251748251748 0.45229805013927576 0.3048951048951049 0.3729108635097493 0.3048951048951049 0.3729108635097493 0.3748251748251748
0 0.6061977715877437 0.1374125874125874 0.6793175487465181 0.1374125874125874 0.6793175487465181 0.07027972027972028 0.6061977715877437 0.07027972027972028 0.6061977715877437 0.1374125874125874
0 0.23607242339832868 0.6199300699300699 0.31545961002785516 0.6199300699300699 0.31545961002785516 0.5534965034965035 0.23607242339832868 0.5534965034965035 0.23607242339832868 0.6199300699300699
0 0.3527158774373259 0.4583916083916084 0.4314066852367688 0.4583916083916084 0.4314066852367688 0.39125874125874127 0.3527158774373259 0.39125874125874127 0.3527158774373259 0.4583916083916084
0 0.282033426183844 0.4888111888111888 0.3635097493036212 0.4888111888111888 0.3635097493036212 0.4223776223776224 0.282033426183844 0.4223776223776224 0.282033426183844 0.4888111888111888
0 0.36246518105849584 0.15034965034965034 0.43419220055710306 0.15034965034965034 0.43419220055710306 0.08321678321678322 0.36246518105849584 0.08321678321678322 0.36246518105849584 0.15034965034965034
0 0.24860724233983286 0.7653846153846153 0.3286908077994429 0.7653846153846153 0.3286908077994429 0.6968531468531468 0.24860724233983286 0.6968531468531468 0.24860724233983286 0.7653846153846153
0 0.42862116991643456 0.6164335664335664 0.5100974930362117 0.6164335664335664 0.5100974930362117 0.5548951048951049 0.42862116991643456 0.5548951048951049 0.42862116991643456 0.6164335664335664
0 0.2238857938718663 0.2562937062937063 0.2928272980501393 0.2562937062937063 0.2928272980501393 0.19685314685314687 0.2238857938718663 0.19685314685314687 0.2238857938718663 0.2562937062937063
0 0.2200557103064067 0.8594405594405594 0.2966573816155989 0.8594405594405594 0.2966573816155989 0.7881118881118881 0.2200557103064067 0.7881118881118881 0.2200557103064067 0.8594405594405594
0 0.5438718662952646 0.17342657342657342 0.6176880222841226 0.17342657342657342 0.6176880222841226 0.10909090909090909 0.5438718662952646 0.10909090909090909 0.5438718662952646 0.17342657342657342
0 0.4923398328690808 0.9996503496503496 0.5807799442896936 0.9996503496503496 0.5807799442896936 0.9262237762237763 0.4923398328690808 0.9262237762237763 0.4923398328690808 0.9996503496503496
0 0.5153203342618384 0.541958041958042 0.6023676880222841 0.541958041958042 0.6023676880222841 0.4762237762237762 0.5153203342618384 0.4762237762237762 0.5153203342618384 0.541958041958042
0 0.04805013927576602 0.7486013986013986 0.12465181058495822 0.7486013986013986 0.12465181058495822 0.6856643356643357 0.04805013927576602 0.6856643356643357 0.04805013927576602 0.7486013986013986
0 0.32137883008356544 0.7335664335664336 0.39798050139275765 0.7335664335664336 0.39798050139275765 0.6678321678321678 0.32137883008356544 0.6678321678321678 0.32137883008356544 0.7335664335664336
0 0.19498607242339833 0.9461538461538461 0.270891364902507 0.9461538461538461 0.270891364902507 0.8755244755244755 0.19498607242339833 0.8755244755244755 0.19498607242339833 0.9461538461538461
0 0.20508356545961004 0.17097902097902098 0.27402506963788303 0.17097902097902098 0.27402506963788303 0.10244755244755245 0.20508356545961004 0.10244755244755245 0.20508356545961004 0.17097902097902098
0 0.14623955431754876 0.8356643356643356 0.22701949860724233 0.8356643356643356 0.22701949860724233 0.7657342657342657 0.14623955431754876 0.7657342657342657 0.14623955431754876 0.8356643356643356
0 0.8046657381615598 0.5513986013986014 0.8979805013927576 0.5513986013986014 0.8979805013927576 0.48216783216783216 0.8046657381615598 0.48216783216783216 0.8046657381615598 0.5513986013986014
0 0.6786211699164345 0.1006993006993007 0.7587047353760445 0.1006993006993007 0.7587047353760445 0.03006993006993007 0.6786211699164345 0.03006993006993007 0.6786211699164345 0.1006993006993007
0 0.290041782729805 0.2692307692307692 0.36246518105849584 0.2692307692307692 0.36246518105849584 0.2055944055944056 0.290041782729805 0.2055944055944056 0.290041782729805 0.2692307692307692
0 0.12325905292479108 0.3265734265734266 0.19568245125348188 0.3265734265734266 0.19568245125348188 0.26573426573426573 0.12325905292479108 0.26573426573426573 0.12325905292479108 0.3265734265734266
0 0.193941504178273 0.5146853146853146 0.27123955431754876 0.5146853146853146 0.27123955431754876 0.44965034965034967 0.193941504178273 0.44965034965034967 0.193941504178273 0.5146853146853146
0 0.15842618384401114 0.45874125874125876 0.24059888579387187 0.45874125874125876 0.24059888579387187 0.4013986013986014 0.15842618384401114 0.4013986013986014 0.15842618384401114 0.45874125874125876
0 0.1149025069637883 0.7702797202797202 0.19289693593314763 0.7702797202797202 0.19289693593314763 0.7017482517482517 0.1149025069637883 0.7017482517482517 0.1149025069637883 0.7702797202797202
0 0.35724233983286907 0.808041958041958 0.4477715877437326 0.808041958041958 0.4477715877437326 0.7283216783216783 0.35724233983286907 0.7283216783216783 0.35724233983286907 0.808041958041958
0 0.11002785515320335 0.6751748251748252 0.19289693593314763 0.6751748251748252 0.19289693593314763 0.612937062937063 0.11002785515320335 0.612937062937063 0.11002785515320335 0.6751748251748252
0 0.09853760445682451 0.23741258741258742 0.16469359331476324 0.23741258741258742 0.16469359331476324 0.17657342657342656 0.09853760445682451 0.17657342657342656 0.09853760445682451 0.23741258741258742
0 0.48224233983286907 0.07727272727272727 0.5539693593314763 0.07727272727272727 0.5539693593314763 0.015734265734265736 0.48224233983286907 0.015734265734265736 0.48224233983286907 0.07727272727272727
0 0.44637883008356544 0.9321678321678322 0.5264623955431755 0.9321678321678322 0.5264623955431755 0.8615384615384616 0.44637883008356544 0.8615384615384616 0.44637883008356544 0.9321678321678322
0 0.4258356545961003 0.11433566433566433 0.4975626740947075 0.11433566433566433 0.4975626740947075 0.0479020979020979 0.4258356545961003 0.0479020979020979 0.4258356545961003 0.11433566433566433
0 0.13788300835654596 0.16293706293706295 0.20543175487465182 0.16293706293706295 0.20543175487465182 0.1006993006993007 0.13788300835654596 0.1006993006993007 0.13788300835654596 0.16293706293706295
0 0.1894150417827298 0.34055944055944054 0.26323119777158777 0.34055944055944054 0.26323119777158777 0.2811188811188811 0.1894150417827298 0.2811188811188811 0.1894150417827298 0.34055944055944054
0 0.31197771587743733 0.5884615384615385 0.3906685236768802 0.5884615384615385 0.3906685236768802 0.5241258741258741 0.31197771587743733 0.5241258741258741 0.31197771587743733 0.5884615384615385
0 0.3081476323119777 0.18636363636363637 0.38196378830083566 0.18636363636363637 0.38196378830083566 0.12272727272727273 0.3081476323119777 0.12272727272727273 0.3081476323119777 0.18636363636363637
0 0.6744428969359332 0.5258741258741259 0.762883008356546 0.5258741258741259 0.762883008356546 0.45594405594405596 0.6744428969359332 0.45594405594405596 0.6744428969359332 0.5258741258741259
0 0.13440111420612813 0.9706293706293706 0.20821727019498606 0.9706293706293706 0.20821727019498606 0.9034965034965035 0.13440111420612813 0.9034965034965035 0.13440111420612813 0.9706293706293706
0 0.5087047353760445 0.8972027972027972 0.5887883008356546 0.8972027972027972 0.5887883008356546 0.8258741258741259 0.5087047353760445 0.8258741258741259 0.5087047353760445 0.8972027972027972
0 0.7214484679665738 0.5881118881118881 0.8161559888579387 0.5881118881118881 0.8161559888579387 0.513986013986014 0.7214484679665738 0.513986013986014 0.7214484679665738 0.5881118881118881
0 0.4596100278551532 0.4825174825174825 0.5508356545961003 0.4825174825174825 0.5508356545961003 0.4111888111888112 0.4596100278551532 0.4111888111888112 0.4596100278551532 0.4825174825174825
0 0.16295264623955433 0.6010489510489511 0.24373259052924792 0.6010489510489511 0.24373259052924792 0.5332167832167832 0.16295264623955433 0.5332167832167832 0.16295264623955433 0.6010489510489511
0 0.26253481894150416 0.9223776223776223 0.34331476323119775 0.9223776223776223 0.34331476323119775 0.8496503496503497 0.26253481894150416 0.8496503496503497 0.26253481894150416 0.9223776223776223
0 0.30327298050139273 0.9863636363636363 0.38335654596100277 0.9863636363636363 0.38335654596100277 0.9136363636363637 0.30327298050139273 0.9136363636363637 0.30327298050139273 0.9863636363636363
0 0.07555710306406685 0.8555944055944056 0.15285515320334261 0.8555944055944056 0.15285515320334261 0.7884615384615384 0.07555710306406685 0.7884615384615384 0.07555710306406685 0.8555944055944056
0 0.35724233983286907 0.6496503496503496 0.4415041782729805 0.6496503496503496 0.4415041782729805 0.5811188811188811 0.35724233983286907 0.5811188811188811 0.35724233983286907 0.6496503496503496
0 0.567200557103064 0.6013986013986014 0.6556406685236769 0.6013986013986014 0.6556406685236769 0.534965034965035 0.567200557103064 0.534965034965035 0.567200557103064 0.6013986013986014
0 0.26532033426183843 0.1409090909090909 0.3370473537604457 0.1409090909090909 0.3370473537604457 0.07587412587412587 0.26532033426183843 0.07587412587412587 0.26532033426183843 0.1409090909090909
0 0.5553621169916435 0.4534965034965035 0.6361420612813371 0.4534965034965035 0.6361420612813371 0.39195804195804196 0.5553621169916435 0.39195804195804196 0.5553621169916435 0.4534965034965035
0 0.0745125348189415 0.3555944055944056 0.14554317548746518 0.3555944055944056 0.14554317548746518 0.29965034965034965 0.0745125348189415 0.29965034965034965 0.0745125348189415 0.3555944055944056
0 0.5612813370473537 0.08776223776223777 0.6309192200557103 0.08776223776223777 0.6309192200557103 0.01783216783216783 0.5612813370473537 0.01783216783216783 0.5612813370473537 0.08776223776223777
0 0.5919220055710307 0.5062937062937063 0.6727019498607242 0.5062937062937063 0.6727019498607242 0.43566433566433566 0.5919220055710307 0.43566433566433566 0.5919220055710307 0.5062937062937063
0 0.3283426183844011 0.10034965034965035 0.3986768802228412 0.10034965034965035 0.3986768802228412 0.04020979020979021 0.3283426183844011 0.04020979020979021 0.3283426183844011 0.10034965034965035
0 0.15842618384401114 1 0.15842618384401114 0.9321678321678322 0.07346796657381616 0.9321678321678322 0.07346796657381616 1 0.15842618384401114 1
0 0.4153899721448468 0.42832167832167833 0.4982590529247911 0.42832167832167833 0.4982590529247911 0.363986013986014 0.4153899721448468 0.363986013986014 0.4153899721448468 0.42832167832167833
0 0.48502785515320335 0.39125874125874127 0.5678969359331476 0.39125874125874127 0.5678969359331476 0.3241258741258741 0.48502785515320335 0.3241258741258741 0.48502785515320335 0.39125874125874127
0 0.7461699164345403 0.48776223776223776 0.8269498607242339 0.48776223776223776 0.8269498607242339 0.42552447552447553 0.7461699164345403 0.42552447552447553 0.7461699164345403 0.48776223776223776
0 0.31441504178272983 1 0.31441504178272983 0.9356643356643357 0.23084958217270196 0.9356643356643357 0.23084958217270196 1 0.31441504178272983 1
0 0 0.8192307692307692 0.05013927576601671 0.8192307692307692 0.05013927576601671 0.756993006993007 0 0.756993006993007 0 0.8192307692307692
0 0.03795264623955432 0.9395104895104895 0.12291086350974931 0.9395104895104895 0.12291086350974931 0.8688811188811189 0.03795264623955432 0.8688811188811189 0.03795264623955432 0.9395104895104895
0 0.23154596100278552 0.09265734265734266 0.30327298050139273 0.09265734265734266 0.30327298050139273 0.03041958041958042 0.23154596100278552 0.03041958041958042 0.23154596100278552 0.09265734265734266
0 0.5003481894150418 1 0.5003481894150418 0.9545454545454546 0.42235376044568246 0.9545454545454546 0.42235376044568246 1 0.5003481894150418 1
0 0.6263927576601671 0 0.6263927576601671 0.05524475524475524 0.7057799442896936 0.05524475524475524 0.7057799442896936 0 0.6263927576601671 0
0 0.43279944289693595 0 0.43279944289693595 0.04055944055944056 0.5087047353760445 0.04055944055944056 0.5087047353760445 0 0.43279944289693595 0
0 0.9745821727019499 0.3213286713286713 0.9996518105849582 0.3213286713286713 0.9996518105849582 0.2618881118881119 0.9745821727019499 0.2618881118881119 0.9745821727019499 0.3213286713286713
0 0.362116991643454 0 0.362116991643454 0.027972027972027972 0.43175487465181056 0.027972027972027972 0.43175487465181056 0 0.362116991643454 0
0 0 0.8968531468531469 0.013927576601671309 0.8968531468531469 0.013927576601671309 0.8493006993006993 0 0.8493006993006993 0 0.8968531468531469
0 0.2656685236768802 0 0.2656685236768802 0.01818181818181818 0.32903899721448465 0.01818181818181818 0.32903899721448465 0 0.2656685236768802 0
0 0.4216573816155989 1 0.4216573816155989 0.9776223776223776 0.3387883008356546 0.9776223776223776 0.3387883008356546 1 0.4216573816155989 1