0 0.07270168855534709 0.8893360160965795 0.19371482176360225 0.8893360160965795 0.19371482176360225 0.7505030181086519 0.07270168855534709 0.7505030181086519 0.07270168855534709 0.8893360160965795
0 0.3874296435272045 0.4818913480885312 0.48592870544090055 0.4818913480885312 0.48592870544090055 0.36016096579476864 0.3874296435272045 0.36016096579476864 0.3874296435272045 0.4818913480885312
0 0.04127579737335835 0.7349094567404426 0.1575984990619137 0.7349094567404426 0.1575984990619137 0.6051307847082495 0.04127579737335835 0.6051307847082495 0.04127579737335835 0.7349094567404426
0 0.6744840525328331 0.39235412474849096 0.7654784240150094 0.39235412474849096 0.7654784240150094 0.26458752515090544 0.6744840525328331 0.26458752515090544 0.6744840525328331 0.39235412474849096
0 0.18761726078799248 0.17857142857142858 0.29362101313320826 0.17857142857142858 0.29362101313320826 0.05985915492957746 0.18761726078799248 0.05985915492957746 0.18761726078799248 0.17857142857142858
0 0.5450281425891182 0.35311871227364183 0.6425891181988743 0.35311871227364183 0.6425891181988743 0.22736418511066397 0.5450281425891182 0.22736418511066397 0.5450281425891182 0.35311871227364183
0 0.8147279549718575 0.29124748490945673 0.9104127579737336 0.29124748490945673 0.9104127579737336 0.17152917505030182 0.8147279549718575 0.17152917505030182 0.8147279549718575 0.29124748490945673
0 0.6050656660412758 0.9104627766599598 0.7138836772983115 0.9104627766599598 0.7138836772983115 0.7706237424547284 0.6050656660412758 0.7706237424547284 0.6050656660412758 0.9104627766599598
0 0.1627579737335835 0.5477867203219315 0.2696998123827392 0.5477867203219315 0.2696998123827392 0.42505030181086517 0.1627579737335835 0.42505030181086517 0.1627579737335835 0.5477867203219315
0 0.7659474671669794 0.3737424547283702 0.8560037523452158 0.3737424547283702 0.8560037523452158 0.2530181086519115 0.7659474671669794 0.2530181086519115 0.7659474671669794 0.3737424547283702
0 0.6575984990619137 0.5276659959758552 0.7514071294559099 0.5276659959758552 0.7514071294559099 0.40694164989939635 0.6575984990619137 0.40694164989939635 0.6575984990619137 0.5276659959758552
0 0.7157598499061913 0.6388329979879276 0.8105065666041276 0.6388329979879276 0.8105065666041276 0.5140845070422535 0.7157598499061913 0.5140845070422535 0.7157598499061913 0.6388329979879276
0 0.44652908067542213 0.17404426559356137 0.5469043151969981 0.17404426559356137 0.5469043151969981 0.0613682092555332 0.44652908067542213 0.0613682092555332 0.44652908067542213 0.17404426559356137
0 0.23921200750469043 0.2545271629778672 0.33583489681050654 0.2545271629778672 0.33583489681050654 0.14386317907444668 0.23921200750469043 0.14386317907444668 0.23921200750469043 0.2545271629778672
0 0.25 0.4778672032193159 0.35412757973733583 0.4778672032193159 0.35412757973733583 0.3672032193158954 0.25 0.3672032193158954 0.25 0.4778672032193159
0 0.5098499061913696 0.9979879275653923 0.625234521575985 0.9979879275653923 0.625234521575985 0.89738430583501 0.5098499061913696 0.89738430583501 0.5098499061913696 0.9979879275653923
0 0.6205440900562852 0.2902414486921529 0.7096622889305816 0.2902414486921529 0.7096622889305816 0.1675050301810865 0.6205440900562852 0.1675050301810865 0.6205440900562852 0.2902414486921529
0 0.5154784240150094 0.5090543259557344 0.623358348968105 0.5090543259557344 0.623358348968105 0.37122736418511065 0.5154784240150094 0.37122736418511065 0.5154784240150094 0.5090543259557344
0 0.28377110694183866 0.9859154929577465 0.399155722326454 0.9859154929577465 0.399155722326454 0.8470824949698189 0.28377110694183866 0.8470824949698189 0.28377110694183866 0.9859154929577465
0 0.41181988742964354 0.33903420523138833 0.5131332082551595 0.33903420523138833 0.5131332082551595 0.21327967806841047 0.41181988742964354 0.21327967806841047 0.41181988742964354 0.33903420523138833
0 0.0075046904315197 0.3475855130784708 0.12664165103189493 0.3475855130784708 0.12664165103189493 0.2107645875251509 0.0075046904315197 0.2107645875251509 0.0075046904315197 0.3475855130784708
0 0.6360225140712945 0.710261569416499 0.7345215759849906 0.710261569416499 0.7345215759849906 0.579476861167002 0.6360225140712945 0.579476861167002 0.6360225140712945 0.710261569416499
0 0.9108818011257036 0.2857142857142857 0.99906191369606 0.2857142857142857 0.99906191369606 0.17706237424547283 0.9108818011257036 0.17706237424547283 0.9108818011257036 0.2857142857142857
0 0.3949343339587242 0.7907444668008048 0.5065666041275797 0.7907444668008048 0.5065666041275797 0.6579476861167002 0.3949343339587242 0.6579476861167002 0.3949343339587242 0.7907444668008048
0 0.00046904315196998124 0.5437625754527163 0.06894934333958724 0.5437625754527163 0.06894934333958724 0.4210261569416499 0.00046904315196998124 0.4210261569416499 0.00046904315196998124 0.5437625754527163
0 0.20356472795497185 0.37575452716297786 0.3123827392120075 0.37575452716297786 0.3123827392120075 0.2560362173038229 0.20356472795497185 0.2560362173038229 0.20356472795497185 0.37575452716297786
0 0.0651969981238274 0.17655935613682092 0.1702626641651032 0.17655935613682092 0.1702626641651032 0.05985915492957746 0.0651969981238274 0.05985915492957746 0.0651969981238274 0.17655935613682092
0 0.6946529080675422 0.806841046277666 0.7987804878048781 0.806841046277666 0.7987804878048781 0.676056338028169 0.6946529080675422 0.676056338028169 0.6946529080675422 0.806841046277666
0 0.4901500938086304 0.7193158953722334 0.5905253283302064 0.7193158953722334 0.5905253283302064 0.6046277665995976 0.4901500938086304 0.6046277665995976 0.4901500938086304 0.7193158953722334
0 0.8780487804878049 0.3893360160965795 0.9606003752345216 0.3893360160965795 0.9606003752345216 0.2796780684104628 0.8780487804878049 0.2796780684104628 0.8780487804878049 0.3893360160965795
0 0.7096622889305816 0.28470824949698187 0.7987804878048781 0.28470824949698187 0.7987804878048781 0.1710261569416499 0.7096622889305816 0.1710261569416499 0.7096622889305816 0.28470824949698187
0 0.3198874296435272 0.18158953722334004 0.4165103189493433 0.18158953722334004 0.4165103189493433 0.06388329979879276 0.3198874296435272 0.06388329979879276 0.3198874296435272 0.18158953722334004
0 0.49671669793621015 0.2505030181086519 0.5867729831144465 0.2505030181086519 0.5867729831144465 0.1398390342052314 0.49671669793621015 0.1398390342052314 0.49671669793621015 0.2505030181086519
0 0.3672607879924953 0.2580482897384306 0.4601313320825516 0.2580482897384306 0.4601313320825516 0.14839034205231388 0.3672607879924953 0.14839034205231388 0.3672607879924953 0.2580482897384306
0 0.10178236397748593 0.2550301810865191 0.20590994371482177 0.2550301810865191 0.20590994371482177 0.15040241448692154 0.10178236397748593 0.15040241448692154 0.10178236397748593 0.2550301810865191
0 0.13649155722326453 0.44466800804828976 0.23780487804878048 0.44466800804828976 0.23780487804878048 0.352112676056338 0.13649155722326453 0.352112676056338 0.13649155722326453 0.44466800804828976
0 0.6519699812382739 0.18008048289738432 0.7410881801125704 0.18008048289738432 0.7410881801125704 0.07746478873239436 0.6519699812382739 0.07746478873239436 0.6519699812382739 0.18008048289738432
0 0.052063789868667915 0.43712273641851107 0.15619136960600374 0.43712273641851107 0.15619136960600374 0.32344064386317906 0.052063789868667915 0.32344064386317906 0.052063789868667915 0.43712273641851107
0 0.8470919324577861 0.18259557344064387 0.9399624765478424 0.18259557344064387 0.9399624765478424 0.06690140845070422 0.8470919324577861 0.06690140845070422 0.8470919324577861 0.18259557344064387
0 0.14681050656660413 0.32344064386317906 0.25562851782363977 0.32344064386317906 0.25562851782363977 0.20774647887323944 0.14681050656660413 0.20774647887323944 0.14681050656660413 0.32344064386317906
0 0 0.2505030181086519 0.0900562851782364 0.2505030181086519 0.0900562851782364 0.14084507042253522 0 0.14084507042253522 0 0.2505030181086519
0 0.5703564727954972 0.19517102615694165 0.650093808630394 0.19517102615694165 0.650093808630394 0.09154929577464789 0.5703564727954972 0.09154929577464789 0.5703564727954972 0.19517102615694165
0 0.7607879924953096 0.19064386317907445 0.8452157598499062 0.19064386317907445 0.8452157598499062 0.0829979879275654 0.7607879924953096 0.0829979879275654 0.7607879924953096 0.19064386317907445
0 0.00046904315196998124 0.15392354124748492 0.054878048780487805 0.15392354124748492 0.054878048780487805 0.06639839034205232 0.00046904315196998124 0.06639839034205232 0.00046904315196998124 0.15392354124748492
0 0 0.6448692152917505 0.036585365853658534 0.6448692152917505 0.036585365853658534 0.540241448692153 0 0.540241448692153 0 0.6448692152917505
0 0.9610694183864915 0.39688128772635817 0.9995309568480301 0.39688128772635817 0.9995309568480301 0.27816901408450706 0.9610694183864915 0.27816901408450706 0.9610694183864915 0.39688128772635817
0 0.9545028142589118 0.1936619718309859 0.9995309568480301 0.1936619718309859 0.9995309568480301 0.0789738430583501 0.9545028142589118 0.0789738430583501 0.9545028142589118 0.1936619718309859
0 0.33114446529080677 0.9984909456740443 0.4455909943714822 0.9984909456740443 0.4455909943714822 0.9753521126760564 0.33114446529080677 0.9753521126760564 0.33114446529080677 0.9984909456740443
0 0.9892120075046904 0.9049295774647887 0.9995309568480301 0.9049295774647887 0.9995309568480301 0.8063380281690141 0.9892120075046904 0.8063380281690141 0.9892120075046904 0.9049295774647887