0 0.6107290233837689 0.28165007112375534 0.7276478679504814 0.28165007112375534 0.7276478679504814 0.155049786628734 0.6107290233837689 0.155049786628734 0.6107290233837689 0.28165007112375534
0 0.6468363136176066 0 0.6468363136176066 0.10028449502133713 0.7637551581843192 0.10028449502133713 0.7637551581843192 0 0.6468363136176066 0
0 0.829092159559835 0.14189189189189189 0.9680192572214581 0.14189189189189189 0.9680192572214581 0.008890469416785207 0.829092159559835 0.008890469416785207 0.829092159559835 0.14189189189189189
0 0.5048143053645117 0.519203413940256 0.625171939477304 0.519203413940256 0.625171939477304 0.38975817923186346 0.5048143053645117 0.38975817923186346 0.5048143053645117 0.519203413940256
0 0.5041265474552957 0.38229018492176386 0.6176066024759285 0.38229018492176386 0.6176066024759285 0.26635846372688476 0.5041265474552957 0.26635846372688476 0.5041265474552957 0.38229018492176386
0 0 0.5380512091038406 0.07221458046767538 0.5380512091038406 0.07221458046767538 0.4391891891891892 0 0.4391891891891892 0 0.5380512091038406
0 0.015474552957359009 0.7414651493598862 0.11657496561210454 0.7414651493598862 0.11657496561210454 0.6319345661450925 0.015474552957359009 0.6319345661450925 0.015474552957359009 0.7414651493598862
0 0.38308115543328747 0.13584637268847796 0.4718019257221458 0.13584637268847796 0.4718019257221458 0.032716927453769556 0.38308115543328747 0.032716927453769556 0.38308115543328747 0.13584637268847796
0 0.3177441540577717 0.24893314366998578 0.40990371389270974 0.24893314366998578 0.40990371389270974 0.15220483641536273 0.3177441540577717 0.15220483641536273 0.3177441540577717 0.24893314366998578
0 0.4150618982118294 0.3890469416785206 0.5127235213204951 0.3890469416785206 0.5127235213204951 0.2709815078236131 0.4150618982118294 0.2709815078236131 0.4150618982118294 0.3890469416785206
0 0.1812242090784044 0.5867709815078236 0.2781980742778542 0.5867709815078236 0.2781980742778542 0.4871977240398293 0.1812242090784044 0.4871977240398293 0.1812242090784044 0.5867709815078236
0 0.19016506189821183 0.4797297297297297 0.28370013755158185 0.4797297297297297 0.28370013755158185 0.39082503556187764 0.19016506189821183 0.39082503556187764 0.19016506189821183 0.4797297297297297
0 0.49931224209078406 0.1514935988620199 0.6017881705639615 0.1514935988620199 0.6017881705639615 0.032005689900426744 0.49931224209078406 0.032005689900426744 0.49931224209078406 0.1514935988620199
0 0.11519944979367262 0.8314366998577525 0.21079779917469052 0.8314366998577525 0.21079779917469052 0.7176386913229018 0.11519944979367262 0.7176386913229018 0.11519944979367262 0.8314366998577525
0 0.2015130674002751 0.11450924608819346 0.2867950481430536 0.11450924608819346 0.2867950481430536 0.014935988620199146 0.2015130674002751 0.014935988620199146 0.2015130674002751 0.11450924608819346
0 0.49931224209078406 0.7773826458036984 0.6272352132049519 0.7773826458036984 0.6272352132049519 0.631578947368421 0.49931224209078406 0.631578947368421 0.49931224209078406 0.7773826458036984
0 0.32221458046767537 0.3687766714082504 0.4143741403026135 0.3687766714082504 0.4143741403026135 0.2585348506401138 0.32221458046767537 0.2585348506401138 0.32221458046767537 0.3687766714082504
0 0.9336313617606602 0.2119487908961593 0.999656121045392 0.2119487908961593 0.999656121045392 0.09246088193456614 0.9336313617606602 0.09246088193456614 0.9336313617606602 0.2119487908961593
0 0.04298486932599725 0.9228307254623044 0.13927097661623108 0.9228307254623044 0.13927097661623108 0.8033428165007113 0.04298486932599725 0.8033428165007113 0.04298486932599725 0.9228307254623044
0 0.9253782668500687 0.34779516358463725 0.999656121045392 0.34779516358463725 0.999656121045392 0.22475106685633 0.9253782668500687 0.22475106685633 0.9253782668500687 0.34779516358463725
0 0.17090784044016505 0.6945234708392604 0.2713204951856946 0.6945234708392604 0.2713204951856946 0.587126600284495 0.17090784044016505 0.587126600284495 0.17090784044016505 0.6945234708392604
0 0.07771664374140302 1 0.07771664374140302 0.9238975817923186 0 0.9238975817923186 0 1 0.07771664374140302 1
0 0.30192572214580465 0 0.30192572214580465 0.07041251778093884 0.40715268225584594 0.07041251778093884 0.40715268225584594 0 0.30192572214580465 0
0 0.21045392022008252 0.8154338549075392 0.3294360385144429 0.8154338549075392 0.3294360385144429 0.6795874822190612 0.21045392022008252 0.6795874822190612 0.21045392022008252 0.8154338549075392
0 0.24621733149931224 0.16251778093883357 0.3404401650618982 0.16251778093883357 0.3404401650618982 0.07503556187766713 0.24621733149931224 0.07503556187766713 0.24621733149931224 0.16251778093883357
0 0.5020632737276479 0.25604551920341395 0.6011004126547456 0.25604551920341395 0.6011004126547456 0.15718349928876243 0.5020632737276479 0.15718349928876243 0.5020632737276479 0.25604551920341395
0 0.09181568088033012 0.3364153627311522 0.1750343878954608 0.3364153627311522 0.1750343878954608 0.2332859174964438 0.09181568088033012 0.2332859174964438 0.09181568088033012 0.3364153627311522
0 0.6334250343878954 1 0.6334250343878954 0.9288762446657184 0.5116918844566712 0.9288762446657184 0.5116918844566712 1 0.6334250343878954 1
0 0.4095598349381018 0.265647226173542 0.5044704264099037 0.265647226173542 0.5044704264099037 0.15611664295874822 0.4095598349381018 0.15611664295874822 0.4095598349381018 0.265647226173542
0 0.1657496561210454 0.34174964438122335 0.2579092159559835 0.34174964438122335 0.2579092159559835 0.25355618776671407 0.1657496561210454 0.25355618776671407 0.1657496561210454 0.34174964438122335
0 0.029573590096286108 0.6255334281650071 0.11141678129298486 0.6255334281650071 0.11141678129298486 0.533072546230441 0.029573590096286108 0.533072546230441 0.029573590096286108 0.6255334281650071
0 0.24449793672627235 0.36024182076813654 0.3297799174690509 0.36024182076813654 0.3297799174690509 0.2677809388335704 0.24449793672627235 0.2677809388335704 0.24449793672627235 0.36024182076813654
0 0.09250343878954607 0.6660739687055477 0.18603851444291608 0.6660739687055477 0.18603851444291608 0.5544096728307255 0.09250343878954607 0.5544096728307255 0.09250343878954607 0.6660739687055477
0 0.14133425034387895 0.10206258890469416 0.20667125171939477 0.10206258890469416 0.20667125171939477 0.023115220483641535 0.14133425034387895 0.023115220483641535 0.14133425034387895 0.10206258890469416
0 0.027854195323246216 0.3968705547652916 0.1172627235213205 0.3968705547652916 0.1172627235213205 0.310099573257468 0.027854195323246216 0.310099573257468 0.027854195323246216 0.3968705547652916
0 0.08459422283356259 0.5213371266002845 0.1767537826685007 0.5213371266002845 0.1767537826685007 0.4238975817923186 0.08459422283356259 0.4238975817923186 0.08459422283356259 0.5213371266002845
0 0.2469050894085282 0.265647226173542 0.32599724896836313 0.265647226173542 0.32599724896836313 0.1639402560455192 0.2469050894085282 0.1639402560455192 0.2469050894085282 0.265647226173542
0 0.0859697386519945 0.13051209103840683 0.15474552957359008 0.13051209103840683 0.15474552957359008 0.043741109530583216 0.0859697386519945 0.043741109530583216 0.0859697386519945 0.13051209103840683
0 0 0.816145092460882 0.04264099037138927 0.816145092460882 0.04264099037138927 0.7094594594594594 0 0.7094594594594594 0 0.816145092460882
0 0.1330811554332875 0.19559032716927455 0.21973865199449794 0.19559032716927455 0.21973865199449794 0.10953058321479374 0.1330811554332875 0.10953058321479374 0.1330811554332875 0.19559032716927455
0 0.15887207702888584 0.2574679943100996 0.25103163686382396 0.2574679943100996 0.25103163686382396 0.16500711237553342 0.15887207702888584 0.16500711237553342 0.15887207702888584 0.2574679943100996
0 0.01581843191196699 0.1891891891891892 0.09628610729023383 0.1891891891891892 0.09628610729023383 0.10455192034139403 0.01581843191196699 0.10455192034139403 0.01581843191196699 0.1891891891891892
0 0 0.26955903271692744 0.03851444291609354 0.26955903271692744 0.03851444291609354 0.1906116642958748 0 0.1906116642958748 0 0.26955903271692744
0 0.000343878954607978 0.12624466571834994 0.058803301237964234 0.12624466571834994 0.058803301237964234 0.05512091038406828 0.000343878954607978 0.05512091038406828 0.000343878954607978 0.12624466571834994
0 0.9466987620357634 0.5071123755334281 0.999656121045392 0.5071123755334281 0.999656121045392 0.3620199146514936 0.9466987620357634 0.3620199146514936 0.9466987620357634 0.5071123755334281
0 0.05742778541953233 0.07432432432432433 0.13033012379642367 0.07432432432432433 0.13033012379642367 0.00035561877667140827 0.05742778541953233 0.00035561877667140827 0.05742778541953233 0.07432432432432433
0 0 0.9288762446657184 0.03851444291609354 0.9288762446657184 0.03851444291609354 0.8186344238975818 0 0.8186344238975818 0 0.9288762446657184
0 0.057083906464924346 0.2620910384068279 0.14305364511691884 0.2620910384068279 0.14305364511691884 0.1717638691322902 0.057083906464924346 0.1717638691322902 0.057083906464924346 0.2620910384068279
0 0.000343878954607978 0.6980796586059744 0.042297111416781295 0.6980796586059744 0.042297111416781295 0.6162873399715505 0.000343878954607978 0.6162873399715505 0.000343878954607978 0.6980796586059744
0 0.5749656121045392 0.028805120910384067 0.6547455295735901 0.028805120910384067 0.6547455295735901 0.00035561877667140827 0.5749656121045392 0.00035561877667140827 0.5749656121045392 0.028805120910384067
0 0 0.616642958748222 0.021320495185694635 0.616642958748222 0.021320495185694635 0.5369843527738265 0 0.5369843527738265 0 0.616642958748222
0 0.47042640990371387 0 0.47042640990371387 0.041251778093883355 0.5708390646492435 0.041251778093883355 0.5708390646492435 0 0.47042640990371387 0
0 0.14924346629986246 0 0.14924346629986246 0.01991465149359886 0.21939477303988997 0.01991465149359886 0.21939477303988997 0 0.14924346629986246 0