0 1 0.00035561877667140827 0.8651994497936726 0.00035561877667140827 0.8651994497936726 0.14189189189189189 1 0.14189189189189189 1 0.00035561877667140827
0 0.6650618982118295 0.18883357041251778 0.7867950481430537 0.18883357041251778 0.7867950481430537 0.05867709815078236 0.6650618982118295 0.05867709815078236 0.6650618982118295 0.18883357041251778
0 0.563617606602476 0.6934566145092461 0.6915405777166438 0.6934566145092461 0.6915405777166438 0.5476529160739687 0.563617606602476 0.5476529160739687 0.563617606602476 0.6934566145092461
0 0.4803988995873453 0.43741109530583216 0.592503438789546 0.43741109530583216 0.592503438789546 0.310099573257468 0.4803988995873453 0.310099573257468 0.4803988995873453 0.43741109530583216
0 0.18947730398899587 0.9431009957325747 0.29126547455295737 0.9431009957325747 0.29126547455295737 0.8193456614509246 0.18947730398899587 0.8193456614509246 0.18947730398899587 0.9431009957325747
0 0.28645116918844565 0.3762446657183499 0.38204951856946356 0.3762446657183499 0.38204951856946356 0.26955903271692744 0.28645116918844565 0.26955903271692744 0.28645116918844565 0.3762446657183499
0 0.5526134800550206 0.1891891891891892 0.6688445667125172 0.1891891891891892 0.6688445667125172 0.06258890469416785 0.5526134800550206 0.06258890469416785 0.5526134800550206 0.1891891891891892
0 0.007221458046767538 0.8950924608819346 0.1014442916093535 0.8950924608819346 0.1014442916093535 0.7791607396870555 0.007221458046767538 0.7791607396870555 0.007221458046767538 0.8950924608819346
0 0.44463548830811556 0.16963015647226173 0.5505502063273727 0.16963015647226173 0.5505502063273727 0.060099573257467995 0.44463548830811556 0.060099573257467995 0.44463548830811556 0.16963015647226173
0 0.38548830811554335 0.4164295874822191 0.48246217331499314 0.4164295874822191 0.48246217331499314 0.3026315789473684 0.38548830811554335 0.3026315789473684 0.38548830811554335 0.4164295874822191
0 0.05261348005502063 0.7386201991465149 0.14133425034387895 0.7386201991465149 0.14133425034387895 0.6255334281650071 0.05261348005502063 0.6255334281650071 0.05261348005502063 0.7386201991465149
0 0.27441540577716644 0.25640113798008535 0.36932599724896836 0.25640113798008535 0.36932599724896836 0.15611664295874822 0.27441540577716644 0.15611664295874822 0.27441540577716644 0.25640113798008535
0 0.09800550206327373 0.49893314366998576 0.19497936726272352 0.49893314366998576 0.19497936726272352 0.39295874822190613 0.09800550206327373 0.39295874822190613 0.09800550206327373 0.49893314366998576
0 0.31361760660247595 0.9452347083926032 0.4236588720770289 0.9452347083926032 0.4236588720770289 0.8029871977240398 0.31361760660247595 0.8029871977240398 0.31361760660247595 0.9452347083926032
0 0.1451169188445667 0.6973684210526315 0.2359009628610729 0.6973684210526315 0.2359009628610729 0.5857041251778093 0.1451169188445667 0.5857041251778093 0.1451169188445667 0.6973684210526315
0 0.4143741403026135 0.8392603129445235 0.5209766162310867 0.8392603129445235 0.5209766162310867 0.7083926031294452 0.4143741403026135 0.7083926031294452 0.4143741403026135 0.8392603129445235
0 0.937757909215956 0.5906827880512091 0.999656121045392 0.5906827880512091 0.999656121045392 0.4562588904694168 0.937757909215956 0.4562588904694168 0.937757909215956 0.5906827880512091
0 0.14477303988995874 0.8332147937411095 0.24037138927097662 0.8332147937411095 0.24037138927097662 0.7144381223328592 0.14477303988995874 0.7144381223328592 0.14477303988995874 0.8332147937411095
0 0.26753782668500686 0.6920341394025604 0.3631361760660248 0.6920341394025604 0.3631361760660248 0.581081081081081 0.26753782668500686 0.581081081081081 0.26753782668500686 0.6920341394025604
0 0.32668500687757906 0.5576102418207681 0.422283356258597 0.5576102418207681 0.422283356258597 0.42887624466571833 0.32668500687757906 0.42887624466571833 0.32668500687757906 0.5576102418207681
0 0.1031636863823934 0.6134423897581792 0.19119669876203577 0.6134423897581792 0.19119669876203577 0.5010668563300142 0.1031636863823934 0.5010668563300142 0.1031636863823934 0.6134423897581792
0 0.055020632737276476 0.38549075391180654 0.13480055020632736 0.38549075391180654 0.13480055020632736 0.29943100995732574 0.055020632737276476 0.29943100995732574 0.055020632737276476 0.38549075391180654
0 0.000343878954607978 0.7475106685633002 0.04779917469050894 0.7475106685633002 0.04779917469050894 0.6415362731152204 0.000343878954607978 0.6415362731152204 0.000343878954607978 0.7475106685633002
0 0.1313617606602476 0.32147937411095306 0.21182943603851445 0.32147937411095306 0.21182943603851445 0.2332859174964438 0.1313617606602476 0.2332859174964438 0.1313617606602476 0.32147937411095306
0 0.3686382393397524 0 0.3686382393397524 0.07823613086770982 0.4504814305364512 0.07823613086770982 0.4504814305364512 0 0.3686382393397524 0
0 0.024415405777166437 0.5359174964438123 0.10832187070151307 0.5359174964438123 0.10832187070151307 0.4349217638691323 0.024415405777166437 0.4349217638691323 0.024415405777166437 0.5359174964438123
0 0.3896148555708391 0.29694167852062586 0.484525447042641 0.29694167852062586 0.484525447042641 0.1931009957325747 0.3896148555708391 0.1931009957325747 0.3896148555708391 0.29694167852062586
0 0.25240715268225583 0.8175675675675675 0.3624484181568088 0.8175675675675675 0.3624484181568088 0.6916785206258891 0.25240715268225583 0.6916785206258891 0.25240715268225583 0.8175675675675675
0 0.09044016506189821 0.2592460881934566 0.17778541953232463 0.2592460881934566 0.17778541953232463 0.17034139402560455 0.09044016506189821 0.17034139402560455 0.09044016506189821 0.2592460881934566
0 0.7733837689133425 0 0.7733837689133425 0.05334281650071124 0.8834250343878954 0.05334281650071124 0.8834250343878954 0 0.7733837689133425 0
0 0.281292984869326 1 0.281292984869326 0.9281650071123755 0.17056396148555708 0.9281650071123755 0.17056396148555708 1 0.281292984869326 1
0 0.1310178817056396 0.1386913229018492 0.21423658872077028 0.1386913229018492 0.21423658872077028 0.049786628733997154 0.1310178817056396 0.049786628733997154 0.1310178817056396 0.1386913229018492
0 0.027854195323246216 0.23897581792318634 0.09800550206327373 0.23897581792318634 0.09800550206327373 0.15576102418207682 0.027854195323246216 0.15576102418207682 0.027854195323246216 0.23897581792318634
0 0.0873452544704264 0 0.0873452544704264 0.06614509246088193 0.1623108665749656 0.06614509246088193 0.1623108665749656 0 0.0873452544704264 0
0 0.013067400275103164 0.12624466571834994 0.0921595598349381 0.12624466571834994 0.0921595598349381 0.0387624466571835 0.013067400275103164 0.0387624466571835 0.013067400275103164 0.12624466571834994
0 0.16781292984869325 0.20163584637268847 0.2530949105914718 0.20163584637268847 0.2530949105914718 0.10490753911806544 0.16781292984869325 0.10490753911806544 0.16781292984869325 0.20163584637268847
0 0 0.4704836415362731 0.07702888583218707 0.4704836415362731 0.07702888583218707 0.37731152204836416 0 0.37731152204836416 0 0.4704836415362731
0 0.4442916093535076 0 0.4442916093535076 0.057610241820768134 0.546767537826685 0.057610241820768134 0.546767537826685 0 0.4442916093535076 0
0 0.20735900962861073 0.2603129445234708 0.2878266850068776 0.2603129445234708 0.2878266850068776 0.1514935988620199 0.20735900962861073 0.1514935988620199 0.20735900962861073 0.2603129445234708
0 0.013067400275103164 0.6497155049786629 0.09972489683631362 0.6497155049786629 0.09972489683631362 0.5437411095305832 0.013067400275103164 0.5437411095305832 0.013067400275103164 0.6497155049786629
0 0.5495185694635488 0 0.5495185694635488 0.06330014224751067 0.6671251719394773 0.06330014224751067 0.6671251719394773 0 0.5495185694635488 0
0 0 0.3129445234708393 0.03645116918844567 0.3129445234708393 0.03645116918844567 0.22688477951635846 0 0.22688477951635846 0 0.3129445234708393
0 0.026134800550206328 0.32681365576102417 0.10041265474552957 0.32681365576102417 0.10041265474552957 0.2457325746799431 0.026134800550206328 0.2457325746799431 0.026134800550206328 0.32681365576102417
0 0 0.21728307254623044 0.037138927097661624 0.21728307254623044 0.037138927097661624 0.1475817923186344 0 0.1475817923186344 0 0.21728307254623044
0 0 0.9615931721194879 0.030949105914718018 0.9615931721194879 0.030949105914718018 0.852773826458037 0 0.852773826458037 0 0.9615931721194879
0 0 0.8456614509246089 0.032324621733149934 0.8456614509246089 0.032324621733149934 0.7489331436699858 0 0.7489331436699858 0 0.8456614509246089
0 0.4195323246217332 1 0.4195323246217332 0.9701280227596017 0.3356258596973865 0.9701280227596017 0.3356258596973865 1 0.4195323246217332 1
0 0 0.3872688477951636 0.041953232462173314 0.3872688477951636 0.041953232462173314 0.3154338549075391 0 0.3154338549075391 0 0.3872688477951636
0 0.9195323246217332 0.7571123755334281 0.9993122420907841 0.7571123755334281 0.9993122420907841 0.6091749644381224 0.9195323246217332 0.6091749644381224 0.9195323246217332 0.7571123755334281
0 0 0.6248221906116643 0.037138927097661624 0.6248221906116643 0.037138927097661624 0.5131578947368421 0 0.5131578947368421 0 0.6248221906116643
0 0 0.5241820768136558 0.015130674002751032 0.5241820768136558 0.015130674002751032 0.4623044096728307 0 0.4623044096728307 0 0.5241820768136558
0 0.018569463548830812 1 0.018569463548830812 0.965149359886202 0 0.965149359886202 0 1 0.018569463548830812 1
0 0.3342503438789546 0 0.3342503438789546 0.022048364153627313 0.38995873452544705 0.022048364153627313 0.38995873452544705 0 0.3342503438789546 0