0 0.8158077994428969 0.1258741258741259 0.9042479108635098 0.1258741258741259 0.9042479108635098 0.05174825174825175 0.8158077994428969 0.05174825174825175 0.8158077994428969 0.1258741258741259
0 0.6284818941504178 0.07377622377622378 0.7071727019498607 0.07377622377622378 0.7071727019498607 0.003146853146853147 0.6284818941504178 0.003146853146853147 0.6284818941504178 0.07377622377622378
0 0.03655988857938719 0.40559440559440557 0.11385793871866295 0.40559440559440557 0.11385793871866295 0.34405594405594403 0.03655988857938719 0.34405594405594403 0.03655988857938719 0.40559440559440557
0 0.7977019498607242 0.7272727272727273 0.8931058495821727 0.7272727272727273 0.8931058495821727 0.6545454545454545 0.7977019498607242 0.6545454545454545 0.7977019498607242 0.7272727272727273
0 0.24373259052924792 0.09125874125874125 0.3231197771587744 0.09125874125874125 0.3231197771587744 0.02762237762237762 0.24373259052924792 0.02762237762237762 0.24373259052924792 0.09125874125874125
0 0.06093314763231198 0.6297202797202798 0.1347493036211699 0.6297202797202798 0.1347493036211699 0.5688811188811189 0.06093314763231198 0.5688811188811189 0.06093314763231198 0.6297202797202798
0 0.22667130919220055 0.4307692307692308 0.30118384401114207 0.4307692307692308 0.30118384401114207 0.3685314685314685 0.22667130919220055 0.3685314685314685 0.22667130919220055 0.4307692307692308
0 0.7197075208913649 0.5034965034965035 0.8067548746518106 0.5034965034965035 0.8067548746518106 0.43496503496503497 0.7197075208913649 0.43496503496503497 0.7197075208913649 0.5034965034965035
0 0.6549442896935933 0.35 0.737116991643454 0.35 0.737116991643454 0.2800699300699301 0.6549442896935933 0.2800699300699301 0.6549442896935933 0.35
0 0.3050139275766017 0.6800699300699301 0.38370473537604455 0.6800699300699301 0.38370473537604455 0.6143356643356643 0.3050139275766017 0.6143356643356643 0.3050139275766017 0.6800699300699301
0 0.8697771587743732 0.32447552447552447 0.9596100278551533 0.32447552447552447 0.9596100278551533 0.25104895104895103 0.8697771587743732 0.25104895104895103 0.8697771587743732 0.32447552447552447
0 0.44428969359331477 0.106993006993007 0.5222841225626741 0.106993006993007 0.5222841225626741 0.02937062937062937 0.44428969359331477 0.02937062937062937 0.44428969359331477 0.106993006993007
0 0.3025766016713092 0.7804195804195804 0.38057103064066855 0.7804195804195804 0.38057103064066855 0.7111888111888112 0.3025766016713092 0.7111888111888112 0.3025766016713092 0.7804195804195804
0 0.708217270194986 0.7643356643356644 0.7980501392757661 0.7643356643356644 0.7980501392757661 0.6895104895104895 0.708217270194986 0.6895104895104895 0.708217270194986 0.7643356643356644
0 0.7346796657381616 0.16783216783216784 0.8203342618384402 0.16783216783216784 0.8203342618384402 0.0993006993006993 0.7346796657381616 0.0993006993006993 0.7346796657381616 0.16783216783216784
0 0.04944289693593315 0.7227272727272728 0.13440111420612813 0.7227272727272728 0.13440111420612813 0.6590909090909091 0.04944289693593315 0.6590909090909091 0.04944289693593315 0.7227272727272728
0 0.33391364902506965 0.18041958041958042 0.40842618384401114 0.18041958041958042 0.40842618384401114 0.11748251748251748 0.33391364902506965 0.11748251748251748 0.33391364902506965 0.18041958041958042
0 0.5254178272980501 0.6765734265734266 0.6075905292479109 0.6765734265734266 0.6075905292479109 0.6066433566433567 0.5254178272980501 0.6066433566433567 0.5254178272980501 0.6765734265734266
0 0.5494428969359332 0.9405594405594405 0.6371866295264624 0.9405594405594405 0.6371866295264624 0.865034965034965 0.5494428969359332 0.865034965034965 0.5494428969359332 0.9405594405594405
0 0.31580779944289694 0.26573426573426573 0.39519498607242337 0.26573426573426573 0.39519498607242337 0.2034965034965035 0.31580779944289694 0.2034965034965035 0.31580779944289694 0.26573426573426573
0 0.6796657381615598 0.12132867132867133 0.7625348189415042 0.12132867132867133 0.7625348189415042 0.04160839160839161 0.6796657381615598 0.04160839160839161 0.6796657381615598 0.12132867132867133
0 0 0.7895104895104895 0.04108635097493036 0.7895104895104895 0.04108635097493036 0.727972027972028 0 0.727972027972028 0 0.7895104895104895
0 0.25870473537604455 0.6244755244755245 0.3387883008356546 0.6244755244755245 0.3387883008356546 0.5566433566433566 0.25870473537604455 0.5566433566433566 0.25870473537604455 0.6244755244755245
0 0.3224233983286908 0.9335664335664335 0.4025069637883008 0.9335664335664335 0.4025069637883008 0.862937062937063 0.3224233983286908 0.862937062937063 0.3224233983286908 0.9335664335664335
0 0.4126044568245125 0.5073426573426574 0.4947771587743733 0.5073426573426574 0.4947771587743733 0.4437062937062937 0.4126044568245125 0.4437062937062937 0.4126044568245125 0.5073426573426574
0 0.5835654596100278 0.7391608391608392 0.6768802228412256 0.7391608391608392 0.6768802228412256 0.6643356643356644 0.5835654596100278 0.6643356643356644 0.5835654596100278 0.7391608391608392
0 0.467966573816156 0.5629370629370629 0.5522284122562674 0.5629370629370629 0.5522284122562674 0.4972027972027972 0.467966573816156 0.4972027972027972 0.467966573816156 0.5629370629370629
0 0.22527855153203344 0.7601398601398601 0.306058495821727 0.7601398601398601 0.306058495821727 0.6958041958041958 0.22527855153203344 0.6958041958041958 0.22527855153203344 0.7601398601398601
0 0.21727019498607242 0.5706293706293706 0.29108635097493035 0.5706293706293706 0.29108635097493035 0.5034965034965035 0.21727019498607242 0.5034965034965035 0.21727019498607242 0.5706293706293706
0 0.5309888579387186 0.5241258741258741 0.6145543175487466 0.5241258741258741 0.6145543175487466 0.46118881118881117 0.5309888579387186 0.46118881118881117 0.5309888579387186 0.5241258741258741
0 0.3004874651810585 0.3996503496503496 0.3826601671309192 0.3996503496503496 0.3826601671309192 0.3332167832167832 0.3004874651810585 0.3332167832167832 0.3004874651810585 0.3996503496503496
0 0.5236768802228412 0.8328671328671329 0.6162952646239555 0.8328671328671329 0.6162952646239555 0.7559440559440559 0.5236768802228412 0.7559440559440559 0.5236768802228412 0.8328671328671329
0 0.12186629526462396 0.5048951048951049 0.1977715877437326 0.5048951048951049 0.1977715877437326 0.44405594405594406 0.12186629526462396 0.44405594405594406 0.12186629526462396 0.5048951048951049
0 0.5396935933147632 0.4314685314685315 0.6190807799442897 0.4314685314685315 0.6190807799442897 0.36433566433566433 0.5396935933147632 0.36433566433566433 0.5396935933147632 0.4314685314685315
0 0.9439415041782729 0.22727272727272727 0.9996518105849582 0.22727272727272727 0.9996518105849582 0.15804195804195803 0.9439415041782729 0.15804195804195803 0.9439415041782729 0.22727272727272727
0 0.21100278551532034 0.17097902097902098 0.2883008356545961 0.17097902097902098 0.2883008356545961 0.11083916083916084 0.21100278551532034 0.11083916083916084 0.21100278551532034 0.17097902097902098
0 0.24651810584958217 0.3020979020979021 0.3161559888579387 0.3020979020979021 0.3161559888579387 0.24125874125874125 0.24651810584958217 0.24125874125874125 0.24651810584958217 0.3020979020979021
0 0.3631615598885794 0.9986013986013986 0.4453342618384401 0.9986013986013986 0.4453342618384401 0.9279720279720279 0.3631615598885794 0.9279720279720279 0.3631615598885794 0.9986013986013986
0 0.009401114206128134 0.6706293706293707 0.08809192200557103 0.6706293706293707 0.08809192200557103 0.6048951048951049 0.009401114206128134 0.6048951048951049 0.009401114206128134 0.6706293706293707
0 0.39798050139275765 0 0.39798050139275765 0.062237762237762236 0.4697075208913649 0.062237762237762236 0.4697075208913649 0 0.39798050139275765 0
0 0.39763231197771587 0.6 0.47701949860724235 0.6 0.47701949860724235 0.5321678321678321 0.39763231197771587 0.5321678321678321 0.39763231197771587 0.6
0 0.35097493036211697 0.45209790209790207 0.4331476323119777 0.45209790209790207 0.4331476323119777 0.3842657342657343 0.35097493036211697 0.3842657342657343 0.35097493036211697 0.45209790209790207
0 0.6657381615598886 0.4493006993006993 0.75 0.4493006993006993 0.75 0.38076923076923075 0.6657381615598886 0.38076923076923075 0.6657381615598886 0.4493006993006993
0 0.12291086350974931 0.6926573426573427 0.19672701949860724 0.6926573426573427 0.19672701949860724 0.6262237762237762 0.12291086350974931 0.6262237762237762 0.12291086350974931 0.6926573426573427
0 0.41469359331476324 0.41293706293706295 0.49547353760445684 0.41293706293706295 0.49547353760445684 0.3465034965034965 0.41469359331476324 0.3465034965034965 0.41469359331476324 0.41293706293706295
0 0.5988857938718662 0.48496503496503496 0.6845403899721448 0.48496503496503496 0.6845403899721448 0.42132867132867136 0.5988857938718662 0.42132867132867136 0.5988857938718662 0.48496503496503496
0 0.2604456824512535 0.21958041958041957 0.3384401114206128 0.21958041958041957 0.3384401114206128 0.15244755244755245 0.2604456824512535 0.15244755244755245 0.2604456824512535 0.21958041958041957
0 0.557799442896936 0.3388111888111888 0.6323119777158774 0.3388111888111888 0.6323119777158774 0.27307692307692305 0.557799442896936 0.27307692307692305 0.557799442896936 0.3388111888111888
0 0.3767409470752089 0.3597902097902098 0.451949860724234 0.3597902097902098 0.451949860724234 0.29755244755244753 0.3767409470752089 0.29755244755244753 0.3767409470752089 0.3597902097902098
0 0.18871866295264625 0.9996503496503496 0.27158774373259054 0.9996503496503496 0.27158774373259054 0.9318181818181818 0.18871866295264625 0.9318181818181818 0.18871866295264625 0.9996503496503496
0 0.2719359331476323 0.4853146853146853 0.3513231197771588 0.4853146853146853 0.3513231197771588 0.4223776223776224 0.2719359331476323 0.4223776223776224 0.2719359331476323 0.4853146853146853
0 0.5100974930362117 0.06468531468531469 0.5846100278551533 0.06468531468531469 0.5846100278551533 0.00034965034965034965 0.5100974930362117 0.00034965034965034965 0.5100974930362117 0.06468531468531469
0 0.4592618384401114 0.2381118881118881 0.5351671309192201 0.2381118881118881 0.5351671309192201 0.17167832167832167 0.4592618384401114 0.17167832167832167 0.4592618384401114 0.2381118881118881
0 0.3816155988857939 0.22587412587412586 0.4596100278551532 0.22587412587412586 0.4596100278551532 0.16433566433566432 0.3816155988857939 0.16433566433566432 0.3816155988857939 0.22587412587412586
0 0.7266713091922006 0.313986013986014 0.817200557103064 0.313986013986014 0.817200557103064 0.23846153846153847 0.7266713091922006 0.23846153846153847 0.7266713091922006 0.313986013986014
0 0.525766016713092 1 0.525766016713092 0.9468531468531468 0.4428969359331476 0.9468531468531468 0.4428969359331476 1 0.525766016713092 1
0 0.754874651810585 0.07587412587412587 0.8391364902506964 0.07587412587412587 0.8391364902506964 0.0073426573426573424 0.754874651810585 0.0073426573426573424 0.754874651810585 0.07587412587412587
0 0.6483286908077994 0.2573426573426573 0.7367688022284122 0.2573426573426573 0.7367688022284122 0.18601398601398603 0.6483286908077994 0.18601398601398603 0.6483286908077994 0.2573426573426573
0 0.49164345403899723 0.3786713286713287 0.5738161559888579 0.3786713286713287 0.5738161559888579 0.30524475524475525 0.49164345403899723 0.30524475524475525 0.49164345403899723 0.3786713286713287
0 0.2562674094707521 0.8667832167832168 0.3370473537604457 0.8667832167832168 0.3370473537604457 0.7912587412587413 0.2562674094707521 0.7912587412587413 0.2562674094707521 0.8667832167832168
0 0.8004874651810585 0.26713286713286716 0.891016713091922 0.26713286713286716 0.891016713091922 0.1972027972027972 0.8004874651810585 0.1972027972027972 0.8004874651810585 0.26713286713286716
0 0.2078690807799443 0 0.2078690807799443 0.05034965034965035 0.27402506963788303 0.05034965034965035 0.27402506963788303 0 0.2078690807799443 0
0 0 0.6993006993006993 0.036211699164345405 0.6993006993006993 0.036211699164345405 0.6391608391608392 0 0.6391608391608392 0 0.6993006993006993
0 0.5020891364902507 0.2895104895104895 0.58008356545961 0.2895104895104895 0.58008356545961 0.21608391608391608 0.5020891364902507 0.21608391608391608 0.5020891364902507 0.2895104895104895
0 0.24721448467966572 0.9678321678321679 0.3363509749303621 0.9678321678321679 0.3363509749303621 0.8839160839160839 0.24721448467966572 0.8839160839160839 0.24721448467966572 0.9678321678321679
0 0.29979108635097496 0 0.29979108635097496 0.05244755244755245 0.36385793871866295 0.05244755244755245 0.36385793871866295 0 0.29979108635097496 0
0 0.20055710306406685 1 0.20055710306406685 0.9594405594405594 0.12047353760445682 0.9594405594405594 0.12047353760445682 1 0.20055710306406685 1
0 0.38440111420612816 1 0.38440111420612816 0.9664335664335665 0.29735376044568246 0.9664335664335665 0.29735376044568246 1 0.38440111420612816 1
0 0.10027855153203342 0 0.10027855153203342 0.045454545454545456 0.1573816155988858 0.045454545454545456 0.1573816155988858 0 0.10027855153203342 0
0 0.7085654596100278 0 0.7085654596100278 0.03076923076923077 0.7872562674094707 0.03076923076923077 0.7872562674094707 0 0.7085654596100278 0
0 0.5842618384401114 0 0.5842618384401114 0.025874125874125874 0.6545961002785515 0.025874125874125874 0.6545961002785515 0 0.5842618384401114 0
0 0.46866295264623953 0 0.46866295264623953 0.022377622377622378 0.5285515320334262 0.022377622377622378 0.5285515320334262 0 0.46866295264623953 0
0 0 0.6003496503496504 0.016016713091922007 0.6003496503496504 0.016016713091922007 0.5597902097902098 0 0.5597902097902098 0 0.6003496503496504