0 0.7021575984990619 0.3546277665995976 0.7959662288930581 0.3546277665995976 0.7959662288930581 0.22887323943661972 0.7021575984990619 0.22887323943661972 0.7021575984990619 0.3546277665995976
0 0.8227016885553471 0.5291750503018109 0.9165103189493433 0.5291750503018109 0.9165103189493433 0.4074446680080483 0.8227016885553471 0.4074446680080483 0.8227016885553471 0.5291750503018109
0 0.039868667917448405 0.3289738430583501 0.15337711069418386 0.3289738430583501 0.15337711069418386 0.2112676056338028 0.039868667917448405 0.2112676056338028 0.039868667917448405 0.3289738430583501
0 0 0.7318913480885312 0.11444652908067542 0.7318913480885312 0.11444652908067542 0.6011066398390342 0 0.6011066398390342 0 0.7318913480885312
0 0.08442776735459662 0.6504024144869215 0.2026266416510319 0.6504024144869215 0.2026266416510319 0.528672032193159 0.08442776735459662 0.528672032193159 0.08442776735459662 0.6504024144869215
0 0.6791744840525328 0.5125754527162978 0.7842401500938087 0.5125754527162978 0.7842401500938087 0.37575452716297786 0.6791744840525328 0.37575452716297786 0.6791744840525328 0.5125754527162978
0 0.551125703564728 0.4859154929577465 0.6468105065666041 0.4859154929577465 0.6468105065666041 0.3641851106639839 0.551125703564728 0.3641851106639839 0.551125703564728 0.4859154929577465
0 0.8897748592870544 0.6403420523138833 0.9835834896810507 0.6403420523138833 0.9835834896810507 0.5165995975855131 0.8897748592870544 0.5165995975855131 0.8897748592870544 0.6403420523138833
0 0.775797373358349 0.29275653923541245 0.8630393996247655 0.29275653923541245 0.8630393996247655 0.16901408450704225 0.775797373358349 0.16901408450704225 0.775797373358349 0.29275653923541245
0 0.8344277673545967 0.3938631790744467 0.9254221388367729 0.3938631790744467 0.9254221388367729 0.26609657947686116 0.8344277673545967 0.26609657947686116 0.8344277673545967 0.3938631790744467
0 0.001876172607879925 0.4874245472837022 0.10881801125703565 0.4874245472837022 0.10881801125703565 0.3596579476861167 0.001876172607879925 0.3596579476861167 0.001876172607879925 0.4874245472837022
0 0.7908067542213884 0.9144869215291751 0.8958724202626641 0.9144869215291751 0.8958724202626641 0.7736418511066399 0.7908067542213884 0.7736418511066399 0.7908067542213884 0.9144869215291751
0 0.12148217636022514 0.545271629778672 0.2303001876172608 0.545271629778672 0.2303001876172608 0.4255533199195171 0.12148217636022514 0.4255533199195171 0.12148217636022514 0.545271629778672
0 0.9263602251407129 0.3762575452716298 0.9995309568480301 0.3762575452716298 0.9995309568480301 0.2545271629778672 0.9263602251407129 0.2545271629778672 0.9263602251407129 0.3762575452716298
0 0.47138836772983117 0.9924547283702213 0.5848968105065666 0.9924547283702213 0.5848968105065666 0.8516096579476862 0.47138836772983117 0.8516096579476862 0.47138836772983117 0.9924547283702213
0 0.3395872420262664 0.18008048289738432 0.4399624765478424 0.18008048289738432 0.4399624765478424 0.0613682092555332 0.3395872420262664 0.0613682092555332 0.3395872420262664 0.18008048289738432
0 0.3616322701688555 0.3782696177062374 0.46669793621013134 0.3782696177062374 0.46669793621013134 0.25855130784708247 0.3616322701688555 0.25855130784708247 0.3616322701688555 0.3782696177062374
0 0.6636960600375235 0.7228370221327968 0.7631332082551595 0.7228370221327968 0.7631332082551595 0.6101609657947686 0.6636960600375235 0.6101609657947686 0.6636960600375235 0.7228370221327968
0 0.010318949343339587 0.9617706237424547 0.13883677298311445 0.9617706237424547 0.13883677298311445 0.8169014084507042 0.010318949343339587 0.8169014084507042 0.010318949343339587 0.9617706237424547
0 0.25562851782363977 0.8938631790744467 0.3728893058161351 0.8938631790744467 0.3728893058161351 0.756036217303823 0.25562851782363977 0.756036217303823 0.25562851782363977 0.8938631790744467
0 0.21857410881801126 0.7399396378269618 0.32645403377110693 0.7399396378269618 0.32645403377110693 0.608148893360161 0.21857410881801126 0.608148893360161 0.21857410881801126 0.7399396378269618
0 0.5717636022514071 0.3420523138832998 0.6683864915572233 0.3420523138832998 0.6683864915572233 0.21830985915492956 0.5717636022514071 0.21830985915492956 0.5717636022514071 0.3420523138832998
0 0.39305816135084426 0.2575452716297787 0.48592870544090055 0.2575452716297787 0.48592870544090055 0.14587525150905434 0.39305816135084426 0.14587525150905434 0.39305816135084426 0.2575452716297787
0 0.1669793621013133 0.3501006036217304 0.2795497185741088 0.3501006036217304 0.2795497185741088 0.21327967806841047 0.1669793621013133 0.21327967806841047 0.1669793621013133 0.3501006036217304
0 0.8649155722326454 0.28621730382293764 0.9559099437148217 0.28621730382293764 0.9559099437148217 0.17152917505030182 0.8649155722326454 0.17152917505030182 0.8649155722326454 0.28621730382293764
0 0.8100375234521576 0.7137826961770624 0.9047842401500938 0.7137826961770624 0.9047842401500938 0.5809859154929577 0.8100375234521576 0.5809859154929577 0.8100375234521576 0.7137826961770624
0 0.8738273921200751 0.8093561368209256 0.9788930581613509 0.8093561368209256 0.9788930581613509 0.6795774647887324 0.8738273921200751 0.6795774647887324 0.8738273921200751 0.8093561368209256
0 0.29831144465290804 0.4491951710261569 0.3977485928705441 0.4491951710261569 0.3977485928705441 0.35563380281690143 0.29831144465290804 0.35563380281690143 0.29831144465290804 0.4491951710261569
0 0.699343339587242 0.9979879275653923 0.8072232645403377 0.9979879275653923 0.8072232645403377 0.9014084507042254 0.699343339587242 0.9014084507042254 0.699343339587242 0.9979879275653923
0 0.574108818011257 0.7937625754527163 0.6819887429643527 0.7937625754527163 0.6819887429643527 0.6609657947686117 0.574108818011257 0.6609657947686117 0.574108818011257 0.7937625754527163
0 0.8048780487804879 0.1841046277665996 0.8930581613508443 0.1841046277665996 0.8930581613508443 0.07746478873239436 0.8048780487804879 0.07746478873239436 0.8048780487804879 0.1841046277665996
0 0.650093808630394 0.2505030181086519 0.7410881801125704 0.2505030181086519 0.7410881801125704 0.14084507042253522 0.650093808630394 0.14084507042253522 0.650093808630394 0.2505030181086519
0 0.32879924953095685 0.5518108651911469 0.43198874296435275 0.5518108651911469 0.43198874296435275 0.42806841046277666 0.32879924953095685 0.42806841046277666 0.32879924953095685 0.5518108651911469
0 0.41088180112570355 0.48038229376257546 0.5150093808630394 0.48038229376257546 0.5150093808630394 0.3687122736418511 0.41088180112570355 0.3687122736418511 0.41088180112570355 0.48038229376257546
0 0.3067542213883677 0.32344064386317906 0.41088180112570355 0.32344064386317906 0.41088180112570355 0.20975855130784707 0.3067542213883677 0.20975855130784707 0.3067542213883677 0.32344064386317906
0 0.13227016885553472 0.2550301810865191 0.23921200750469043 0.2550301810865191 0.23921200750469043 0.14235412474849093 0.13227016885553472 0.14235412474849093 0.13227016885553472 0.2550301810865191
0 0.21435272045028142 0.4396378269617706 0.31378986866791747 0.4396378269617706 0.31378986866791747 0.32696177062374243 0.21435272045028142 0.32696177062374243 0.21435272045028142 0.4396378269617706
0 0.5970919324577861 0.17303822937625754 0.6946529080675422 0.17303822937625754 0.6946529080675422 0.06338028169014084 0.5970919324577861 0.06338028169014084 0.5970919324577861 0.17303822937625754
0 0.5211069418386491 0.26106639839034207 0.6130393996247655 0.26106639839034207 0.6130393996247655 0.15040241448692154 0.5211069418386491 0.15040241448692154 0.5211069418386491 0.26106639839034207
0 0.2570356472795497 0.2575452716297787 0.35553470919324576 0.2575452716297787 0.35553470919324576 0.1529175050301811 0.2570356472795497 0.1529175050301811 0.2570356472795497 0.2575452716297787
0 0.21435272045028142 0.18209255533199195 0.3156660412757974 0.18209255533199195 0.3156660412757974 0.0613682092555332 0.21435272045028142 0.0613682092555332 0.21435272045028142 0.18209255533199195
0 0.46904315196998125 0.1836016096579477 0.5628517823639775 0.1836016096579477 0.5628517823639775 0.06488933601609657 0.46904315196998125 0.06488933601609657 0.46904315196998125 0.1836016096579477
0 0.00046904315196998124 0.3888329979879276 0.06613508442776736 0.3888329979879276 0.06613508442776736 0.28822937625754524 0.00046904315196998124 0.28822937625754524 0.00046904315196998124 0.3888329979879276
0 0.9118198874296435 0.193158953722334 0.99812382739212 0.193158953722334 0.99812382739212 0.08350100603621731 0.9118198874296435 0.08350100603621731 0.9118198874296435 0.193158953722334
0 0.0023452157598499064 0.24849094567404426 0.10647279549718575 0.24849094567404426 0.10647279549718575 0.13682092555331993 0.0023452157598499064 0.13682092555331993 0.0023452157598499064 0.24849094567404426
0 0.09099437148217636 0.1926559356136821 0.2045028142589118 0.1926559356136821 0.2045028142589118 0.0699195171026157 0.09099437148217636 0.0699195171026157 0.09099437148217636 0.1926559356136821
0 0.7227954971857411 0.1976861167002012 0.8025328330206379 0.1976861167002012 0.8025328330206379 0.0920523138832998 0.7227954971857411 0.0920523138832998 0.7227954971857411 0.1976861167002012
0 0.016885553470919325 0.1448692152917505 0.11444652908067542 0.1448692152917505 0.11444652908067542 0.0613682092555332 0.016885553470919325 0.0613682092555332 0.016885553470919325 0.1448692152917505
0 0 0.8651911468812877 0.08348968105065666 0.8651911468812877 0.08348968105065666 0.7283702213279678 0 0.7283702213279678 0 0.8651911468812877
0 0 0.2887323943661972 0.024390243902439025 0.2887323943661972 0.024390243902439025 0.2112676056338028 0 0.2112676056338028 0 0.2887323943661972
0 0 0.5437625754527163 0.02345215759849906 0.5437625754527163 0.02345215759849906 0.45020120724346074 0 0.45020120724346074 0 0.5437625754527163
0 0.9713883677298312 0.26609657947686116 0.9995309568480301 0.26609657947686116 0.9995309568480301 0.17655935613682092 0.9713883677298312 0.17655935613682092 0.9713883677298312 0.26609657947686116
0 0.5398686679174484 0.9984909456740443 0.6280487804878049 0.9984909456740443 0.6280487804878049 0.9803822937625755 0.5398686679174484 0.9803822937625755 0.5398686679174484 0.9984909456740443