0 0.5078 0.345045045045045 0.5626 0.345045045045045 0.5626 0.2045045045045045 0.5078 0.2045045045045045 0.5078 0.345045045045045
0 0.7398 0.5563063063063063 0.793 0.5563063063063063 0.793 0.40225225225225225 0.7398 0.40225225225225225 0.7398 0.5563063063063063
0 0.7802 0.3747747747747748 0.8338 0.3747747747747748 0.8338 0.23423423423423423 0.7802 0.23423423423423423 0.7802 0.3747747747747748
0 0.8804 0.3554054054054054 0.9572 0.3554054054054054 0.9572 0.21576576576576575 0.8804 0.21576576576576575 0.8804 0.3554054054054054
0 0.4504 0.11936936936936937 0.5104 0.11936936936936937 0.5104 0.003153153153153153 0.4504 0.003153153153153153 0.4504 0.11936936936936937
0 0.8624 0.6013513513513513 0.9244 0.6013513513513513 0.9244 0.4554054054054054 0.8624 0.4554054054054054 0.8624 0.6013513513513513
0 0.798 0.5621621621621622 0.858 0.5621621621621622 0.858 0.4117117117117117 0.798 0.4117117117117117 0.798 0.5621621621621622
0 0.7182 0.777927927927928 0.7738 0.777927927927928 0.7738 0.6355855855855855 0.7182 0.6355855855855855 0.7182 0.777927927927928
0 0.8334 0.4472972972972973 0.8994 0.4472972972972973 0.8994 0.30945945945945946 0.8334 0.30945945945945946 0.8334 0.4472972972972973
0 0.6474 0.3396396396396396 0.7042 0.3396396396396396 0.7042 0.19099099099099098 0.6474 0.19099099099099098 0.6474 0.3396396396396396
0 0.459 0.2472972972972973 0.5258 0.2472972972972973 0.5258 0.12027027027027028 0.459 0.12027027027027028 0.459 0.2472972972972973
0 0.928 0.6531531531531531 0.9872 0.6531531531531531 0.9872 0.4918918918918919 0.928 0.4918918918918919 0.928 0.6531531531531531
0 0.9262 0.1265765765765766 0.993 0.1265765765765766 0.993 0.00045045045045045046 0.9262 0.00045045045045045046 0.9262 0.1265765765765766
0 0.8254 0.7085585585585585 0.8822 0.7085585585585585 0.8822 0.55990990990991 0.8254 0.55990990990991 0.8254 0.7085585585585585
0 0.719 0.268018018018018 0.7762 0.268018018018018 0.7762 0.12747747747747748 0.719 0.12747747747747748 0.719 0.268018018018018
0 0.9314 0.2490990990990991 0.9994 0.2490990990990991 0.9994 0.1265765765765766 0.9314 0.1265765765765766 0.9314 0.2490990990990991
0 0.8726 0.20945945945945946 0.9346 0.20945945945945946 0.9346 0.05540540540540541 0.8726 0.05540540540540541 0.8726 0.20945945945945946
0 0.3448 0.21576576576576575 0.4044 0.21576576576576575 0.4044 0.10675675675675676 0.3448 0.10675675675675676 0.3448 0.21576576576576575
0 0.64 0.47297297297297297 0.7036 0.47297297297297297 0.7036 0.34594594594594597 0.64 0.34594594594594597 0.64 0.47297297297297297
0 0.7038 0.4081081081081081 0.7662 0.4081081081081081 0.7662 0.2702702702702703 0.7038 0.2702702702702703 0.7038 0.4081081081081081
0 0.7596 0.6648648648648648 0.8236 0.6648648648648648 0.8236 0.536036036036036 0.7596 0.536036036036036 0.7596 0.6648648648648648
0 0.8872 0.7391891891891892 0.9412 0.7391891891891892 0.9412 0.6004504504504504 0.8872 0.6004504504504504 0.8872 0.7391891891891892
0 0.939 0.8117117117117117 0.9994 0.8117117117117117 0.9994 0.6603603603603604 0.939 0.6603603603603604 0.939 0.8117117117117117
0 0.8266 0.29324324324324325 0.883 0.29324324324324325 0.883 0.1527027027027027 0.8266 0.1527027027027027 0.8266 0.29324324324324325
0 0.8222 0.14774774774774774 0.877 0.14774774774774774 0.877 0.0018018018018018018 0.8222 0.0018018018018018018 0.8222 0.14774774774774774
0 0.7772 0.23153153153153153 0.8304 0.23153153153153153 0.8304 0.09099099099099099 0.7772 0.09099099099099099 0.7772 0.23153153153153153
0 0.6642 0.6040540540540541 0.7266 0.6040540540540541 0.7266 0.47162162162162163 0.6642 0.47162162162162163 0.6642 0.6040540540540541
0 0.5964 0.3063063063063063 0.6512 0.3063063063063063 0.6512 0.16396396396396395 0.5964 0.16396396396396395 0.5964 0.3063063063063063
0 0.833 0.9918918918918919 0.8958 0.9918918918918919 0.8958 0.8540540540540541 0.833 0.8540540540540541 0.833 0.9918918918918919
0 0.8994 0.4918918918918919 0.971 0.4918918918918919 0.971 0.36396396396396397 0.8994 0.36396396396396397 0.8994 0.4918918918918919
0 0.9454 0.9734234234234235 0.9994 0.9734234234234235 0.9994 0.8148648648648649 0.9454 0.8148648648648649 0.9454 0.9734234234234235
0 0.7048 0.13783783783783785 0.7636 0.13783783783783785 0.7636 0.0009009009009009009 0.7048 0.0009009009009009009 0.7048 0.13783783783783785
0 0.7836 0.7959459459459459 0.84 0.7959459459459459 0.84 0.6617117117117117 0.7836 0.6617117117117117 0.7836 0.7959459459459459
0 0.9568 0.4198198198198198 0.9996 0.4198198198198198 0.9996 0.25135135135135134 0.9568 0.25135135135135134 0.9568 0.4198198198198198
0 0.1774 0.29324324324324325 0.2318 0.29324324324324325 0.2318 0.19414414414414413 0.1774 0.19414414414414413 0.1774 0.29324324324324325
0 0.8476 0.8648648648648649 0.9096 0.8648648648648649 0.9096 0.7162162162162162 0.8476 0.7162162162162162 0.8476 0.8648648648648649
0 0.6028 0.12747747747747748 0.6648 0.12747747747747748 0.6648 0.004954954954954955 0.6028 0.004954954954954955 0.6028 0.12747747747747748
0 0.1572 0.17342342342342343 0.2132 0.17342342342342343 0.2132 0.06261261261261261 0.1572 0.06261261261261261 0.1572 0.17342342342342343
0 0.7674 0 0.7674 0.0891891891891892 0.825 0.0891891891891892 0.825 0 0.7674 0
0 0.2096 0.17477477477477477 0.27 0.17477477477477477 0.27 0.06486486486486487 0.2096 0.06486486486486487 0.2096 0.17477477477477477
0 0.6562 0 0.6562 0.08288288288288288 0.7138 0.08288288288288288 0.7138 0 0.6562 0
0 0.1148 0.1698198198198198 0.1584 0.1698198198198198 0.1584 0.06351351351351352 0.1148 0.06351351351351352 0.1148 0.1698198198198198
0 0.966 1 0.966 0.8990990990990991 0.9008 0.8990990990990991 0.9008 1 0.966 1
0 0.3442 0.07882882882882883 0.4034 0.07882882882882883 0.4034 0.00045045045045045046 0.3442 0.00045045045045045046 0.3442 0.07882882882882883
0 0.0964 0.7351351351351352 0.1432 0.7351351351351352 0.1432 0.6351351351351351 0.0964 0.6351351351351351 0.0964 0.7351351351351352
0 0.1272 0 0.1272 0.06126126126126126 0.1816 0.06126126126126126 0.1816 0 0.1272 0
0 0.0832 0.5522522522522523 0.1396 0.5522522522522523 0.1396 0.43783783783783786 0.0832 0.43783783783783786 0.0832 0.5522522522522523
0 0.133 0.26126126126126126 0.1782 0.26126126126126126 0.1782 0.16486486486486487 0.133 0.16486486486486487 0.133 0.26126126126126126
0 0.9744 0.5522522522522523 0.9996 0.5522522522522523 0.9996 0.4243243243243243 0.9744 0.4243243243243243 0.9744 0.5522522522522523
0 0.8676 0 0.8676 0.04954954954954955 0.9292 0.04954954954954955 0.9292 0 0.8676 0
0 0.182 0 0.182 0.07027027027027027 0.2476 0.07027027027027027 0.2476 0 0.182 0
0 0.1396 0.7265765765765766 0.2008 0.7265765765765766 0.2008 0.5986486486486486 0.1396 0.5986486486486486 0.1396 0.7265765765765766
0 0.9856 0.6882882882882883 0.9996 0.6882882882882883 0.9996 0.572972972972973 0.9856 0.572972972972973 0.9856 0.6882882882882883
0 0.8576 1 0.8576 0.954954954954955 0.8036 0.954954954954955 0.8036 1 0.8576 1
0 0.0584 0.7887387387387388 0.0992 0.7887387387387388 0.0992 0.6959459459459459 0.0584 0.6959459459459459 0.0584 0.7887387387387388
0 0.0368 0.5166666666666667 0.086 0.5166666666666667 0.086 0.42657657657657655 0.0368 0.42657657657657655 0.0368 0.5166666666666667
0 0.0694 0.15495495495495495 0.1158 0.15495495495495495 0.1158 0.055855855855855854 0.0694 0.055855855855855854 0.0694 0.15495495495495495
0 0.0736 0.2585585585585586 0.1188 0.2585585585585586 0.1188 0.18828828828828828 0.0736 0.18828828828828828 0.0736 0.2585585585585586