0 0.8970588235294118 0.9992690058479532 0.995674740484429 0.9992690058479532 0.995674740484429 0.8983918128654971 0.8970588235294118 0.8983918128654971 0.8970588235294118 0.9992690058479532
0 0.7387543252595156 0.6816520467836257 0.825836216839677 0.6816520467836257 0.825836216839677 0.5910087719298246 0.7387543252595156 0.5910087719298246 0.7387543252595156 0.6816520467836257
0 0.7713379469434832 0.4338450292397661 0.8584198385236448 0.4338450292397661 0.8584198385236448 0.34539473684210525 0.7713379469434832 0.34539473684210525 0.7713379469434832 0.4338450292397661
0 0.666955017301038 0.8092105263157895 0.7528835063437139 0.8092105263157895 0.7528835063437139 0.7178362573099415 0.666955017301038 0.7178362573099415 0.666955017301038 0.8092105263157895
0 0.3070934256055363 0.302266081871345 0.3878316032295271 0.302266081871345 0.3878316032295271 0.2225877192982456 0.3070934256055363 0.2225877192982456 0.3070934256055363 0.302266081871345
0 0.8379469434832757 0.48501461988304095 0.9232987312572087 0.48501461988304095 0.9232987312572087 0.4053362573099415 0.8379469434832757 0.4053362573099415 0.8379469434832757 0.48501461988304095
0 0.8546712802768166 0.11842105263157894 0.9388696655132641 0.11842105263157894 0.9388696655132641 0.03216374269005848 0.8546712802768166 0.03216374269005848 0.8546712802768166 0.11842105263157894
0 0.48212226066897346 0.5127923976608187 0.5709342560553633 0.5127923976608187 0.5709342560553633 0.4309210526315789 0.48212226066897346 0.4309210526315789 0.48212226066897346 0.5127923976608187
0 0.10092272202998846 0.7605994152046783 0.17704728950403692 0.7605994152046783 0.17704728950403692 0.6845760233918129 0.10092272202998846 0.6845760233918129 0.10092272202998846 0.7605994152046783
0 0.6929065743944637 0.38084795321637427 0.7736447520184544 0.38084795321637427 0.7736447520184544 0.29312865497076024 0.6929065743944637 0.29312865497076024 0.6929065743944637 0.38084795321637427
0 0.23615916955017302 0.5281432748538012 0.31805074971164937 0.5281432748538012 0.31805074971164937 0.4550438596491228 0.23615916955017302 0.4550438596491228 0.23615916955017302 0.5281432748538012
0 0.3690888119953864 0 0.3690888119953864 0.07894736842105263 0.4463667820069204 0.07894736842105263 0.4463667820069204 0 0.3690888119953864 0
0 0.7673010380622838 0.1871345029239766 0.8497693194925029 0.1871345029239766 0.8497693194925029 0.10526315789473684 0.7673010380622838 0.10526315789473684 0.7673010380622838 0.1871345029239766
0 0.20530565167243367 0.20577485380116958 0.28027681660899656 0.20577485380116958 0.28027681660899656 0.13048245614035087 0.20530565167243367 0.13048245614035087 0.20530565167243367 0.20577485380116958
0 0.6859861591695502 0.13961988304093567 0.7707612456747405 0.13961988304093567 0.7707612456747405 0.0533625730994152 0.6859861591695502 0.0533625730994152 0.6859861591695502 0.13961988304093567
0 0.0002883506343713956 0.23355263157894737 0.06833910034602077 0.23355263157894737 0.06833910034602077 0.15826023391812866 0.0002883506343713956 0.15826023391812866 0.0002883506343713956 0.23355263157894737
0 0.07929642445213379 0.9287280701754386 0.16234140715109574 0.9287280701754386 0.16234140715109574 0.8512426900584795 0.07929642445213379 0.8512426900584795 0.07929642445213379 0.9287280701754386
0 0.7130911188004614 0.9298245614035088 0.8001730103806228 0.9298245614035088 0.8001730103806228 0.841374269005848 0.7130911188004614 0.841374269005848 0.7130911188004614 0.9298245614035088
0 0.3160322952710496 0.13596491228070176 0.3956170703575548 0.13596491228070176 0.3956170703575548 0.0577485380116959 0.3160322952710496 0.0577485380116959 0.3160322952710496 0.13596491228070176
0 0.2889273356401384 0.5836988304093568 0.3690888119953864 0.5836988304093568 0.3690888119953864 0.5054824561403509 0.2889273356401384 0.5054824561403509 0.2889273356401384 0.5836988304093568
0 0.04440599769319493 0.7083333333333334 0.12399077277970011 0.7083333333333334 0.12399077277970011 0.631578947368421 0.04440599769319493 0.631578947368421 0.04440599769319493 0.7083333333333334
0 0.15455594002306805 0.9861111111111112 0.23183391003460208 0.9861111111111112 0.23183391003460208 0.9064327485380117 0.15455594002306805 0.9064327485380117 0.15455594002306805 0.9861111111111112
0 0.10265282583621683 0.6494883040935673 0.17704728950403692 0.6494883040935673 0.17704728950403692 0.5749269005847953 0.10265282583621683 0.5749269005847953 0.10265282583621683 0.6494883040935673
0 0.21251441753171857 0.09247076023391813 0.28921568627450983 0.09247076023391813 0.28921568627450983 0.014985380116959063 0.21251441753171857 0.014985380116959063 0.21251441753171857 0.09247076023391813
0 0.6127450980392157 0.27046783625730997 0.6934832756632064 0.27046783625730997 0.6934832756632064 0.18640350877192982 0.6127450980392157 0.18640350877192982 0.6127450980392157 0.27046783625730997
0 0.1580161476355248 0.8176169590643275 0.2433679354094579 0.8176169590643275 0.2433679354094579 0.7401315789473685 0.1580161476355248 0.7401315789473685 0.1580161476355248 0.8176169590643275
0 0.552479815455594 0.3347953216374269 0.6389850057670127 0.3347953216374269 0.6389850057670127 0.25219298245614036 0.552479815455594 0.25219298245614036 0.552479815455594 0.3347953216374269
0 0.4080161476355248 0.581140350877193 0.48298731257208766 0.581140350877193 0.48298731257208766 0.4963450292397661 0.4080161476355248 0.4963450292397661 0.4080161476355248 0.581140350877193
0 0.17445213379469435 0.3713450292397661 0.24826989619377163 0.3713450292397661 0.24826989619377163 0.29312865497076024 0.17445213379469435 0.29312865497076024 0.17445213379469435 0.3713450292397661
0 0.0002883506343713956 0.07529239766081872 0.06257208765859285 0.07529239766081872 0.06257208765859285 0.0043859649122807015 0.0002883506343713956 0.0043859649122807015 0.0002883506343713956 0.07529239766081872
0 0.5446943483275664 0.5679824561403509 0.6277393310265282 0.5679824561403509 0.6277393310265282 0.48903508771929827 0.5446943483275664 0.48903508771929827 0.5446943483275664 0.5679824561403509
0 0.15340253748558247 0.1608187134502924 0.23125720876585928 0.1608187134502924 0.23125720876585928 0.08114035087719298 0.15340253748558247 0.08114035087719298 0.15340253748558247 0.1608187134502924
0 0.5464244521337946 0.9301900584795322 0.631199538638985 0.9301900584795322 0.631199538638985 0.8453947368421053 0.5464244521337946 0.8453947368421053 0.5464244521337946 0.9301900584795322
0 0.48760092272203 0.8698830409356725 0.567762399077278 0.8698830409356725 0.567762399077278 0.783625730994152 0.48760092272203 0.783625730994152 0.48760092272203 0.8698830409356725
0 0.2635524798154556 0.8135964912280702 0.3489042675893887 0.8135964912280702 0.3489042675893887 0.7353801169590644 0.2635524798154556 0.7353801169590644 0.2635524798154556 0.8135964912280702
0 0.4870242214532872 0.16630116959064328 0.5654555940023068 0.16630116959064328 0.5654555940023068 0.0807748538011696 0.4870242214532872 0.0807748538011696 0.4870242214532872 0.16630116959064328
0 0.10063437139561707 0.11366959064327485 0.1715686274509804 0.11366959064327485 0.1715686274509804 0.034722222222222224 0.10063437139561707 0.034722222222222224 0.10063437139561707 0.11366959064327485
0 0.01182237600922722 0.9279970760233918 0.07641291810841984 0.9279970760233918 0.07641291810841984 0.8519736842105263 0.01182237600922722 0.8519736842105263 0.01182237600922722 0.9279970760233918
0 0.06401384083044982 0.22295321637426901 0.1395617070357555 0.22295321637426901 0.1395617070357555 0.14839181286549707 0.06401384083044982 0.14839181286549707 0.06401384083044982 0.22295321637426901
0 0.12629757785467127 0.32419590643274854 0.19953863898500576 0.32419590643274854 0.19953863898500576 0.2496345029239766 0.12629757785467127 0.2496345029239766 0.12629757785467127 0.32419590643274854
0 0.24653979238754326 0.3651315789473684 0.32324106113033446 0.3651315789473684 0.32324106113033446 0.2883771929824561 0.24653979238754326 0.2883771929824561 0.24653979238754326 0.3651315789473684
0 0.03835063437139562 0.11951754385964912 0.10409457900807381 0.11951754385964912 0.10409457900807381 0.04861111111111111 0.03835063437139562 0.04861111111111111 0.03835063437139562 0.11951754385964912
0 0.2577854671280277 0.25621345029239767 0.3350634371395617 0.25621345029239767 0.3350634371395617 0.18019005847953215 0.2577854671280277 0.18019005847953215 0.2577854671280277 0.25621345029239767
0 0.6637831603229527 0.993421052631579 0.7399077277970012 0.993421052631579 0.7399077277970012 0.9093567251461988 0.6637831603229527 0.9093567251461988 0.6637831603229527 0.993421052631579
0 0.5585351787773933 0.8154239766081871 0.6386966551326413 0.8154239766081871 0.6386966551326413 0.7225877192982456 0.5585351787773933 0.7225877192982456 0.5585351787773933 0.8154239766081871
0 0.15340253748558247 0 0.15340253748558247 0.04678362573099415 0.23241061130334487 0.04678362573099415 0.23241061130334487 0 0.15340253748558247 0
0 0.4284890426758939 1 0.4284890426758939 0.9605263157894737 0.3517877739331027 0.9605263157894737 0.3517877739331027 1 0.4284890426758939 1
0 0.6802191464821222 1 0.6802191464821222 0.9612573099415205 0.595444059976932 0.9612573099415205 0.595444059976932 1 0.6802191464821222 1
0 0.2967128027681661 1 0.2967128027681661 0.9619883040935673 0.21309111880046136 0.9619883040935673 0.21309111880046136 1 0.2967128027681661 1
0 0 0.9820906432748538 0.02422145328719723 0.9820906432748538 0.02422145328719723 0.9294590643274854 0 0.9294590643274854 0 0.9820906432748538
0 0.07958477508650519 1 0.07958477508650519 0.9612573099415205 0.01384083044982699 0.9612573099415205 0.01384083044982699 1 0.07958477508650519 1
0 0.18021914648212226 1 0.18021914648212226 0.9590643274853801 0.10755478662053057 0.9590643274853801 0.10755478662053057 1 0.18021914648212226 1
0 0.8114186851211073 1 0.8114186851211073 0.9671052631578947 0.7301038062283737 0.9671052631578947 0.7301038062283737 1 0.8114186851211073 1