0 0.7778551532033426 0.7811188811188812 0.871866295264624 0.7811188811188812 0.871866295264624 0.7076923076923077 0.7778551532033426 0.7076923076923077 0.7778551532033426 0.7811188811188812
0 0.4268802228412256 0.1465034965034965 0.5062674094707521 0.1465034965034965 0.5062674094707521 0.07517482517482517 0.4268802228412256 0.07517482517482517 0.4268802228412256 0.1465034965034965
0 0.8523676880222841 0.3748251748251748 0.9435933147632312 0.3748251748251748 0.9435933147632312 0.3020979020979021 0.8523676880222841 0.3020979020979021 0.8523676880222841 0.3748251748251748
0 0.6364902506963789 0.3968531468531469 0.7200557103064067 0.3968531468531469 0.7200557103064067 0.3283216783216783 0.6364902506963789 0.3283216783216783 0.6364902506963789 0.3968531468531469
0 0.5034818941504178 0.8898601398601399 0.5947075208913649 0.8898601398601399 0.5947075208913649 0.8073426573426573 0.5034818941504178 0.8073426573426573 0.5034818941504178 0.8898601398601399
0 0.8001392757660167 0.17202797202797201 0.8885793871866295 0.17202797202797201 0.8885793871866295 0.0993006993006993 0.8001392757660167 0.0993006993006993 0.8001392757660167 0.17202797202797201
0 0.0383008356545961 0.6688811188811189 0.11211699164345404 0.6688811188811189 0.11211699164345404 0.6066433566433567 0.0383008356545961 0.6066433566433567 0.0383008356545961 0.6688811188811189
0 0.5630222841225627 0.7895104895104895 0.6535515320334262 0.7895104895104895 0.6535515320334262 0.7167832167832168 0.5630222841225627 0.7167832167832168 0.5630222841225627 0.7895104895104895
0 0.20264623955431754 0.8073426573426573 0.28551532033426186 0.8073426573426573 0.28551532033426186 0.7395104895104895 0.20264623955431754 0.7395104895104895 0.20264623955431754 0.8073426573426573
0 0.5804317548746518 0.5339160839160839 0.666782729805014 0.5339160839160839 0.666782729805014 0.4695804195804196 0.5804317548746518 0.4695804195804196 0.5804317548746518 0.5339160839160839
0 0.29979108635097496 0.9811188811188811 0.38057103064066855 0.9811188811188811 0.38057103064066855 0.9083916083916084 0.29979108635097496 0.9083916083916084 0.29979108635097496 0.9811188811188811
0 0.2402506963788301 0.6678321678321678 0.31824512534818944 0.6678321678321678 0.31824512534818944 0.6013986013986014 0.2402506963788301 0.6013986013986014 0.2402506963788301 0.6678321678321678
0 0.09993036211699165 0.7363636363636363 0.1751392757660167 0.7363636363636363 0.1751392757660167 0.66993006993007 0.09993036211699165 0.66993006993007 0.09993036211699165 0.7363636363636363
0 0.9282729805013927 0.2776223776223776 0.9993036211699164 0.2776223776223776 0.9993036211699164 0.2097902097902098 0.9282729805013927 0.2097902097902098 0.9282729805013927 0.2776223776223776
0 0.09993036211699165 0.5472027972027972 0.1772284122562674 0.5472027972027972 0.1772284122562674 0.48496503496503496 0.09993036211699165 0.48496503496503496 0.09993036211699165 0.5472027972027972
0 0 0.7090909090909091 0.06476323119777158 0.7090909090909091 0.06476323119777158 0.644055944055944 0 0.644055944055944 0 0.7090909090909091
0 0.6880222841225627 0.8178321678321678 0.7785515320334262 0.8178321678321678 0.7785515320334262 0.7395104895104895 0.6880222841225627 0.7395104895104895 0.6880222841225627 0.8178321678321678
0 0.45125348189415043 0.6122377622377623 0.5334261838440112 0.6122377622377623 0.5334261838440112 0.5437062937062938 0.45125348189415043 0.5437062937062938 0.45125348189415043 0.6122377622377623
0 0.3944986072423398 0.5555944055944056 0.47597493036211697 0.5555944055944056 0.47597493036211697 0.4863636363636364 0.3944986072423398 0.4863636363636364 0.3944986072423398 0.5555944055944056
0 0.612116991643454 0.11608391608391608 0.6901114206128134 0.11608391608391608 0.6901114206128134 0.044055944055944055 0.612116991643454 0.044055944055944055 0.612116991643454 0.11608391608391608
0 0.22318941504178272 0.1258741258741259 0.3046657381615599 0.1258741258741259 0.3046657381615599 0.062237762237762236 0.22318941504178272 0.062237762237762236 0.22318941504178272 0.1258741258741259
0 0.01532033426183844 0.4433566433566434 0.09401114206128133 0.4433566433566434 0.09401114206128133 0.3804195804195804 0.01532033426183844 0.3804195804195804 0.01532033426183844 0.4433566433566434
0 0.721100278551532 0.21328671328671328 0.8039693593314763 0.21328671328671328 0.8039693593314763 0.14545454545454545 0.721100278551532 0.14545454545454545 0.721100278551532 0.21328671328671328
0 0.2966573816155989 0.30454545454545456 0.37395543175487467 0.30454545454545456 0.37395543175487467 0.2423076923076923 0.2966573816155989 0.2423076923076923 0.2966573816155989 0.30454545454545456
0 0.3555013927576602 0.40314685314685317 0.4321030640668524 0.40314685314685317 0.4321030640668524 0.3409090909090909 0.3555013927576602 0.3409090909090909 0.3555013927576602 0.40314685314685317
0 0.5229805013927576 0.47692307692307695 0.6023676880222841 0.47692307692307695 0.6023676880222841 0.406993006993007 0.5229805013927576 0.406993006993007 0.5229805013927576 0.47692307692307695
0 0.7022980501392758 0.5545454545454546 0.7879526462395543 0.5545454545454546 0.7879526462395543 0.48671328671328673 0.7022980501392758 0.48671328671328673 0.7022980501392758 0.5545454545454546
0 0.20473537604456823 0.47132867132867134 0.28064066852367686 0.47132867132867134 0.28064066852367686 0.4090909090909091 0.20473537604456823 0.4090909090909091 0.20473537604456823 0.47132867132867134
0 0.3774373259052925 0.6468531468531469 0.4582172701949861 0.6468531468531469 0.4582172701949861 0.5818181818181818 0.3774373259052925 0.5818181818181818 0.3774373259052925 0.6468531468531469
0 0.27959610027855153 0.43846153846153846 0.36385793871866295 0.43846153846153846 0.36385793871866295 0.3741258741258741 0.27959610027855153 0.3741258741258741 0.27959610027855153 0.43846153846153846
0 0.504874651810585 0.7304195804195804 0.5863509749303621 0.7304195804195804 0.5863509749303621 0.6541958041958041 0.504874651810585 0.6541958041958041 0.504874651810585 0.7304195804195804
0 0.38057103064066855 0.1006993006993007 0.45090529247910865 0.1006993006993007 0.45090529247910865 0.02937062937062937 0.38057103064066855 0.02937062937062937 0.38057103064066855 0.1006993006993007
0 0.49268802228412256 0.1048951048951049 0.567200557103064 0.1048951048951049 0.567200557103064 0.038461538461538464 0.49268802228412256 0.038461538461538464 0.49268802228412256 0.1048951048951049
0 0.4735376044568245 0.42202797202797204 0.5571030640668524 0.42202797202797204 0.5571030640668524 0.3548951048951049 0.4735376044568245 0.3548951048951049 0.4735376044568245 0.42202797202797204
0 0.2802924791086351 0.8286713286713286 0.3582869080779944 0.8286713286713286 0.3582869080779944 0.7566433566433567 0.2802924791086351 0.7566433566433567 0.2802924791086351 0.8286713286713286
0 0.6504178272980501 0.4958041958041958 0.7318941504178273 0.4958041958041958 0.7318941504178273 0.42937062937062936 0.6504178272980501 0.42937062937062936 0.6504178272980501 0.4958041958041958
0 0.5104456824512534 0.5734265734265734 0.5954038997214485 0.5734265734265734 0.5954038997214485 0.506993006993007 0.5104456824512534 0.506993006993007 0.5104456824512534 0.5734265734265734
0 0.48363509749303624 0.32972027972027973 0.5637186629526463 0.32972027972027973 0.5637186629526463 0.2590909090909091 0.48363509749303624 0.2590909090909091 0.48363509749303624 0.32972027972027973
0 0.18871866295264625 0.08111888111888112 0.25487465181058494 0.08111888111888112 0.25487465181058494 0.019580419580419582 0.18871866295264625 0.019580419580419582 0.18871866295264625 0.08111888111888112
0 0.39623955431754876 0.4562937062937063 0.4777158774373259 0.4562937062937063 0.4777158774373259 0.39125874125874127 0.39623955431754876 0.39125874125874127 0.39623955431754876 0.4562937062937063
0 0.2837743732590529 0.7237762237762237 0.36176880222841223 0.7237762237762237 0.36176880222841223 0.6587412587412588 0.2837743732590529 0.6587412587412588 0.2837743732590529 0.7237762237762237
0 0.3283426183844011 0.49475524475524474 0.4139972144846797 0.49475524475524474 0.4139972144846797 0.4269230769230769 0.3283426183844011 0.4269230769230769 0.3283426183844011 0.49475524475524474
0 0.6302228412256268 0.3010489510489511 0.7144846796657381 0.3010489510489511 0.7144846796657381 0.2304195804195804 0.6302228412256268 0.2304195804195804 0.6302228412256268 0.3010489510489511
0 0.6639972144846796 0.16538461538461538 0.7482590529247911 0.16538461538461538 0.7482590529247911 0.08986013986013985 0.6639972144846796 0.08986013986013985 0.6639972144846796 0.16538461538461538
0 0.25069637883008355 0.5283216783216783 0.3307799442896936 0.5283216783216783 0.3307799442896936 0.4632867132867133 0.25069637883008355 0.4632867132867133 0.25069637883008355 0.5283216783216783
0 0.44045961002785516 0.2783216783216783 0.5163649025069638 0.2783216783216783 0.5163649025069638 0.2125874125874126 0.44045961002785516 0.2125874125874126 0.44045961002785516 0.2783216783216783
0 0.282033426183844 0.08916083916083917 0.3516713091922006 0.08916083916083917 0.3516713091922006 0.026923076923076925 0.282033426183844 0.026923076923076925 0.282033426183844 0.08916083916083917
0 0.028899721448467967 0.7657342657342657 0.11246518105849582 0.7657342657342657 0.11246518105849582 0.7 0.028899721448467967 0.7 0.028899721448467967 0.7657342657342657
0 0.7392061281337048 0.12342657342657343 0.8248607242339833 0.12342657342657343 0.8248607242339833 0.0513986013986014 0.7392061281337048 0.0513986013986014 0.7392061281337048 0.12342657342657343
0 0.1960306406685237 0.6115384615384616 0.2698467966573816 0.6115384615384616 0.2698467966573816 0.5416083916083916 0.1960306406685237 0.5416083916083916 0.1960306406685237 0.6115384615384616
0 0.5268105849582173 0.993006993006993 0.6152506963788301 0.993006993006993 0.6152506963788301 0.9153846153846154 0.5268105849582173 0.9153846153846154 0.5268105849582173 0.993006993006993
0 0.3631615598885794 0.26678321678321676 0.44045961002785516 0.26678321678321676 0.44045961002785516 0.20454545454545456 0.3631615598885794 0.20454545454545456 0.3631615598885794 0.26678321678321676
0 0.24059888579387187 0.256993006993007 0.32137883008356544 0.256993006993007 0.32137883008356544 0.19055944055944055 0.24059888579387187 0.19055944055944055 0.24059888579387187 0.256993006993007
0 0.7123955431754875 0.35734265734265735 0.8008356545961003 0.35734265734265735 0.8008356545961003 0.2874125874125874 0.7123955431754875 0.2874125874125874 0.7123955431754875 0.35734265734265735
0 0.225974930362117 0.33811188811188814 0.29979108635097496 0.33811188811188814 0.29979108635097496 0.28076923076923077 0.225974930362117 0.28076923076923077 0.225974930362117 0.33811188811188814
0 0.07973537604456825 0.07587412587412587 0.1535515320334262 0.07587412587412587 0.1535515320334262 0.014335664335664336 0.07973537604456825 0.014335664335664336 0.07973537604456825 0.07587412587412587
0 0.23502785515320335 0.920979020979021 0.3185933147632312 0.920979020979021 0.3185933147632312 0.8391608391608392 0.23502785515320335 0.8391608391608392 0.23502785515320335 0.920979020979021
0 0.31441504178272983 0.21993006993006994 0.3896239554317549 0.21993006993006994 0.3896239554317549 0.15489510489510488 0.31441504178272983 0.15489510489510488 0.31441504178272983 0.21993006993006994
0 0.19254874651810586 0.20874125874125873 0.26775766016713093 0.20874125874125873 0.26775766016713093 0.1472027972027972 0.19254874651810586 0.1472027972027972 0.19254874651810586 0.20874125874125873
0 0.7827298050139275 0.31783216783216783 0.8753481894150418 0.31783216783216783 0.8753481894150418 0.2395104895104895 0.7827298050139275 0.2395104895104895 0.7827298050139275 0.31783216783216783
0 0.5661559888579387 0 0.5661559888579387 0.06433566433566433 0.6392757660167131 0.06433566433566433 0.6392757660167131 0 0.5661559888579387 0
0 0.5407381615598886 0.38356643356643355 0.6159470752089137 0.38356643356643355 0.6159470752089137 0.3213286713286713 0.5407381615598886 0.3213286713286713 0.5407381615598886 0.38356643356643355
0 0.6911559888579387 0.07132867132867132 0.7733286908077994 0.07132867132867132 0.7733286908077994 0.004195804195804196 0.6911559888579387 0.004195804195804196 0.6911559888579387 0.07132867132867132
0 0.3112813370473538 1 0.3112813370473538 0.9356643356643357 0.22562674094707522 0.9356643356643357 0.22562674094707522 1 0.3112813370473538 1
0 0.4491643454038997 0 0.4491643454038997 0.05524475524475524 0.5188022284122563 0.05524475524475524 0.5188022284122563 0 0.4491643454038997 0
0 0.33913649025069637 0 0.33913649025069637 0.044755244755244755 0.403899721448468 0.044755244755244755 0.403899721448468 0 0.33913649025069637 0
0 0 0.8307692307692308 0.018105849582172703 0.8307692307692308 0.018105849582172703 0.7804195804195804 0 0.7804195804195804 0 0.8307692307692308
0 0.14415041782729804 0 0.14415041782729804 0.04195804195804196 0.21518105849582173 0.04195804195804196 0.21518105849582173 0 0.14415041782729804 0
0 0 0.734965034965035 0.012534818941504178 0.734965034965035 0.012534818941504178 0.7006993006993008 0 0.7006993006993008 0 0.734965034965035
0 0.23119777158774374 1 0.23119777158774374 0.9776223776223776 0.16991643454038996 0.9776223776223776 0.16991643454038996 1 0.23119777158774374 1
0 0.4178272980501393 1 0.4178272980501393 0.9790209790209791 0.34331476323119775 0.9790209790209791 0.34331476323119775 1 0.4178272980501393 1
0 0.6399721448467967 0 0.6399721448467967 0.024475524475524476 0.7172701949860725 0.024475524475524476 0.7172701949860725 0 0.6399721448467967 0
0 0.5142757660167131 0 0.5142757660167131 0.01888111888111888 0.5846100278551533 0.01888111888111888 0.5846100278551533 0 0.5142757660167131 0
0 0.403899721448468 0 0.403899721448468 0.016083916083916083 0.4623955431754875 0.016083916083916083 0.4623955431754875 0 0.403899721448468 0