0 0.11326530612244898 0.7741013071895425 0.186734693877551 0.7741013071895425 0.186734693877551 0.7038398692810458 0.11326530612244898 0.7038398692810458 0.11326530612244898 0.7741013071895425
0 0.2729591836734694 0.7524509803921569 0.3566326530612245 0.7524509803921569 0.3566326530612245 0.6830065359477124 0.2729591836734694 0.6830065359477124 0.2729591836734694 0.7524509803921569
0 0.13316326530612244 0.17769607843137256 0.225 0.17769607843137256 0.225 0.09926470588235294 0.13316326530612244 0.09926470588235294 0.13316326530612244 0.17769607843137256
0 0.22193877551020408 0.7165032679738562 0.2913265306122449 0.7165032679738562 0.2913265306122449 0.6421568627450981 0.22193877551020408 0.6421568627450981 0.22193877551020408 0.7165032679738562
0 0.3020408163265306 0.6891339869281046 0.3826530612244898 0.6891339869281046 0.3826530612244898 0.6115196078431373 0.3020408163265306 0.6115196078431373 0.3020408163265306 0.6891339869281046
0 0.19438775510204082 0.6372549019607843 0.251530612244898 0.6372549019607843 0.251530612244898 0.5735294117647058 0.19438775510204082 0.5735294117647058 0.19438775510204082 0.6372549019607843
0 0.06989795918367347 0.28104575163398693 0.14744897959183673 0.28104575163398693 0.14744897959183673 0.2107843137254902 0.06989795918367347 0.2107843137254902 0.06989795918367347 0.28104575163398693
0 0.3122448979591837 0.21650326797385622 0.4142857142857143 0.21650326797385622 0.4142857142857143 0.11437908496732026 0.3122448979591837 0.11437908496732026 0.3122448979591837 0.21650326797385622
0 0.27908163265306124 0.32598039215686275 0.3556122448979592 0.32598039215686275 0.3556122448979592 0.2295751633986928 0.27908163265306124 0.2295751633986928 0.27908163265306124 0.32598039215686275
0 0.24285714285714285 0.3631535947712418 0.32040816326530613 0.3631535947712418 0.32040816326530613 0.28799019607843135 0.24285714285714285 0.28799019607843135 0.24285714285714285 0.3631535947712418
0 0.3056122448979592 0.5404411764705882 0.38010204081632654 0.5404411764705882 0.38010204081632654 0.46200980392156865 0.3056122448979592 0.46200980392156865 0.3056122448979592 0.5404411764705882
0 0.2612244897959184 0.44076797385620914 0.33163265306122447 0.44076797385620914 0.33163265306122447 0.37050653594771243 0.2612244897959184 0.37050653594771243 0.2612244897959184 0.44076797385620914
0 0.11479591836734694 0.5053104575163399 0.18010204081632653 0.5053104575163399 0.18010204081632653 0.4464869281045752 0.11479591836734694 0.4464869281045752 0.11479591836734694 0.5053104575163399
0 0.03316326530612245 0.8884803921568627 0.11785714285714285 0.8884803921568627 0.11785714285714285 0.8214869281045751 0.03316326530612245 0.8214869281045751 0.03316326530612245 0.8884803921568627
0 0.015306122448979591 0.24101307189542484 0.10408163265306122 0.24101307189542484 0.10408163265306122 0.16666666666666666 0.015306122448979591 0.16666666666666666 0.015306122448979591 0.24101307189542484
0 0.16683673469387755 0.698937908496732 0.2239795918367347 0.698937908496732 0.2239795918367347 0.627859477124183 0.16683673469387755 0.627859477124183 0.16683673469387755 0.698937908496732
0 0.25051020408163266 0.571078431372549 0.338265306122449 0.571078431372549 0.338265306122449 0.5024509803921569 0.25051020408163266 0.5024509803921569 0.25051020408163266 0.571078431372549
0 0.05 0.3443627450980392 0.12142857142857143 0.3443627450980392 0.12142857142857143 0.2790032679738562 0.05 0.2790032679738562 0.05 0.3443627450980392
0 0.26479591836734695 0.22834967320261437 0.32908163265306123 0.22834967320261437 0.32908163265306123 0.1482843137254902 0.26479591836734695 0.1482843137254902 0.26479591836734695 0.22834967320261437
0 0.35867346938775513 0.4035947712418301 0.40561224489795916 0.4035947712418301 0.40561224489795916 0.3300653594771242 0.35867346938775513 0.3300653594771242 0.35867346938775513 0.4035947712418301
0 0.07295918367346939 0.681781045751634 0.13214285714285715 0.681781045751634 0.13214285714285715 0.6237745098039216 0.07295918367346939 0.6237745098039216 0.07295918367346939 0.681781045751634
0 0.1239795918367347 0.6928104575163399 0.1719387755102041 0.6928104575163399 0.1719387755102041 0.6331699346405228 0.1239795918367347 0.6331699346405228 0.1239795918367347 0.6928104575163399
0 0.34591836734693876 0.32230392156862747 0.41836734693877553 0.32230392156862747 0.41836734693877553 0.2136437908496732 0.34591836734693876 0.2136437908496732 0.34591836734693876 0.32230392156862747
0 0.24897959183673468 0.6478758169934641 0.3142857142857143 0.6478758169934641 0.3142857142857143 0.5727124183006536 0.24897959183673468 0.5727124183006536 0.24897959183673468 0.6478758169934641
0 0.1336734693877551 0.6262254901960784 0.19591836734693877 0.6262254901960784 0.19591836734693877 0.5649509803921569 0.1336734693877551 0.5649509803921569 0.1336734693877551 0.6262254901960784
0 0.17295918367346938 0.571078431372549 0.2229591836734694 0.571078431372549 0.2229591836734694 0.511437908496732 0.17295918367346938 0.511437908496732 0.17295918367346938 0.571078431372549
0 0 0.42687908496732024 0.07142857142857142 0.42687908496732024 0.07142857142857142 0.372140522875817 0 0.372140522875817 0 0.42687908496732024
0 0.24183673469387756 0.49387254901960786 0.3163265306122449 0.49387254901960786 0.3163265306122449 0.4195261437908497 0.24183673469387756 0.4195261437908497 0.24183673469387756 0.49387254901960786
0 0.1086734693877551 0.3570261437908497 0.18010204081632653 0.3570261437908497 0.18010204081632653 0.2826797385620915 0.1086734693877551 0.2826797385620915 0.1086734693877551 0.3570261437908497
0 0.17806122448979592 0.36233660130718953 0.24642857142857144 0.36233660130718953 0.24642857142857144 0.28799019607843135 0.17806122448979592 0.28799019607843135 0.17806122448979592 0.36233660130718953
0 0.16887755102040816 0.5024509803921569 0.225 0.5024509803921569 0.225 0.44607843137254904 0.16887755102040816 0.44607843137254904 0.16887755102040816 0.5024509803921569
0 0.11683673469387755 0.5600490196078431 0.175 0.5600490196078431 0.175 0.5102124183006536 0.11683673469387755 0.5102124183006536 0.11683673469387755 0.5600490196078431
0 0.17244897959183675 0.45098039215686275 0.22959183673469388 0.45098039215686275 0.22959183673469388 0.38235294117647056 0.17244897959183675 0.38235294117647056 0.17244897959183675 0.45098039215686275
0 0.33622448979591835 0 0.33622448979591835 0.0727124183006536 0.42397959183673467 0.0727124183006536 0.42397959183673467 0 0.33622448979591835 0
0 0.1663265306122449 0.25735294117647056 0.2510204081632653 0.25735294117647056 0.2510204081632653 0.1650326797385621 0.1663265306122449 0.1650326797385621 0.1663265306122449 0.25735294117647056
0 0.21071428571428572 0.43218954248366015 0.26785714285714285 0.43218954248366015 0.26785714285714285 0.36437908496732024 0.21071428571428572 0.36437908496732024 0.21071428571428572 0.43218954248366015
0 0 0.8435457516339869 0.04795918367346939 0.8435457516339869 0.04795918367346939 0.7855392156862745 0 0.7855392156862745 0 0.8435457516339869
0 0.23979591836734693 0.08251633986928104 0.3020408163265306 0.08251633986928104 0.3020408163265306 0.0024509803921568627 0.23979591836734693 0.0024509803921568627 0.23979591836734693 0.08251633986928104
0 0.28622448979591836 0.13562091503267973 0.35051020408163264 0.13562091503267973 0.35051020408163264 0.06045751633986928 0.28622448979591836 0.06045751633986928 0.28622448979591836 0.13562091503267973
0 0.08418367346938775 0.41217320261437906 0.13622448979591836 0.41217320261437906 0.13622448979591836 0.3533496732026144 0.08418367346938775 0.3533496732026144 0.08418367346938775 0.41217320261437906
0 0.05 0.4730392156862745 0.12551020408163266 0.4730392156862745 0.12551020408163266 0.4158496732026144 0.05 0.4158496732026144 0.05 0.4730392156862745
0 0.28877551020408165 0 0.28877551020408165 0.05065359477124183 0.3438775510204082 0.05065359477124183 0.3438775510204082 0 0.28877551020408165 0
0 0.32551020408163267 0.4505718954248366 0.39183673469387753 0.4505718954248366 0.39183673469387753 0.3737745098039216 0.32551020408163267 0.3737745098039216 0.32551020408163267 0.4505718954248366
0 0.0005102040816326531 0.26348039215686275 0.039285714285714285 0.26348039215686275 0.039285714285714285 0.22263071895424835 0.0005102040816326531 0.22263071895424835 0.0005102040816326531 0.26348039215686275
0 0 0.7185457516339869 0.024489795918367346 0.7185457516339869 0.024489795918367346 0.6662581699346405 0 0.6662581699346405 0 0.7185457516339869
0 0.21326530612244898 0.5604575163398693 0.25918367346938775 0.5604575163398693 0.25918367346938775 0.5081699346405228 0.21326530612244898 0.5081699346405228 0.21326530612244898 0.5604575163398693
0 0 0.3145424836601307 0.0653061224489796 0.3145424836601307 0.0653061224489796 0.25 0 0.25 0 0.3145424836601307
0 0.2163265306122449 0.502859477124183 0.2642857142857143 0.502859477124183 0.2642857142857143 0.4456699346405229 0.2163265306122449 0.4456699346405229 0.2163265306122449 0.502859477124183
0 0 0.20915032679738563 0.03775510204081633 0.20915032679738563 0.03775510204081633 0.1454248366013072 0 0.1454248366013072 0 0.20915032679738563
0 0.09846938775510204 0.5931372549019608 0.14846938775510204 0.5931372549019608 0.14846938775510204 0.5465686274509803 0.09846938775510204 0.5465686274509803 0.09846938775510204 0.5931372549019608
0 0.22040816326530613 0.28104575163398693 0.286734693877551 0.28104575163398693 0.286734693877551 0.190359477124183 0.22040816326530613 0.190359477124183 0.22040816326530613 0.28104575163398693
0 0.00816326530612245 0 0.00816326530612245 0.04330065359477124 0.08877551020408163 0.04330065359477124 0.08877551020408163 0 0.00816326530612245 0
0 0.025 0.6282679738562091 0.10663265306122449 0.6282679738562091 0.10663265306122449 0.5702614379084967 0.025 0.5702614379084967 0.025 0.6282679738562091
0 0 0.15236928104575165 0.015306122448979591 0.15236928104575165 0.015306122448979591 0.11233660130718955 0 0.11233660130718955 0 0.15236928104575165
0 0.013775510204081633 0.9464869281045751 0.09540816326530613 0.9464869281045751 0.09540816326530613 0.883578431372549 0.013775510204081633 0.883578431372549 0.013775510204081633 0.9464869281045751
0 0 0.6519607843137255 0.0326530612244898 0.6519607843137255 0.0326530612244898 0.5988562091503268 0 0.5988562091503268 0 0.6519607843137255
0 0.0005102040816326531 0.5669934640522876 0.012755102040816327 0.5669934640522876 0.012755102040816327 0.5212418300653595 0.0005102040816326531 0.5212418300653595 0.0005102040816326531 0.5669934640522876
0 0.02142857142857143 0.5588235294117647 0.07755102040816327 0.5588235294117647 0.07755102040816327 0.5073529411764706 0.02142857142857143 0.5073529411764706 0.02142857142857143 0.5588235294117647
0 0.036734693877551024 1 0.036734693877551024 0.9419934640522876 0 0.9419934640522876 0 1 0.036734693877551024 1
0 0.13163265306122449 0.42606209150326796 0.17448979591836736 0.42606209150326796 0.17448979591836736 0.3713235294117647 0.13163265306122449 0.3713235294117647 0.13163265306122449 0.42606209150326796
0 0 0.9362745098039216 0.013265306122448979 0.9362745098039216 0.013265306122448979 0.8848039215686274 0 0.8848039215686274 0 0.9362745098039216
0 0.14438775510204083 0.37826797385620914 0.19438775510204082 0.37826797385620914 0.19438775510204082 0.30637254901960786 0.14438775510204083 0.30637254901960786 0.14438775510204083 0.37826797385620914
0 0.0760204081632653 0 0.0760204081632653 0.03758169934640523 0.15255102040816326 0.03758169934640523 0.15255102040816326 0 0.0760204081632653 0
0 0.010714285714285714 0.3700980392156863 0.07397959183673469 0.3700980392156863 0.07397959183673469 0.31781045751633985 0.010714285714285714 0.31781045751633985 0.010714285714285714 0.3700980392156863
0 0.019387755102040816 0.6952614379084967 0.07551020408163266 0.6952614379084967 0.07551020408163266 0.6470588235294118 0.019387755102040816 0.6470588235294118 0.019387755102040816 0.6952614379084967
0 0 0.3639705882352941 0.030612244897959183 0.3639705882352941 0.030612244897959183 0.3125 0 0.3125 0 0.3639705882352941
0 0.05918367346938776 0.548202614379085 0.12142857142857143 0.548202614379085 0.12142857142857143 0.49019607843137253 0.05918367346938776 0.49019607843137253 0.05918367346938776 0.548202614379085
0 0.045408163265306126 0.758578431372549 0.1096938775510204 0.758578431372549 0.1096938775510204 0.6973039215686274 0.045408163265306126 0.6973039215686274 0.045408163265306126 0.758578431372549
0 0.013775510204081633 0.502859477124183 0.04846938775510204 0.502859477124183 0.04846938775510204 0.46200980392156865 0.013775510204081633 0.46200980392156865 0.013775510204081633 0.502859477124183
0 0.35816326530612247 0.5988562091503268 0.39387755102040817 0.5988562091503268 0.39387755102040817 0.48447712418300654 0.35816326530612247 0.48447712418300654 0.35816326530612247 0.5988562091503268
0 0.009693877551020408 0.5718954248366013 0.04846938775510204 0.5718954248366013 0.04846938775510204 0.5351307189542484 0.009693877551020408 0.5351307189542484 0.009693877551020408 0.5718954248366013
0 0 0.5183823529411765 0.025510204081632654 0.5183823529411765 0.025510204081632654 0.4832516339869281 0 0.4832516339869281 0 0.5183823529411765
0 0.11173469387755101 1 0.11173469387755101 0.9803921568627451 0.05969387755102041 0.9803921568627451 0.05969387755102041 1 0.11173469387755101 1
0 0.039285714285714285 0.49264705882352944 0.08010204081632653 0.49264705882352944 0.08010204081632653 0.45179738562091504 0.039285714285714285 0.45179738562091504 0.039285714285714285 0.49264705882352944
0 0.0005102040816326531 0.5191993464052288 0.027040816326530614 0.5191993464052288 0.027040816326530614 0.46772875816993464 0.0005102040816326531 0.46772875816993464 0.0005102040816326531 0.5191993464052288
0 0.08010204081632653 0.5416666666666666 0.1239795918367347 0.5416666666666666 0.1239795918367347 0.4812091503267974 0.08010204081632653 0.4812091503267974 0.08010204081632653 0.5416666666666666
0 0.003061224489795918 0.7103758169934641 0.027551020408163266 0.7103758169934641 0.027551020408163266 0.6662581699346405 0.003061224489795918 0.6662581699346405 0.003061224489795918 0.7103758169934641
0 0.0035714285714285713 0.04370915032679738 0.14846938775510204 0.04370915032679738 0.14846938775510204 0.0004084967320261438 0.0035714285714285713 0.0004084967320261438 0.0035714285714285713 0.04370915032679738
0 0.7979591836734694 0.4334150326797386 0.889795918367347 0.4334150326797386 0.889795918367347 0.31086601307189543 0.7979591836734694 0.31086601307189543 0.7979591836734694 0.4334150326797386
0 0.002551020408163265 0.7549019607843137 0.049489795918367344 0.7549019607843137 0.049489795918367344 0.7075163398692811 0.002551020408163265 0.7075163398692811 0.002551020408163265 0.7549019607843137
0 0.0005102040816326531 0.3680555555555556 0.050510204081632655 0.3680555555555556 0.050510204081632655 0.31495098039215685 0.0005102040816326531 0.31495098039215685 0.0005102040816326531 0.3680555555555556