0 0.7692307692307693 0.6861167002012073 0.8677298311444653 0.6861167002012073 0.8677298311444653 0.5583501006036218 0.7692307692307693 0.5583501006036218 0.7692307692307693 0.6861167002012073
0 0.02345215759849906 0.5140845070422535 0.13414634146341464 0.5140845070422535 0.13414634146341464 0.3933601609657948 0.02345215759849906 0.3933601609657948 0.02345215759849906 0.5140845070422535
0 0.9207317073170732 0.6519114688128773 0.9995309568480301 0.6519114688128773 0.9995309568480301 0.5291750503018109 0.9207317073170732 0.5291750503018109 0.9207317073170732 0.6519114688128773
0 0.6899624765478424 0.7600603621730382 0.7922138836772983 0.7600603621730382 0.7922138836772983 0.6262575452716298 0.6899624765478424 0.6262575452716298 0.6899624765478424 0.7600603621730382
0 0.5023452157598499 0.9984909456740443 0.6167917448405253 0.9984909456740443 0.6167917448405253 0.8767605633802817 0.5023452157598499 0.8767605633802817 0.5023452157598499 0.9984909456740443
0 0.01547842401500938 0.7927565392354124 0.13649155722326453 0.7927565392354124 0.13649155722326453 0.6609657947686117 0.01547842401500938 0.6609657947686117 0.01547842401500938 0.7927565392354124
0 0.36679174484052535 0.5467806841046278 0.4699812382739212 0.5467806841046278 0.4699812382739212 0.42505030181086517 0.36679174484052535 0.42505030181086517 0.36679174484052535 0.5467806841046278
0 0.7678236397748592 0.28420523138833 0.8588180112570356 0.28420523138833 0.8588180112570356 0.16348088531187122 0.7678236397748592 0.16348088531187122 0.7678236397748592 0.28420523138833
0 0.2926829268292683 0.9109657947686117 0.40619136960600377 0.9109657947686117 0.40619136960600377 0.7721327967806841 0.2926829268292683 0.7721327967806841 0.2926829268292683 0.9109657947686117
0 0.15525328330206378 0.363682092555332 0.2584427767354597 0.363682092555332 0.2584427767354597 0.2459758551307847 0.15525328330206378 0.2459758551307847 0.15525328330206378 0.363682092555332
0 0.5698874296435272 0.5674044265593562 0.674015009380863 0.5674044265593562 0.674015009380863 0.44064386317907445 0.5698874296435272 0.44064386317907445 0.5698874296435272 0.5674044265593562
0 0.06848030018761726 0.6272635814889336 0.1772983114446529 0.6272635814889336 0.1772983114446529 0.5005030181086519 0.06848030018761726 0.5005030181086519 0.06848030018761726 0.6272635814889336
0 0.9085365853658537 0.8028169014084507 0.9995309568480301 0.8028169014084507 0.9995309568480301 0.6871227364185111 0.9085365853658537 0.6871227364185111 0.9085365853658537 0.8028169014084507
0 0.3123827392120075 0.2766599597585513 0.4071294559099437 0.2766599597585513 0.4071294559099437 0.17002012072434608 0.3123827392120075 0.17002012072434608 0.3123827392120075 0.2766599597585513
0 0.21951219512195122 0.28269617706237427 0.3170731707317073 0.28269617706237427 0.3170731707317073 0.16398390342052313 0.21951219512195122 0.16398390342052313 0.21951219512195122 0.28269617706237427
0 0.8198874296435272 0.9989939637826962 0.9230769230769231 0.9989939637826962 0.9230769230769231 0.8752515090543259 0.8198874296435272 0.8752515090543259 0.8198874296435272 0.9989939637826962
0 0.6013133208255159 0.8777665995975855 0.7091932457786116 0.8777665995975855 0.7091932457786116 0.7328973843058351 0.6013133208255159 0.7328973843058351 0.6013133208255159 0.8777665995975855
0 0.8705440900562852 0.27062374245472837 0.9671669793621013 0.27062374245472837 0.9671669793621013 0.15090543259557343 0.8705440900562852 0.15090543259557343 0.8705440900562852 0.27062374245472837
0 0.674953095684803 0.39285714285714285 0.7687617260787992 0.39285714285714285 0.7687617260787992 0.28319919517102615 0.674953095684803 0.28319919517102615 0.674953095684803 0.39285714285714285
0 0.9432457786116323 0.3284708249496982 0.9995309568480301 0.3284708249496982 0.9995309568480301 0.20975855130784707 0.9432457786116323 0.20975855130784707 0.9432457786116323 0.3284708249496982
0 0.7898686679174484 0.4336016096579477 0.8855534709193246 0.4336016096579477 0.8855534709193246 0.3148893360160966 0.7898686679174484 0.3148893360160966 0.7898686679174484 0.4336016096579477
0 0.8592870544090057 0.505533199195171 0.9540337711069419 0.505533199195171 0.9540337711069419 0.391851106639839 0.8592870544090057 0.391851106639839 0.8592870544090057 0.505533199195171
0 0.8696060037523452 0.38480885311871227 0.9643527204502814 0.38480885311871227 0.9643527204502814 0.27414486921529174 0.8696060037523452 0.27414486921529174 0.8696060037523452 0.38480885311871227
0 0.06285178236397748 0.3827967806841046 0.16416510318949343 0.3827967806841046 0.16416510318949343 0.25704225352112675 0.06285178236397748 0.25704225352112675 0.06285178236397748 0.3827967806841046
0 0.4455909943714822 0.21680080482897385 0.5375234521575984 0.21680080482897385 0.5375234521575984 0.10412474849094568 0.4455909943714822 0.10412474849094568 0.4455909943714822 0.21680080482897385
0 1 0.7967806841046278 0.900562851782364 0.7967806841046278 0.900562851782364 0.9285714285714286 1 0.9285714285714286 1 0.7967806841046278
0 0.7270168855534709 0.18661971830985916 0.8180112570356473 0.18661971830985916 0.8180112570356473 0.07494969818913481 0.7270168855534709 0.07494969818913481 0.7270168855534709 0.18661971830985916
0 0.46810506566604126 0.7826961770623743 0.574108818011257 0.7826961770623743 0.574108818011257 0.6408450704225352 0.46810506566604126 0.6408450704225352 0.46810506566604126 0.7826961770623743
0 0.5548780487804879 0.26458752515090544 0.6421200750469043 0.26458752515090544 0.6421200750469043 0.14989939637826963 0.5548780487804879 0.14989939637826963 0.5548780487804879 0.26458752515090544
0 0.3447467166979362 0.38983903420523136 0.44887429643527205 0.38983903420523136 0.44887429643527205 0.267102615694165 0.3447467166979362 0.267102615694165 0.3447467166979362 0.38983903420523136
0 0.027673545966228893 0.27062374245472837 0.1177298311444653 0.27062374245472837 0.1177298311444653 0.158953722334004 0.027673545966228893 0.158953722334004 0.027673545966228893 0.27062374245472837
0 0.6782363977485929 0.27816901408450706 0.7682926829268293 0.27816901408450706 0.7682926829268293 0.16549295774647887 0.6782363977485929 0.16549295774647887 0.6782363977485929 0.27816901408450706
0 0.46669793621013134 0.37474849094567403 0.5642589118198874 0.37474849094567403 0.5642589118198874 0.26106639839034207 0.46669793621013134 0.26106639839034207 0.46669793621013134 0.37474849094567403
0 0.26641651031894936 0.18158953722334004 0.3696060037523452 0.18158953722334004 0.3696060037523452 0.05985915492957746 0.26641651031894936 0.05985915492957746 0.26641651031894936 0.18158953722334004
0 0.43949343339587243 0.48490945674044267 0.5464352720450282 0.48490945674044267 0.5464352720450282 0.358148893360161 0.43949343339587243 0.358148893360161 0.43949343339587243 0.48490945674044267
0 0 0.6966800804828974 0.08536585365853659 0.6966800804828974 0.08536585365853659 0.5658953722334004 0 0.5658953722334004 0 0.6966800804828974
0 0.48358348968105064 0.6463782696177063 0.5895872420262664 0.6463782696177063 0.5895872420262664 0.5296780684104627 0.48358348968105064 0.5296780684104627 0.48358348968105064 0.6463782696177063
0 0.624765478424015 0.2062374245472837 0.7185741088180112 0.2062374245472837 0.7185741088180112 0.08551307847082495 0.624765478424015 0.08551307847082495 0.624765478424015 0.2062374245472837
0 0.6041275797373359 0.3365191146881288 0.701688555347092 0.3365191146881288 0.701688555347092 0.22585513078470826 0.6041275797373359 0.22585513078470826 0.6041275797373359 0.3365191146881288
0 0.7833020637898687 0.5648893360160966 0.8761726078799249 0.5648893360160966 0.8761726078799249 0.4582494969818913 0.7833020637898687 0.4582494969818913 0.7833020637898687 0.5648893360160966
0 0.5872420262664165 0.4471830985915493 0.6885553470919324 0.4471830985915493 0.6885553470919324 0.33249496981891347 0.5872420262664165 0.33249496981891347 0.5872420262664165 0.4471830985915493
0 0.44183864915572235 0.9300804828973843 0.5525328330206379 0.9300804828973843 0.5525328330206379 0.795271629778672 0.44183864915572235 0.795271629778672 0.44183864915572235 0.9300804828973843
0 0.0698874296435272 0.17655935613682092 0.17589118198874296 0.17655935613682092 0.17589118198874296 0.07092555331991952 0.0698874296435272 0.07092555331991952 0.0698874296435272 0.17655935613682092
0 0.41181988742964354 0.31086519114688127 0.5084427767354597 0.31086519114688127 0.5084427767354597 0.193158953722334 0.41181988742964354 0.193158953722334 0.41181988742964354 0.31086519114688127
0 0 0.1841046277665996 0.075046904315197 0.1841046277665996 0.075046904315197 0.08450704225352113 0 0.08450704225352113 0 0.1841046277665996
0 0.10975609756097561 0.2731388329979879 0.2129455909943715 0.2731388329979879 0.2129455909943715 0.16348088531187122 0.10975609756097561 0.16348088531187122 0.10975609756097561 0.2731388329979879
0 0 0.34356136820925554 0.05065666041275797 0.34356136820925554 0.05065666041275797 0.22183098591549297 0 0.22183098591549297 0 0.34356136820925554
0 0.951688555347092 0.5357142857142857 0.9995309568480301 0.5357142857142857 0.9995309568480301 0.42806841046277666 0.951688555347092 0.42806841046277666 0.951688555347092 0.5357142857142857
0 0.17870544090056284 0.18209255533199195 0.2706378986866792 0.18209255533199195 0.2706378986866792 0.07645875251509054 0.17870544090056284 0.07645875251509054 0.17870544090056284 0.18209255533199195
0 0.8189493433395872 0.1966800804828974 0.9024390243902439 0.1966800804828974 0.9024390243902439 0.0880281690140845 0.8189493433395872 0.0880281690140845 0.8189493433395872 0.1966800804828974
0 0.3771106941838649 0.17857142857142858 0.4652908067542214 0.17857142857142858 0.4652908067542214 0.07293762575452717 0.3771106941838649 0.07293762575452717 0.3771106941838649 0.17857142857142858
0 0.9423076923076923 0.19466800804828974 0.9995309568480301 0.19466800804828974 0.9995309568480301 0.08199195171026157 0.9423076923076923 0.08199195171026157 0.9423076923076923 0.19466800804828974
0 0 0.8812877263581489 0.03470919324577861 0.8812877263581489 0.03470919324577861 0.7645875251509054 0 0.7645875251509054 0 0.8812877263581489
0 0.2682926829268293 0.3797786720321932 0.35365853658536583 0.3797786720321932 0.35365853658536583 0.2711267605633803 0.2682926829268293 0.2711267605633803 0.2682926829268293 0.3797786720321932
0 0 0.22183098591549297 0.0150093808630394 0.22183098591549297 0.0150093808630394 0.15845070422535212 0 0.15845070422535212 0 0.22183098591549297
0 0.9892120075046904 0.7027162977867203 0.9995309568480301 0.7027162977867203 0.9995309568480301 0.6282696177062375 0.9892120075046904 0.6282696177062375 0.9892120075046904 0.7027162977867203
0 0 0.46730382293762573 0.009380863039399626 0.46730382293762573 0.009380863039399626 0.39587525150905434 0 0.39587525150905434 0 0.46730382293762573