0 0.6542261251372119 0.5043352601156069 0.7557628979143798 0.5043352601156069 0.7557628979143798 0.38078034682080925 0.6542261251372119 0.38078034682080925 0.6542261251372119 0.5043352601156069
0 0.5998902305159166 0.8735549132947977 0.6893523600439078 0.8735549132947977 0.6893523600439078 0.7145953757225434 0.5998902305159166 0.7145953757225434 0.5998902305159166 0.8735549132947977
0 0.3704720087815587 0.28395953757225434 0.4588364434687157 0.28395953757225434 0.4588364434687157 0.18063583815028902 0.3704720087815587 0.18063583815028902 0.3704720087815587 0.28395953757225434
0 0.09083424807903402 0.3616329479768786 0.17096597145993414 0.3616329479768786 0.17096597145993414 0.26192196531791906 0.09083424807903402 0.26192196531791906 0.09083424807903402 0.3616329479768786
0 0.45115257958287597 0.7207369942196532 0.5450054884742042 0.7207369942196532 0.5450054884742042 0.6145231213872833 0.45115257958287597 0.6145231213872833 0.45115257958287597 0.7207369942196532
0 0.4327661909989023 0.45375722543352603 0.5167398463227223 0.45375722543352603 0.5167398463227223 0.3598265895953757 0.4327661909989023 0.3598265895953757 0.4327661909989023 0.45375722543352603
0 0.5658616904500549 0.22796242774566475 0.6525795828759605 0.22796242774566475 0.6525795828759605 0.09429190751445087 0.5658616904500549 0.09429190751445087 0.5658616904500549 0.22796242774566475
0 0.07628979143798024 0.9486994219653179 0.15642151481888036 0.9486994219653179 0.15642151481888036 0.8395953757225434 0.07628979143798024 0.8395953757225434 0.07628979143798024 0.9486994219653179
0 0.040340285400658614 0.29190751445086704 0.1155323819978046 0.29190751445086704 0.1155323819978046 0.1936416184971098 0.040340285400658614 0.1936416184971098 0.040340285400658614 0.29190751445086704
0 0.20197585071350166 0.48916184971098264 0.28210757409440174 0.48916184971098264 0.28210757409440174 0.37789017341040465 0.20197585071350166 0.37789017341040465 0.20197585071350166 0.48916184971098264
0 0.3367178924259056 0.1954479768786127 0.4113611416026345 0.1954479768786127 0.4113611416026345 0.07695086705202313 0.3367178924259056 0.07695086705202313 0.3367178924259056 0.1954479768786127
0 0.38611416026344675 0.6268063583815029 0.4783205268935236 0.6268063583815029 0.4783205268935236 0.5213150289017341 0.38611416026344675 0.5213150289017341 0.38611416026344675 0.6268063583815029
0 0.5109769484083425 0.8901734104046243 0.5911086717892426 0.8901734104046243 0.5911086717892426 0.7615606936416185 0.5109769484083425 0.7615606936416185 0.5109769484083425 0.8901734104046243
0 0.46789242590559826 0.9992774566473989 0.5562568605927553 0.9992774566473989 0.5562568605927553 0.9096820809248555 0.46789242590559826 0.9096820809248555 0.46789242590559826 0.9992774566473989
0 0.1256860592755214 0.541907514450867 0.21185510428100987 0.541907514450867 0.21185510428100987 0.4479768786127168 0.1256860592755214 0.4479768786127168 0.1256860592755214 0.541907514450867
0 0.29610318331503843 0.09790462427745665 0.3800768386388584 0.09790462427745665 0.3800768386388584 0.0018063583815028901 0.29610318331503843 0.0018063583815028901 0.29610318331503843 0.09790462427745665
0 0.0982436882546652 0.7904624277456648 0.17508232711306257 0.7904624277456648 0.17508232711306257 0.684971098265896 0.0982436882546652 0.684971098265896 0.0982436882546652 0.7904624277456648
0 0.20911086717892427 0.37608381502890176 0.29198682766191 0.37608381502890176 0.29198682766191 0.2778179190751445 0.20911086717892427 0.2778179190751445 0.20911086717892427 0.37608381502890176
0 0 0.233742774566474 0.0433589462129528 0.233742774566474 0.0433589462129528 0.14559248554913296 0 0.14559248554913296 0 0.233742774566474
0 0.16849615806805707 0 0.16849615806805707 0.07297687861271676 0.24039517014270034 0.07297687861271676 0.24039517014270034 0 0.16849615806805707 0
0 0.021130625686059275 0 0.021130625686059275 0.08598265895953758 0.10290889132821075 0.08598265895953758 0.10290889132821075 0 0.021130625686059275 0
0 0.2066410537870472 0.1958092485549133 0.27908891328210755 0.1958092485549133 0.27908891328210755 0.08670520231213873 0.2066410537870472 0.08670520231213873 0.2066410537870472 0.1958092485549133
0 0 0.1416184971098266 0.042810098792535674 0.1416184971098266 0.042810098792535674 0.05346820809248555 0 0.05346820809248555 0 0.1416184971098266
0 0.2524698133918771 0.28395953757225434 0.3227222832052689 0.28395953757225434 0.3227222832052689 0.17341040462427745 0.2524698133918771 0.17341040462427745 0.2524698133918771 0.28395953757225434
0 0.0982436882546652 0 0.0982436882546652 0.05057803468208093 0.1668496158068057 0.05057803468208093 0.1668496158068057 0 0.0982436882546652 0
0 0 0.32008670520231214 0.023600439077936335 0.32008670520231214 0.023600439077936335 0.24277456647398843 0 0.24277456647398843 0 0.32008670520231214
0 0.00027442371020856203 0.029985549132947976 0.009604829857299671 0.029985549132947976 0.009604829857299671 0.000361271676300578 0.00027442371020856203 0.000361271676300578 0.00027442371020856203 0.029985549132947976
0 0.27442371020856204 0.019508670520231215 0.32821075740944017 0.019508670520231215 0.32821075740944017 0.000722543352601156 0.27442371020856204 0.000722543352601156 0.27442371020856204 0.019508670520231215