0 0.5647639956092206 0.37463872832369943 0.6635565312843029 0.37463872832369943 0.6635565312843029 0.2684248554913295 0.5647639956092206 0.2684248554913295 0.5647639956092206 0.37463872832369943
0 0.4297475301866081 0.27528901734104044 0.5153677277716795 0.27528901734104044 0.5153677277716795 0.1611271676300578 0.4297475301866081 0.1611271676300578 0.4297475301866081 0.27528901734104044
0 0.6147091108671789 0.9996387283236994 0.7063666300768386 0.9996387283236994 0.7063666300768386 0.9042630057803468 0.6147091108671789 0.9042630057803468 0.6147091108671789 0.9996387283236994
0 0.5551591657519209 0 0.5551591657519209 0.09176300578034682 0.6418770581778266 0.09176300578034682 0.6418770581778266 0 0.5551591657519209 0
0 0.22777167947310648 0.46278901734104044 0.31229418221734356 0.46278901734104044 0.31229418221734356 0.3609104046242775 0.22777167947310648 0.3609104046242775 0.22777167947310648 0.46278901734104044
0 0.0570801317233809 0.27528901734104044 0.13666300768386389 0.27528901734104044 0.13666300768386389 0.18208092485549132 0.0570801317233809 0.18208092485549132 0.0570801317233809 0.27528901734104044
0 0.22694840834248078 0.7153179190751445 0.2999451152579583 0.7153179190751445 0.2999451152579583 0.596820809248555 0.22694840834248078 0.596820809248555 0.22694840834248078 0.7153179190751445
0 0.12047200878155873 0.666907514450867 0.1978594950603732 0.666907514450867 0.1978594950603732 0.5773121387283237 0.12047200878155873 0.5773121387283237 0.12047200878155873 0.666907514450867
0 0.03238199780461032 0.5021676300578035 0.11031833150384193 0.5021676300578035 0.11031833150384193 0.3952312138728324 0.03238199780461032 0.3952312138728324 0.03238199780461032 0.5021676300578035
0 0.3092755214050494 0.8294797687861272 0.37897914379802417 0.8294797687861272 0.37897914379802417 0.7174855491329479 0.3092755214050494 0.7174855491329479 0.3092755214050494 0.8294797687861272
0 0.07930845225027443 0.12463872832369942 0.15340285400658618 0.12463872832369942 0.15340285400658618 0.0328757225433526 0.07930845225027443 0.0328757225433526 0.07930845225027443 0.12463872832369942
0 0.23655323819978047 0.8526011560693642 0.31448957189901205 0.8526011560693642 0.31448957189901205 0.7261560693641619 0.23655323819978047 0.7261560693641619 0.23655323819978047 0.8526011560693642
0 0.47145993413830956 0.125 0.5477497255762898 0.125 0.5477497255762898 0.01083815028901734 0.47145993413830956 0.01083815028901734 0.47145993413830956 0.125
0 0.21405049396267836 0.5946531791907514 0.29198682766191 0.5946531791907514 0.29198682766191 0.49783236994219654 0.21405049396267836 0.49783236994219654 0.21405049396267836 0.5946531791907514
0 0.2420417124039517 0.9992774566473989 0.3216245883644347 0.9992774566473989 0.3216245883644347 0.9689306358381503 0.2420417124039517 0.9689306358381503 0.2420417124039517 0.9992774566473989