0 0.6659738717339667 0.9453405017921147 0.7550475059382423 0.9453405017921147 0.7550475059382423 0.8136200716845878 0.6659738717339667 0.8136200716845878 0.6659738717339667 0.9453405017921147
0 0.8236342042755345 0.9448924731182796 0.9091448931116389 0.9448924731182796 0.9091448931116389 0.8122759856630825 0.8236342042755345 0.8122759856630825 0.8236342042755345 0.9448924731182796
0 0.20546318289786222 0.3588709677419355 0.27434679334916867 0.3588709677419355 0.27434679334916867 0.24686379928315413 0.20546318289786222 0.24686379928315413 0.20546318289786222 0.3588709677419355
0 0.10688836104513064 0.5336021505376344 0.17992874109263657 0.5336021505376344 0.17992874109263657 0.4189068100358423 0.10688836104513064 0.4189068100358423 0.10688836104513064 0.5336021505376344
0 0.6974465558194775 0.7526881720430108 0.7894893111638955 0.7526881720430108 0.7894893111638955 0.6397849462365591 0.6974465558194775 0.6397849462365591 0.6974465558194775 0.7526881720430108
0 0.30344418052256533 0.5076164874551972 0.3747030878859858 0.5076164874551972 0.3747030878859858 0.3974014336917563 0.30344418052256533 0.3974014336917563 0.30344418052256533 0.5076164874551972
0 0.8984560570071259 0.7459677419354839 0.9982185273159145 0.7459677419354839 0.9982185273159145 0.6232078853046595 0.8984560570071259 0.6232078853046595 0.8984560570071259 0.7459677419354839
0 0.47951306413301664 0.396505376344086 0.543646080760095 0.396505376344086 0.543646080760095 0.28987455197132617 0.47951306413301664 0.28987455197132617 0.47951306413301664 0.396505376344086
0 0.9076603325415677 0.8673835125448028 0.9991092636579573 0.8673835125448028 0.9991092636579573 0.7446236559139785 0.9076603325415677 0.7446236559139785 0.9076603325415677 0.8673835125448028
0 0.21882422802850357 0.6424731182795699 0.2918646080760095 0.6424731182795699 0.2918646080760095 0.5286738351254481 0.21882422802850357 0.5286738351254481 0.21882422802850357 0.6424731182795699
0 0.10480997624703088 0.9086021505376344 0.18438242280285036 0.9086021505376344 0.18438242280285036 0.7706093189964157 0.10480997624703088 0.7706093189964157 0.10480997624703088 0.9086021505376344
0 0 0.3131720430107527 0.050475059382422804 0.3131720430107527 0.050475059382422804 0.20026881720430106 0 0.20026881720430106 0 0.3131720430107527
0 0.1748812351543943 0.9883512544802867 0.25385985748218526 0.9883512544802867 0.25385985748218526 0.8566308243727598 0.1748812351543943 0.8566308243727598 0.1748812351543943 0.9883512544802867
0 0.7790973871733967 0.9991039426523297 0.8646080760095012 0.9991039426523297 0.8646080760095012 0.9130824372759857 0.7790973871733967 0.9130824372759857 0.7790973871733967 0.9991039426523297
0 0.7369358669833729 0 0.7369358669833729 0.0931899641577061 0.8099762470308789 0.0931899641577061 0.8099762470308789 0 0.7369358669833729 0
0 0.7734560570071259 0.5945340501792115 0.8423396674584323 0.5945340501792115 0.8423396674584323 0.47087813620071683 0.7734560570071259 0.47087813620071683 0.7734560570071259 0.5945340501792115
0 0.16716152019002375 0.4551971326164875 0.22951306413301661 0.4551971326164875 0.22951306413301661 0.34050179211469533 0.16716152019002375 0.34050179211469533 0.16716152019002375 0.4551971326164875
0 0.5243467933491687 0.30824372759856633 0.5920427553444181 0.30824372759856633 0.5920427553444181 0.19265232974910393 0.5243467933491687 0.19265232974910393 0.5243467933491687 0.30824372759856633
0 0.42755344418052255 0.9995519713261649 0.5172209026128266 0.9995519713261649 0.5172209026128266 0.9251792114695341 0.42755344418052255 0.9251792114695341 0.42755344418052255 0.9995519713261649
0 0.04453681710213777 0.3611111111111111 0.11342042755344418 0.3611111111111111 0.11342042755344418 0.2517921146953405 0.04453681710213777 0.2517921146953405 0.04453681710213777 0.3611111111111111
0 0.461104513064133 0.19668458781362008 0.5252375296912114 0.19668458781362008 0.5252375296912114 0.09543010752688172 0.461104513064133 0.09543010752688172 0.461104513064133 0.19668458781362008
0 0.5635391923990499 0.18548387096774194 0.6258907363420427 0.18548387096774194 0.6258907363420427 0.06451612903225806 0.5635391923990499 0.06451612903225806 0.5635391923990499 0.18548387096774194
0 0.12321852731591448 0.7047491039426523 0.19566508313539194 0.7047491039426523 0.19566508313539194 0.581989247311828 0.12321852731591448 0.581989247311828 0.12321852731591448 0.7047491039426523
0 0.6879453681710214 0.17204301075268819 0.7633610451306413 0.17204301075268819 0.7633610451306413 0.06720430107526881 0.6879453681710214 0.06720430107526881 0.6879453681710214 0.17204301075268819
0 0.15112826603325416 0.28763440860215056 0.21644893111638955 0.28763440860215056 0.21644893111638955 0.1935483870967742 0.15112826603325416 0.1935483870967742 0.15112826603325416 0.28763440860215056
0 0.04542755344418052 0.592741935483871 0.11252969121140143 0.592741935483871 0.11252969121140143 0.48342293906810035 0.04542755344418052 0.48342293906810035 0.04542755344418052 0.592741935483871
0 0.6229216152019003 0.2163978494623656 0.6876484560570071 0.2163978494623656 0.6876484560570071 0.11872759856630824 0.6229216152019003 0.11872759856630824 0.6229216152019003 0.2163978494623656
0 0.36371733966745845 0.32123655913978494 0.42844418052256533 0.32123655913978494 0.42844418052256533 0.21370967741935484 0.36371733966745845 0.21370967741935484 0.36371733966745845 0.32123655913978494
0 0.062351543942992874 0.26433691756272404 0.12589073634204276 0.26433691756272404 0.12589073634204276 0.15412186379928317 0.062351543942992874 0.15412186379928317 0.062351543942992874 0.26433691756272404
0 0.32868171021377673 0.25985663082437277 0.38747030878859856 0.25985663082437277 0.38747030878859856 0.1550179211469534 0.32868171021377673 0.1550179211469534 0.32868171021377673 0.25985663082437277
0 0.42042755344418054 0.9332437275985663 0.5100950118764845 0.9332437275985663 0.5100950118764845 0.8095878136200717 0.42042755344418054 0.8095878136200717 0.42042755344418054 0.9332437275985663
0 0.8963776722090261 0.21370967741935484 0.9664489311163895 0.21370967741935484 0.9664489311163895 0.08915770609318996 0.8963776722090261 0.08915770609318996 0.8963776722090261 0.21370967741935484
0 0.10451306413301663 0.128584229390681 0.16864608076009502 0.128584229390681 0.16864608076009502 0.025537634408602152 0.10451306413301663 0.025537634408602152 0.10451306413301663 0.128584229390681
0 0.7790973871733967 1 0.7790973871733967 0.9435483870967742 0.7001187648456056 0.9435483870967742 0.7001187648456056 1 0.7790973871733967 1
0 0.5988717339667459 0.6541218637992832 0.6826009501187649 0.6541218637992832 0.6826009501187649 0.5241935483870968 0.5988717339667459 0.5241935483870968 0.5988717339667459 0.6541218637992832
0 0.5077197149643705 0.13709677419354838 0.5724465558194775 0.13709677419354838 0.5724465558194775 0.03225806451612903 0.5077197149643705 0.03225806451612903 0.5077197149643705 0.13709677419354838
0 0.26989311163895485 0.31227598566308246 0.3269002375296912 0.31227598566308246 0.3269002375296912 0.20385304659498207 0.26989311163895485 0.20385304659498207 0.26989311163895485 0.31227598566308246
0 0.4266627078384798 0.3194444444444444 0.5103919239904988 0.3194444444444444 0.5103919239904988 0.21550179211469533 0.4266627078384798 0.21550179211469533 0.4266627078384798 0.3194444444444444
0 0.06680522565320665 0.46953405017921146 0.1410332541567696 0.46953405017921146 0.1410332541567696 0.3736559139784946 0.06680522565320665 0.3736559139784946 0.06680522565320665 0.46953405017921146
0 0.23188836104513064 0.5300179211469535 0.3055225653206651 0.5300179211469535 0.3055225653206651 0.42876344086021506 0.23188836104513064 0.42876344086021506 0.23188836104513064 0.5300179211469535
0 0.39548693586698336 0.2253584229390681 0.45724465558194777 0.2253584229390681 0.45724465558194777 0.12948028673835124 0.39548693586698336 0.12948028673835124 0.39548693586698336 0.2253584229390681
0 0.11371733966745844 0.2132616487455197 0.17725653206650832 0.2132616487455197 0.17725653206650832 0.10663082437275985 0.11371733966745844 0.10663082437275985 0.11371733966745844 0.2132616487455197
0 0.29453681710213775 0.17697132616487454 0.3521377672209026 0.17697132616487454 0.3521377672209026 0.08736559139784947 0.29453681710213775 0.08736559139784947 0.29453681710213775 0.17697132616487454
0 0.47802850356294535 0.5546594982078853 0.5558194774346793 0.5546594982078853 0.5558194774346793 0.41487455197132617 0.47802850356294535 0.41487455197132617 0.47802850356294535 0.5546594982078853
0 0.21347980997624702 0.14292114695340502 0.2764251781472684 0.14292114695340502 0.2764251781472684 0.04256272401433692 0.21347980997624702 0.04256272401433692 0.21347980997624702 0.14292114695340502
0 0.043052256532066506 0.882168458781362 0.11906175771971496 0.882168458781362 0.11906175771971496 0.7540322580645161 0.043052256532066506 0.7540322580645161 0.043052256532066506 0.882168458781362
0 0.5157363420427553 0.9995519713261649 0.5988717339667459 0.9995519713261649 0.5988717339667459 0.9189068100358423 0.5157363420427553 0.9189068100358423 0.5157363420427553 0.9995519713261649
0 0.5748218527315915 0.07661290322580645 0.6383610451306413 0.07661290322580645 0.6383610451306413 0.00044802867383512545 0.5748218527315915 0.00044802867383512545 0.5748218527315915 0.07661290322580645
0 0.9658551068883611 0.32616487455197135 0.9997030878859857 0.32616487455197135 0.9997030878859857 0.21863799283154123 0.9658551068883611 0.21863799283154123 0.9658551068883611 0.32616487455197135
0 0.3090855106888361 0.3826164874551971 0.36965558194774345 0.3826164874551971 0.36965558194774345 0.271505376344086 0.3090855106888361 0.271505376344086 0.3090855106888361 0.3826164874551971
0 0 0.20519713261648745 0.05344418052256532 0.20519713261648745 0.05344418052256532 0.12544802867383512 0 0.12544802867383512 0 0.20519713261648745
0 0.6255938242280285 0.12589605734767026 0.6998218527315915 0.12589605734767026 0.6998218527315915 0.03449820788530466 0.6255938242280285 0.03449820788530466 0.6255938242280285 0.12589605734767026
0 0.9714964370546318 0.49551971326164873 0.9994061757719715 0.49551971326164873 0.9994061757719715 0.3844086021505376 0.9714964370546318 0.3844086021505376 0.9714964370546318 0.49551971326164873
0 0.8482779097387173 0 0.8482779097387173 0.08960573476702509 0.9100356294536817 0.08960573476702509 0.9100356294536817 0 0.8482779097387173 0
0 0.6015439429928741 0.9995519713261649 0.6716152019002375 0.9995519713261649 0.6716152019002375 0.9583333333333334 0.6015439429928741 0.9583333333333334 0.6015439429928741 0.9995519713261649
0 0.43260095011876487 0 0.43260095011876487 0.10663082437275985 0.4925771971496437 0.10663082437275985 0.4925771971496437 0 0.43260095011876487 0
0 0.14697149643705462 0 0.14697149643705462 0.056451612903225805 0.19922802850356294 0.056451612903225805 0.19922802850356294 0 0.14697149643705462 0
0 0.24435866983372923 0.2168458781362007 0.292458432304038 0.2168458781362007 0.292458432304038 0.12186379928315412 0.24435866983372923 0.12186379928315412 0.24435866983372923 0.2168458781362007
0 0.25771971496437057 0.4292114695340502 0.3153206650831354 0.4292114695340502 0.3153206650831354 0.3288530465949821 0.25771971496437057 0.3288530465949821 0.25771971496437057 0.4292114695340502
0 0.019002375296912115 0.08691756272401434 0.07066508313539192 0.08691756272401434 0.07066508313539192 0.0008960573476702509 0.019002375296912115 0.0008960573476702509 0.019002375296912115 0.08691756272401434
0 0.19804038004750593 0 0.19804038004750593 0.07168458781362007 0.25267220902612825 0.07168458781362007 0.25267220902612825 0 0.19804038004750593 0
0 0.048693586698337295 0.15232974910394265 0.10451306413301663 0.15232974910394265 0.10451306413301663 0.05197132616487455 0.048693586698337295 0.05197132616487455 0.048693586698337295 0.15232974910394265
0 0.9741686460807601 0.6617383512544803 0.9997030878859857 0.6617383512544803 0.9997030878859857 0.556899641577061 0.9741686460807601 0.556899641577061 0.9741686460807601 0.6617383512544803
0 0.39756532066508316 0 0.39756532066508316 0.04838709677419355 0.4403206650831354 0.04838709677419355 0.4403206650831354 0 0.39756532066508316 0
0 0 0.13082437275985664 0.014251781472684086 0.13082437275985664 0.014251781472684086 0.06630824372759857 0 0.06630824372759857 0 0.13082437275985664
0 0.6389548693586699 0 0.6389548693586699 0.04032258064516129 0.7090261282660333 0.04032258064516129 0.7090261282660333 0 0.6389548693586699 0
0 0.5020783847980997 0 0.5020783847980997 0.03763440860215054 0.559085510688836 0.03763440860215054 0.559085510688836 0 0.5020783847980997 0
0 0.9112232779097387 0 0.9112232779097387 0.03853046594982079 0.9765439429928741 0.03853046594982079 0.9765439429928741 0 0.9112232779097387 0
0 0 0.13127240143369176 0.020783847980997625 0.13127240143369176 0.020783847980997625 0.06317204301075269 0 0.06317204301075269 0 0.13127240143369176
0 0.0002969121140142518 0.13306451612903225 0.03414489311163896 0.13306451612903225 0.03414489311163896 0.06317204301075269 0.0002969121140142518 0.06317204301075269 0.0002969121140142518 0.13306451612903225