0 0.03533254156769596 0.46863799283154123 0.10599762470308789 0.46863799283154123 0.10599762470308789 0.35663082437275984 0.03533254156769596 0.35663082437275984 0.03533254156769596 0.46863799283154123
0 0.8527315914489311 0.9986559139784946 0.9412114014251781 0.9986559139784946 0.9412114014251781 0.907258064516129 0.8527315914489311 0.907258064516129 0.8527315914489311 0.9986559139784946
0 0.8061163895486936 0.5380824372759857 0.8803444180522565 0.5380824372759857 0.8803444180522565 0.4117383512544803 0.8061163895486936 0.4117383512544803 0.8061163895486936 0.5380824372759857
0 0.8631235154394299 0.4538530465949821 0.9521971496437055 0.4538530465949821 0.9521971496437055 0.3400537634408602 0.8631235154394299 0.3400537634408602 0.8631235154394299 0.4538530465949821
0 0.4916864608076009 0.23790322580645162 0.5522565320665083 0.23790322580645162 0.5522565320665083 0.117831541218638 0.4916864608076009 0.117831541218638 0.4916864608076009 0.23790322580645162
0 0.25950118764845603 1 0.25950118764845603 0.9256272401433692 0.17517814726840855 0.9256272401433692 0.17517814726840855 1 0.25950118764845603 1
0 0.6362826603325415 0.29121863799283154 0.7229809976247031 0.29121863799283154 0.7229809976247031 0.17831541218637992 0.6362826603325415 0.17831541218637992 0.6362826603325415 0.29121863799283154
0 0.5513657957244655 0.18503584229390682 0.6196555819477435 0.18503584229390682 0.6196555819477435 0.08378136200716846 0.5513657957244655 0.08378136200716846 0.5513657957244655 0.18503584229390682
0 0.20516627078384797 0.5264336917562724 0.2746437054631829 0.5264336917562724 0.2746437054631829 0.4153225806451613 0.20516627078384797 0.4153225806451613 0.20516627078384797 0.5264336917562724
0 0.42844418052256533 0.20654121863799282 0.4925771971496437 0.20654121863799282 0.4925771971496437 0.09991039426523297 0.42844418052256533 0.09991039426523297 0.42844418052256533 0.20654121863799282
0 0.7571258907363421 0.3172043010752688 0.836104513064133 0.3172043010752688 0.836104513064133 0.20878136200716846 0.7571258907363421 0.20878136200716846 0.7571258907363421 0.3172043010752688
0 0.7298099762470309 0.2253584229390681 0.8046318289786223 0.2253584229390681 0.8046318289786223 0.12051971326164874 0.7298099762470309 0.12051971326164874 0.7298099762470309 0.2253584229390681
0 0.1576603325415677 0.7459677419354839 0.23960807600950118 0.7459677419354839 0.23960807600950118 0.6384408602150538 0.1576603325415677 0.6384408602150538 0.1576603325415677 0.7459677419354839
0 0.23782660332541566 0.7298387096774194 0.3257125890736342 0.7298387096774194 0.3257125890736342 0.621415770609319 0.23782660332541566 0.621415770609319 0.23782660332541566 0.7298387096774194
0 0.4913895486935867 0.7656810035842294 0.5691805225653207 0.7656810035842294 0.5691805225653207 0.6330645161290323 0.4913895486935867 0.6330645161290323 0.4913895486935867 0.7656810035842294
0 0.10688836104513064 0.543010752688172 0.17517814726840855 0.543010752688172 0.17517814726840855 0.42025089605734767 0.10688836104513064 0.42025089605734767 0.10688836104513064 0.543010752688172
0 0.16181710213776723 0.46012544802867383 0.2372327790973872 0.46012544802867383 0.2372327790973872 0.34453405017921146 0.16181710213776723 0.34453405017921146 0.16181710213776723 0.46012544802867383
0 0.917458432304038 0.864247311827957 0.9994061757719715 0.864247311827957 0.9994061757719715 0.7172939068100358 0.917458432304038 0.7172939068100358 0.917458432304038 0.864247311827957
0 0.5908551068883611 0.6474014336917563 0.6739904988123515 0.6474014336917563 0.6739904988123515 0.5183691756272402 0.5908551068883611 0.5183691756272402 0.5908551068883611 0.6474014336917563
0 0.7885985748218527 0.1742831541218638 0.8646080760095012 0.1742831541218638 0.8646080760095012 0.06586021505376344 0.7885985748218527 0.06586021505376344 0.7885985748218527 0.1742831541218638
0 0.06621140142517815 0.7629928315412187 0.14400237529691212 0.7629928315412187 0.14400237529691212 0.646505376344086 0.06621140142517815 0.646505376344086 0.06621140142517815 0.7629928315412187
0 0.08461995249406176 0.9896953405017921 0.16656769596199525 0.9896953405017921 0.16656769596199525 0.853494623655914 0.08461995249406176 0.853494623655914 0.08461995249406176 0.9896953405017921
0 0.626187648456057 0.4668458781362007 0.6974465558194775 0.4668458781362007 0.6974465558194775 0.35125448028673834 0.626187648456057 0.35125448028673834 0.626187648456057 0.4668458781362007
0 0.6149049881235155 0.9995519713261649 0.6938836104513064 0.9995519713261649 0.6938836104513064 0.9233870967741935 0.6149049881235155 0.9233870967741935 0.6149049881235155 0.9995519713261649
0 0.12796912114014253 0.36872759856630827 0.20576009501187648 0.36872759856630827 0.20576009501187648 0.2746415770609319 0.12796912114014253 0.2746415770609319 0.12796912114014253 0.36872759856630827
0 0.6870546318289786 0.16084229390681004 0.7618764845605701 0.16084229390681004 0.7618764845605701 0.047939068100358424 0.6870546318289786 0.047939068100358424 0.6870546318289786 0.16084229390681004
0 0.021080760095011877 0.28046594982078854 0.08521377672209027 0.28046594982078854 0.08521377672209027 0.1774193548387097 0.021080760095011877 0.1774193548387097 0.021080760095011877 0.28046594982078854
0 0.13568883610451307 0.6509856630824373 0.21169833729216153 0.6509856630824373 0.21169833729216153 0.5380824372759857 0.13568883610451307 0.5380824372759857 0.13568883610451307 0.6509856630824373
0 0.9519002375296912 0.6294802867383512 0.9994061757719715 0.6294802867383512 0.9994061757719715 0.5076164874551972 0.9519002375296912 0.5076164874551972 0.9519002375296912 0.6294802867383512
0 0.04334916864608076 0.36155913978494625 0.1163895486935867 0.36155913978494625 0.1163895486935867 0.2585125448028674 0.04334916864608076 0.2585125448028674 0.04334916864608076 0.36155913978494625
0 0.04631828978622328 0.6303763440860215 0.11460807600950118 0.6303763440860215 0.11460807600950118 0.5183691756272402 0.04631828978622328 0.5183691756272402 0.04631828978622328 0.6303763440860215
0 0 0.5255376344086021 0.045724465558194774 0.5255376344086021 0.045724465558194774 0.42338709677419356 0 0.42338709677419356 0 0.5255376344086021
0 0.3387767220902613 0.49910394265232977 0.4088479809976247 0.49910394265232977 0.4088479809976247 0.37455197132616486 0.3387767220902613 0.37455197132616486 0.3387767220902613 0.49910394265232977
0 0.3669833729216152 0.11917562724014337 0.4328978622327791 0.11917562724014337 0.4328978622327791 0.012544802867383513 0.3669833729216152 0.012544802867383513 0.3669833729216152 0.11917562724014337
0 0.11104513064133016 0.8463261648745519 0.17933491686460806 0.8463261648745519 0.17933491686460806 0.7289426523297491 0.11104513064133016 0.7289426523297491 0.11104513064133016 0.8463261648745519
0 0.10095011876484561 0.29973118279569894 0.17339667458432304 0.29973118279569894 0.17339667458432304 0.19578853046594982 0.10095011876484561 0.19578853046594982 0.10095011876484561 0.29973118279569894
0 0.4833729216152019 0.12141577060931899 0.5498812351543944 0.12141577060931899 0.5498812351543944 0.028225806451612902 0.4833729216152019 0.028225806451612902 0.4833729216152019 0.12141577060931899
0 0.1336104513064133 0.1671146953405018 0.19299287410926366 0.1671146953405018 0.19299287410926366 0.0793010752688172 0.1336104513064133 0.0793010752688172 0.1336104513064133 0.1671146953405018
0 0.18883610451306412 0.30734767025089604 0.25771971496437057 0.30734767025089604 0.25771971496437057 0.2007168458781362 0.18883610451306412 0.2007168458781362 0.18883610451306412 0.30734767025089604
0 0.7517814726840855 0 0.7517814726840855 0.09229390681003584 0.8307600950118765 0.09229390681003584 0.8307600950118765 0 0.7517814726840855 0
0 0.8853919239904988 0.3409498207885305 0.9614014251781473 0.3409498207885305 0.9614014251781473 0.20922939068100357 0.8853919239904988 0.20922939068100357 0.8853919239904988 0.3409498207885305
0 0.6154988123515439 0.2060931899641577 0.6879453681710214 0.2060931899641577 0.6879453681710214 0.09587813620071685 0.6154988123515439 0.09587813620071685 0.6154988123515439 0.2060931899641577
0 0.28830166270783847 0.2253584229390681 0.3494655581947744 0.2253584229390681 0.3494655581947744 0.11424731182795698 0.28830166270783847 0.11424731182795698 0.28830166270783847 0.2253584229390681
0 0.23040380047505937 0.375 0.28800475059382424 0.375 0.28800475059382424 0.26836917562724016 0.23040380047505937 0.26836917562724016 0.23040380047505937 0.375
0 0.40290973871733965 0.3611111111111111 0.4777315914489311 0.3611111111111111 0.4777315914489311 0.260752688172043 0.40290973871733965 0.260752688172043 0.40290973871733965 0.3611111111111111
0 0.20100950118764846 0.20340501792114696 0.2669239904988123 0.20340501792114696 0.2669239904988123 0.11200716845878136 0.20100950118764846 0.11200716845878136 0.20100950118764846 0.20340501792114696
0 0.416270783847981 1 0.416270783847981 0.9005376344086021 0.3248218527315915 0.9005376344086021 0.3248218527315915 1 0.416270783847981 1
0 0 0.41263440860215056 0.04691211401425178 0.41263440860215056 0.04691211401425178 0.324820788530466 0 0.324820788530466 0 0.41263440860215056
0 0.0014845605700712589 0.19668458781362008 0.05671021377672209 0.19668458781362008 0.05671021377672209 0.11155913978494623 0.0014845605700712589 0.11155913978494623 0.0014845605700712589 0.19668458781362008
0 0.5026722090261283 0.6330645161290323 0.5846199524940617 0.6330645161290323 0.5846199524940617 0.4959677419354839 0.5026722090261283 0.4959677419354839 0.5026722090261283 0.6330645161290323
0 0.5552256532066508 0 0.5552256532066508 0.07885304659498207 0.6199524940617577 0.07885304659498207 0.6199524940617577 0 0.5552256532066508 0
0 0.2770190023752969 0.31227598566308246 0.3423396674584323 0.31227598566308246 0.3423396674584323 0.21729390681003585 0.2770190023752969 0.21729390681003585 0.2770190023752969 0.31227598566308246
0 0.4471496437054632 0 0.4471496437054632 0.07347670250896057 0.5071258907363421 0.07347670250896057 0.5071258907363421 0 0.4471496437054632 0
0 0 0.6191756272401434 0.029691211401425176 0.6191756272401434 0.029691211401425176 0.53584229390681 0 0.53584229390681 0 0.6191756272401434
0 0.6820071258907363 0 0.6820071258907363 0.056451612903225805 0.7562351543942993 0.056451612903225805 0.7562351543942993 0 0.6820071258907363 0
0 0.6039192399049881 0.10842293906810035 0.6817102137767221 0.10842293906810035 0.6817102137767221 0.014336917562724014 0.6039192399049881 0.014336917562724014 0.6039192399049881 0.10842293906810035
0 0.957541567695962 0.34587813620071683 0.9997030878859857 0.34587813620071683 0.9997030878859857 0.2446236559139785 0.957541567695962 0.2446236559139785 0.957541567695962 0.34587813620071683
0 0.07036817102137767 0.22132616487455198 0.13865795724465557 0.22132616487455198 0.13865795724465557 0.11469534050179211 0.07036817102137767 0.11469534050179211 0.07036817102137767 0.22132616487455198
0 0.1410332541567696 0.09094982078853046 0.208729216152019 0.09094982078853046 0.208729216152019 0.0013440860215053765 0.1410332541567696 0.0013440860215053765 0.1410332541567696 0.09094982078853046
0 0 0.33691756272401435 0.028503562945368172 0.33691756272401435 0.028503562945368172 0.23476702508960573 0 0.23476702508960573 0 0.33691756272401435
0 0.3081947743467934 0.9130824372759857 0.3919239904988123 0.9130824372759857 0.3919239904988123 0.7786738351254481 0.3081947743467934 0.7786738351254481 0.3081947743467934 0.9130824372759857
0 0.2517814726840855 0.15143369175627241 0.3165083135391924 0.15143369175627241 0.3165083135391924 0.051075268817204304 0.2517814726840855 0.051075268817204304 0.2517814726840855 0.15143369175627241
0 0.06205463182897862 0.09991039426523297 0.11728028503562946 0.09991039426523297 0.11728028503562946 0.0031362007168458782 0.06205463182897862 0.0031362007168458782 0.06205463182897862 0.09991039426523297
0 0.0002969121140142518 0.13082437275985664 0.041270783847980996 0.13082437275985664 0.041270783847980996 0.036738351254480286 0.0002969121140142518 0.036738351254480286 0.0002969121140142518 0.13082437275985664
0 0.9815914489311164 0.24596774193548387 0.9994061757719715 0.24596774193548387 0.9994061757719715 0.17069892473118278 0.9815914489311164 0.17069892473118278 0.9815914489311164 0.24596774193548387
0 0.9685273159144893 0.04525089605734767 0.9994061757719715 0.04525089605734767 0.9994061757719715 0.00044802867383512545 0.9685273159144893 0.00044802867383512545 0.9685273159144893 0.04525089605734767
0 0.3274940617577197 0 0.3274940617577197 0.03763440860215054 0.38153206650831356 0.03763440860215054 0.38153206650831356 0 0.3274940617577197 0
0 0.27078384798099764 0 0.27078384798099764 0.05197132616487455 0.32422802850356297 0.05197132616487455 0.32422802850356297 0 0.27078384798099764 0
0 0 0.028225806451612902 0.019596199524940617 0.028225806451612902 0.019596199524940617 0.00044802867383512545 0 0.00044802867383512545 0 0.028225806451612902
0 0.5154394299287411 0 0.5154394299287411 0.03136200716845878 0.5570071258907363 0.03136200716845878 0.5570071258907363 0 0.5154394299287411 0
0 0 0.23700716845878136 0.015439429928741092 0.23700716845878136 0.015439429928741092 0.1581541218637993 0 0.1581541218637993 0 0.23700716845878136
0 0.8978622327790974 0 0.8978622327790974 0.03763440860215054 0.9602137767220903 0.03763440860215054 0.9602137767220903 0 0.8978622327790974 0