0 0.33005489478499545 0.3536184210526316 0.42932296431838973 0.3536184210526316 0.42932296431838973 0.2080592105263158 0.33005489478499545 0.2080592105263158 0.33005489478499545 0.3536184210526316
0 0.14569990850869166 0.34004934210526316 0.24268069533394326 0.34004934210526316 0.24268069533394326 0.21340460526315788 0.14569990850869166 0.21340460526315788 0.14569990850869166 0.34004934210526316
0 0.41925892040256174 0.9428453947368421 0.5130375114364135 0.9428453947368421 0.5130375114364135 0.7882401315789473 0.41925892040256174 0.7882401315789473 0.41925892040256174 0.9428453947368421
0 0.3437785910338518 0.8404605263157895 0.43206770356816104 0.8404605263157895 0.43206770356816104 0.6899671052631579 0.3437785910338518 0.6899671052631579 0.3437785910338518 0.8404605263157895
0 0.0903476669716377 0.8153782894736842 0.18504117108874657 0.8153782894736842 0.18504117108874657 0.6755756578947368 0.0903476669716377 0.6755756578947368 0.0903476669716377 0.8153782894736842
0 0.2760750228728271 0.7323190789473685 0.3643641354071363 0.7323190789473685 0.3643641354071363 0.5875822368421053 0.2760750228728271 0.5875822368421053 0.2760750228728271 0.7323190789473685
0 0.11848124428179323 0.6332236842105263 0.20997255260750228 0.6332236842105263 0.20997255260750228 0.4934210526315789 0.11848124428179323 0.4934210526315789 0.11848124428179323 0.6332236842105263
0 0.2291857273559012 0.2524671052631579 0.32387923147301007 0.2524671052631579 0.32387923147301007 0.11842105263157894 0.2291857273559012 0.11842105263157894 0.2291857273559012 0.2524671052631579
0 0.19167429094236046 0.7249177631578947 0.277676120768527 0.7249177631578947 0.277676120768527 0.5826480263157895 0.19167429094236046 0.5826480263157895 0.19167429094236046 0.7249177631578947
0 0.1598810612991766 0.9103618421052632 0.24954254345837146 0.9103618421052632 0.24954254345837146 0.7713815789473685 0.1598810612991766 0.7713815789473685 0.1598810612991766 0.9103618421052632
0 0.00022872827081427266 0.4309210526315789 0.06976212259835315 0.4309210526315789 0.06976212259835315 0.3050986842105263 0.00022872827081427266 0.3050986842105263 0.00022872827081427266 0.4309210526315789
0 0.330512351326624 0 0.330512351326624 0.05756578947368421 0.41834400731930466 0.05756578947368421 0.41834400731930466 0 0.330512351326624 0
0 0.027447392497712716 0.899671052631579 0.12031107044830741 0.899671052631579 0.12031107044830741 0.7582236842105263 0.027447392497712716 0.7582236842105263 0.027447392497712716 0.899671052631579
0 0.049176578225068615 0 0.049176578225068615 0.06414473684210527 0.13426349496797804 0.06414473684210527 0.13426349496797804 0 0.049176578225068615 0
0 0.00022872827081427266 0.6143092105263158 0.0702195791399817 0.6143092105263158 0.0702195791399817 0.4967105263157895 0.00022872827081427266 0.4967105263157895 0.00022872827081427266 0.6143092105263158
0 0.00022872827081427266 0.7944078947368421 0.045516925892040254 0.7944078947368421 0.045516925892040254 0.665296052631579 0.00022872827081427266 0.665296052631579 0.00022872827081427266 0.7944078947368421
0 0.7982616651418115 0 0.7982616651418115 0.044407894736842105 0.894327538883806 0.044407894736842105 0.894327538883806 0 0.7982616651418115 0