0 0.7431224209078404 0.5608108108108109 0.8834250343878954 0.5608108108108109 0.8834250343878954 0.41073968705547653 0.7431224209078404 0.41073968705547653 0.7431224209078404 0.5608108108108109
0 0.5674002751031637 0.5846372688477952 0.6953232462173315 0.5846372688477952 0.6953232462173315 0.4615931721194879 0.5674002751031637 0.4615931721194879 0.5674002751031637 0.5846372688477952
0 0.8689821182943603 0.42034139402560455 0.999656121045392 0.42034139402560455 0.999656121045392 0.28236130867709813 0.8689821182943603 0.28236130867709813 0.8689821182943603 0.42034139402560455
0 0.71767537826685 0.15327169274537697 0.8318431911966988 0.15327169274537697 0.8318431911966988 0.005334281650071123 0.71767537826685 0.005334281650071123 0.71767537826685 0.15327169274537697
0 0.5522696011004127 0.716927453769559 0.6966987620357634 0.716927453769559 0.6966987620357634 0.5825035561877667 0.5522696011004127 0.5825035561877667 0.5522696011004127 0.716927453769559
0 0.6437414030261348 0.4420341394025605 0.7785419532324622 0.4420341394025605 0.7785419532324622 0.308321479374111 0.6437414030261348 0.308321479374111 0.6437414030261348 0.4420341394025605
0 0.3167125171939477 0.5839260312944523 0.41918844566712515 0.5839260312944523 0.41918844566712515 0.465149359886202 0.3167125171939477 0.465149359886202 0.3167125171939477 0.5839260312944523
0 0.7799174690508941 0.7588904694167852 0.9387895460797799 0.7588904694167852 0.9387895460797799 0.5881934566145093 0.7799174690508941 0.5881934566145093 0.7799174690508941 0.7588904694167852
0 0.6488995873452544 0.30476529160739685 0.7644429160935351 0.30476529160739685 0.7644429160935351 0.19025604551920342 0.6488995873452544 0.19025604551920342 0.6488995873452544 0.30476529160739685
0 0.3940852819807428 0.15327169274537697 0.5068775790921596 0.15327169274537697 0.5068775790921596 0.03805120910384068 0.3940852819807428 0.03805120910384068 0.3940852819807428 0.15327169274537697
0 0.4797111416781293 0.3460170697012802 0.5821870701513068 0.3460170697012802 0.5821870701513068 0.22724039829302986 0.4797111416781293 0.22724039829302986 0.4797111416781293 0.3460170697012802
0 0.49346629986244844 0.4875533428165007 0.6062585969738652 0.4875533428165007 0.6062585969738652 0.3630867709815078 0.49346629986244844 0.3630867709815078 0.49346629986244844 0.4875533428165007
0 0.35832187070151306 0.4139402560455192 0.4546079779917469 0.4139402560455192 0.4546079779917469 0.2958748221906117 0.35832187070151306 0.2958748221906117 0.35832187070151306 0.4139402560455192
0 0.000343878954607978 0.7158605974395448 0.060866574965612104 0.7158605974395448 0.060866574965612104 0.6255334281650071 0.000343878954607978 0.6255334281650071 0.000343878954607978 0.7158605974395448
0 0.07771664374140302 1 0.07771664374140302 0.9096728307254623 0 0.9096728307254623 0 1 0.07771664374140302 1
0 0.15715268225584594 0.6564722617354196 0.23624484181568087 0.6564722617354196 0.23624484181568087 0.542674253200569 0.15715268225584594 0.542674253200569 0.15715268225584594 0.6564722617354196
0 0.21973865199449794 0.7965860597439545 0.3235900962861073 0.7965860597439545 0.3235900962861073 0.670697012802276 0.21973865199449794 0.670697012802276 0.21973865199449794 0.7965860597439545
0 0.2977991746905089 0.32930298719772405 0.3885832187070151 0.32930298719772405 0.3885832187070151 0.21906116642958748 0.2977991746905089 0.21906116642958748 0.2977991746905089 0.32930298719772405
0 0.30845942228335627 1 0.30845942228335627 0.9004267425320057 0.19773039889958735 0.9004267425320057 0.19773039889958735 1 0.30845942228335627 1
0 0.08425034387895461 0.621977240398293 0.171595598349381 0.621977240398293 0.171595598349381 0.5181365576102418 0.08425034387895461 0.5181365576102418 0.08425034387895461 0.621977240398293
0 0.5557083906464925 0.8648648648648649 0.687757909215956 0.8648648648648649 0.687757909215956 0.713371266002845 0.5557083906464925 0.713371266002845 0.5557083906464925 0.8648648648648649
0 0 0.8189900426742532 0.04883081155433287 0.8189900426742532 0.04883081155433287 0.718705547652916 0 0.718705547652916 0 0.8189900426742532
0 0.41643741403026135 0.27667140825035563 0.5140990371389271 0.27667140825035563 0.5140990371389271 0.14793741109530584 0.41643741403026135 0.14793741109530584 0.41643741403026135 0.27667140825035563
0 0.23796423658872076 0.441678520625889 0.33081155433287485 0.441678520625889 0.33081155433287485 0.3307254623044097 0.23796423658872076 0.3307254623044097 0.23796423658872076 0.441678520625889
0 0.1375515818431912 0.18883357041251778 0.22145804676753783 0.18883357041251778 0.22145804676753783 0.09992887624466572 0.1375515818431912 0.09992887624466572 0.1375515818431912 0.18883357041251778
0 0.2266162310866575 0.6685633001422475 0.32909215955983495 0.6685633001422475 0.32909215955983495 0.5533428165007113 0.2266162310866575 0.5533428165007113 0.2266162310866575 0.6685633001422475
0 0.16024759284731774 0.5376955903271693 0.2407152682255846 0.5376955903271693 0.2407152682255846 0.42887624466571833 0.16024759284731774 0.42887624466571833 0.16024759284731774 0.5376955903271693
0 0.08803301237964237 0.5085348506401138 0.16987620357634112 0.5085348506401138 0.16987620357634112 0.414651493598862 0.08803301237964237 0.414651493598862 0.08803301237964237 0.5085348506401138
0 0.234525447042641 0.5440967283072546 0.32324621733149933 0.5440967283072546 0.32324621733149933 0.44523470839260315 0.234525447042641 0.44523470839260315 0.234525447042641 0.5440967283072546
0 0.3015818431911967 0.21230440967283074 0.3889270976616231 0.21230440967283074 0.3889270976616231 0.10277382645803698 0.3015818431911967 0.10277382645803698 0.3015818431911967 0.21230440967283074
0 0.24896836313617607 0.16145092460881935 0.33768913342503437 0.16145092460881935 0.33768913342503437 0.057610241820768134 0.24896836313617607 0.057610241820768134 0.24896836313617607 0.16145092460881935
0 0.13858321870701512 0.0945945945945946 0.21286107290233838 0.0945945945945946 0.21286107290233838 0.0035561877667140826 0.13858321870701512 0.0035561877667140826 0.13858321870701512 0.0945945945945946
0 0.14958734525447043 0.3993598862019915 0.23349381017881707 0.3993598862019915 0.23349381017881707 0.3019203413940256 0.14958734525447043 0.3019203413940256 0.14958734525447043 0.3993598862019915
0 0.035075653370013754 0.20519203413940257 0.11141678129298486 0.20519203413940257 0.11141678129298486 0.12553342816500712 0.035075653370013754 0.12553342816500712 0.035075653370013754 0.20519203413940257
0 0.08631361760660247 0.11379800853485064 0.15440165061898212 0.11379800853485064 0.15440165061898212 0.014935988620199146 0.08631361760660247 0.014935988620199146 0.08631361760660247 0.11379800853485064
0 0.003094910591471802 0.35028449502133713 0.0890646492434663 0.35028449502133713 0.0890646492434663 0.26066856330014226 0.003094910591471802 0.26066856330014226 0.003094910591471802 0.35028449502133713
0 0.3235900962861073 0 0.3235900962861073 0.05689900426742532 0.40887207702888584 0.05689900426742532 0.40887207702888584 0 0.3235900962861073 0
0 0.02372764786795048 0.6020625889046942 0.0952544704264099 0.6020625889046942 0.0952544704264099 0.5181365576102418 0.02372764786795048 0.5181365576102418 0.02372764786795048 0.6020625889046942
0 0.03679504814305364 0.40789473684210525 0.12482806052269602 0.40789473684210525 0.12482806052269602 0.3261024182076814 0.03679504814305364 0.3261024182076814 0.03679504814305364 0.40789473684210525
0 0.02888583218707015 0.5099573257467994 0.09834938101788171 0.5099573257467994 0.09834938101788171 0.41251778093883357 0.02888583218707015 0.41251778093883357 0.02888583218707015 0.5099573257467994
0 0.22317744154057773 0.3229018492176387 0.3029573590096286 0.3229018492176387 0.3029573590096286 0.2155049786628734 0.22317744154057773 0.2155049786628734 0.22317744154057773 0.3229018492176387
0 0.08872077028885832 0.32716927453769556 0.19188445667125173 0.32716927453769556 0.19188445667125173 0.22688477951635846 0.08872077028885832 0.22688477951635846 0.08872077028885832 0.32716927453769556
0 0.21045392022008252 0.09815078236130868 0.28817056396148555 0.09815078236130868 0.28817056396148555 0.009246088193456615 0.21045392022008252 0.009246088193456615 0.21045392022008252 0.09815078236130868
0 0.1812242090784044 0.25640113798008535 0.2644429160935351 0.25640113798008535 0.2644429160935351 0.1511379800853485 0.1812242090784044 0.1511379800853485 0.1812242090784044 0.25640113798008535
0 0.06705639614855571 0.25568990042674256 0.14752407152682256 0.25568990042674256 0.14752407152682256 0.17745376955903272 0.06705639614855571 0.17745376955903272 0.06705639614855571 0.25568990042674256
0 0 0.4786628733997155 0.048143053645116916 0.4786628733997155 0.048143053645116916 0.3961593172119488 0 0.3961593172119488 0 0.4786628733997155
0 0 0.25106685633001424 0.04264099037138927 0.25106685633001424 0.04264099037138927 0.18207681365576103 0 0.18207681365576103 0 0.25106685633001424
0 0 0.9132290184921764 0.0405777166437414 0.9132290184921764 0.0405777166437414 0.8214793741109531 0 0.8214793741109531 0 0.9132290184921764
0 0.000343878954607978 0.5707681365576103 0.045048143053645115 0.5707681365576103 0.045048143053645115 0.48826458036984355 0.000343878954607978 0.48826458036984355 0.000343878954607978 0.5707681365576103
0 0.057083906464924346 0.0472972972972973 0.12448418156808803 0.0472972972972973 0.12448418156808803 0.00035561877667140827 0.057083906464924346 0.00035561877667140827 0.057083906464924346 0.0472972972972973
0 0 0.40291607396870555 0.027510316368638238 0.40291607396870555 0.027510316368638238 0.33392603129445236 0 0.33392603129445236 0 0.40291607396870555
0 0.000343878954607978 0.18207681365576103 0.014786795048143054 0.18207681365576103 0.014786795048143054 0.1301564722617354 0.000343878954607978 0.1301564722617354 0.000343878954607978 0.18207681365576103
0 0.000343878954607978 0.3314366998577525 0.009972489683631361 0.3314366998577525 0.009972489683631361 0.25889046941678523 0.000343878954607978 0.25889046941678523 0.000343878954607978 0.3314366998577525