0 0.3621766280107047 0.6278782894736842 0.4344335414808207 0.6278782894736842 0.4344335414808207 0.4699835526315789 0.3621766280107047 0.4699835526315789 0.3621766280107047 0.6278782894736842
0 0.5887600356824264 0.23643092105263158 0.6828724353256022 0.23643092105263158 0.6828724353256022 0.09827302631578948 0.5887600356824264 0.09827302631578948 0.5887600356824264 0.23643092105263158
0 0.41592328278322926 0.14925986842105263 0.5011150758251561 0.14925986842105263 0.5011150758251561 0.016036184210526317 0.41592328278322926 0.016036184210526317 0.41592328278322926 0.14925986842105263
0 0.10347903657448707 0.811266447368421 0.1926851025869759 0.811266447368421 0.1926851025869759 0.6689967105263158 0.10347903657448707 0.6689967105263158 0.10347903657448707 0.811266447368421
0 0.4605263157894737 0.8359375 0.5483942908117752 0.8359375 0.5483942908117752 0.6986019736842105 0.4605263157894737 0.6986019736842105 0.4605263157894737 0.8359375
0 0.7123104371097234 0.19449013157894737 0.7912578055307761 0.19449013157894737 0.7912578055307761 0.05057565789473684 0.7123104371097234 0.05057565789473684 0.7123104371097234 0.19449013157894737
0 0.28702051739518286 0.2652138157894737 0.36552185548617305 0.2652138157894737 0.36552185548617305 0.1377467105263158 0.28702051739518286 0.1377467105263158 0.28702051739518286 0.2652138157894737
0 0.00022301516503122213 0.6957236842105263 0.05463871543264942 0.6957236842105263 0.05463871543264942 0.5575657894736842 0.00022301516503122213 0.5575657894736842 0.00022301516503122213 0.6957236842105263
0 0.6398305084745762 0.40542763157894735 0.7245762711864406 0.40542763157894735 0.7245762711864406 0.26398026315789475 0.6398305084745762 0.26398026315789475 0.6398305084745762 0.40542763157894735
0 0.8111061552185549 0.34745065789473684 0.882471008028546 0.34745065789473684 0.882471008028546 0.17310855263157895 0.8111061552185549 0.17310855263157895 0.8111061552185549 0.34745065789473684
0 0.7618198037466548 0.5884046052631579 0.8550401427297056 0.5884046052631579 0.8550401427297056 0.4518914473684211 0.7618198037466548 0.4518914473684211 0.7618198037466548 0.5884046052631579
0 0.3115521855486173 0.4979440789473684 0.39763603925066904 0.4979440789473684 0.39763603925066904 0.36636513157894735 0.3115521855486173 0.36636513157894735 0.3115521855486173 0.4979440789473684
0 0.455842997323818 0.4214638157894737 0.5272078501338091 0.4214638157894737 0.5272078501338091 0.2635690789473684 0.455842997323818 0.2635690789473684 0.455842997323818 0.4214638157894737
0 0.7890276538804639 0.1689967105263158 0.8648528099910794 0.1689967105263158 0.8648528099910794 0.0078125 0.7890276538804639 0.0078125 0.7890276538804639 0.1689967105263158
0 0.7129794826048171 0.33182565789473684 0.8039696699375558 0.33182565789473684 0.8039696699375558 0.19695723684210525 0.7129794826048171 0.19695723684210525 0.7129794826048171 0.33182565789473684
0 0.22145405887600356 0.8013980263157895 0.3066458519179304 0.8013980263157895 0.3066458519179304 0.6722861842105263 0.22145405887600356 0.6722861842105263 0.22145405887600356 0.8013980263157895
0 0.2925958965209634 0.998766447368421 0.36931311329170385 0.998766447368421 0.36931311329170385 0.860608552631579 0.2925958965209634 0.860608552631579 0.2925958965209634 0.998766447368421
0 0.42707404103479035 0.27754934210526316 0.5131578947368421 0.27754934210526316 0.5131578947368421 0.13939144736842105 0.42707404103479035 0.13939144736842105 0.42707404103479035 0.27754934210526316
0 0.5999107939339875 0.8466282894736842 0.6846565566458519 0.8466282894736842 0.6846565566458519 0.7183388157894737 0.5999107939339875 0.7183388157894737 0.5999107939339875 0.8466282894736842
0 0.08898305084745763 0.15542763157894737 0.17506690454950938 0.15542763157894737 0.17506690454950938 0.003289473684210526 0.08898305084745763 0.003289473684210526 0.08898305084745763 0.15542763157894737
0 0.8380909901873327 0.6759868421052632 0.9228367528991972 0.6759868421052632 0.9228367528991972 0.5328947368421053 0.8380909901873327 0.5328947368421053 0.8380909901873327 0.6759868421052632
0 0.4640945584299732 0.5460526315789473 0.5466101694915254 0.5460526315789473 0.5466101694915254 0.41694078947368424 0.4640945584299732 0.41694078947368424 0.4640945584299732 0.5460526315789473
0 0.2085191793041927 0.24794407894736842 0.2834522747546833 0.24794407894736842 0.2834522747546833 0.11800986842105263 0.2085191793041927 0.11800986842105263 0.2085191793041927 0.24794407894736842
0 0.8235950044603033 0.48519736842105265 0.9003122212310437 0.48519736842105265 0.9003122212310437 0.34292763157894735 0.8235950044603033 0.34292763157894735 0.8235950044603033 0.48519736842105265
0 0.31266726137377343 0.7232730263157895 0.3902765388046387 0.7232730263157895 0.3902765388046387 0.5703125 0.31266726137377343 0.5703125 0.31266726137377343 0.7232730263157895
0 0.23907225691347012 0.6085526315789473 0.32337198929527206 0.6085526315789473 0.32337198929527206 0.4761513157894737 0.23907225691347012 0.4761513157894737 0.23907225691347012 0.6085526315789473
0 0.6541034790365745 0.7401315789473685 0.7428635147190009 0.7401315789473685 0.7428635147190009 0.5879934210526315 0.6541034790365745 0.5879934210526315 0.6541034790365745 0.7401315789473685
0 0.00022301516503122213 0.9629934210526315 0.06489741302408564 0.9629934210526315 0.06489741302408564 0.8297697368421053 0.00022301516503122213 0.8297697368421053 0.00022301516503122213 0.9629934210526315
0 0.7123104371097234 0.4868421052631579 0.7934879571810883 0.4868421052631579 0.7934879571810883 0.3347039473684211 0.7123104371097234 0.3347039473684211 0.7123104371097234 0.4868421052631579
0 0.37622658340767173 0.3963815789473684 0.44580731489741304 0.3963815789473684 0.44580731489741304 0.25082236842105265 0.37622658340767173 0.25082236842105265 0.37622658340767173 0.3963815789473684
0 0.6574487065120428 0.9683388157894737 0.7497769848349688 0.9683388157894737 0.7497769848349688 0.8351151315789473 0.6574487065120428 0.8351151315789473 0.6574487065120428 0.9683388157894737
0 0.6500892060660125 0 0.6500892060660125 0.1299342105263158 0.7294826048171276 0.1299342105263158 0.7294826048171276 0 0.6500892060660125 0
0 0.735950044603033 0.6944901315789473 0.8162355040142729 0.6944901315789473 0.8162355040142729 0.5703125 0.735950044603033 0.5703125 0.735950044603033 0.6944901315789473
0 0.707850133809099 0.8466282894736842 0.7988403211418377 0.8466282894736842 0.7988403211418377 0.7240953947368421 0.707850133809099 0.7240953947368421 0.707850133809099 0.8466282894736842
0 0.37823371989295274 0.998766447368421 0.4455842997323818 0.998766447368421 0.4455842997323818 0.8680098684210527 0.37823371989295274 0.8680098684210527 0.37823371989295274 0.998766447368421
0 0.3456735057983943 0.8511513157894737 0.4259589652096343 0.8511513157894737 0.4259589652096343 0.709703947368421 0.3456735057983943 0.709703947368421 0.3456735057983943 0.8511513157894737
0 0.2609277430865299 0.14144736842105263 0.33719892952720787 0.14144736842105263 0.33719892952720787 0.0008223684210526315 0.2609277430865299 0.0008223684210526315 0.2609277430865299 0.14144736842105263
0 0.23461195361284568 0.4761513157894737 0.31801962533452277 0.4761513157894737 0.31801962533452277 0.3379934210526316 0.23461195361284568 0.3379934210526316 0.23461195361284568 0.4761513157894737
0 0.3240410347903657 0 0.3240410347903657 0.08141447368421052 0.39942016057091884 0.08141447368421052 0.39942016057091884 0 0.3240410347903657 0
0 0.22323818019625336 0.9995888157894737 0.294157002676182 0.9995888157894737 0.294157002676182 0.8819901315789473 0.22323818019625336 0.8819901315789473 0.22323818019625336 0.9995888157894737
0 0.43710972346119537 0.9995888157894737 0.504014272970562 0.9995888157894737 0.504014272970562 0.954358552631579 0.43710972346119537 0.954358552631579 0.43710972346119537 0.9995888157894737