0 0.8924 0.4315315315315315 0.9556 0.4315315315315315 0.9556 0.2873873873873874 0.8924 0.2873873873873874 0.8924 0.4315315315315315
0 0.8102 0.40045045045045047 0.8654 0.40045045045045047 0.8654 0.2599099099099099 0.8102 0.2599099099099099 0.8102 0.40045045045045047
0 0.9178 0.8743243243243243 0.9934 0.8743243243243243 0.9934 0.7373873873873874 0.9178 0.7373873873873874 0.9178 0.8743243243243243
0 0.8536 0.3045045045045045 0.9252 0.3045045045045045 0.9252 0.17207207207207206 0.8536 0.17207207207207206 0.8536 0.3045045045045045
0 0.7866 0.5572072072072072 0.8438 0.5572072072072072 0.8438 0.40315315315315314 0.7866 0.40315315315315314 0.7866 0.5572072072072072
0 0.8482 0.5364864864864864 0.909 0.5364864864864864 0.909 0.38333333333333336 0.8482 0.38333333333333336 0.8482 0.5364864864864864
0 0.8648 0.16846846846846847 0.9292 0.16846846846846847 0.9292 0.02702702702702703 0.8648 0.02702702702702703 0.8648 0.16846846846846847
0 0.5966 0.3752252252252252 0.663 0.3752252252252252 0.663 0.2536036036036036 0.5966 0.2536036036036036 0.5966 0.3752252252252252
0 0.8274 0.6734234234234234 0.9006 0.6734234234234234 0.9006 0.5391891891891892 0.8274 0.5391891891891892 0.8274 0.6734234234234234
0 0.9164 0.7319819819819819 0.9856 0.7319819819819819 0.9856 0.5923423423423423 0.9164 0.5923423423423423 0.9164 0.7319819819819819
0 0.6102 0.8202702702702702 0.6666 0.8202702702702702 0.6666 0.677027027027027 0.6102 0.677027027027027 0.6102 0.8202702702702702
0 0.9078 0.5896396396396396 0.9682 0.5896396396396396 0.9682 0.4328828828828829 0.9078 0.4328828828828829 0.9078 0.5896396396396396
0 0.5628 0.8513513513513513 0.616 0.8513513513513513 0.616 0.709009009009009 0.5628 0.709009009009009 0.5628 0.8513513513513513
0 0.7796 0.2585585585585586 0.8372 0.2585585585585586 0.8372 0.10810810810810811 0.7796 0.10810810810810811 0.7796 0.2585585585585586
0 0.857 0.7941441441441441 0.9258 0.7941441441441441 0.9258 0.6644144144144144 0.857 0.6644144144144144 0.857 0.7941441441441441
0 0.7498 0.39054054054054055 0.8074 0.39054054054054055 0.8074 0.24279279279279278 0.7498 0.24279279279279278 0.7498 0.39054054054054055
0 0.7978 0 0.7978 0.11261261261261261 0.8702 0.11261261261261261 0.8702 0 0.7978 0
0 0.8704 0.9481981981981982 0.9408 0.9481981981981982 0.9408 0.8067567567567567 0.8704 0.8067567567567567 0.8704 0.9481981981981982
0 0.6424 1 0.6424 0.8900900900900901 0.5868 0.8900900900900901 0.5868 1 0.6424 1
0 0.9994 1 0.9994 0.8756756756756757 0.9374 0.8756756756756757 0.9374 1 0.9994 1
0 0.5394 1 0.5394 0.9234234234234234 0.4818 0.9234234234234234 0.4818 1 0.5394 1
0 0.1864 0.20585585585585586 0.2428 0.20585585585585586 0.2428 0.09504504504504505 0.1864 0.09504504504504505 0.1864 0.20585585585585586
0 0.5368 0 0.5368 0.054954954954954956 0.5968 0.054954954954954956 0.5968 0 0.5368 0
0 0.1452 0.19954954954954954 0.1892 0.19954954954954954 0.1892 0.09324324324324325 0.1452 0.09324324324324325 0.1452 0.19954954954954954
0 0.0712 0.3063063063063063 0.116 0.3063063063063063 0.116 0.21711711711711712 0.0712 0.21711711711711712 0.0712 0.3063063063063063
0 0.7442 0 0.7442 0.04504504504504504 0.797 0.04504504504504504 0.797 0 0.7442 0
0 0.0808 0.4608108108108108 0.1252 0.4608108108108108 0.1252 0.36711711711711714 0.0808 0.36711711711711714 0.0808 0.4608108108108108
0 0.9308 1 0.9308 0.9423423423423424 0.8704 0.9423423423423424 0.8704 1 0.9308 1
0 0.2062 0.11486486486486487 0.2646 0.11486486486486487 0.2646 0.005855855855855856 0.2062 0.005855855855855856 0.2062 0.11486486486486487
0 0.3014 0 0.3014 0.03963963963963964 0.3634 0.03963963963963964 0.3634 0 0.3014 0
0 0.0398 0.48873873873873874 0.083 0.48873873873873874 0.083 0.4112612612612613 0.0398 0.4112612612612613 0.0398 0.48873873873873874
0 0.1158 0.27927927927927926 0.1558 0.27927927927927926 0.1558 0.18828828828828828 0.1158 0.18828828828828828 0.1158 0.27927927927927926
0 0.0756 0.1036036036036036 0.1312 0.1036036036036036 0.1312 0.010810810810810811 0.0756 0.010810810810810811 0.0756 0.1036036036036036
0 0.1162 0.28783783783783784 0.1734 0.28783783783783784 0.1734 0.18783783783783783 0.1162 0.18783783783783783 0.1162 0.28783783783783784
0 0.1166 0.9981981981981982 0.1722 0.9981981981981982 0.1722 0.8864864864864865 0.1166 0.8864864864864865 0.1166 0.9981981981981982
0 0.8636 0 0.8636 0.024324324324324326 0.908 0.024324324324324326 0.908 0 0.8636 0