0 0.6422689844464776 0.3120888157894737 0.7319304666056725 0.3120888157894737 0.7319304666056725 0.17393092105263158 0.6422689844464776 0.17393092105263158 0.6422689844464776 0.3120888157894737
0 0.26646843549862764 0.12870065789473684 0.3410338517840805 0.12870065789473684 0.3410338517840805 0.008634868421052632 0.26646843549862764 0.008634868421052632 0.26646843549862764 0.12870065789473684
0 0.2822506861848124 0.6513157894736842 0.3636779505946935 0.6513157894736842 0.3636779505946935 0.5115131578947368 0.2822506861848124 0.5115131578947368 0.2822506861848124 0.6513157894736842
0 0.7355901189387009 0.22039473684210525 0.8225068618481244 0.22039473684210525 0.8225068618481244 0.08881578947368421 0.7355901189387009 0.08881578947368421 0.7355901189387009 0.22039473684210525
0 0.401875571820677 0.13240131578947367 0.48650503202195794 0.13240131578947367 0.48650503202195794 0.001644736842105263 0.401875571820677 0.001644736842105263 0.401875571820677 0.13240131578947367
0 0.7989478499542544 0.12294407894736842 0.896843549862763 0.12294407894736842 0.896843549862763 0.00041118421052631577 0.7989478499542544 0.00041118421052631577 0.7989478499542544 0.12294407894736842
0 0.1630832570905764 0.22039473684210525 0.24405306495882892 0.22039473684210525 0.24405306495882892 0.10197368421052631 0.1630832570905764 0.10197368421052631 0.1630832570905764 0.22039473684210525
0 0.3966148215919488 0.5707236842105263 0.4775846294602013 0.5707236842105263 0.4775846294602013 0.43832236842105265 0.3966148215919488 0.43832236842105265 0.3966148215919488 0.5707236842105263
0 0.16125343092406222 0.3910361842105263 0.24039341262580055 0.3910361842105263 0.24039341262580055 0.2660361842105263 0.16125343092406222 0.2660361842105263 0.16125343092406222 0.3910361842105263
0 0.5180695333943275 0.9436677631578947 0.6013266239707228 0.9436677631578947 0.6013266239707228 0.7948190789473685 0.5180695333943275 0.7948190789473685 0.5180695333943275 0.9436677631578947
0 0.14524245196706312 0.634046052631579 0.22712717291857273 0.634046052631579 0.22712717291857273 0.5057565789473685 0.14524245196706312 0.5057565789473685 0.14524245196706312 0.634046052631579
0 0.8840347666971637 0.9938322368421053 0.9901646843549863 0.9938322368421053 0.9901646843549863 0.8367598684210527 0.8840347666971637 0.8367598684210527 0.8840347666971637 0.9938322368421053
0 0.09537968892955169 0.2989309210526316 0.18595608417200366 0.2989309210526316 0.18595608417200366 0.17886513157894737 0.09537968892955169 0.17886513157894737 0.09537968892955169 0.2989309210526316
0 0.16239707227813358 0.8885690789473685 0.2433668801463861 0.8885690789473685 0.2433668801463861 0.7619243421052632 0.16239707227813358 0.7619243421052632 0.16239707227813358 0.8885690789473685
0 0.2884263494967978 0.8223684210526315 0.36756633119853616 0.8223684210526315 0.36756633119853616 0.6866776315789473 0.2884263494967978 0.6866776315789473 0.2884263494967978 0.8223684210526315
0 0.35635864592863675 0.9165296052631579 0.43138151875571823 0.9165296052631579 0.43138151875571823 0.782483552631579 0.35635864592863675 0.782483552631579 0.35635864592863675 0.9165296052631579
0 0.02950594693504117 0.21710526315789475 0.11688014638609331 0.21710526315789475 0.11688014638609331 0.10855263157894737 0.02950594693504117 0.10855263157894737 0.02950594693504117 0.21710526315789475
0 0.43504117108874657 0.9333881578947368 0.5146386093321135 0.9333881578947368 0.5146386093321135 0.78125 0.43504117108874657 0.78125 0.43504117108874657 0.9333881578947368
0 0.22461116193961575 0.9864309210526315 0.2968892955169259 0.9864309210526315 0.2968892955169259 0.842516447368421 0.22461116193961575 0.842516447368421 0.22461116193961575 0.9864309210526315
0 0.29894784995425433 0.9950657894736842 0.3762580054894785 0.9950657894736842 0.3762580054894785 0.859375 0.29894784995425433 0.859375 0.29894784995425433 0.9950657894736842
0 0.6626258005489478 1 0.6626258005489478 0.8898026315789473 0.5825709057639524 0.8898026315789473 0.5825709057639524 1 0.6626258005489478 1
0 0.09835315645013723 0.7125822368421053 0.17703568161024702 0.7125822368421053 0.17703568161024702 0.5908717105263158 0.09835315645013723 0.5908717105263158 0.09835315645013723 0.7125822368421053
0 0.20425434583714547 0 0.20425434583714547 0.049342105263157895 0.2774473924977127 0.049342105263157895 0.2774473924977127 0 0.20425434583714547 0
0 0.03476669716376944 0.3828125 0.1262580054894785 0.3828125 0.1262580054894785 0.2660361842105263 0.03476669716376944 0.2660361842105263 0.03476669716376944 0.3828125
0 0.02081427264409881 0 0.02081427264409881 0.05838815789473684 0.10498627630375114 0.05838815789473684 0.10498627630375114 0 0.02081427264409881 0
0 0.3357731015553522 0 0.3357731015553522 0.05098684210526316 0.4172003659652333 0.05098684210526316 0.4172003659652333 0 0.3357731015553522 0
0 0.0192131747483989 0.7014802631578947 0.09011893870082342 0.7014802631578947 0.09011893870082342 0.587171052631579 0.0192131747483989 0.587171052631579 0.0192131747483989 0.7014802631578947
0 0.2529734675205855 1 0.2529734675205855 0.9391447368421053 0.17703568161024702 0.9391447368421053 0.17703568161024702 1 0.2529734675205855 1
0 0.013266239707227814 0.545641447368421 0.09835315645013723 0.545641447368421 0.09835315645013723 0.41570723684210525 0.013266239707227814 0.41570723684210525 0.013266239707227814 0.545641447368421
0 0.16422689844464775 1 0.16422689844464775 0.9210526315789473 0.08966148215919488 0.9210526315789473 0.08966148215919488 1 0.16422689844464775 1
0 0.07250686184812442 0.8766447368421053 0.15759377859103385 0.8766447368421053 0.15759377859103385 0.756578947368421 0.07250686184812442 0.756578947368421 0.07250686184812442 0.8766447368421053
0 0.4139981701738335 1 0.4139981701738335 0.959703947368421 0.3517840805123513 0.959703947368421 0.3517840805123513 1 0.4139981701738335 1