0 0.6650618982118295 0.9747510668563301 0.8335625859697386 0.9747510668563301 0.8335625859697386 0.8261024182076814 0.6650618982118295 0.8261024182076814 0.6650618982118295 0.9747510668563301
0 0.7090784044016506 0.20483641536273114 0.8521320495185695 0.20483641536273114 0.8521320495185695 0.06685633001422475 0.7090784044016506 0.06685633001422475 0.7090784044016506 0.20483641536273114
0 0.6905089408528198 0.8239687055476529 0.8239339752407153 0.8239687055476529 0.8239339752407153 0.6795874822190612 0.6905089408528198 0.6795874822190612 0.6905089408528198 0.8239687055476529
0 0.6468363136176066 0.3709103840682788 0.7726960110041265 0.3709103840682788 0.7726960110041265 0.23008534850640114 0.6468363136176066 0.23008534850640114 0.6468363136176066 0.3709103840682788
0 0.5704951856946355 0.2709815078236131 0.6750343878954608 0.2709815078236131 0.6750343878954608 0.155049786628734 0.5704951856946355 0.155049786628734 0.5704951856946355 0.2709815078236131
0 0.3356258596973865 1 0.3356258596973865 0.8755334281650071 0.23314993122420907 0.8755334281650071 0.23314993122420907 1 0.3356258596973865 1
0 0.17090784044016505 0.722972972972973 0.26237964236588723 0.722972972972973 0.26237964236588723 0.5977951635846372 0.17090784044016505 0.5977951635846372 0.17090784044016505 0.722972972972973
0 0.37895460797799174 0.3837126600284495 0.48211829436038517 0.3837126600284495 0.48211829436038517 0.26422475106685633 0.37895460797799174 0.26422475106685633 0.37895460797799174 0.3837126600284495
0 0.007221458046767538 0.8445945945945946 0.09456671251719395 0.8445945945945946 0.09456671251719395 0.734352773826458 0.007221458046767538 0.734352773826458 0.007221458046767538 0.8445945945945946
0 0.4752407152682256 0.3940256045519203 0.5866574965612105 0.3940256045519203 0.5866574965612105 0.2716927453769559 0.4752407152682256 0.2716927453769559 0.4752407152682256 0.3940256045519203
0 0.4759284731774415 0.1678520625889047 0.577028885832187 0.1678520625889047 0.577028885832187 0.05334281650071124 0.4759284731774415 0.05334281650071124 0.4759284731774415 0.1678520625889047
0 0.2867950481430536 0.35028449502133713 0.38308115543328747 0.35028449502133713 0.38308115543328747 0.24431009957325747 0.2867950481430536 0.24431009957325747 0.2867950481430536 0.35028449502133713
0 0.3074277854195323 0.6194879089615932 0.41127922971114167 0.6194879089615932 0.41127922971114167 0.49359886201991465 0.3074277854195323 0.49359886201991465 0.3074277854195323 0.6194879089615932
0 0.8500687757909215 0 0.8500687757909215 0.0860597439544808 0.9883081155433288 0.0860597439544808 0.9883081155433288 0 0.8500687757909215 0
0 0.36932599724896836 0.878022759601707 0.4855570839064649 0.878022759601707 0.4855570839064649 0.7350640113798008 0.36932599724896836 0.7350640113798008 0.36932599724896836 0.878022759601707
0 0.22627235213204952 0.5889046941678521 0.31636863823933975 0.5889046941678521 0.31636863823933975 0.47652916073968704 0.22627235213204952 0.47652916073968704 0.22627235213204952 0.5889046941678521
0 0.000687757909215956 0.9783072546230441 0.09353507565337002 0.9783072546230441 0.09353507565337002 0.8573968705547653 0.000687757909215956 0.8573968705547653 0.000687757909215956 0.9783072546230441
0 0.11416781292984869 0.8517069701280228 0.20426409903713894 0.8517069701280228 0.20426409903713894 0.7393314366998578 0.11416781292984869 0.7393314366998578 0.11416781292984869 0.8517069701280228
0 0.9391334250343879 0.1682076813655761 0.999656121045392 0.1682076813655761 0.999656121045392 0.032361308677098154 0.9391334250343879 0.032361308677098154 0.9391334250343879 0.1682076813655761
0 0.000343878954607978 0.20554765291607396 0.05123796423658872 0.20554765291607396 0.05123796423658872 0.1287339971550498 0.000343878954607978 0.1287339971550498 0.000343878954607978 0.20554765291607396
0 0.000343878954607978 0.6422475106685633 0.0656808803301238 0.6422475106685633 0.0656808803301238 0.5384068278805121 0.000343878954607978 0.5384068278805121 0.000343878954607978 0.6422475106685633
0 0.1420220082530949 0.5373399715504978 0.23624484181568087 0.5373399715504978 0.23624484181568087 0.4342105263157895 0.1420220082530949 0.4342105263157895 0.1420220082530949 0.5373399715504978
0 0.09491059147180192 0.9736842105263158 0.19876203576341128 0.9736842105263158 0.19876203576341128 0.8470839260312945 0.09491059147180192 0.8470839260312945 0.09491059147180192 0.9736842105263158
0 0.14167812929848694 0.12731152204836416 0.22558459422283356 0.12731152204836416 0.22558459422283356 0.03911806543385491 0.14167812929848694 0.03911806543385491 0.14167812929848694 0.12731152204836416
0 0.23383768913342504 0.4697724039829303 0.32393397524071527 0.4697724039829303 0.32393397524071527 0.3716216216216216 0.23383768913342504 0.3716216216216216 0.23383768913342504 0.4697724039829303
0 0.3813617606602476 0.25889046941678523 0.4886519944979367 0.25889046941678523 0.4886519944979367 0.16216216216216217 0.3813617606602476 0.16216216216216217 0.3813617606602476 0.25889046941678523
0 0.3872077028885832 0.15825035561877668 0.47730398899587345 0.15825035561877668 0.47730398899587345 0.062233285917496446 0.3872077028885832 0.062233285917496446 0.3872077028885832 0.15825035561877668
0 0.2548143053645117 0.09601706970128022 0.34284731774415406 0.09601706970128022 0.34284731774415406 0.004267425320056899 0.2548143053645117 0.004267425320056899 0.2548143053645117 0.09601706970128022
0 0.13376891334250343 0.4185633001422475 0.22592847317744155 0.4185633001422475 0.22592847317744155 0.32183499288762446 0.13376891334250343 0.32183499288762446 0.13376891334250343 0.4185633001422475
0 0 0.7610241820768137 0.061210453920220086 0.7610241820768137 0.061210453920220086 0.6493598862019915 0 0.6493598862019915 0 0.7610241820768137
0 0.013755158184319119 0.284850640113798 0.09628610729023383 0.284850640113798 0.09628610729023383 0.20021337126600283 0.013755158184319119 0.20021337126600283 0.013755158184319119 0.284850640113798
0 0.2922971114167813 0.24039829302987198 0.38514442916093533 0.24039829302987198 0.38514442916093533 0.14935988620199148 0.2922971114167813 0.14935988620199148 0.2922971114167813 0.24039829302987198
0 0.703232462173315 0 0.703232462173315 0.06543385490753911 0.8352819807427786 0.06543385490753911 0.8352819807427786 0 0.703232462173315 0
0 0.04332874828060523 0.35170697012802277 0.12861072902338377 0.35170697012802277 0.12861072902338377 0.2599573257467994 0.04332874828060523 0.2599573257467994 0.04332874828060523 0.35170697012802277
0 0.007909215955983494 0.46763869132290187 0.09181568088033012 0.46763869132290187 0.09181568088033012 0.3758890469416785 0.007909215955983494 0.3758890469416785 0.007909215955983494 0.46763869132290187
0 0 0.4018492176386913 0.0515818431911967 0.4018492176386913 0.0515818431911967 0.3157894736842105 0 0.3157894736842105 0 0.4018492176386913
0 0.3005502063273728 0.14402560455192034 0.390646492434663 0.14402560455192034 0.390646492434663 0.05867709815078236 0.3005502063273728 0.05867709815078236 0.3005502063273728 0.14402560455192034
0 0.3892709766162311 0 0.3892709766162311 0.05903271692745377 0.47730398899587345 0.05903271692745377 0.47730398899587345 0 0.3892709766162311 0
0 0.11313617606602476 0.07574679943100995 0.1764099037138927 0.07574679943100995 0.1764099037138927 0.00035561877667140827 0.11313617606602476 0.00035561877667140827 0.11313617606602476 0.07574679943100995
0 0.46526822558459424 0 0.46526822558459424 0.05334281650071124 0.5704951856946355 0.05334281650071124 0.5704951856946355 0 0.46526822558459424 0
0 0.06224209078404402 0.08677098150782361 0.12689133425034388 0.08677098150782361 0.12689133425034388 0.0007112375533428165 0.06224209078404402 0.0007112375533428165 0.06224209078404402 0.08677098150782361
0 0.07737276478679504 0.41500711237553345 0.14889958734525446 0.41500711237553345 0.14889958734525446 0.3026315789473684 0.07737276478679504 0.3026315789473684 0.07737276478679504 0.41500711237553345
0 0.2248968363136176 0.24822190611664297 0.30261348005502064 0.24822190611664297 0.30261348005502064 0.14295874822190613 0.2248968363136176 0.14295874822190613 0.2248968363136176 0.24822190611664297
0 0.23796423658872076 1 0.23796423658872076 0.9587482219061166 0.15199449793672629 0.9587482219061166 0.15199449793672629 1 0.23796423658872076 1
0 0.1265474552957359 1 0.1265474552957359 0.9644381223328592 0.041953232462173314 0.9644381223328592 0.041953232462173314 1 0.1265474552957359 1
0 0.18982118294360384 0.19238975817923187 0.2668500687757909 0.19238975817923187 0.2668500687757909 0.09495021337126601 0.18982118294360384 0.09495021337126601 0.18982118294360384 0.19238975817923187
0 0.9638927097661623 0.7183499288762447 0.999656121045392 0.7183499288762447 0.999656121045392 0.5917496443812233 0.9638927097661623 0.5917496443812233 0.9638927097661623 0.7183499288762447
0 0.000343878954607978 0.8566856330014224 0.012035763411279229 0.8566856330014224 0.012035763411279229 0.7741820768136558 0.000343878954607978 0.7741820768136558 0.000343878954607978 0.8566856330014224
0 0 0.5177809388335705 0.018569463548830812 0.5177809388335705 0.018569463548830812 0.4359886201991465 0 0.4359886201991465 0 0.5177809388335705
0 0.999656121045392 1 0.999656121045392 0.9423897581792319 0.9260660247592847 0.9423897581792319 0.9260660247592847 1 0.999656121045392 1