0 0.7719359331476323 0.12412587412587413 0.8548050139275766 0.12412587412587413 0.8548050139275766 0.050699300699300696 0.7719359331476323 0.050699300699300696 0.7719359331476323 0.12412587412587413
0 0.8934540389972145 0.6944055944055944 0.9874651810584958 0.6944055944055944 0.9874651810584958 0.6202797202797202 0.8934540389972145 0.6202797202797202 0.8934540389972145 0.6944055944055944
0 0.8137186629526463 0.7853146853146853 0.9084261838440112 0.7853146853146853 0.9084261838440112 0.7132867132867133 0.8137186629526463 0.7132867132867133 0.8137186629526463 0.7853146853146853
0 0.7670612813370473 0.563986013986014 0.8561977715877437 0.563986013986014 0.8561977715877437 0.4898601398601399 0.7670612813370473 0.4898601398601399 0.7670612813370473 0.563986013986014
0 0.24860724233983286 0.41748251748251747 0.3168523676880223 0.41748251748251747 0.3168523676880223 0.35874125874125873 0.24860724233983286 0.35874125874125873 0.24860724233983286 0.41748251748251747
0 0.3892757660167131 0.49195804195804194 0.4700557103064067 0.49195804195804194 0.4700557103064067 0.4234265734265734 0.3892757660167131 0.4234265734265734 0.3892757660167131 0.49195804195804194
0 0.11002785515320335 0.35244755244755244 0.18662952646239556 0.35244755244755244 0.18662952646239556 0.2937062937062937 0.11002785515320335 0.2937062937062937 0.11002785515320335 0.35244755244755244
0 0.653899721448468 0.9674825174825175 0.7423398328690808 0.9674825174825175 0.7423398328690808 0.8926573426573426 0.653899721448468 0.8926573426573426 0.653899721448468 0.9674825174825175
0 0.5936629526462396 0.786013986013986 0.6772284122562674 0.786013986013986 0.6772284122562674 0.7160839160839161 0.5936629526462396 0.7160839160839161 0.5936629526462396 0.786013986013986
0 0.6037604456824512 0.9038461538461539 0.6866295264623955 0.9038461538461539 0.6866295264623955 0.8234265734265734 0.6037604456824512 0.8234265734265734 0.6037604456824512 0.9038461538461539
0 0.4752785515320334 0.8608391608391608 0.5588440111420613 0.8608391608391608 0.5588440111420613 0.7916083916083916 0.4752785515320334 0.7916083916083916 0.4752785515320334 0.8608391608391608
0 0.37987465181058494 0.13776223776223775 0.4536908077994429 0.13776223776223775 0.4536908077994429 0.06923076923076923 0.37987465181058494 0.06923076923076923 0.37987465181058494 0.13776223776223775
0 0.6692200557103064 0.7517482517482518 0.7625348189415042 0.7517482517482518 0.7625348189415042 0.6811188811188811 0.6692200557103064 0.6811188811188811 0.6692200557103064 0.7517482517482518
0 0.900766016713092 0.08636363636363636 0.9892061281337048 0.08636363636363636 0.9892061281337048 0.015734265734265736 0.900766016713092 0.015734265734265736 0.900766016713092 0.08636363636363636
0 0.7068245125348189 0.5006993006993007 0.7931754874651811 0.5006993006993007 0.7931754874651811 0.43216783216783217 0.7068245125348189 0.43216783216783217 0.7068245125348189 0.5006993006993007
0 0.15181058495821728 0.23076923076923078 0.22284122562674094 0.23076923076923078 0.22284122562674094 0.17132867132867133 0.15181058495821728 0.17132867132867133 0.15181058495821728 0.23076923076923078
0 0.18837047353760444 0.4527972027972028 0.26775766016713093 0.4527972027972028 0.26775766016713093 0.3905594405594406 0.18837047353760444 0.3905594405594406 0.18837047353760444 0.4527972027972028
0 0.6834958217270195 0.5979020979020979 0.7719359331476323 0.5979020979020979 0.7719359331476323 0.5300699300699301 0.6834958217270195 0.5300699300699301 0.6834958217270195 0.5979020979020979
0 0 0.7709790209790209 0.04874651810584958 0.7709790209790209 0.04874651810584958 0.7038461538461539 0 0.7038461538461539 0 0.7709790209790209
0 0.7148328690807799 0.07657342657342657 0.7970055710306406 0.07657342657342657 0.7970055710306406 0.003146853146853147 0.7148328690807799 0.003146853146853147 0.7148328690807799 0.07657342657342657
0 0.1149025069637883 0.07027972027972028 0.19220055710306408 0.07027972027972028 0.19220055710306408 0.0024475524475524478 0.1149025069637883 0.0024475524475524478 0.1149025069637883 0.07027972027972028
0 0.3488857938718663 0.8258741258741259 0.43175487465181056 0.8258741258741259 0.43175487465181056 0.7587412587412588 0.3488857938718663 0.7587412587412588 0.3488857938718663 0.8258741258741259
0 0.7447771587743732 0.715034965034965 0.8387883008356546 0.715034965034965 0.8387883008356546 0.6472027972027972 0.7447771587743732 0.6472027972027972 0.7447771587743732 0.715034965034965
0 0.20090529247910863 0.887062937062937 0.2837743732590529 0.887062937062937 0.2837743732590529 0.8157342657342658 0.20090529247910863 0.8157342657342658 0.20090529247910863 0.887062937062937
0 0.45647632311977715 0.4548951048951049 0.5351671309192201 0.4548951048951049 0.5351671309192201 0.39125874125874127 0.45647632311977715 0.39125874125874127 0.45647632311977715 0.4548951048951049
0 0.5772980501392758 0.4800699300699301 0.6608635097493036 0.4800699300699301 0.6608635097493036 0.4115384615384615 0.5772980501392758 0.4115384615384615 0.5772980501392758 0.4800699300699301
0 0.5891364902506964 0.6846153846153846 0.6782729805013927 0.6846153846153846 0.6782729805013927 0.6111888111888112 0.5891364902506964 0.6111888111888112 0.5891364902506964 0.6846153846153846
0 0.1431058495821727 0.965034965034965 0.21970752089136492 0.965034965034965 0.21970752089136492 0.8972027972027972 0.1431058495821727 0.8972027972027972 0.1431058495821727 0.965034965034965
0 0.4258356545961003 0.7961538461538461 0.5107938718662952 0.7961538461538461 0.5107938718662952 0.7255244755244755 0.4258356545961003 0.7255244755244755 0.4258356545961003 0.7961538461538461
0 0.27402506963788303 0.5657342657342658 0.354108635097493 0.5657342657342658 0.354108635097493 0.5006993006993007 0.27402506963788303 0.5006993006993007 0.27402506963788303 0.5657342657342658
0 0.35341225626740946 0.21643356643356643 0.42862116991643456 0.21643356643356643 0.42862116991643456 0.15 0.35341225626740946 0.15 0.35341225626740946 0.21643356643356643
0 0.6274373259052924 0.5391608391608391 0.7165738161559888 0.5391608391608391 0.7165738161559888 0.4664335664335664 0.6274373259052924 0.4664335664335664 0.6274373259052924 0.5391608391608391
0 0.2785515320334262 0.8601398601398601 0.3697771587743733 0.8601398601398601 0.3697771587743733 0.7888111888111888 0.2785515320334262 0.7888111888111888 0.2785515320334262 0.8601398601398601
0 0.49512534818941506 0.7580419580419581 0.5738161559888579 0.7580419580419581 0.5738161559888579 0.6937062937062937 0.49512534818941506 0.6937062937062937 0.49512534818941506 0.7580419580419581
0 0.4578690807799443 0.0937062937062937 0.5351671309192201 0.0937062937062937 0.5351671309192201 0.025174825174825177 0.4578690807799443 0.025174825174825177 0.4578690807799443 0.0937062937062937
0 0.15215877437325906 0.5402097902097902 0.23224233983286907 0.5402097902097902 0.23224233983286907 0.477972027972028 0.15215877437325906 0.477972027972028 0.15215877437325906 0.5402097902097902
0 0.33565459610027853 0.09020979020979021 0.4087743732590529 0.09020979020979021 0.4087743732590529 0.02027972027972028 0.33565459610027853 0.02027972027972028 0.33565459610027853 0.09020979020979021
0 0.15598885793871867 0.823076923076923 0.23537604456824512 0.823076923076923 0.23537604456824512 0.7552447552447552 0.15598885793871867 0.7552447552447552 0.15598885793871867 0.823076923076923
0 0.34435933147632314 0.926923076923077 0.42792479108635095 0.926923076923077 0.42792479108635095 0.8562937062937063 0.34435933147632314 0.8562937062937063 0.34435933147632314 0.926923076923077
0 0.19220055710306408 0.07237762237762238 0.26253481894150416 0.07237762237762238 0.26253481894150416 0.012237762237762238 0.19220055710306408 0.012237762237762238 0.19220055710306408 0.07237762237762238
0 0.4139972144846797 0.40104895104895105 0.4933844011142061 0.40104895104895105 0.4933844011142061 0.3402097902097902 0.4139972144846797 0.3402097902097902 0.4139972144846797 0.40104895104895105
0 0.44254874651810583 0.6986013986013986 0.5261142061281338 0.6986013986013986 0.5261142061281338 0.6272727272727273 0.44254874651810583 0.6272727272727273 0.44254874651810583 0.6986013986013986
0 0.5250696378830083 0 0.5250696378830083 0.05804195804195804 0.6037604456824512 0.05804195804195804 0.6037604456824512 0 0.5250696378830083 0
0 0.3266016713091922 0.30314685314685313 0.40041782729805014 0.30314685314685313 0.40041782729805014 0.2353146853146853 0.3266016713091922 0.2353146853146853 0.3266016713091922 0.30314685314685313
0 0.8147632311977716 0.22097902097902097 0.9101671309192201 0.22097902097902097 0.9101671309192201 0.15174825174825174 0.8147632311977716 0.15174825174825174 0.8147632311977716 0.22097902097902097
0 0.24930362116991645 0.6520979020979021 0.33356545961002787 0.6520979020979021 0.33356545961002787 0.5891608391608392 0.24930362116991645 0.5891608391608392 0.24930362116991645 0.6520979020979021
0 0.1834958217270195 0.6793706293706294 0.2552228412256267 0.6793706293706294 0.2552228412256267 0.6192307692307693 0.1834958217270195 0.6192307692307693 0.1834958217270195 0.6793706293706294
0 0.6580779944289693 0.4409090909090909 0.7437325905292479 0.4409090909090909 0.7437325905292479 0.37377622377622377 0.6580779944289693 0.37377622377622377 0.6580779944289693 0.4409090909090909
0 0.23328690807799443 0.7944055944055944 0.31963788300835655 0.7944055944055944 0.31963788300835655 0.7286713286713287 0.23328690807799443 0.7286713286713287 0.23328690807799443 0.7944055944055944
0 0.6709610027855153 0.3503496503496504 0.7538300835654597 0.3503496503496504 0.7538300835654597 0.2804195804195804 0.6709610027855153 0.2804195804195804 0.6709610027855153 0.3503496503496504
0 0.4613509749303621 0.9688811188811188 0.5463091922005571 0.9688811188811188 0.5463091922005571 0.8898601398601399 0.4613509749303621 0.8898601398601399 0.4613509749303621 0.9688811188811188
0 0.07834261838440111 0.30454545454545456 0.15146239554317548 0.30454545454545456 0.15146239554317548 0.2472027972027972 0.07834261838440111 0.2472027972027972 0.07834261838440111 0.30454545454545456
0 0.3071030640668524 0.3832167832167832 0.37813370473537605 0.3832167832167832 0.37813370473537605 0.32447552447552447 0.3071030640668524 0.32447552447552447 0.3071030640668524 0.3832167832167832
0 0.5316852367688022 0.9318181818181818 0.6208217270194986 0.9318181818181818 0.6208217270194986 0.8597902097902098 0.5316852367688022 0.8597902097902098 0.5316852367688022 0.9318181818181818
0 0.21204735376044567 0.15629370629370629 0.290041782729805 0.15629370629370629 0.290041782729805 0.09195804195804196 0.21204735376044567 0.09195804195804196 0.21204735376044567 0.15629370629370629
0 0.7594011142061281 0.36258741258741256 0.8548050139275766 0.36258741258741256 0.8548050139275766 0.2828671328671329 0.7594011142061281 0.2828671328671329 0.7594011142061281 0.36258741258741256
0 0.2618384401114206 0.08006993006993007 0.3370473537604457 0.08006993006993007 0.3370473537604457 0.010839160839160839 0.2618384401114206 0.010839160839160839 0.2618384401114206 0.08006993006993007
0 0.8293871866295265 0.32167832167832167 0.9143454038997214 0.32167832167832167 0.9143454038997214 0.24895104895104894 0.8293871866295265 0.24895104895104894 0.8293871866295265 0.32167832167832167
0 0.3983286908077994 0.9986013986013986 0.4818941504178273 0.9986013986013986 0.4818941504178273 0.9230769230769231 0.3983286908077994 0.9230769230769231 0.3983286908077994 0.9986013986013986
0 0.045612813370473536 0.38356643356643355 0.12012534818941505 0.38356643356643355 0.12012534818941505 0.3241258741258741 0.045612813370473536 0.3241258741258741 0.045612813370473536 0.38356643356643355
0 0.3969359331476323 0.6405594405594406 0.4763231197771588 0.6405594405594406 0.4763231197771588 0.5734265734265734 0.3969359331476323 0.5734265734265734 0.3969359331476323 0.6405594405594406
0 0.5553621169916435 0.3300699300699301 0.6305710306406686 0.3300699300699301 0.6305710306406686 0.26153846153846155 0.5553621169916435 0.26153846153846155 0.5553621169916435 0.3300699300699301
0 0.00034818941504178273 0.9996503496503496 0.06162952646239554 0.9996503496503496 0.06162952646239554 0.9416083916083916 0.00034818941504178273 0.9416083916083916 0.00034818941504178273 0.9996503496503496
0 0.2200557103064067 0.24265734265734265 0.2938718662952646 0.24265734265734265 0.2938718662952646 0.17902097902097902 0.2200557103064067 0.17902097902097902 0.2200557103064067 0.24265734265734265
0 0.6013231197771588 0.3881118881118881 0.6869777158774373 0.3881118881118881 0.6869777158774373 0.3174825174825175 0.6013231197771588 0.3174825174825175 0.6013231197771588 0.3881118881118881
0 0.46065459610027853 0.23461538461538461 0.549791086350975 0.23461538461538461 0.549791086350975 0.1583916083916084 0.46065459610027853 0.1583916083916084 0.46065459610027853 0.23461538461538461
0 0.3450557103064067 0.4489510489510489 0.4244428969359331 0.4489510489510489 0.4244428969359331 0.37272727272727274 0.3450557103064067 0.37272727272727274 0.3450557103064067 0.4489510489510489
0 0.1991643454038997 0.598951048951049 0.2827298050139276 0.598951048951049 0.2827298050139276 0.5276223776223776 0.1991643454038997 0.5276223776223776 0.1991643454038997 0.598951048951049
0 0.04944289693593315 0.8863636363636364 0.12813370473537605 0.8863636363636364 0.12813370473537605 0.8206293706293706 0.04944289693593315 0.8206293706293706 0.04944289693593315 0.8863636363636364
0 0.25313370473537605 0.2916083916083916 0.32903899721448465 0.2916083916083916 0.32903899721448465 0.22587412587412586 0.25313370473537605 0.22587412587412586 0.25313370473537605 0.2916083916083916
0 0.15424791086350975 0.4020979020979021 0.22945682451253482 0.4020979020979021 0.22945682451253482 0.34055944055944054 0.15424791086350975 0.34055944055944054 0.15424791086350975 0.4020979020979021
0 0.36908077994428967 0.3513986013986014 0.44846796657381616 0.3513986013986014 0.44846796657381616 0.28776223776223775 0.36908077994428967 0.28776223776223775 0.36908077994428967 0.3513986013986014
0 0.682799442896936 0.25384615384615383 0.7663649025069638 0.25384615384615383 0.7663649025069638 0.18461538461538463 0.682799442896936 0.18461538461538463 0.682799442896936 0.25384615384615383
0 0.18210306406685237 0.322027972027972 0.25731197771587744 0.322027972027972 0.25731197771587744 0.2583916083916084 0.18210306406685237 0.2583916083916084 0.18210306406685237 0.322027972027972
0 0.5334261838440112 0.42132867132867136 0.6093314763231198 0.42132867132867136 0.6093314763231198 0.3548951048951049 0.5334261838440112 0.3548951048951049 0.5334261838440112 0.42132867132867136
0 0.310933147632312 0.7657342657342657 0.39240947075208915 0.7657342657342657 0.39240947075208915 0.6923076923076923 0.310933147632312 0.6923076923076923 0.310933147632312 0.7657342657342657
0 0.5135793871866295 0.28321678321678323 0.5964484679665738 0.28321678321678323 0.5964484679665738 0.21188811188811188 0.5135793871866295 0.21188811188811188 0.5135793871866295 0.28321678321678323
0 0.4035515320334262 1 0.4035515320334262 0.951048951048951 0.3241643454038997 0.951048951048951 0.3241643454038997 1 0.4035515320334262 1
0 0.31928969359331477 0.6202797202797202 0.4035515320334262 0.6202797202797202 0.4035515320334262 0.5552447552447553 0.31928969359331477 0.5552447552447553 0.31928969359331477 0.6202797202797202
0 0.4763231197771588 0.37097902097902097 0.5543175487465181 0.37097902097902097 0.5543175487465181 0.3038461538461538 0.4763231197771588 0.3038461538461538 0.4763231197771588 0.37097902097902097
0 0.423050139275766 0.18146853146853148 0.4982590529247911 0.18146853146853148 0.4982590529247911 0.11713286713286714 0.423050139275766 0.11713286713286714 0.423050139275766 0.18146853146853148
0 0.5814763231197771 0.1958041958041958 0.6608635097493036 0.1958041958041958 0.6608635097493036 0.1258741258741259 0.5814763231197771 0.1258741258741259 0.5814763231197771 0.1958041958041958
0 0.6117688022284122 0.2923076923076923 0.6911559888579387 0.2923076923076923 0.6911559888579387 0.22517482517482518 0.6117688022284122 0.22517482517482518 0.6117688022284122 0.2923076923076923
0 0.4101671309192201 0 0.4101671309192201 0.04265734265734266 0.483983286908078 0.04265734265734266 0.483983286908078 0 0.4101671309192201 0
0 0.26497214484679665 1 0.26497214484679665 0.9566433566433566 0.18628133704735375 0.9566433566433566 0.18628133704735375 1 0.26497214484679665 1
0 0.6622562674094707 0 0.6622562674094707 0.023776223776223775 0.7402506963788301 0.023776223776223775 0.7402506963788301 0 0.6622562674094707 0
0 0.9905988857938719 0.637062937062937 0.9996518105849582 0.637062937062937 0.9996518105849582 0.5825174825174825 0.9905988857938719 0.5825174825174825 0.9905988857938719 0.637062937062937
0 0.5591922005571031 0.9545454545454546 0.5947075208913649 0.9545454545454546 0.5947075208913649 0.9279720279720279 0.5591922005571031 0.9279720279720279 0.5591922005571031 0.9545454545454546
0 0.9815459610027855 0.044405594405594405 0.9996518105849582 0.044405594405594405 0.9996518105849582 0.010839160839160839 0.9815459610027855 0.010839160839160839 0.9815459610027855 0.044405594405594405
0 0.9892061281337048 0.9996503496503496 0.9996518105849582 0.9996503496503496 0.9996518105849582 0.9730769230769231 0.9892061281337048 0.9730769230769231 0.9892061281337048 0.9996503496503496