0 0.8378859857482185 0.9959677419354839 0.9328978622327792 0.9959677419354839 0.9328978622327792 0.8624551971326165 0.8378859857482185 0.8624551971326165 0.8378859857482185 0.9959677419354839
0 0.08937054631828979 0.34274193548387094 0.15172209026128267 0.34274193548387094 0.15172209026128267 0.22804659498207885 0.08937054631828979 0.22804659498207885 0.08937054631828979 0.34274193548387094
0 0.8720308788598575 0.8064516129032258 0.9658551068883611 0.8064516129032258 0.9658551068883611 0.6845878136200717 0.8720308788598575 0.6845878136200717 0.8720308788598575 0.8064516129032258
0 0.8087885985748219 0.7087813620071685 0.8990498812351544 0.7087813620071685 0.8990498812351544 0.5815412186379928 0.8087885985748219 0.5815412186379928 0.8087885985748219 0.7087813620071685
0 0.6582541567695962 0.3588709677419355 0.7241686460807601 0.3588709677419355 0.7241686460807601 0.24955197132616488 0.6582541567695962 0.24955197132616488 0.6582541567695962 0.3588709677419355
0 0.6796318289786223 0.1935483870967742 0.7502969121140143 0.1935483870967742 0.7502969121140143 0.08154121863799284 0.6796318289786223 0.08154121863799284 0.6796318289786223 0.1935483870967742
0 0.8194774346793349 0.11200716845878136 0.8931116389548693 0.11200716845878136 0.8931116389548693 0.0062724014336917565 0.8194774346793349 0.0062724014336917565 0.8194774346793349 0.11200716845878136
0 0 0.9995519713261649 0.07719714964370546 0.9995519713261649 0.07719714964370546 0.9198028673835126 0 0.9198028673835126 0 0.9995519713261649
0 0.2749406175771972 0.22267025089605735 0.3414489311163896 0.22267025089605735 0.3414489311163896 0.12410394265232975 0.2749406175771972 0.12410394265232975 0.2749406175771972 0.22267025089605735
0 0.48723277909738716 0.614247311827957 0.5626484560570071 0.614247311827957 0.5626484560570071 0.4825268817204301 0.48723277909738716 0.4825268817204301 0.48723277909738716 0.614247311827957
0 0.75 0.15456989247311828 0.8176959619952494 0.15456989247311828 0.8176959619952494 0.04704301075268817 0.75 0.04704301075268817 0.75 0.15456989247311828
0 0.5748218527315915 0.6254480286738351 0.649643705463183 0.6254480286738351 0.649643705463183 0.49014336917562723 0.5748218527315915 0.49014336917562723 0.5748218527315915 0.6254480286738351
0 0.14845605700712589 0.39471326164874554 0.2179334916864608 0.39471326164874554 0.2179334916864608 0.2782258064516129 0.14845605700712589 0.2782258064516129 0.14845605700712589 0.39471326164874554
0 0.2247624703087886 0.5618279569892473 0.3001781472684085 0.5618279569892473 0.3001781472684085 0.4444444444444444 0.2247624703087886 0.4444444444444444 0.2247624703087886 0.5618279569892473
0 0.010095011876484561 0.4390681003584229 0.08076009501187649 0.4390681003584229 0.08076009501187649 0.3216845878136201 0.010095011876484561 0.3216845878136201 0.010095011876484561 0.4390681003584229
0 0.6870546318289786 0.5228494623655914 0.7660332541567696 0.5228494623655914 0.7660332541567696 0.39560931899641577 0.6870546318289786 0.39560931899641577 0.6870546318289786 0.5228494623655914
0 0.5620546318289786 0.1881720430107527 0.6350950118764845 0.1881720430107527 0.6350950118764845 0.08691756272401434 0.5620546318289786 0.08691756272401434 0.5620546318289786 0.1881720430107527
0 0.5685866983372921 0.31227598566308246 0.6386579572446556 0.31227598566308246 0.6386579572446556 0.19937275985663083 0.5685866983372921 0.19937275985663083 0.5685866983372921 0.31227598566308246
0 0.4064726840855107 0.9153225806451613 0.48604513064133015 0.9153225806451613 0.48604513064133015 0.7827060931899642 0.4064726840855107 0.7827060931899642 0.4064726840855107 0.9153225806451613
0 0.7152612826603325 0.3382616487455197 0.790083135391924 0.3382616487455197 0.790083135391924 0.21818996415770608 0.7152612826603325 0.21818996415770608 0.7152612826603325 0.3382616487455197
0 0 0.5492831541218638 0.030285035629453682 0.5492831541218638 0.030285035629453682 0.43548387096774194 0 0.43548387096774194 0 0.5492831541218638
0 0.3910332541567696 0.4229390681003584 0.4569477434679335 0.4229390681003584 0.4569477434679335 0.30376344086021506 0.3910332541567696 0.30376344086021506 0.3910332541567696 0.4229390681003584
0 0.9367577197149644 0.6353046594982079 0.9997030878859857 0.6353046594982079 0.9997030878859857 0.5098566308243727 0.9367577197149644 0.5098566308243727 0.9367577197149644 0.6353046594982079
0 0.16241092636579574 0.946236559139785 0.2402019002375297 0.946236559139785 0.2402019002375297 0.8055555555555556 0.16241092636579574 0.8055555555555556 0.16241092636579574 0.946236559139785
0 0.5671021377672208 0.42697132616487454 0.6389548693586699 0.42697132616487454 0.6389548693586699 0.31227598566308246 0.5671021377672208 0.31227598566308246 0.5671021377672208 0.42697132616487454
0 0 0.8799283154121864 0.052256532066508314 0.8799283154121864 0.052256532066508314 0.760752688172043 0 0.760752688172043 0 0.8799283154121864
0 0.23931116389548693 0.7818100358422939 0.32066508313539194 0.7818100358422939 0.32066508313539194 0.657258064516129 0.23931116389548693 0.657258064516129 0.23931116389548693 0.7818100358422939
0 0.628562945368171 0.13799283154121864 0.6938836104513064 0.13799283154121864 0.6938836104513064 0.03136200716845878 0.628562945368171 0.03136200716845878 0.628562945368171 0.13799283154121864
0 0.6276722090261283 0.2522401433691756 0.6965558194774347 0.2522401433691756 0.6965558194774347 0.14560931899641577 0.6276722090261283 0.14560931899641577 0.6276722090261283 0.2522401433691756
0 0.5145486935866983 0.2647849462365591 0.5786817102137767 0.2647849462365591 0.5786817102137767 0.13844086021505375 0.5145486935866983 0.13844086021505375 0.5145486935866983 0.2647849462365591
0 0 0.3485663082437276 0.03800475059382423 0.3485663082437276 0.03800475059382423 0.24283154121863798 0 0.24283154121863798 0 0.3485663082437276
0 0.17874109263657958 0.5170250896057348 0.24584323040380046 0.5170250896057348 0.24584323040380046 0.4157706093189964 0.17874109263657958 0.4157706093189964 0.17874109263657958 0.5170250896057348
0 0.16270783847980996 0.2948028673835125 0.22684085510688837 0.2948028673835125 0.22684085510688837 0.18010752688172044 0.16270783847980996 0.18010752688172044 0.16270783847980996 0.2948028673835125
0 0.03592636579572447 0.30286738351254483 0.09649643705463183 0.30286738351254483 0.09649643705463183 0.20878136200716846 0.03592636579572447 0.20878136200716846 0.03592636579572447 0.30286738351254483
0 0.20486935866983372 0.15636200716845877 0.2690023752969121 0.15636200716845877 0.2690023752969121 0.04973118279569892 0.20486935866983372 0.04973118279569892 0.20486935866983372 0.15636200716845877
0 0.6894299287410927 0 0.6894299287410927 0.08870967741935484 0.7583135391923991 0.08870967741935484 0.7583135391923991 0 0.6894299287410927 0
0 0.22001187648456058 0.24193548387096775 0.27820665083135393 0.24193548387096775 0.27820665083135393 0.13082437275985664 0.22001187648456058 0.13082437275985664 0.22001187648456058 0.24193548387096775
0 0.4857482185273159 0.471326164874552 0.5522565320665083 0.471326164874552 0.5522565320665083 0.3539426523297491 0.4857482185273159 0.3539426523297491 0.4857482185273159 0.471326164874552
0 0.0584916864608076 0.16801075268817203 0.11134204275534441 0.16801075268817203 0.11134204275534441 0.0846774193548387 0.0584916864608076 0.0846774193548387 0.0584916864608076 0.16801075268817203
0 0.5786817102137767 0.0967741935483871 0.6434085510688836 0.0967741935483871 0.6434085510688836 0.002688172043010753 0.5786817102137767 0.002688172043010753 0.5786817102137767 0.0967741935483871
0 0.7710807600950119 1 0.7710807600950119 0.9435483870967742 0.6921021377672208 0.9435483870967742 0.6921021377672208 1 0.7710807600950119 1
0 0.43764845605700714 0.2585125448028674 0.5083135391923991 0.2585125448028674 0.5083135391923991 0.1527777777777778 0.43764845605700714 0.1527777777777778 0.43764845605700714 0.2585125448028674
0 0.39637767220902614 0.12186379928315412 0.45279097387173395 0.12186379928315412 0.45279097387173395 0.02867383512544803 0.39637767220902614 0.02867383512544803 0.39637767220902614 0.12186379928315412
0 0.5115795724465558 0.13664874551971326 0.5733372921615202 0.13664874551971326 0.5733372921615202 0.01568100358422939 0.5115795724465558 0.01568100358422939 0.5115795724465558 0.13664874551971326
0 0.14697149643705462 0.1796594982078853 0.20516627078384797 0.1796594982078853 0.20516627078384797 0.07482078853046595 0.14697149643705462 0.07482078853046595 0.14697149643705462 0.1796594982078853
0 0.03355106888361045 0.10349462365591398 0.09530878859857482 0.10349462365591398 0.09530878859857482 0.025537634408602152 0.03355106888361045 0.025537634408602152 0.03355106888361045 0.10349462365591398
0 0.08343230403800475 0.22759856630824374 0.15112826603325416 0.22759856630824374 0.15112826603325416 0.15143369175627241 0.08343230403800475 0.15143369175627241 0.08343230403800475 0.22759856630824374
0 0.15795724465558195 0.6344086021505376 0.22684085510688837 0.6344086021505376 0.22684085510688837 0.5188172043010753 0.15795724465558195 0.5188172043010753 0.15795724465558195 0.6344086021505376
0 0.11490498812351543 0.11290322580645161 0.16775534441805226 0.11290322580645161 0.16775534441805226 0.015232974910394265 0.11490498812351543 0.015232974910394265 0.11490498812351543 0.11290322580645161
0 0.3227434679334917 0.1447132616487455 0.3833135391923991 0.1447132616487455 0.3833135391923991 0.03539426523297491 0.3227434679334917 0.03539426523297491 0.3227434679334917 0.1447132616487455
0 0.29542755344418054 0 0.29542755344418054 0.08422939068100359 0.3559976247030879 0.08422939068100359 0.3559976247030879 0 0.29542755344418054 0
0 0.009204275534441805 0.2271505376344086 0.06324228028503563 0.2271505376344086 0.06324228028503563 0.13485663082437277 0.009204275534441805 0.13485663082437277 0.009204275534441805 0.2271505376344086
0 0.2755344418052256 0.9995519713261649 0.37826603325415675 0.9995519713261649 0.37826603325415675 0.8911290322580645 0.2755344418052256 0.8911290322580645 0.2755344418052256 0.9995519713261649
0 0.24465558194774348 0 0.24465558194774348 0.07437275985663082 0.29691211401425177 0.07437275985663082 0.29691211401425177 0 0.24465558194774348 0
0 0.0002969121140142518 0.0985663082437276 0.030581947743467935 0.0985663082437276 0.030581947743467935 0.004480286738351254 0.0002969121140142518 0.004480286738351254 0.0002969121140142518 0.0985663082437276
0 0.47327790973871736 0 0.47327790973871736 0.08333333333333333 0.5279097387173397 0.08333333333333333 0.5279097387173397 0 0.47327790973871736 0
0 0.7532660332541568 0 0.7532660332541568 0.05017921146953405 0.8316508313539193 0.05017921146953405 0.8316508313539193 0 0.7532660332541568 0
0 0.952790973871734 0 0.952790973871734 0.07526881720430108 0.9997030878859857 0.07526881720430108 0.9997030878859857 0 0.952790973871734 0
0 0.6395486935866983 0 0.6395486935866983 0.03136200716845878 0.6906175771971497 0.03136200716845878 0.6906175771971497 0 0.6395486935866983 0