0 0.2654784240150094 0.9984909456740443 0.3827392120075047 0.9984909456740443 0.3827392120075047 0.8717303822937625 0.2654784240150094 0.8717303822937625 0.2654784240150094 0.9984909456740443
0 0.23311444652908067 0.4783702213279678 0.3400562851782364 0.4783702213279678 0.3400562851782364 0.3536217303822938 0.23311444652908067 0.3536217303822938 0.23311444652908067 0.4783702213279678
0 0.7410881801125704 0.3244466800804829 0.8320825515947468 0.3244466800804829 0.8320825515947468 0.2067404426559356 0.7410881801125704 0.2067404426559356 0.7410881801125704 0.3244466800804829
0 0.5806754221388368 0.9984909456740443 0.6904315196998124 0.9984909456740443 0.6904315196998124 0.8687122736418511 0.5806754221388368 0.8687122736418511 0.5806754221388368 0.9984909456740443
0 0.4638836772983114 0.7550301810865191 0.5727016885553471 0.7550301810865191 0.5727016885553471 0.619215291750503 0.4638836772983114 0.619215291750503 0.4638836772983114 0.7550301810865191
0 0.0623827392120075 0.9054325955734407 0.1805816135084428 0.9054325955734407 0.1805816135084428 0.7665995975855131 0.0623827392120075 0.7665995975855131 0.0623827392120075 0.9054325955734407
0 0.7922138836772983 0.4351106639839034 0.8869606003752345 0.4351106639839034 0.8869606003752345 0.31740442655935613 0.7922138836772983 0.31740442655935613 0.7922138836772983 0.4351106639839034
0 0.02298311444652908 0.2791750503018109 0.12429643527204502 0.2791750503018109 0.12429643527204502 0.16046277665995975 0.02298311444652908 0.16046277665995975 0.02298311444652908 0.2791750503018109
0 0.7654784240150094 0.7253521126760564 0.8639774859287055 0.7253521126760564 0.8639774859287055 0.60261569416499 0.7654784240150094 0.60261569416499 0.7654784240150094 0.7253521126760564
0 0.5539399624765479 0.6795774647887324 0.6599437148217636 0.6795774647887324 0.6599437148217636 0.5538229376257545 0.5539399624765479 0.5538229376257545 0.5539399624765479 0.6795774647887324
0 0.6852720450281425 0.7982897384305835 0.7922138836772983 0.7982897384305835 0.7922138836772983 0.68158953722334 0.6852720450281425 0.68158953722334 0.6852720450281425 0.7982897384305835
0 0.9254221388367729 0.5945674044265593 0.9995309568480301 0.5945674044265593 0.9995309568480301 0.4678068410462777 0.9254221388367729 0.4678068410462777 0.9254221388367729 0.5945674044265593
0 0.2453095684803002 0.7766599597585513 0.35600375234521575 0.7766599597585513 0.35600375234521575 0.6348088531187123 0.2453095684803002 0.6348088531187123 0.2453095684803002 0.7766599597585513
0 0.5708255159474672 0.28018108651911466 0.6618198874296435 0.28018108651911466 0.6618198874296435 0.15945674044265593 0.5708255159474672 0.15945674044265593 0.5708255159474672 0.28018108651911466
0 0.35647279549718575 0.5633802816901409 0.4624765478424015 0.5633802816901409 0.4624765478424015 0.4346076458752515 0.35647279549718575 0.4346076458752515 0.35647279549718575 0.5633802816901409
0 0.6730769230769231 0.2665995975855131 0.7715759849906192 0.2665995975855131 0.7715759849906192 0.14688128772635814 0.6730769230769231 0.14688128772635814 0.6730769230769231 0.2665995975855131
0 0.15619136960600374 0.5427565392354124 0.26125703564727953 0.5427565392354124 0.26125703564727953 0.42203219315895374 0.15619136960600374 0.42203219315895374 0.15619136960600374 0.5427565392354124
0 0.6669793621013134 0.3797786720321932 0.7589118198874296 0.3797786720321932 0.7589118198874296 0.26911468812877265 0.6669793621013134 0.26911468812877265 0.6669793621013134 0.3797786720321932
0 0.8930581613508443 0.4119718309859155 0.9859287054409006 0.4119718309859155 0.9859287054409006 0.2982897384305835 0.8930581613508443 0.2982897384305835 0.8930581613508443 0.4119718309859155
0 0.7040337711069419 0.6463782696177063 0.800656660412758 0.6463782696177063 0.800656660412758 0.5236418511066399 0.7040337711069419 0.5236418511066399 0.7040337711069419 0.6463782696177063
0 0.3597560975609756 0.2595573440643863 0.449812382739212 0.2595573440643863 0.449812382739212 0.14587525150905434 0.3597560975609756 0.14587525150905434 0.3597560975609756 0.2595573440643863
0 0.1430581613508443 0.38480885311871227 0.24906191369606004 0.38480885311871227 0.24906191369606004 0.2630784708249497 0.1430581613508443 0.2630784708249497 0.1430581613508443 0.38480885311871227
0 0.6693245778611632 0.9220321931589537 0.7762664165103189 0.9220321931589537 0.7762664165103189 0.7912474849094567 0.6693245778611632 0.7912474849094567 0.6693245778611632 0.9220321931589537
0 0.848968105065666 0.6554325955734407 0.9380863039399625 0.6554325955734407 0.9380863039399625 0.533702213279678 0.848968105065666 0.533702213279678 0.848968105065666 0.6554325955734407
0 0.8696060037523452 0.32645875251509054 0.9587242026266416 0.32645875251509054 0.9587242026266416 0.21579476861167002 0.8696060037523452 0.21579476861167002 0.8696060037523452 0.32645875251509054
0 0.650093808630394 0.4994969818913481 0.7439024390243902 0.4994969818913481 0.7439024390243902 0.38782696177062376 0.650093808630394 0.38782696177062376 0.650093808630394 0.4994969818913481
0 0.3705440900562852 0.8707243460764588 0.4821763602251407 0.8707243460764588 0.4821763602251407 0.7278672032193159 0.3705440900562852 0.7278672032193159 0.3705440900562852 0.8707243460764588
0 0.5717636022514071 0.5638832997987927 0.674953095684803 0.5638832997987927 0.674953095684803 0.4522132796780684 0.5717636022514071 0.4522132796780684 0.5717636022514071 0.5638832997987927
0 0.9357410881801126 0.26911468812877265 0.9995309568480301 0.26911468812877265 0.9995309568480301 0.15543259557344064 0.9357410881801126 0.15543259557344064 0.9357410881801126 0.26911468812877265
0 0.7363977485928705 0.5326961770623743 0.8255159474671669 0.5326961770623743 0.8255159474671669 0.42303822937625757 0.7363977485928705 0.42303822937625757 0.7363977485928705 0.5326961770623743
0 0.8484990619136961 0.5176056338028169 0.9479362101313321 0.5176056338028169 0.9479362101313321 0.40090543259557343 0.8484990619136961 0.40090543259557343 0.8484990619136961 0.5176056338028169
0 0.11632270168855535 0.2731388329979879 0.21388367729831145 0.2731388329979879 0.21388367729831145 0.1664989939637827 0.11632270168855535 0.1664989939637827 0.11632270168855535 0.2731388329979879
0 0.46857410881801126 0.38983903420523136 0.5670731707317073 0.38983903420523136 0.5670731707317073 0.27816901408450706 0.46857410881801126 0.27816901408450706 0.46857410881801126 0.38983903420523136
0 0.20966228893058161 0.9220321931589537 0.32879924953095685 0.9220321931589537 0.32879924953095685 0.7892354124748491 0.20966228893058161 0.7892354124748491 0.20966228893058161 0.9220321931589537
0 0.07457786116322701 0.176056338028169 0.18151969981238275 0.176056338028169 0.18151969981238275 0.056338028169014086 0.07457786116322701 0.056338028169014086 0.07457786116322701 0.176056338028169
0 0.2682926829268293 0.641851106639839 0.38367729831144465 0.641851106639839 0.38367729831144465 0.5251509054325956 0.2682926829268293 0.5251509054325956 0.2682926829268293 0.641851106639839
0 0.874296435272045 0.18963782696177062 0.9671669793621013 0.18963782696177062 0.9671669793621013 0.08501006036217304 0.874296435272045 0.08501006036217304 0.874296435272045 0.18963782696177062
0 0.38133208255159473 0.44517102615694165 0.48639774859287055 0.44517102615694165 0.48639774859287055 0.3274647887323944 0.38133208255159473 0.3274647887323944 0.38133208255159473 0.44517102615694165
0 0.7514071294559099 0.1921529175050302 0.8405253283302064 0.1921529175050302 0.8405253283302064 0.07746478873239436 0.7514071294559099 0.07746478873239436 0.7514071294559099 0.1921529175050302
0 0.26454033771106944 0.37122736418511065 0.36585365853658536 0.37122736418511065 0.36585365853658536 0.25653923541247486 0.26454033771106944 0.25653923541247486 0.26454033771106944 0.37122736418511065
0 0.5834896810506567 0.4290744466800805 0.6829268292682927 0.4290744466800805 0.6829268292682927 0.3113682092555332 0.5834896810506567 0.3113682092555332 0.5834896810506567 0.4290744466800805
0 0.25140712945590993 0.2147887323943662 0.34803001876172607 0.2147887323943662 0.34803001876172607 0.1011066398390342 0.25140712945590993 0.1011066398390342 0.25140712945590993 0.2147887323943662
0 0 0.3591549295774648 0.06097560975609756 0.3591549295774648 0.06097560975609756 0.24044265593561368 0 0.24044265593561368 0 0.3591549295774648
0 0.8062851782363978 0.2630784708249497 0.899155722326454 0.2630784708249497 0.899155722326454 0.13933601609657947 0.8062851782363978 0.13933601609657947 0.8062851782363978 0.2630784708249497
0 0.40431519699812385 0.3319919517102616 0.5028142589118199 0.3319919517102616 0.5028142589118199 0.22132796780684105 0.40431519699812385 0.22132796780684105 0.40431519699812385 0.3319919517102616
0 0.4803001876172608 0.27515090543259557 0.5712945590994372 0.27515090543259557 0.5712945590994372 0.16146881287726358 0.4803001876172608 0.16146881287726358 0.4803001876172608 0.27515090543259557
0 0.5337711069418386 0.17655935613682092 0.626641651031895 0.17655935613682092 0.626641651031895 0.07193158953722334 0.5337711069418386 0.07193158953722334 0.5337711069418386 0.17655935613682092
0 0.43151969981238275 0.19164989939637828 0.5262664165103189 0.19164989939637828 0.5262664165103189 0.08098591549295775 0.43151969981238275 0.08098591549295775 0.43151969981238275 0.19164989939637828
0 0 0.17404426559356137 0.07973733583489681 0.17404426559356137 0.07973733583489681 0.07243460764587525 0 0.07243460764587525 0 0.17404426559356137
0 0.21341463414634146 0.3073440643863179 0.3147279549718574 0.3073440643863179 0.3147279549718574 0.18963782696177062 0.21341463414634146 0.18963782696177062 0.21341463414634146 0.3073440643863179
0 0.6261726078799249 0.1881287726358149 0.7152908067542214 0.1881287726358149 0.7152908067542214 0.08551307847082495 0.6261726078799249 0.08551307847082495 0.6261726078799249 0.1881287726358149
0 0.18667917448405252 0.1710261569416499 0.2767354596622889 0.1710261569416499 0.2767354596622889 0.06941649899396378 0.18667917448405252 0.06941649899396378 0.18667917448405252 0.1710261569416499
0 0.06566604127579738 0.37575452716297786 0.15384615384615385 0.37575452716297786 0.15384615384615385 0.26609657947686116 0.06566604127579738 0.26609657947686116 0.06566604127579738 0.37575452716297786
0 0 0.24195171026156942 0.020637898686679174 0.24195171026156942 0.020637898686679174 0.17454728370221329 0 0.17454728370221329 0 0.24195171026156942