0 0.9292 0.40855855855855855 0.9996 0.40855855855855855 0.9996 0.2635135135135135 0.9292 0.2635135135135135 0.9292 0.40855855855855855
0 0.758 0.19954954954954954 0.82 0.19954954954954954 0.82 0.06171171171171171 0.758 0.06171171171171171 0.758 0.19954954954954954
0 0.919 0.9135135135135135 0.9858 0.9135135135135135 0.9858 0.7828828828828829 0.919 0.7828828828828829 0.919 0.9135135135135135
0 0.7094 0.7716216216216216 0.7698 0.7716216216216216 0.7698 0.6292792792792793 0.7094 0.6292792792792793 0.7094 0.7716216216216216
0 0.501 0.7333333333333333 0.5554 0.7333333333333333 0.5554 0.5963963963963964 0.501 0.5963963963963964 0.501 0.7333333333333333
0 0.6618 0.12117117117117117 0.7298 0.12117117117117117 0.7298 0.0022522522522522522 0.6618 0.0022522522522522522 0.6618 0.12117117117117117
0 0.8816 0.47477477477477475 0.9424 0.47477477477477475 0.9424 0.3504504504504504 0.8816 0.3504504504504504 0.8816 0.47477477477477475
0 0.8376 0.5675675675675675 0.8984 0.5675675675675675 0.8984 0.4297297297297297 0.8376 0.4297297297297297 0.8376 0.5675675675675675
0 0.912 0.26216216216216215 0.9856 0.26216216216216215 0.9856 0.12342342342342343 0.912 0.12342342342342343 0.912 0.26216216216216215
0 0.577 0.18783783783783783 0.6402 0.18783783783783783 0.6402 0.06711711711711711 0.577 0.06711711711711711 0.577 0.18783783783783783
0 0.654 0.4734234234234234 0.7084 0.4734234234234234 0.7084 0.331981981981982 0.654 0.331981981981982 0.654 0.4734234234234234
0 0.74 0.6454954954954955 0.7968 0.6454954954954955 0.7968 0.49774774774774777 0.74 0.49774774774774777 0.74 0.6454954954954955
0 0.8462 0.16171171171171173 0.9114 0.16171171171171173 0.9114 0.03648648648648649 0.8462 0.03648648648648649 0.8462 0.16171171171171173
0 0.86 0.3518018018018018 0.922 0.3518018018018018 0.922 0.22207207207207208 0.86 0.22207207207207208 0.86 0.3518018018018018
0 0.8078 0.2765765765765766 0.8758 0.2765765765765766 0.8758 0.14414414414414414 0.8078 0.14414414414414414 0.8078 0.2765765765765766
0 0.7982 0.7905405405405406 0.8546 0.7905405405405406 0.8546 0.6527027027027027 0.7982 0.6527027027027027 0.7982 0.7905405405405406
0 0.8016 0.6486486486486487 0.8532 0.6486486486486487 0.8532 0.5072072072072072 0.8016 0.5072072072072072 0.8016 0.6486486486486487
0 0.4428 0.21891891891891893 0.5116 0.21891891891891893 0.5116 0.1009009009009009 0.4428 0.1009009009009009 0.4428 0.21891891891891893
0 0.732 0.9635135135135136 0.7876 0.9635135135135136 0.7876 0.8112612612612613 0.732 0.8112612612612613 0.732 0.9635135135135136
0 0.6908 0.5635135135135135 0.748 0.5635135135135135 0.748 0.4292792792792793 0.6908 0.4292792792792793 0.6908 0.5635135135135135
0 0.81 0.43108108108108106 0.8696 0.43108108108108106 0.8696 0.30315315315315317 0.81 0.30315315315315317 0.81 0.43108108108108106
0 0.85 0.8522522522522522 0.9208 0.8522522522522522 0.9208 0.7216216216216216 0.85 0.7216216216216216 0.85 0.8522522522522522
0 0.8482 0.7085585585585585 0.9062 0.7085585585585585 0.9062 0.5707207207207208 0.8482 0.5707207207207208 0.8482 0.7085585585585585
0 0.2816 0.1752252252252252 0.3372 0.1752252252252252 0.3372 0.0490990990990991 0.2816 0.0490990990990991 0.2816 0.1752252252252252
0 0.9026 0 0.9026 0.12252252252252252 0.9738 0.12252252252252252 0.9738 0 0.9026 0
0 0.5902 0.7076576576576576 0.6434 0.7076576576576576 0.6434 0.5716216216216217 0.5902 0.5716216216216217 0.5902 0.7076576576576576
0 0.9006 0.7761261261261261 0.973 0.7761261261261261 0.973 0.6373873873873874 0.9006 0.6373873873873874 0.9006 0.7761261261261261
0 0.6164 0.31666666666666665 0.67 0.31666666666666665 0.67 0.17072072072072073 0.6164 0.17072072072072073 0.6164 0.31666666666666665
0 0.6408 0.8873873873873874 0.7052 0.8873873873873874 0.7052 0.7603603603603604 0.6408 0.7603603603603604 0.6408 0.8873873873873874
0 0.7534 0.3567567567567568 0.8082 0.3567567567567568 0.8082 0.20540540540540542 0.7534 0.20540540540540542 0.7534 0.3567567567567568
0 0.8962 0.6292792792792793 0.9578 0.6292792792792793 0.9578 0.47612612612612615 0.8962 0.47612612612612615 0.8962 0.6292792792792793
0 0.6028 0.4734234234234234 0.6544 0.4734234234234234 0.6544 0.3400900900900901 0.6028 0.3400900900900901 0.6028 0.4734234234234234
0 0.9482 0.554954954954955 0.9994 0.554954954954955 0.9994 0.41081081081081083 0.9482 0.41081081081081083 0.9482 0.554954954954955
0 0.6448 0.7563063063063064 0.6976 0.7563063063063064 0.6976 0.6004504504504504 0.6448 0.6004504504504504 0.6448 0.7563063063063064
0 0.816 0.9689189189189189 0.8772 0.9689189189189189 0.8772 0.8112612612612613 0.816 0.8112612612612613 0.816 0.9689189189189189
0 0.9516 0.6792792792792792 0.9996 0.6792792792792792 0.9996 0.554954954954955 0.9516 0.554954954954955 0.9516 0.6792792792792792
0 0.471 0.08963963963963964 0.535 0.08963963963963964 0.535 0.00045045045045045046 0.471 0.00045045045045045046 0.471 0.08963963963963964
0 0.2134 0.1864864864864865 0.2714 0.1864864864864865 0.2714 0.08468468468468468 0.2134 0.08468468468468468 0.2134 0.1864864864864865
0 0.719 1 0.719 0.8828828828828829 0.6582 0.8828828828828829 0.6582 1 0.719 1
0 0.9416 1 0.9416 0.8639639639639639 0.8832 0.8639639639639639 0.8832 1 0.9416 1
0 0.1696 0.14324324324324325 0.2216 0.14324324324324325 0.2216 0.036936936936936934 0.1696 0.036936936936936934 0.1696 0.14324324324324325
0 0.121 0.1662162162162162 0.1702 0.1662162162162162 0.1702 0.06351351351351352 0.121 0.06351351351351352 0.121 0.1662162162162162
0 0.1052 0.2828828828828829 0.1492 0.2828828828828829 0.1492 0.1891891891891892 0.1052 0.1891891891891892 0.1052 0.2828828828828829
0 0.1406 0.25135135135135134 0.2014 0.25135135135135134 0.2014 0.13333333333333333 0.1406 0.13333333333333333 0.1406 0.25135135135135134
0 0.2098 0 0.2098 0.07837837837837838 0.2642 0.07837837837837838 0.2642 0 0.2098 0
0 0.8472 1 0.8472 0.9279279279279279 0.7816 0.9279279279279279 0.7816 1 0.8472 1
0 1 0.9117117117117117 0.9488 0.9117117117117117 0.9488 1 1 1 1 0.9117117117117117
0 0.5692 0 0.5692 0.06666666666666667 0.6236 0.06666666666666667 0.6236 0 0.5692 0
0 0.3058 0 0.3058 0.05945945945945946 0.367 0.05945945945945946 0.367 0 0.3058 0
0 0.256 0 0.256 0.05945945945945946 0.3052 0.05945945945945946 0.3052 0 0.256 0
0 0.1348 0.35225225225225226 0.1988 0.35225225225225226 0.1988 0.25675675675675674 0.1348 0.25675675675675674 0.1348 0.35225225225225226
0 0.9736 0.8364864864864865 0.9996 0.8364864864864865 0.9996 0.6788288288288288 0.9736 0.6788288288288288 0.9736 0.8364864864864865
0 0.8094 0 0.8094 0.04954954954954955 0.8766 0.04954954954954955 0.8766 0 0.8094 0
0 0.1406 0 0.1406 0.06756756756756757 0.1858 0.06756756756756757 0.1858 0 0.1406 0
0 0.1096 0.40135135135135136 0.1556 0.40135135135135136 0.1556 0.29324324324324325 0.1096 0.29324324324324325 0.1096 0.40135135135135136
0 0.0702 0.34234234234234234 0.1162 0.34234234234234234 0.1162 0.26216216216216215 0.0702 0.26216216216216215 0.0702 0.34234234234234234
0 0.8978 1 0.8978 0.9684684684684685 0.855 0.9684684684684685 0.855 1 0.8978 1
0 0.9912 0.9396396396396396 0.9996 0.9396396396396396 0.9996 0.8648648648648649 0.9912 0.8648648648648649 0.9912 0.9396396396396396
0 0.086 0.8716216216216216 0.1432 0.8716216216216216 0.1432 0.7626126126126126 0.086 0.7626126126126126 0.086 0.8716216216216216
0 0.0794 0.20270270270270271 0.1246 0.20270270270270271 0.1246 0.0972972972972973 0.0794 0.0972972972972973 0.0794 0.20270270270270271
0 0.084 0.0945945945945946 0.136 0.0945945945945946 0.136 0.005405405405405406 0.084 0.005405405405405406 0.084 0.0945945945945946
0 0.627 0 0.627 0.023423423423423424 0.6754 0.023423423423423424 0.6754 0 0.627 0