0 0.7365887207702888 0.1728307254623044 0.8665749656121046 0.1728307254623044 0.8665749656121046 0.03485064011379801 0.7365887207702888 0.03485064011379801 0.7365887207702888 0.1728307254623044
0 1 0.2716927453769559 0.8555708390646493 0.2716927453769559 0.8555708390646493 0.422475106685633 1 0.422475106685633 1 0.2716927453769559
0 0.6165749656121046 0.16927453769559034 0.7293672627235214 0.16927453769559034 0.7293672627235214 0.0476529160739687 0.6165749656121046 0.0476529160739687 0.6165749656121046 0.16927453769559034
0 0.561898211829436 0.7283072546230441 0.6891334250343879 0.7283072546230441 0.6891334250343879 0.581081081081081 0.561898211829436 0.581081081081081 0.561898211829436 0.7283072546230441
0 0.49105914718019256 0.46799431009957326 0.5969738651994498 0.46799431009957326 0.5969738651994498 0.3584637268847795 0.49105914718019256 0.3584637268847795 0.49105914718019256 0.46799431009957326
0 0.5110041265474553 1 0.5110041265474553 0.8598862019914651 0.3872077028885832 0.8598862019914651 0.3872077028885832 1 0.5110041265474553 1
0 0.5536451169188445 0.3261024182076814 0.6588720770288858 0.3261024182076814 0.6588720770288858 0.18598862019914653 0.5536451169188445 0.18598862019914653 0.5536451169188445 0.3261024182076814
0 0.18844566712517194 0.715149359886202 0.2867950481430536 0.715149359886202 0.2867950481430536 0.5970839260312945 0.18844566712517194 0.5970839260312945 0.18844566712517194 0.715149359886202
0 0.5897524071526823 0.9242532005689901 0.7266162310866575 0.9242532005689901 0.7266162310866575 0.7535561877667141 0.5897524071526823 0.7535561877667141 0.5897524071526823 0.9242532005689901
0 0.49174690508940855 0.14509246088193456 0.5949105914718019 0.14509246088193456 0.5949105914718019 0.031294452347083924 0.49174690508940855 0.031294452347083924 0.49174690508940855 0.14509246088193456
0 0.39339752407152684 0.8662873399715505 0.5206327372764786 0.8662873399715505 0.5206327372764786 0.7318634423897582 0.39339752407152684 0.7318634423897582 0.39339752407152684 0.8662873399715505
0 0.6784731774415406 0.6031294452347084 0.8050206327372765 0.6031294452347084 0.8050206327372765 0.4694167852062589 0.6784731774415406 0.4694167852062589 0.6784731774415406 0.6031294452347084
0 0.2878266850068776 0.41998577524893316 0.3827372764786795 0.41998577524893316 0.3827372764786795 0.29907539118065435 0.2878266850068776 0.29907539118065435 0.2878266850068776 0.41998577524893316
0 0.41162310866574964 0.7382645803698435 0.5251031636863824 0.7382645803698435 0.5251031636863824 0.6145092460881935 0.41162310866574964 0.6145092460881935 0.41162310866574964 0.7382645803698435
0 0.3425034387895461 0.49431009957325744 0.43947730398899587 0.49431009957325744 0.43947730398899587 0.3812233285917496 0.3425034387895461 0.3812233285917496 0.3425034387895461 0.49431009957325744
0 0.48074277854195324 0.6038406827880513 0.6031636863823934 0.6038406827880513 0.6031636863823934 0.47297297297297297 0.48074277854195324 0.47297297297297297 0.48074277854195324 0.6038406827880513
0 0.30089408528198075 0.11806543385490754 0.38548830811554335 0.11806543385490754 0.38548830811554335 0.020625889046941678 0.30089408528198075 0.020625889046941678 0.30089408528198075 0.11806543385490754
0 0.3504126547455296 0.634068278805121 0.45357634112792294 0.634068278805121 0.45357634112792294 0.5138691322901849 0.3504126547455296 0.5138691322901849 0.3504126547455296 0.634068278805121
0 0.1815680880330124 0.4619487908961593 0.2716643741403026 0.4619487908961593 0.2716643741403026 0.35526315789473684 0.1815680880330124 0.35526315789473684 0.1815680880330124 0.4619487908961593
0 0.09594222833562586 0.9185633001422475 0.19773039889958735 0.9185633001422475 0.19773039889958735 0.7940967283072546 0.09594222833562586 0.7940967283072546 0.09594222833562586 0.9185633001422475
0 0.2324621733149931 0.5515647226173542 0.328060522696011 0.5515647226173542 0.328060522696011 0.4349217638691323 0.2324621733149931 0.4349217638691323 0.2324621733149931 0.5515647226173542
0 0.1062585969738652 0.7930298719772404 0.20254470426409904 0.7930298719772404 0.20254470426409904 0.6827880512091038 0.1062585969738652 0.6827880512091038 0.1062585969738652 0.7930298719772404
0 0.12414030261348005 0.5704125177809388 0.2156121045392022 0.5704125177809388 0.2156121045392022 0.46301564722617355 0.12414030261348005 0.46301564722617355 0.12414030261348005 0.5704125177809388
0 0.05089408528198074 0.6603840682788051 0.13067400275103164 0.6603840682788051 0.13067400275103164 0.552275960170697 0.05089408528198074 0.552275960170697 0.05089408528198074 0.6603840682788051
0 0.11795048143053645 0.6714082503556188 0.20254470426409904 0.6714082503556188 0.20254470426409904 0.5739687055476529 0.11795048143053645 0.5739687055476529 0.11795048143053645 0.6714082503556188
0 0 0.6237553342816501 0.0687757909215956 0.6237553342816501 0.0687757909215956 0.5327169274537695 0 0.5327169274537695 0 0.6237553342816501
0 0.21423658872077028 0.1941678520625889 0.2953920220082531 0.1941678520625889 0.2953920220082531 0.10312944523470839 0.21423658872077028 0.10312944523470839 0.21423658872077028 0.1941678520625889
0 0.1062585969738652 0.13229018492176386 0.17778541953232463 0.13229018492176386 0.17778541953232463 0.04338549075391181 0.1062585969738652 0.04338549075391181 0.1062585969738652 0.13229018492176386
0 0 0.7347083926031295 0.06671251719394773 0.7347083926031295 0.06671251719394773 0.6322901849217639 0 0.6322901849217639 0 0.7347083926031295
0 0.2733837689133425 0.2976529160739687 0.3799862448418157 0.2976529160739687 0.3799862448418157 0.18741109530583214 0.2733837689133425 0.18741109530583214 0.2733837689133425 0.2976529160739687
0 0.04676753782668501 0.5181365576102418 0.1265474552957359 0.5181365576102418 0.1265474552957359 0.42425320056899 0.04676753782668501 0.42425320056899 0.04676753782668501 0.5181365576102418
0 0.04642365887207703 0.21621621621621623 0.11932599724896836 0.21621621621621623 0.11932599724896836 0.12802275960170698 0.04642365887207703 0.12802275960170698 0.04642365887207703 0.21621621621621623
0 0.04298486932599725 0.3076102418207681 0.12689133425034388 0.3076102418207681 0.12689133425034388 0.2208392603129445 0.04298486932599725 0.2208392603129445 0.04298486932599725 0.3076102418207681
0 0.08012379642365887 0.38015647226173543 0.1640302613480055 0.38015647226173543 0.1640302613480055 0.27631578947368424 0.08012379642365887 0.27631578947368424 0.08012379642365887 0.38015647226173543
0 0.04436038514442916 0.7738264580369844 0.12001375515818431 0.7738264580369844 0.12001375515818431 0.662873399715505 0.04436038514442916 0.662873399715505 0.04436038514442916 0.7738264580369844
0 0.1887895460797799 0.35206258890469416 0.2733837689133425 0.35206258890469416 0.2733837689133425 0.24182076813655762 0.1887895460797799 0.24182076813655762 0.1887895460797799 0.35206258890469416
0 0.17434662998624484 0 0.17434662998624484 0.0476529160739687 0.25 0.0476529160739687 0.25 0 0.17434662998624484 0
0 0.037138927097661624 0.11557610241820768 0.11004126547455295 0.11557610241820768 0.11004126547455295 0.03805120910384068 0.037138927097661624 0.03805120910384068 0.037138927097661624 0.11557610241820768
0 0.11210453920220083 0.22297297297297297 0.1939477303988996 0.22297297297297297 0.1939477303988996 0.13904694167852064 0.11210453920220083 0.13904694167852064 0.11210453920220083 0.22297297297297297
0 0 0.22759601706970128 0.061210453920220086 0.22759601706970128 0.061210453920220086 0.13513513513513514 0 0.13513513513513514 0 0.22759601706970128
0 0.14442916093535077 0.29125177809388336 0.23177441540577717 0.29125177809388336 0.23177441540577717 0.1931009957325747 0.14442916093535077 0.1931009957325747 0.14442916093535077 0.29125177809388336
0 0.3947730398899587 0 0.3947730398899587 0.041251778093883355 0.48005502063273725 0.041251778093883355 0.48005502063273725 0 0.3947730398899587 0
0 0.1124484181568088 0.44950213371266 0.19154057771664373 0.44950213371266 0.19154057771664373 0.34779516358463725 0.1124484181568088 0.34779516358463725 0.1124484181568088 0.44950213371266
0 0.24931224209078404 0 0.24931224209078404 0.061877667140825036 0.32840440165061896 0.061877667140825036 0.32840440165061896 0 0.24931224209078404 0
0 0 0.36948790896159317 0.05983493810178817 0.36948790896159317 0.05983493810178817 0.292674253200569 0 0.292674253200569 0 0.36948790896159317
0 0.1750343878954608 0.14331436699857752 0.2548143053645117 0.14331436699857752 0.2548143053645117 0.05440967283072546 0.1750343878954608 0.05440967283072546 0.1750343878954608 0.14331436699857752
0 0.015130674002751032 0.060810810810810814 0.0873452544704264 0.060810810810810814 0.0873452544704264 0.00035561877667140827 0.015130674002751032 0.00035561877667140827 0.015130674002751032 0.060810810810810814
0 0 0.44345661450924606 0.09491059147180192 0.44345661450924606 0.09491059147180192 0.3488620199146515 0 0.3488620199146515 0 0.44345661450924606
0 0.6145116918844566 0 0.6145116918844566 0.04338549075391181 0.7238651994497937 0.04338549075391181 0.7238651994497937 0 0.6145116918844566 0
0 0.000343878954607978 0.16216216216216217 0.04436038514442916 0.16216216216216217 0.04436038514442916 0.0903271692745377 0.000343878954607978 0.0903271692745377 0.000343878954607978 0.16216216216216217
0 0 0.2951635846372688 0.026822558459422285 0.2951635846372688 0.026822558459422285 0.24039829302987198 0 0.24039829302987198 0 0.2951635846372688
0 0 0.5188477951635846 0.032324621733149934 0.5188477951635846 0.032324621733149934 0.42496443812233287 0 0.42496443812233287 0 0.5188477951635846
0 0.1110729023383769 0 0.1110729023383769 0.03698435277382646 0.17572214580467677 0.03698435277382646 0.17572214580467677 0 0.1110729023383769 0
0 0 0.04871977240398293 0.021320495185694635 0.04871977240398293 0.021320495185694635 0.00035561877667140827 0 0.00035561877667140827 0 0.04871977240398293
0 0.000343878954607978 0.8374822190611664 0.014099037138927097 0.8374822190611664 0.014099037138927097 0.7876955903271693 0.000343878954607978 0.7876955903271693 0.000343878954607978 0.8374822190611664
0 0.48177441540577715 0 0.48177441540577715 0.02631578947368421 0.5684319119669876 0.02631578947368421 0.5684319119669876 0 0.48177441540577715 0