0 0.5958 0.6855855855855856 0.651 0.6855855855855856 0.651 0.5459459459459459 0.5958 0.5459459459459459 0.5958 0.6855855855855856
0 0.8326 0.6806306306306307 0.8954 0.6806306306306307 0.8954 0.5391891891891892 0.8326 0.5391891891891892 0.8326 0.6806306306306307
0 0.9118 0.7914414414414415 0.987 0.7914414414414415 0.987 0.6472972972972973 0.9118 0.6472972972972973 0.9118 0.7914414414414415
0 0.5992 0.44504504504504505 0.6588 0.44504504504504505 0.6588 0.31801801801801804 0.5992 0.31801801801801804 0.5992 0.44504504504504505
0 0.4934 0.7207207207207207 0.5506 0.7207207207207207 0.5506 0.5891891891891892 0.4934 0.5891891891891892 0.4934 0.7207207207207207
0 0.8188 0.1783783783783784 0.8868 0.1783783783783784 0.8868 0.04594594594594595 0.8188 0.04594594594594595 0.8188 0.1783783783783784
0 0.9194 0.645045045045045 0.9838 0.645045045045045 0.9838 0.5153153153153153 0.9194 0.5153153153153153 0.9194 0.645045045045045
0 0.8954 0.5157657657657657 0.973 0.5157657657657657 0.973 0.3869369369369369 0.8954 0.3869369369369369 0.8954 0.5157657657657657
0 0.8452 0.44324324324324327 0.9068 0.44324324324324327 0.9068 0.3099099099099099 0.8452 0.3099099099099099 0.8452 0.44324324324324327
0 0.9302 0.918018018018018 0.999 0.918018018018018 0.999 0.7900900900900901 0.9302 0.7900900900900901 0.9302 0.918018018018018
0 0.7286 0.8518018018018018 0.787 0.8518018018018018 0.787 0.7157657657657658 0.7286 0.7157657657657658 0.7286 0.8518018018018018
0 0.6798 0.22522522522522523 0.7382 0.22522522522522523 0.7382 0.08468468468468468 0.6798 0.08468468468468468 0.6798 0.22522522522522523
0 0.8992 0.3792792792792793 0.9556 0.3792792792792793 0.9556 0.22882882882882882 0.8992 0.22882882882882882 0.8992 0.3792792792792793
0 0.2384 0.9036036036036036 0.294 0.9036036036036036 0.294 0.7837837837837838 0.2384 0.7837837837837838 0.2384 0.9036036036036036
0 0.8424 0.9234234234234234 0.9084 0.9234234234234234 0.9084 0.7576576576576577 0.8424 0.7576576576576577 0.8424 0.9234234234234234
0 0.8268 0.30720720720720723 0.8992 0.30720720720720723 0.8992 0.18198198198198198 0.8268 0.18198198198198198 0.8268 0.30720720720720723
0 0.74 0.6518018018018018 0.7956 0.6518018018018018 0.7956 0.5076576576576577 0.74 0.5076576576576577 0.74 0.6518018018018018
0 0.8866 0.22252252252252253 0.9438 0.22252252252252253 0.9438 0.07837837837837838 0.8866 0.07837837837837838 0.8866 0.22252252252252253
0 0.5436 0.5139639639639639 0.5992 0.5139639639639639 0.5992 0.39774774774774774 0.5436 0.39774774774774774 0.5436 0.5139639639639639
0 0.7864 0.9684684684684685 0.848 0.9684684684684685 0.848 0.8072072072072072 0.7864 0.8072072072072072 0.7864 0.9684684684684685
0 0.1238 0.45855855855855854 0.1762 0.45855855855855854 0.1762 0.3441441441441441 0.1238 0.3441441441441441 0.1238 0.45855855855855854
0 0.8658 0.07972972972972973 0.9314 0.07972972972972973 0.9314 0.00045045045045045046 0.8658 0.00045045045045045046 0.8658 0.07972972972972973
0 0.7492 0 0.7492 0.08648648648648649 0.8096 0.08648648648648649 0.8096 0 0.7492 0
0 0.9554 1 0.9554 0.8936936936936937 0.8954 0.8936936936936937 0.8954 1 0.9554 1
0 0.1758 0.2653153153153153 0.2254 0.2653153153153153 0.2254 0.1572072072072072 0.1758 0.1572072072072072 0.1758 0.2653153153153153
0 0.1536 0.8878378378378379 0.2112 0.8878378378378379 0.2112 0.7608108108108108 0.1536 0.7608108108108108 0.1536 0.8878378378378379
0 0.1762 0.12252252252252252 0.2218 0.12252252252252252 0.2218 0.025225225225225224 0.1762 0.025225225225225224 0.1762 0.12252252252252252
0 0.1352 0.14684684684684685 0.1816 0.14684684684684685 0.1816 0.047747747747747746 0.1352 0.047747747747747746 0.1352 0.14684684684684685
0 0.1228 0.2436936936936937 0.1744 0.2436936936936937 0.1744 0.1472972972972973 0.1228 0.1472972972972973 0.1228 0.2436936936936937
0 0.1072 0.33918918918918917 0.1532 0.33918918918918917 0.1532 0.24009009009009008 0.1072 0.24009009009009008 0.1072 0.33918918918918917
0 0.9996 1 0.9996 0.9243243243243243 0.962 0.9243243243243243 0.962 1 0.9996 1
0 0.1376 0.7130630630630631 0.1928 0.7130630630630631 0.1928 0.5923423423423423 0.1376 0.5923423423423423 0.1376 0.7130630630630631
0 0.6066 0 0.6066 0.043243243243243246 0.6646 0.043243243243243246 0.6646 0 0.6066 0
0 0.1226 0.9274774774774774 0.1598 0.9274774774774774 0.1598 0.8247747747747748 0.1226 0.8247747747747748 0.1226 0.9274774774774774
0 0.624 1 0.624 0.9576576576576576 0.576 0.9576576576576576 0.576 1 0.624 1
0 0.2018 0 0.2018 0.06306306306306306 0.2478 0.06306306306306306 0.2478 0 0.2018 0
0 0.0892 0.9162162162162162 0.1276 0.9162162162162162 0.1276 0.8225225225225226 0.0892 0.8225225225225226 0.0892 0.9162162162162162
0 0.1032 0.08018018018018018 0.1516 0.08018018018018018 0.1516 0.0045045045045045045 0.1032 0.0045045045045045045 0.1032 0.08018018018018018
0 0.092 0.7198198198198198 0.14 0.7198198198198198 0.14 0.627927927927928 0.092 0.627927927927928 0.092 0.7198198198198198
0 0.8136 0 0.8136 0.04504504504504504 0.8644 0.04504504504504504 0.8644 0 0.8136 0
0 0.0914 0.17297297297297298 0.1398 0.17297297297297298 0.1398 0.0936936936936937 0.0914 0.0936936936936937 0.0914 0.17297297297297298