0 0.5935784851811197 0.9465317919075145 0.6951152579582875 0.9465317919075145 0.6951152579582875 0.8258670520231214 0.5935784851811197 0.8258670520231214 0.5935784851811197 0.9465317919075145
0 0.6383095499451152 0.2814306358381503 0.7365532381997805 0.2814306358381503 0.7365532381997805 0.16076589595375723 0.6383095499451152 0.16076589595375723 0.6383095499451152 0.2814306358381503
0 0.45581778265642153 0.8161127167630058 0.54198682766191 0.8161127167630058 0.54198682766191 0.6896676300578035 0.45581778265642153 0.6896676300578035 0.45581778265642153 0.8161127167630058
0 0.5847969264544457 0.6437861271676301 0.6737102085620198 0.6437861271676301 0.6737102085620198 0.49277456647398843 0.5847969264544457 0.49277456647398843 0.5847969264544457 0.6437861271676301
0 0.24670691547749726 0.9815751445086706 0.3323271130625686 0.9815751445086706 0.3323271130625686 0.8630780346820809 0.24670691547749726 0.8630780346820809 0.24670691547749726 0.9815751445086706
0 0.43907793633369924 0.5057803468208093 0.531284302963776 0.5057803468208093 0.531284302963776 0.40173410404624277 0.43907793633369924 0.40173410404624277 0.43907793633369924 0.5057803468208093
0 0.42014270032930845 0.24530346820809248 0.5041163556531284 0.24530346820809248 0.5041163556531284 0.15643063583815028 0.42014270032930845 0.15643063583815028 0.42014270032930845 0.24530346820809248
0 0.3603183315038419 0 0.3603183315038419 0.08309248554913294 0.4464873765093304 0.08309248554913294 0.4464873765093304 0 0.3603183315038419 0
0 0.043907793633369926 0.9880780346820809 0.12294182217343579 0.9880780346820809 0.12294182217343579 0.8674132947976878 0.043907793633369926 0.8674132947976878 0.043907793633369926 0.9880780346820809
0 0.3751372118551043 0.4147398843930636 0.4656970362239298 0.4147398843930636 0.4656970362239298 0.31647398843930635 0.3751372118551043 0.31647398843930635 0.3751372118551043 0.4147398843930636
0 0.0354006586169045 0.11416184971098266 0.11114160263446762 0.11416184971098266 0.11114160263446762 0.015895953757225433 0.0354006586169045 0.015895953757225433 0.0354006586169045 0.11416184971098266
0 0.0853457738748628 0.17846820809248554 0.16383095499451153 0.17846820809248554 0.16383095499451153 0.07947976878612717 0.0853457738748628 0.07947976878612717 0.0853457738748628 0.17846820809248554
0 0.070801317233809 0.7510838150289018 0.1509330406147091 0.7510838150289018 0.1509330406147091 0.6492052023121387 0.070801317233809 0.6492052023121387 0.070801317233809 0.7510838150289018
0 0.1951152579582876 0.2940751445086705 0.27414928649835346 0.2940751445086705 0.27414928649835346 0.18713872832369943 0.1951152579582876 0.18713872832369943 0.1951152579582876 0.2940751445086705
0 0.4975301866081229 0.6632947976878613 0.577661909989023 0.6632947976878613 0.577661909989023 0.5433526011560693 0.4975301866081229 0.5433526011560693 0.4975301866081229 0.6632947976878613
0 0.20142700329308452 0.18605491329479767 0.283205268935236 0.18605491329479767 0.283205268935236 0.08706647398843931 0.20142700329308452 0.08706647398843931 0.20142700329308452 0.18605491329479767
0 0.0938529088913282 0.5939306358381503 0.16959385290889134 0.5939306358381503 0.16959385290889134 0.4956647398843931 0.0938529088913282 0.4956647398843931 0.0938529088913282 0.5939306358381503
0 0.11909989023051591 0.34934971098265893 0.20417124039517015 0.34934971098265893 0.20417124039517015 0.2604768786127168 0.11909989023051591 0.2604768786127168 0.11909989023051591 0.34934971098265893
0 0.00027442371020856203 0 0.00027442371020856203 0.06286127167630058 0.040340285400658614 0.06286127167630058 0.040340285400658614 0 0.00027442371020856203 0
0 0.24506037321624588 0 0.24506037321624588 0.09176300578034682 0.31147091108671787 0.09176300578034682 0.31147091108671787 0 0.24506037321624588 0
0 0.00027442371020856203 0.1448699421965318 0.021130625686059275 0.1448699421965318 0.021130625686059275 0.07189306358381503 0.00027442371020856203 0.07189306358381503 0.00027442371020856203 0.1448699421965318
0 0.5642151481888035 0 0.5642151481888035 0.019508670520231215 0.6245883644346871 0.019508670520231215 0.6245883644346871 0 0.5642151481888035 0