0 0.6334250343878954 0.6657183499288762 0.7640990371389271 0.6657183499288762 0.7640990371389271 0.5170697012802276 0.6334250343878954 0.5170697012802276 0.6334250343878954 0.6657183499288762
0 0.8081155433287482 0 0.8081155433287482 0.09886201991465149 0.9436038514442916 0.09886201991465149 0.9436038514442916 0 0.8081155433287482 0
0 0.6636863823933975 0.8637980085348507 0.8108665749656121 0.8637980085348507 0.8108665749656121 0.6916785206258891 0.6636863823933975 0.6916785206258891 0.6636863823933975 0.8637980085348507
0 0.5440165061898212 0.542674253200569 0.672627235213205 0.542674253200569 0.672627235213205 0.41038406827880514 0.5440165061898212 0.41038406827880514 0.5440165061898212 0.542674253200569
0 0.7537826685006878 0.534850640113798 0.8865199449793673 0.534850640113798 0.8865199449793673 0.39829302987197723 0.7537826685006878 0.39829302987197723 0.7537826685006878 0.534850640113798
0 0.6822558459422283 0 0.6822558459422283 0.10028449502133713 0.7998624484181568 0.10028449502133713 0.7998624484181568 0 0.6822558459422283 0
0 0.4577028885832187 0.8108108108108109 0.5883768913342503 0.8108108108108109 0.5883768913342503 0.6756756756756757 0.4577028885832187 0.6756756756756757 0.4577028885832187 0.8108108108108109
0 0.6193259972489684 0.26066856330014226 0.7279917469050894 0.26066856330014226 0.7279917469050894 0.11842105263157894 0.6193259972489684 0.11842105263157894 0.6193259972489684 0.26066856330014226
0 0.24037138927097662 0.6650071123755334 0.33940852819807427 0.6650071123755334 0.33940852819807427 0.5462304409672831 0.24037138927097662 0.5462304409672831 0.24037138927097662 0.6650071123755334
0 0.5539889958734525 0.405049786628734 0.6633425034387895 0.405049786628734 0.6633425034387895 0.29409672830725464 0.5539889958734525 0.29409672830725464 0.5539889958734525 0.405049786628734
0 0.5502063273727648 0 0.5502063273727648 0.08036984352773827 0.656121045392022 0.08036984352773827 0.656121045392022 0 0.5502063273727648 0
0 0.3971801925722146 0.43847795163584635 0.49759284731774417 0.43847795163584635 0.49759284731774417 0.3239687055476529 0.3971801925722146 0.3239687055476529 0.3971801925722146 0.43847795163584635
0 0.4731774415405777 0.6813655761024182 0.5921595598349381 0.6813655761024182 0.5921595598349381 0.5568990042674253 0.4731774415405777 0.5568990042674253 0.4731774415405777 0.6813655761024182
0 0.32255845942228334 0.2414651493598862 0.4305364511691884 0.2414651493598862 0.4305364511691884 0.13051209103840683 0.32255845942228334 0.13051209103840683 0.32255845942228334 0.2414651493598862
0 0.2585969738651995 0.14189189189189189 0.3418156808803301 0.14189189189189189 0.3418156808803301 0.0472972972972973 0.2585969738651995 0.0472972972972973 0.2585969738651995 0.14189189189189189
0 0.33975240715268223 0.3666429587482219 0.437414030261348 0.3666429587482219 0.437414030261348 0.242176386913229 0.33975240715268223 0.242176386913229 0.33975240715268223 0.3666429587482219
0 0.17056396148555708 0.5199146514935988 0.26066024759284734 0.5199146514935988 0.26066024759284734 0.4118065433854908 0.17056396148555708 0.4118065433854908 0.17056396148555708 0.5199146514935988
0 0.14580467675378267 0.8726884779516358 0.24759284731774414 0.8726884779516358 0.24759284731774414 0.7496443812233285 0.14580467675378267 0.7496443812233285 0.14580467675378267 0.8726884779516358
0 0.15440165061898212 0.7457325746799431 0.2527510316368638 0.7457325746799431 0.2527510316368638 0.634068278805121 0.15440165061898212 0.634068278805121 0.15440165061898212 0.7457325746799431
0 0.22867950481430535 0.4114509246088193 0.32083906464924344 0.4114509246088193 0.32083906464924344 0.3026315789473684 0.22867950481430535 0.3026315789473684 0.22867950481430535 0.4114509246088193
0 0.08803301237964237 0.47332859174964437 0.17056396148555708 0.47332859174964437 0.17056396148555708 0.3794452347083926 0.08803301237964237 0.3794452347083926 0.08803301237964237 0.47332859174964437
0 0.09594222833562586 0.6134423897581792 0.17434662998624484 0.6134423897581792 0.17434662998624484 0.5088904694167852 0.09594222833562586 0.5088904694167852 0.09594222833562586 0.6134423897581792
0 0.08425034387895461 0.16891891891891891 0.15646492434662998 0.16891891891891891 0.15646492434662998 0.08072546230440968 0.08425034387895461 0.08072546230440968 0.08425034387895461 0.16891891891891891
0 0.28370013755158185 0.49857752489331436 0.3792984869325997 0.49857752489331436 0.3792984869325997 0.3748221906116643 0.28370013755158185 0.3748221906116643 0.28370013755158185 0.49857752489331436
0 0.14442916093535077 0.08321479374110953 0.2200825309491059 0.08321479374110953 0.2200825309491059 0.0007112375533428165 0.14442916093535077 0.0007112375533428165 0.14442916093535077 0.08321479374110953
0 0.406808803301238 0.5778805120910384 0.5120357634112792 0.5778805120910384 0.5120357634112792 0.45554765291607396 0.406808803301238 0.45554765291607396 0.406808803301238 0.5778805120910384
0 0.16540577716643742 0.6233997155049786 0.25068775790921594 0.6233997155049786 0.25068775790921594 0.5238264580369844 0.16540577716643742 0.5238264580369844 0.16540577716643742 0.6233997155049786
0 0.45426409903713894 0.9537695590327169 0.5794360385144429 0.9537695590327169 0.5794360385144429 0.8051209103840683 0.45426409903713894 0.8051209103840683 0.45426409903713894 0.9537695590327169
0 0.09147180192572214 0.7297297297297297 0.1671251719394773 0.7297297297297297 0.1671251719394773 0.6180654338549075 0.09147180192572214 0.6180654338549075 0.09147180192572214 0.7297297297297297
0 0.0811554332874828 0.2620910384068279 0.16506189821182943 0.2620910384068279 0.16506189821182943 0.17532005689900426 0.0811554332874828 0.17532005689900426 0.0811554332874828 0.2620910384068279
0 0.028541953232462173 0.5803698435277382 0.10900962861072902 0.5803698435277382 0.10900962861072902 0.4871977240398293 0.028541953232462173 0.4871977240398293 0.028541953232462173 0.5803698435277382
0 0.3469738651994498 0 0.3469738651994498 0.06258890469416785 0.43363136176066025 0.06258890469416785 0.43363136176066025 0 0.3469738651994498 0
0 0.2169876203576341 0.09139402560455193 0.2953920220082531 0.09139402560455193 0.2953920220082531 0.003200568990042674 0.2169876203576341 0.003200568990042674 0.2169876203576341 0.09139402560455193
0 0.9398211829436038 0.3406827880512091 0.999656121045392 0.3406827880512091 0.999656121045392 0.19203413940256045 0.9398211829436038 0.19203413940256045 0.9398211829436038 0.3406827880512091
0 0.000343878954607978 0.27311522048364156 0.06224209078404402 0.27311522048364156 0.06224209078404402 0.1934566145092461 0.000343878954607978 0.1934566145092461 0.000343878954607978 0.27311522048364156
0 0.15268225584594222 0.17496443812233287 0.22696011004126548 0.17496443812233287 0.22696011004126548 0.08890469416785206 0.15268225584594222 0.08890469416785206 0.15268225584594222 0.17496443812233287
0 0.1592159559834938 0.40042674253200566 0.23624484181568087 0.40042674253200566 0.23624484181568087 0.29943100995732574 0.1592159559834938 0.29943100995732574 0.1592159559834938 0.40042674253200566
0 0.02372764786795048 0.6952347083926032 0.10900962861072902 0.6952347083926032 0.10900962861072902 0.5899715504978663 0.02372764786795048 0.5899715504978663 0.02372764786795048 0.6952347083926032
0 0.187414030261348 0.2414651493598862 0.27269601100412655 0.2414651493598862 0.27269601100412655 0.14046941678520625 0.187414030261348 0.14046941678520625 0.187414030261348 0.2414651493598862
0 0 0.4783072546230441 0.07359009628610728 0.4783072546230441 0.07359009628610728 0.3965149359886202 0 0.3965149359886202 0 0.4783072546230441
0 0.013755158184319119 0.3264580369843528 0.09766162310866575 0.3264580369843528 0.09766162310866575 0.2496443812233286 0.013755158184319119 0.2496443812233286 0.013755158184319119 0.3264580369843528
0 0.12070151306740028 0.3332147937411095 0.2046079779917469 0.3332147937411095 0.2046079779917469 0.22795163584637268 0.12070151306740028 0.22795163584637268 0.12070151306740028 0.3332147937411095
0 0.007909215955983494 0.1166429587482219 0.07737276478679504 0.1166429587482219 0.07737276478679504 0.04338549075391181 0.007909215955983494 0.04338549075391181 0.007909215955983494 0.1166429587482219
0 0.07427785419532325 0.06970128022759602 0.14924346629986246 0.06970128022759602 0.14924346629986246 0.0007112375533428165 0.07427785419532325 0.0007112375533428165 0.07427785419532325 0.06970128022759602
0 0.03576341127922971 0.18598862019914653 0.10247592847317744 0.18598862019914653 0.10247592847317744 0.0906827880512091 0.03576341127922971 0.0906827880512091 0.03576341127922971 0.18598862019914653
0 0.23039889958734525 0.29480796586059743 0.3156808803301238 0.29480796586059743 0.3156808803301238 0.1895448079658606 0.23039889958734525 0.1895448079658606 0.23039889958734525 0.29480796586059743
0 0.033356258596973866 0.39793741109530584 0.1330811554332875 0.39793741109530584 0.1330811554332875 0.30903271692745377 0.033356258596973866 0.30903271692745377 0.033356258596973866 0.39793741109530584
0 0 0.5750355618776671 0.04470426409903714 0.5750355618776671 0.04470426409903714 0.48328591749644384 0 0.48328591749644384 0 0.5750355618776671
0 0 0.6685633001422475 0.03851444291609354 0.6685633001422475 0.03851444291609354 0.577524893314367 0 0.577524893314367 0 0.6685633001422475
0 0.1296423658872077 0.9996443812233285 0.21629986244841815 0.9996443812233285 0.21629986244841815 0.9726173541963016 0.1296423658872077 0.9726173541963016 0.1296423658872077 0.9996443812233285
0 0.000343878954607978 0.4011379800853485 0.03404401650618982 0.4011379800853485 0.03404401650618982 0.32716927453769556 0.000343878954607978 0.32716927453769556 0.000343878954607978 0.4011379800853485