0 0.13182897862232779 0.5954301075268817 0.20368171021377673 0.5954301075268817 0.20368171021377673 0.46908602150537637 0.13182897862232779 0.46908602150537637 0.13182897862232779 0.5954301075268817
0 0.9064726840855107 0.9556451612903226 0.9997030878859857 0.9556451612903226 0.9997030878859857 0.8239247311827957 0.9064726840855107 0.8239247311827957 0.9064726840855107 0.9556451612903226
0 0.8447149643705463 0.853494623655914 0.9201306413301663 0.853494623655914 0.9201306413301663 0.7181899641577061 0.8447149643705463 0.7181899641577061 0.8447149643705463 0.853494623655914
0 0.09471496437054631 0.3449820788530466 0.16478622327790973 0.3449820788530466 0.16478622327790973 0.22311827956989247 0.09471496437054631 0.22311827956989247 0.09471496437054631 0.3449820788530466
0 0.4649643705463183 0.2732974910394265 0.5302850356294537 0.2732974910394265 0.5302850356294537 0.15232974910394265 0.4649643705463183 0.15232974910394265 0.4649643705463183 0.2732974910394265
0 0 0.42876344086021506 0.04513064133016627 0.42876344086021506 0.04513064133016627 0.33198924731182794 0 0.33198924731182794 0 0.42876344086021506
0 0.22268408551068883 0.2620967741935484 0.28859857482185275 0.2620967741935484 0.28859857482185275 0.15188172043010753 0.22268408551068883 0.15188172043010753 0.22268408551068883 0.2620967741935484
0 0 0.5869175627240143 0.032660332541567694 0.5869175627240143 0.032660332541567694 0.471326164874552 0 0.471326164874552 0 0.5869175627240143
0 0.19239904988123516 0.5116487455197133 0.26068883610451304 0.5116487455197133 0.26068883610451304 0.39695340501792115 0.19239904988123516 0.39695340501792115 0.19239904988123516 0.5116487455197133
0 0.37410926365795727 0.3835125448028674 0.4513064133016627 0.3835125448028674 0.4513064133016627 0.26433691756272404 0.37410926365795727 0.26433691756272404 0.37410926365795727 0.3835125448028674
0 0.5950118764845606 0.1689068100358423 0.667458432304038 0.1689068100358423 0.667458432304038 0.05869175627240143 0.5950118764845606 0.05869175627240143 0.5950118764845606 0.1689068100358423
0 0.07244655581947744 0.6706989247311828 0.14429928741092637 0.6706989247311828 0.14429928741092637 0.5479390681003584 0.07244655581947744 0.5479390681003584 0.07244655581947744 0.6706989247311828
0 0.3343230403800475 0.22580645161290322 0.40380047505938244 0.22580645161290322 0.40380047505938244 0.0967741935483871 0.3343230403800475 0.0967741935483871 0.3343230403800475 0.22580645161290322
0 0.8031472684085511 0.1442652329749104 0.8696555819477435 0.1442652329749104 0.8696555819477435 0.021505376344086023 0.8031472684085511 0.021505376344086023 0.8031472684085511 0.1442652329749104
0 0.8274940617577197 0.5618279569892473 0.9171615201900237 0.5618279569892473 0.9171615201900237 0.4525089605734767 0.8274940617577197 0.4525089605734767 0.8274940617577197 0.5618279569892473
0 0.6588479809976246 0.19623655913978494 0.7467339667458432 0.19623655913978494 0.7467339667458432 0.08512544802867383 0.6588479809976246 0.08512544802867383 0.6588479809976246 0.19623655913978494
0 0.20279097387173398 0.1003584229390681 0.2663301662707839 0.1003584229390681 0.2663301662707839 0.002688172043010753 0.20279097387173398 0.002688172043010753 0.20279097387173398 0.1003584229390681
0 0.0059382422802850355 0.27598566308243727 0.07600950118764846 0.27598566308243727 0.07600950118764846 0.17383512544802868 0.0059382422802850355 0.17383512544802868 0.0059382422802850355 0.27598566308243727
0 0.5383016627078385 0.32526881720430106 0.6095605700712589 0.32526881720430106 0.6095605700712589 0.224910394265233 0.5383016627078385 0.224910394265233 0.5383016627078385 0.32526881720430106
0 0.5305819477434679 0.22939068100358423 0.5994655581947743 0.22939068100358423 0.5994655581947743 0.12634408602150538 0.5305819477434679 0.12634408602150538 0.5305819477434679 0.22939068100358423
0 0.6460807600950119 0.33154121863799285 0.7173396674584323 0.33154121863799285 0.7173396674584323 0.20967741935483872 0.6460807600950119 0.20967741935483872 0.6460807600950119 0.33154121863799285
0 0.2814726840855107 0.19982078853046595 0.33729216152019004 0.19982078853046595 0.33729216152019004 0.1003584229390681 0.2814726840855107 0.1003584229390681 0.2814726840855107 0.19982078853046595
0 0.15528503562945367 0.23790322580645162 0.2241686460807601 0.23790322580645162 0.2241686460807601 0.13216845878136202 0.15528503562945367 0.13216845878136202 0.15528503562945367 0.23790322580645162
0 0.3945961995249406 0.271505376344086 0.46347980997624705 0.271505376344086 0.46347980997624705 0.1639784946236559 0.3945961995249406 0.1639784946236559 0.3945961995249406 0.271505376344086
0 0.15676959619952494 0.42383512544802865 0.22565320665083136 0.42383512544802865 0.22565320665083136 0.33154121863799285 0.15676959619952494 0.33154121863799285 0.15676959619952494 0.42383512544802865
0 0.5587885985748219 0.11155913978494623 0.6193586698337292 0.11155913978494623 0.6193586698337292 0.002240143369175627 0.5587885985748219 0.002240143369175627 0.5587885985748219 0.11155913978494623
0 0.4937648456057007 0.14874551971326164 0.559085510688836 0.14874551971326164 0.559085510688836 0.021505376344086023 0.4937648456057007 0.021505376344086023 0.4937648456057007 0.14874551971326164
0 0.171021377672209 0.33198924731182794 0.23574821852731592 0.33198924731182794 0.23574821852731592 0.2217741935483871 0.171021377672209 0.2217741935483871 0.171021377672209 0.33198924731182794
0 0.8951900237529691 0.16801075268817203 0.9646674584323041 0.16801075268817203 0.9646674584323041 0.041666666666666664 0.8951900237529691 0.041666666666666664 0.8951900237529691 0.16801075268817203
0 0.30403800475059384 0.35842293906810035 0.37351543942992876 0.35842293906810035 0.37351543942992876 0.2482078853046595 0.30403800475059384 0.2482078853046595 0.30403800475059384 0.35842293906810035
0 0.26306413301662707 0.9995519713261649 0.3491686460807601 0.9995519713261649 0.3491686460807601 0.8920250896057348 0.26306413301662707 0.8920250896057348 0.26306413301662707 0.9995519713261649
0 0.4845605700712589 0.7594086021505376 0.5617577197149644 0.7594086021505376 0.5617577197149644 0.6169354838709677 0.4845605700712589 0.6169354838709677 0.4845605700712589 0.7594086021505376
0 0.035629453681710214 0.3575268817204301 0.09679334916864608 0.3575268817204301 0.09679334916864608 0.23745519713261648 0.035629453681710214 0.23745519713261648 0.035629453681710214 0.3575268817204301
0 0.1582541567695962 0.9991039426523297 0.24614014251781471 0.9991039426523297 0.24614014251781471 0.9005376344086021 0.1582541567695962 0.9005376344086021 0.1582541567695962 0.9991039426523297
0 0.31057007125890734 0.4699820788530466 0.3824228028503563 0.4699820788530466 0.3824228028503563 0.34543010752688175 0.31057007125890734 0.34543010752688175 0.31057007125890734 0.4699820788530466
0 0.956353919239905 0.5725806451612904 0.9997030878859857 0.5725806451612904 0.9997030878859857 0.44802867383512546 0.956353919239905 0.44802867383512546 0.956353919239905 0.5725806451612904
0 0.9581353919239906 0.3503584229390681 0.9997030878859857 0.3503584229390681 0.9997030878859857 0.23207885304659498 0.9581353919239906 0.23207885304659498 0.9581353919239906 0.3503584229390681
0 0.09738717339667459 0.22446236559139784 0.16033254156769597 0.22446236559139784 0.16033254156769597 0.1267921146953405 0.09738717339667459 0.1267921146953405 0.09738717339667459 0.22446236559139784
0 0.12678147268408552 0 0.12678147268408552 0.08154121863799284 0.18675771971496438 0.08154121863799284 0.18675771971496438 0 0.12678147268408552 0
0 0.33016627078384797 0.10304659498207885 0.39251781472684083 0.10304659498207885 0.39251781472684083 0.011648745519713262 0.33016627078384797 0.011648745519713262 0.33016627078384797 0.10304659498207885
0 0.23693586698337293 0.15188172043010753 0.30344418052256533 0.15188172043010753 0.30344418052256533 0.05421146953405018 0.23693586698337293 0.05421146953405018 0.23693586698337293 0.15188172043010753
0 0.3978622327790974 0 0.3978622327790974 0.08333333333333333 0.45605700712589076 0.08333333333333333 0.45605700712589076 0 0.3978622327790974 0
0 0.0002969121140142518 0.20922939068100357 0.03592636579572447 0.20922939068100357 0.03592636579572447 0.10707885304659498 0.0002969121140142518 0.10707885304659498 0.0002969121140142518 0.20922939068100357
0 0.41092636579572445 0.1527777777777778 0.4833729216152019 0.1527777777777778 0.4833729216152019 0.05600358422939068 0.41092636579572445 0.05600358422939068 0.41092636579572445 0.1527777777777778
0 0.03711401425178147 0.135752688172043 0.10124703087885986 0.135752688172043 0.10124703087885986 0.0264336917562724 0.03711401425178147 0.0264336917562724 0.03711401425178147 0.135752688172043
0 0.24376484560570072 0.41845878136200715 0.3055225653206651 0.41845878136200715 0.3055225653206651 0.3010752688172043 0.24376484560570072 0.3010752688172043 0.24376484560570072 0.41845878136200715
0 0.8473871733966746 0 0.8473871733966746 0.06720430107526881 0.921021377672209 0.06720430107526881 0.921021377672209 0 0.8473871733966746 0
0 0.6157957244655582 0 0.6157957244655582 0.05913978494623656 0.6947743467933492 0.05913978494623656 0.6947743467933492 0 0.6157957244655582 0
0 0.7084323040380047 0 0.7084323040380047 0.06810035842293907 0.7713776722090261 0.06810035842293907 0.7713776722090261 0 0.7084323040380047 0
0 0.45724465558194777 0.059587813620071685 0.5118764845605701 0.059587813620071685 0.5118764845605701 0.00044802867383512545 0.45724465558194777 0.00044802867383512545 0.45724465558194777 0.059587813620071685
0 0.011282660332541567 0 0.011282660332541567 0.06810035842293907 0.05344418052256532 0.06810035842293907 0.05344418052256532 0 0.011282660332541567 0
0 0.7802850356294537 0 0.7802850356294537 0.0492831541218638 0.8355106888361045 0.0492831541218638 0.8355106888361045 0 0.7802850356294537 0