0 0.07598499061913697 0.9984909456740443 0.2045028142589118 0.9984909456740443 0.2045028142589118 0.885814889336016 0.07598499061913697 0.885814889336016 0.07598499061913697 0.9984909456740443
0 0.13133208255159476 0.5040241448692153 0.25046904315197 0.5040241448692153 0.25046904315197 0.3672032193158954 0.13133208255159476 0.3672032193158954 0.13133208255159476 0.5040241448692153
0 0.08724202626641651 0.7127766599597586 0.19606003752345216 0.7127766599597586 0.19606003752345216 0.5990945674044266 0.08724202626641651 0.5990945674044266 0.08724202626641651 0.7127766599597586
0 0.9179174484052532 0.3983903420523139 0.9995309568480301 0.3983903420523139 0.9995309568480301 0.28772635814889336 0.9179174484052532 0.28772635814889336 0.9179174484052532 0.3983903420523139
0 0 0.7821931589537223 0.10881801125703565 0.7821931589537223 0.10881801125703565 0.6504024144869215 0 0.6504024144869215 0 0.7821931589537223
0 0.5694183864915572 0.9180080482897385 0.6735459662288931 0.9180080482897385 0.6735459662288931 0.7791750503018109 0.5694183864915572 0.7791750503018109 0.5694183864915572 0.9180080482897385
0 0.5933395872420263 0.3938631790744467 0.6862101313320825 0.3938631790744467 0.6862101313320825 0.2731388329979879 0.5933395872420263 0.2731388329979879 0.5933395872420263 0.3938631790744467
0 0.6200750469043153 0.5518108651911469 0.7176360225140713 0.5518108651911469 0.7176360225140713 0.432092555331992 0.6200750469043153 0.432092555331992 0.6200750469043153 0.5518108651911469
0 0.7889305816135085 0.26961770623742454 0.875234521575985 0.26961770623742454 0.875234521575985 0.15392354124748492 0.7889305816135085 0.15392354124748492 0.7889305816135085 0.26961770623742454
0 0.6937148217636022 0.48893360160965793 0.7884615384615384 0.48893360160965793 0.7884615384615384 0.3611670020120724 0.6937148217636022 0.3611670020120724 0.6937148217636022 0.48893360160965793
0 0.324577861163227 0.630784708249497 0.42870544090056284 0.630784708249497 0.42870544090056284 0.5070422535211268 0.324577861163227 0.5070422535211268 0.324577861163227 0.630784708249497
0 0.1772983114446529 0.3485915492957746 0.2861163227016886 0.3485915492957746 0.2861163227016886 0.22283702213279677 0.1772983114446529 0.22283702213279677 0.1772983114446529 0.3485915492957746
0 0.18433395872420263 0.9029175050301811 0.3053470919324578 0.9029175050301811 0.3053470919324578 0.7630784708249497 0.18433395872420263 0.7630784708249497 0.18433395872420263 0.9029175050301811
0 0.2856472795497186 0.7992957746478874 0.3954033771106942 0.7992957746478874 0.3954033771106942 0.6685110663983903 0.2856472795497186 0.6685110663983903 0.2856472795497186 0.7992957746478874
0 0.010318949343339587 0.477364185110664 0.11913696060037524 0.477364185110664 0.11913696060037524 0.35563380281690143 0.010318949343339587 0.35563380281690143 0.010318949343339587 0.477364185110664
0 0.5107879924953096 0.38480885311871227 0.5942776735459663 0.38480885311871227 0.5942776735459663 0.2791750503018109 0.5107879924953096 0.2791750503018109 0.5107879924953096 0.38480885311871227
0 1 0.16901408450704225 0.9136960600375235 0.16901408450704225 0.9136960600375235 0.28169014084507044 1 0.28169014084507044 1 0.16901408450704225
0 0.8522514071294559 0.2052313883299799 0.9451219512195121 0.2052313883299799 0.9451219512195121 0.08853118712273642 0.8522514071294559 0.08853118712273642 0.8522514071294559 0.2052313883299799
0 0.2349906191369606 0.704225352112676 0.34380863039399623 0.704225352112676 0.34380863039399623 0.5724346076458753 0.2349906191369606 0.5724346076458753 0.2349906191369606 0.704225352112676
0 0.3072232645403377 0.386317907444668 0.40384615384615385 0.386317907444668 0.40384615384615385 0.2595573440643863 0.3072232645403377 0.2595573440643863 0.3072232645403377 0.386317907444668
0 0.275328330206379 0.5191146881287726 0.37570356472795496 0.5191146881287726 0.37570356472795496 0.40040241448692154 0.275328330206379 0.40040241448692154 0.275328330206379 0.5191146881287726
0 0.09943714821763602 0.16348088531187122 0.20825515947467166 0.16348088531187122 0.20825515947467166 0.057847082494969816 0.09943714821763602 0.057847082494969816 0.09943714821763602 0.16348088531187122
0 0.45590994371482174 0.28722334004024147 0.5525328330206379 0.28722334004024147 0.5525328330206379 0.16851106639839034 0.45590994371482174 0.16851106639839034 0.45590994371482174 0.28722334004024147
0 0.3977485928705441 0.3682092555331992 0.4915572232645403 0.3682092555331992 0.4915572232645403 0.24647887323943662 0.3977485928705441 0.24647887323943662 0.3977485928705441 0.3682092555331992
0 0.8363039399624765 0.44969818913480886 0.9310506566604128 0.44969818913480886 0.9310506566604128 0.3380281690140845 0.8363039399624765 0.3380281690140845 0.8363039399624765 0.44969818913480886
0 0.7879924953095685 0.9974849094567404 0.8939962476547842 0.9974849094567404 0.8939962476547842 0.885814889336016 0.7879924953095685 0.885814889336016 0.7879924953095685 0.9974849094567404
0 0.05018761726078799 0.33551307847082495 0.16088180112570358 0.33551307847082495 0.16088180112570358 0.2147887323943662 0.05018761726078799 0.2147887323943662 0.05018761726078799 0.33551307847082495
0 0.2626641651031895 0.2837022132796781 0.350844277673546 0.2837022132796781 0.350844277673546 0.16398390342052313 0.2626641651031895 0.16398390342052313 0.2626641651031895 0.2837022132796781
0 0.6754221388367729 0.22132796780684105 0.7692307692307693 0.22132796780684105 0.7692307692307693 0.10764587525150905 0.6754221388367729 0.10764587525150905 0.6754221388367729 0.22132796780684105
0 0.7382739212007504 0.7892354124748491 0.8339587242026266 0.7892354124748491 0.8339587242026266 0.6463782696177063 0.7382739212007504 0.6463782696177063 0.7382739212007504 0.7892354124748491
0 0.825046904315197 0.5734406438631791 0.9254221388367729 0.5734406438631791 0.9254221388367729 0.44366197183098594 0.825046904315197 0.44366197183098594 0.825046904315197 0.5734406438631791
0 0.7471857410881801 0.6509054325955734 0.8447467166979362 0.6509054325955734 0.8447467166979362 0.5352112676056338 0.7471857410881801 0.5352112676056338 0.7471857410881801 0.6509054325955734
0 0.876641651031895 0.8832997987927566 0.9798311444652908 0.8832997987927566 0.9798311444652908 0.7424547283702213 0.876641651031895 0.7424547283702213 0.876641651031895 0.8832997987927566
0 0.7082551594746717 0.3772635814889336 0.8039399624765479 0.3772635814889336 0.8039399624765479 0.2665995975855131 0.7082551594746717 0.2665995975855131 0.7082551594746717 0.3772635814889336
0 0.550187617260788 0.2821931589537223 0.6402439024390244 0.2821931589537223 0.6402439024390244 0.17354124748490946 0.550187617260788 0.17354124748490946 0.550187617260788 0.2821931589537223
0 0.649624765478424 0.3163983903420523 0.7443714821763602 0.3163983903420523 0.7443714821763602 0.1966800804828974 0.649624765478424 0.1966800804828974 0.649624765478424 0.3163983903420523
0 0.14165103189493433 0.24446680080482897 0.24108818011257035 0.24446680080482897 0.24108818011257035 0.1358148893360161 0.14165103189493433 0.1358148893360161 0.14165103189493433 0.24446680080482897
0 0.01172607879924953 0.24346076458752516 0.11585365853658537 0.24346076458752516 0.11585365853658537 0.14386317907444668 0.01172607879924953 0.14386317907444668 0.01172607879924953 0.24346076458752516
0 0.8461538461538461 0.3395372233400402 0.9371482176360225 0.3395372233400402 0.9371482176360225 0.22887323943661972 0.8461538461538461 0.22887323943661972 0.8461538461538461 0.3395372233400402
0 0.7218574108818011 0.9381287726358148 0.8222326454033771 0.9381287726358148 0.8222326454033771 0.8013078470824949 0.7218574108818011 0.8013078470824949 0.7218574108818011 0.9381287726358148
0 0.49624765478424016 0.17857142857142858 0.5938086303939962 0.17857142857142858 0.5938086303939962 0.06287726358148893 0.49624765478424016 0.06287726358148893 0.49624765478424016 0.17857142857142858
0 0.34615384615384615 0.27816901408450706 0.44652908067542213 0.27816901408450706 0.44652908067542213 0.1675050301810865 0.34615384615384615 0.1675050301810865 0.34615384615384615 0.27816901408450706
0 0 0.16851106639839034 0.07973733583489681 0.16851106639839034 0.07973733583489681 0.05985915492957746 0 0.05985915492957746 0 0.16851106639839034
0 0.29878048780487804 0.18309859154929578 0.399155722326454 0.18309859154929578 0.399155722326454 0.0744466800804829 0.29878048780487804 0.0744466800804829 0.29878048780487804 0.18309859154929578
0 0.6060037523452158 0.1795774647887324 0.6904315196998124 0.1795774647887324 0.6904315196998124 0.07696177062374246 0.6060037523452158 0.07696177062374246 0.6060037523452158 0.1795774647887324
0 0.22138836772983114 0.1886317907444668 0.30393996247654786 0.1886317907444668 0.30393996247654786 0.0880281690140845 0.22138836772983114 0.0880281690140845 0.22138836772983114 0.1886317907444668
0 0.9591932457786116 0.7640845070422535 0.9995309568480301 0.7640845070422535 0.9995309568480301 0.6332997987927566 0.9591932457786116 0.6332997987927566 0.9591932457786116 0.7640845070422535
0 0.41088180112570355 0.18309859154929578 0.4981238273921201 0.18309859154929578 0.4981238273921201 0.079476861167002 0.41088180112570355 0.079476861167002 0.41088180112570355 0.18309859154929578
0 0.9601313320825516 0.19064386317907445 0.9995309568480301 0.19064386317907445 0.9995309568480301 0.08098591549295775 0.9601313320825516 0.08098591549295775 0.9601313320825516 0.19064386317907445
0 0.021106941838649154 1 0.021106941838649154 0.9788732394366197 0.00046904315196998124 0.9788732394366197 0.00046904315196998124 1 0.021106941838649154 1