0 0.8310265282583622 0.9228801169590644 0.9204152249134948 0.9228801169590644 0.9204152249134948 0.8322368421052632 0.8310265282583622 0.8322368421052632 0.8310265282583622 0.9228801169590644
0 0.5994809688581315 0.7967836257309941 0.6848327566320646 0.7967836257309941 0.6848327566320646 0.7127192982456141 0.5994809688581315 0.7127192982456141 0.5994809688581315 0.7967836257309941
0 0.8304498269896193 0.5482456140350878 0.9175317185697809 0.5482456140350878 0.9175317185697809 0.4583333333333333 0.8304498269896193 0.4583333333333333 0.8304498269896193 0.5482456140350878
0 0.7771049596309112 0.42616959064327486 0.8566897347174164 0.42616959064327486 0.8566897347174164 0.34210526315789475 0.7771049596309112 0.34210526315789475 0.7771049596309112 0.42616959064327486
0 0.4538638985005767 0.5672514619883041 0.5363321799307958 0.5672514619883041 0.5363321799307958 0.4853801169590643 0.4538638985005767 0.4853801169590643 0.4538638985005767 0.5672514619883041
0 0.39590542099192616 0.7448830409356725 0.47606689734717417 0.7448830409356725 0.47606689734717417 0.6644736842105263 0.39590542099192616 0.6644736842105263 0.39590542099192616 0.7448830409356725
0 0.023933102652825836 0.6465643274853801 0.10870818915801615 0.6465643274853801 0.10870818915801615 0.5705409356725146 0.023933102652825836 0.5705409356725146 0.023933102652825836 0.6465643274853801
0 0.697520184544406 0.43494152046783624 0.777681660899654 0.43494152046783624 0.777681660899654 0.3508771929824561 0.697520184544406 0.3508771929824561 0.697520184544406 0.43494152046783624
0 0.19405997693194926 0.6900584795321637 0.27249134948096887 0.6900584795321637 0.27249134948096887 0.6176900584795322 0.19405997693194926 0.6176900584795322 0.19405997693194926 0.6900584795321637
0 0.44405997693194926 0.6805555555555556 0.5259515570934256 0.6805555555555556 0.5259515570934256 0.6023391812865497 0.44405997693194926 0.6023391812865497 0.44405997693194926 0.6805555555555556
0 0.45213379469434833 0.8011695906432749 0.5351787773933102 0.8011695906432749 0.5351787773933102 0.7171052631578947 0.45213379469434833 0.7171052631578947 0.45213379469434833 0.8011695906432749
0 0.14331026528258362 0.75 0.2165513264129181 0.75 0.2165513264129181 0.6798245614035088 0.14331026528258362 0.6798245614035088 0.14331026528258362 0.75
0 0.35841983852364473 0.9824561403508771 0.4408881199538639 0.9824561403508771 0.4408881199538639 0.9042397660818714 0.35841983852364473 0.9042397660818714 0.35841983852364473 0.9824561403508771
0 0.4143598615916955 0.9203216374269005 0.4922145328719723 0.9203216374269005 0.4922145328719723 0.8333333333333334 0.4143598615916955 0.8333333333333334 0.4143598615916955 0.9203216374269005
0 0.8806228373702422 0.4133771929824561 0.9711649365628604 0.4133771929824561 0.9711649365628604 0.33150584795321636 0.8806228373702422 0.33150584795321636 0.8806228373702422 0.4133771929824561
0 0.46453287197231835 0.4513888888888889 0.5498846597462514 0.4513888888888889 0.5498846597462514 0.3607456140350877 0.46453287197231835 0.3607456140350877 0.46453287197231835 0.4513888888888889
0 0.31949250288350634 0.7459795321637427 0.3973471741637832 0.7459795321637427 0.3973471741637832 0.6684941520467836 0.31949250288350634 0.6684941520467836 0.31949250288350634 0.7459795321637427
0 0.18771626297577854 0.981359649122807 0.2655709342560554 0.981359649122807 0.2655709342560554 0.9067982456140351 0.18771626297577854 0.9067982456140351 0.18771626297577854 0.981359649122807
0 0.4224336793540946 0.2361111111111111 0.504325259515571 0.2361111111111111 0.504325259515571 0.15570175438596492 0.4224336793540946 0.15570175438596492 0.4224336793540946 0.2361111111111111
0 0.11707035755478662 0.5858918128654971 0.1966551326412918 0.5858918128654971 0.1966551326412918 0.5127923976608187 0.11707035755478662 0.5127923976608187 0.11707035755478662 0.5858918128654971
0 0.026239907727797 0.8629385964912281 0.10005767012687428 0.8629385964912281 0.10005767012687428 0.7869152046783626 0.026239907727797 0.7869152046783626 0.026239907727797 0.8629385964912281
0 0.21309111880046136 0.10928362573099415 0.2926758938869666 0.10928362573099415 0.2926758938869666 0.034722222222222224 0.21309111880046136 0.034722222222222224 0.21309111880046136 0.10928362573099415
0 0.036043829296424454 0.7521929824561403 0.10813148788927336 0.7521929824561403 0.10813148788927336 0.679093567251462 0.036043829296424454 0.679093567251462 0.036043829296424454 0.7521929824561403
0 0.35322952710495964 0.4586988304093567 0.4426182237600923 0.4586988304093567 0.4426182237600923 0.3826754385964912 0.35322952710495964 0.3826754385964912 0.35322952710495964 0.4586988304093567
0 0.3281430219146482 0.3538011695906433 0.41637831603229525 0.3538011695906433 0.41637831603229525 0.27485380116959063 0.3281430219146482 0.27485380116959063 0.3281430219146482 0.3538011695906433
0 0.5299884659746251 0.33260233918128657 0.6205305651672434 0.33260233918128657 0.6205305651672434 0.2507309941520468 0.5299884659746251 0.2507309941520468 0.5299884659746251 0.33260233918128657
0 0.09025374855824683 0.6944444444444444 0.1646482122260669 0.6944444444444444 0.1646482122260669 0.6235380116959064 0.09025374855824683 0.6235380116959064 0.09025374855824683 0.6944444444444444
0 0.27249134948096887 0.6867690058479532 0.3486159169550173 0.6867690058479532 0.3486159169550173 0.6129385964912281 0.27249134948096887 0.6129385964912281 0.27249134948096887 0.6867690058479532
0 0.2508650519031142 0.9173976608187134 0.3264129181084198 0.9173976608187134 0.3264129181084198 0.8399122807017544 0.2508650519031142 0.8399122807017544 0.2508650519031142 0.9173976608187134
0 0.025374855824682813 0.1834795321637427 0.10841983852364476 0.1834795321637427 0.10841983852364476 0.11257309941520467 0.025374855824682813 0.11257309941520467 0.025374855824682813 0.1834795321637427
0 0.18973471741637832 0.8673245614035088 0.2693194925028835 0.8673245614035088 0.2693194925028835 0.785453216374269 0.18973471741637832 0.785453216374269 0.18973471741637832 0.8673245614035088
0 0.13437139561707034 0.9206871345029239 0.20645905420991925 0.9206871345029239 0.20645905420991925 0.8402777777777778 0.13437139561707034 0.8402777777777778 0.13437139561707034 0.9206871345029239
0 0.40455594002306805 0.402046783625731 0.4864475201845444 0.402046783625731 0.4864475201845444 0.3223684210526316 0.40455594002306805 0.3223684210526316 0.40455594002306805 0.402046783625731
0 0.43281430219146483 0.12463450292397661 0.5250865051903114 0.12463450292397661 0.5250865051903114 0.04349415204678363 0.43281430219146483 0.04349415204678363 0.43281430219146483 0.12463450292397661
0 0.2422145328719723 0.2569444444444444 0.32410611303344866 0.2569444444444444 0.32410611303344866 0.18165204678362573 0.2422145328719723 0.18165204678362573 0.2422145328719723 0.2569444444444444
0 0.5449826989619377 0.1111111111111111 0.6268742791234141 0.1111111111111111 0.6268742791234141 0.019005847953216373 0.5449826989619377 0.019005847953216373 0.5449826989619377 0.1111111111111111
0 0.6170703575547867 1 0.6170703575547867 0.9554093567251462 0.5317185697808535 0.9554093567251462 0.5317185697808535 1 0.6170703575547867 1
0 0.12168396770472895 0.2719298245614035 0.20876585928489041 0.2719298245614035 0.20876585928489041 0.2010233918128655 0.12168396770472895 0.2010233918128655 0.12168396770472895 0.2719298245614035
0 0.06978085351787774 0.9155701754385965 0.13552479815455595 0.9155701754385965 0.13552479815455595 0.8468567251461988 0.06978085351787774 0.8468567251461988 0.06978085351787774 0.9155701754385965
0 0.831603229527105 1 0.831603229527105 0.956140350877193 0.740484429065744 0.956140350877193 0.740484429065744 1 0.831603229527105 1
0 0.07554786620530565 0.2277046783625731 0.15859284890426759 0.2277046783625731 0.15859284890426759 0.15533625730994152 0.07554786620530565 0.15533625730994152 0.07554786620530565 0.2277046783625731
0 1 0.9612573099415205 0.9204152249134948 0.9612573099415205 0.9204152249134948 1 1 1 1 0.9612573099415205
0 0.092560553633218 1 0.092560553633218 0.9532163742690059 0.023933102652825836 0.9532163742690059 0.023933102652825836 1 0.092560553633218 1
0 0.16724336793540945 1 0.16724336793540945 0.9510233918128655 0.09573241061130335 0.9510233918128655 0.09573241061130335 1 0.16724336793540945 1
0 0.3215109573241061 1 0.3215109573241061 0.9597953216374269 0.23904267589388697 0.9597953216374269 0.23904267589388697 1 0.3215109573241061 1
0 0.984717416378316 0.5946637426900585 0.9997116493656286 0.5946637426900585 0.9997116493656286 0.5303362573099415 0.984717416378316 0.5303362573099415 0.984717416378316 0.5946637426900585