0 0.7057600950118765 0.8378136200716846 0.7942399049881235 0.8378136200716846 0.7942399049881235 0.7150537634408602 0.7057600950118765 0.7150537634408602 0.7057600950118765 0.8378136200716846
0 0.7853325415676959 0.4731182795698925 0.8548099762470309 0.4731182795698925 0.8548099762470309 0.35842293906810035 0.7853325415676959 0.35842293906810035 0.7853325415676959 0.4731182795698925
0 0.38657957244655583 0.1460573476702509 0.44536817102137766 0.1460573476702509 0.44536817102137766 0.03942652329749104 0.38657957244655583 0.03942652329749104 0.38657957244655583 0.1460573476702509
0 0.02672209026128266 0.9695340501792115 0.10748218527315914 0.9695340501792115 0.10748218527315914 0.8405017921146953 0.02672209026128266 0.8405017921146953 0.02672209026128266 0.9695340501792115
0 0.5932304038004751 0.24686379928315413 0.6621140142517815 0.24686379928315413 0.6621140142517815 0.13306451612903225 0.5932304038004751 0.13306451612903225 0.5932304038004751 0.24686379928315413
0 0.22446555819477435 0.9973118279569892 0.30463182897862234 0.9973118279569892 0.30463182897862234 0.8629032258064516 0.22446555819477435 0.8629032258064516 0.22446555819477435 0.9973118279569892
0 0.16270783847980996 0.47625448028673834 0.2321852731591449 0.47625448028673834 0.2321852731591449 0.3633512544802867 0.16270783847980996 0.3633512544802867 0.16270783847980996 0.47625448028673834
0 0.7016033254156769 0.7195340501792115 0.7942399049881235 0.7195340501792115 0.7942399049881235 0.5967741935483871 0.7016033254156769 0.5967741935483871 0.7016033254156769 0.7195340501792115
0 0.7835510688836105 0.3095878136200717 0.871437054631829 0.3095878136200717 0.871437054631829 0.19578853046594982 0.7835510688836105 0.19578853046594982 0.7835510688836105 0.3095878136200717
0 0.7788004750593824 0.6644265232974911 0.8601543942992874 0.6644265232974911 0.8601543942992874 0.5282258064516129 0.7788004750593824 0.5282258064516129 0.7788004750593824 0.6644265232974911
0 0.5350356294536817 0.3288530465949821 0.6057007125890737 0.3288530465949821 0.6057007125890737 0.22043010752688172 0.5350356294536817 0.22043010752688172 0.5350356294536817 0.3288530465949821
0 0 0.5161290322580645 0.047505938242280284 0.5161290322580645 0.047505938242280284 0.40591397849462363 0 0.40591397849462363 0 0.5161290322580645
0 0.25504750593824227 0.1886200716845878 0.31502375296912116 0.1886200716845878 0.31502375296912116 0.09543010752688172 0.25504750593824227 0.09543010752688172 0.25504750593824227 0.1886200716845878
0 0.5314726840855107 0.19623655913978494 0.6039192399049881 0.19623655913978494 0.6039192399049881 0.08691756272401434 0.5314726840855107 0.08691756272401434 0.5314726840855107 0.19623655913978494
0 0.41330166270783847 0.22267025089605735 0.47387173396674587 0.22267025089605735 0.47387173396674587 0.09991039426523297 0.41330166270783847 0.09991039426523297 0.41330166270783847 0.22267025089605735
0 0.40469121140142517 0.42383512544802865 0.46941805225653205 0.42383512544802865 0.46941805225653205 0.3100358422939068 0.40469121140142517 0.3100358422939068 0.40469121140142517 0.42383512544802865
0 0.19388361045130642 0.7813620071684588 0.2776128266033254 0.7813620071684588 0.2776128266033254 0.6639784946236559 0.19388361045130642 0.6639784946236559 0.19388361045130642 0.7813620071684588
0 0.13984560570071258 0.2871863799283154 0.20516627078384797 0.2871863799283154 0.20516627078384797 0.1832437275985663 0.13984560570071258 0.1832437275985663 0.13984560570071258 0.2871863799283154
0 0.9038004750593824 0.2992831541218638 0.9863420427553444 0.2992831541218638 0.9863420427553444 0.18996415770609318 0.9038004750593824 0.18996415770609318 0.9038004750593824 0.2992831541218638
0 0.24554631828978624 0.8557347670250897 0.31918052256532065 0.8557347670250897 0.31918052256532065 0.7383512544802867 0.24554631828978624 0.7383512544802867 0.24554631828978624 0.8557347670250897
0 0.1760688836104513 0.6420250896057348 0.24554631828978624 0.6420250896057348 0.24554631828978624 0.5255376344086021 0.1760688836104513 0.5255376344086021 0.1760688836104513 0.6420250896057348
0 0.29661520190023755 0.482078853046595 0.3744061757719715 0.482078853046595 0.3744061757719715 0.3718637992831541 0.29661520190023755 0.3718637992831541 0.29661520190023755 0.482078853046595
0 0.28028503562945367 0.7222222222222222 0.35926365795724463 0.7222222222222222 0.35926365795724463 0.6075268817204301 0.28028503562945367 0.6075268817204301 0.28028503562945367 0.7222222222222222
0 0.4723871733966746 0.1639784946236559 0.538895486935867 0.1639784946236559 0.538895486935867 0.05824372759856631 0.4723871733966746 0.05824372759856631 0.4723871733966746 0.1639784946236559
0 0.9023159144893111 0.11648745519713262 0.9759501187648456 0.11648745519713262 0.9759501187648456 0.008960573476702509 0.9023159144893111 0.008960573476702509 0.9023159144893111 0.11648745519713262
0 0.22713776722090262 0.30689964157706096 0.293646080760095 0.30689964157706096 0.293646080760095 0.20206093189964158 0.22713776722090262 0.20206093189964158 0.22713776722090262 0.30689964157706096
0 0.6368764845605701 0.13709677419354838 0.7164489311163895 0.13709677419354838 0.7164489311163895 0.033154121863799284 0.6368764845605701 0.033154121863799284 0.6368764845605701 0.13709677419354838
0 0.5124703087885986 0.9995519713261649 0.6021377672209026 0.9995519713261649 0.6021377672209026 0.8812724014336918 0.5124703087885986 0.8812724014336918 0.5124703087885986 0.9995519713261649
0 0.010095011876484561 0.3270609318996416 0.08135391923990498 0.3270609318996416 0.08135391923990498 0.22043010752688172 0.010095011876484561 0.22043010752688172 0.010095011876484561 0.3270609318996416
0 0 0.6698028673835126 0.05819477434679335 0.6698028673835126 0.05819477434679335 0.5640681003584229 0 0.5640681003584229 0 0.6698028673835126
0 0.03533254156769596 0.43772401433691754 0.10184085510688837 0.43772401433691754 0.10184085510688837 0.3239247311827957 0.03533254156769596 0.3239247311827957 0.03533254156769596 0.43772401433691754
0 0.08461995249406176 0.346326164874552 0.15053444180522565 0.346326164874552 0.15053444180522565 0.23521505376344087 0.08461995249406176 0.23521505376344087 0.08461995249406176 0.346326164874552
0 0 0.20654121863799282 0.05997624703087886 0.20654121863799282 0.05997624703087886 0.09991039426523297 0 0.09991039426523297 0 0.20654121863799282
0 0.37232779097387175 0.7302867383512545 0.46140142517814725 0.7302867383512545 0.46140142517814725 0.6254480286738351 0.37232779097387175 0.6254480286738351 0.37232779097387175 0.7302867383512545
0 0.8067102137767221 0 0.8067102137767221 0.08781362007168458 0.8803444180522565 0.08781362007168458 0.8803444180522565 0 0.8067102137767221 0
0 0.8179928741092637 0.20430107526881722 0.8862826603325415 0.20430107526881722 0.8862826603325415 0.08422939068100359 0.8179928741092637 0.08422939068100359 0.8179928741092637 0.20430107526881722
0 0.7752375296912114 0.9995519713261649 0.8512470308788599 0.9995519713261649 0.8512470308788599 0.9439964157706093 0.7752375296912114 0.9439964157706093 0.7752375296912114 0.9995519713261649
0 0.46526128266033256 1 0.46526128266033256 0.9068100358422939 0.3833135391923991 0.9068100358422939 0.3833135391923991 1 0.46526128266033256 1
0 0 0.8866487455197133 0.039192399049881234 0.8866487455197133 0.039192399049881234 0.7540322580645161 0 0.7540322580645161 0 0.8866487455197133
0 0.5623515439429929 0.9068100358422939 0.6437054631828979 0.9068100358422939 0.6437054631828979 0.7867383512544803 0.5623515439429929 0.7867383512544803 0.5623515439429929 0.9068100358422939
0 0.4438836104513064 0 0.4438836104513064 0.08243727598566308 0.5038598574821853 0.08243727598566308 0.5038598574821853 0 0.4438836104513064 0
0 0.09649643705463183 0.535394265232975 0.17250593824228028 0.535394265232975 0.17250593824228028 0.4305555555555556 0.09649643705463183 0.4305555555555556 0.09649643705463183 0.535394265232975
0 0.3429334916864608 0.39471326164874554 0.4106294536817102 0.39471326164874554 0.4106294536817102 0.2871863799283154 0.3429334916864608 0.2871863799283154 0.3429334916864608 0.39471326164874554
0 0.24821852731591448 0.3942652329749104 0.32957244655581946 0.3942652329749104 0.32957244655581946 0.2974910394265233 0.24821852731591448 0.2974910394265233 0.24821852731591448 0.3942652329749104
0 0.5385985748218527 0.09453405017921147 0.6140142517814727 0.09453405017921147 0.6140142517814727 0.0076164874551971325 0.5385985748218527 0.0076164874551971325 0.5385985748218527 0.09453405017921147
0 0.12203087885985749 0.20340501792114696 0.17666270783847982 0.20340501792114696 0.17666270783847982 0.11469534050179211 0.12203087885985749 0.11469534050179211 0.12203087885985749 0.20340501792114696
0 0 0.12051971326164874 0.05166270783847981 0.12051971326164874 0.05166270783847981 0.019265232974910396 0 0.019265232974910396 0 0.12051971326164874
0 0.17013064133016628 0.3709677419354839 0.23842042755344417 0.3709677419354839 0.23842042755344417 0.26523297491039427 0.17013064133016628 0.26523297491039427 0.17013064133016628 0.3709677419354839
0 0.7461401425178147 0.13978494623655913 0.8120546318289786 0.13978494623655913 0.8120546318289786 0.017921146953405017 0.7461401425178147 0.017921146953405017 0.7461401425178147 0.13978494623655913
0 0.07541567695961995 0.6433691756272402 0.15617577197149643 0.6433691756272402 0.15617577197149643 0.5349462365591398 0.07541567695961995 0.5349462365591398 0.07541567695961995 0.6433691756272402
0 0.32066508313539194 0.21505376344086022 0.3847980997624703 0.21505376344086022 0.3847980997624703 0.12455197132616487 0.32066508313539194 0.12455197132616487 0.32066508313539194 0.21505376344086022
0 0.2327790973871734 0.5344982078853047 0.3004750593824228 0.5344982078853047 0.3004750593824228 0.41263440860215056 0.2327790973871734 0.41263440860215056 0.2327790973871734 0.5344982078853047
0 0.17963182897862232 0.09632616487455196 0.23960807600950118 0.09632616487455196 0.23960807600950118 0.0013440860215053765 0.17963182897862232 0.0013440860215053765 0.17963182897862232 0.09632616487455196
0 0.3159144893111639 0.32616487455197135 0.37945368171021376 0.32616487455197135 0.37945368171021376 0.21057347670250895 0.3159144893111639 0.21057347670250895 0.3159144893111639 0.32616487455197135
0 0.19774346793349168 0.22804659498207885 0.2529691211401425 0.22804659498207885 0.2529691211401425 0.12051971326164874 0.19774346793349168 0.12051971326164874 0.19774346793349168 0.22804659498207885
0 0.40617577197149646 0.5398745519713262 0.47980997624703087 0.5398745519713262 0.47980997624703087 0.425179211469534 0.40617577197149646 0.425179211469534 0.40617577197149646 0.5398745519713262
0 0.08758907363420428 0.13844086021505375 0.15469121140142517 0.13844086021505375 0.15469121140142517 0.03718637992831541 0.08758907363420428 0.03718637992831541 0.08758907363420428 0.13844086021505375
0 0.25653206650831356 0.09767025089605735 0.32066508313539194 0.09767025089605735 0.32066508313539194 0.004480286738351254 0.25653206650831356 0.004480286738351254 0.25653206650831356 0.09767025089605735
0 0.12084323040380048 0.41621863799283154 0.17191211401425177 0.41621863799283154 0.17191211401425177 0.3310931899641577 0.12084323040380048 0.3310931899641577 0.12084323040380048 0.41621863799283154
0 0.9667458432304038 0.5488351254480287 0.9994061757719715 0.5488351254480287 0.9994061757719715 0.4296594982078853 0.9667458432304038 0.4296594982078853 0.9667458432304038 0.5488351254480287
0 0.37856294536817103 0 0.37856294536817103 0.05913978494623656 0.4444774346793349 0.05913978494623656 0.4444774346793349 0 0.37856294536817103 0
0 0.6128266033254157 0.056899641577060935 0.6769596199524941 0.056899641577060935 0.6769596199524941 0.00044802867383512545 0.6128266033254157 0.00044802867383512545 0.6128266033254157 0.056899641577060935
0 0.7191211401425178 1 0.7191211401425178 0.96415770609319 0.6448931116389549 0.96415770609319 0.6448931116389549 1 0.7191211401425178 1
0 0.07719714964370546 0 0.07719714964370546 0.06182795698924731 0.1342042755344418 0.06182795698924731 0.1342042755344418 0 0.07719714964370546 0
0 0 0.4099462365591398 0.013657957244655582 0.4099462365591398 0.013657957244655582 0.36872759856630827 0 0.36872759856630827 0 0.4099462365591398
0 0.7286223277909739 0 0.7286223277909739 0.044802867383512544 0.8052256532066508 0.044802867383512544 0.8052256532066508 0 0.7286223277909739 0
0 0.027612826603325414 0 0.027612826603325414 0.05197132616487455 0.07749406175771971 0.05197132616487455 0.07749406175771971 0 0.027612826603325414 0
0 0.5017814726840855 0 0.5017814726840855 0.04121863799283154 0.5558194774346793 0.04121863799283154 0.5558194774346793 0 0.5017814726840855 0