0 0.8540945790080738 0.2646198830409357 0.9509803921568627 0.2646198830409357 0.9509803921568627 0.16593567251461988 0.8540945790080738 0.16593567251461988 0.8540945790080738 0.2646198830409357
0 0.816320645905421 0.7551169590643275 0.9051326412918108 0.7551169590643275 0.9051326412918108 0.672514619883041 0.816320645905421 0.672514619883041 0.816320645905421 0.7551169590643275
0 0.8575547866205305 0.4473684210526316 0.9492502883506344 0.4473684210526316 0.9492502883506344 0.35599415204678364 0.8575547866205305 0.35599415204678364 0.8575547866205305 0.4473684210526316
0 0.6136101499423299 0.8877923976608187 0.696078431372549 0.8877923976608187 0.696078431372549 0.7978801169590644 0.6136101499423299 0.7978801169590644 0.6136101499423299 0.8877923976608187
0 0.6946366782006921 0.3369883040935672 0.7765282583621684 0.3369883040935672 0.7765282583621684 0.25219298245614036 0.6946366782006921 0.25219298245614036 0.6946366782006921 0.3369883040935672
0 0.368800461361015 0.9992690058479532 0.44492502883506346 0.9992690058479532 0.44492502883506346 0.918859649122807 0.368800461361015 0.918859649122807 0.368800461361015 0.9992690058479532
0 0 0.29276315789473684 0.06113033448673587 0.29276315789473684 0.06113033448673587 0.2225877192982456 0 0.2225877192982456 0 0.29276315789473684
0 0.5126874279123415 0.8877923976608187 0.5963091118800461 0.8877923976608187 0.5963091118800461 0.7993421052631579 0.5126874279123415 0.7993421052631579 0.5126874279123415 0.8877923976608187
0 0 0.3983918128654971 0.06862745098039216 0.3983918128654971 0.06862745098039216 0.3260233918128655 0 0.3260233918128655 0 0.3983918128654971
0 0.6329296424452133 0.4027777777777778 0.717128027681661 0.4027777777777778 0.717128027681661 0.31871345029239767 0.6329296424452133 0.31871345029239767 0.6329296424452133 0.4027777777777778
0 0.6513840830449827 0.6396198830409356 0.7344290657439446 0.6396198830409356 0.7344290657439446 0.554093567251462 0.6513840830449827 0.554093567251462 0.6513840830449827 0.6396198830409356
0 0.11245674740484429 0.6107456140350878 0.18858131487889274 0.6107456140350878 0.18858131487889274 0.5310672514619883 0.11245674740484429 0.5310672514619883 0.11245674740484429 0.6107456140350878
0 0.6955017301038062 1 0.6955017301038062 0.9217836257309941 0.6164936562860438 0.9217836257309941 0.6164936562860438 1 0.6955017301038062 1
0 0.20818915801614762 0.5486111111111112 0.29296424452133796 0.5486111111111112 0.29296424452133796 0.46747076023391815 0.20818915801614762 0.46747076023391815 0.20818915801614762 0.5486111111111112
0 0.1386966551326413 0.17288011695906433 0.222318339100346 0.17288011695906433 0.222318339100346 0.0939327485380117 0.1386966551326413 0.0939327485380117 0.1386966551326413 0.17288011695906433
0 0.6784890426758939 0.2134502923976608 0.7563437139561707 0.2134502923976608 0.7563437139561707 0.13450292397660818 0.6784890426758939 0.13450292397660818 0.6784890426758939 0.2134502923976608
0 0.08621683967704728 0.39510233918128657 0.16349480968858132 0.39510233918128657 0.16349480968858132 0.3161549707602339 0.08621683967704728 0.3161549707602339 0.08621683967704728 0.39510233918128657
0 0.04354094579008074 0.4470029239766082 0.12658592848904268 0.4470029239766082 0.12658592848904268 0.3782894736842105 0.04354094579008074 0.3782894736842105 0.04354094579008074 0.4470029239766082
0 0.48385236447520186 0.70796783625731 0.5565167243367936 0.70796783625731 0.5565167243367936 0.6297514619883041 0.48385236447520186 0.6297514619883041 0.48385236447520186 0.70796783625731
0 0.024798154555940023 0.7741228070175439 0.10149942329873125 0.7741228070175439 0.10149942329873125 0.7017543859649122 0.024798154555940023 0.7017543859649122 0.024798154555940023 0.7741228070175439
0 0.06113033448673587 0.2883771929824561 0.14302191464821223 0.2883771929824561 0.14302191464821223 0.2138157894736842 0.06113033448673587 0.2138157894736842 0.06113033448673587 0.2883771929824561
0 0.41753171856978083 0.6491228070175439 0.4988465974625144 0.6491228070175439 0.4988465974625144 0.570906432748538 0.41753171856978083 0.570906432748538 0.41753171856978083 0.6491228070175439
0 0.3070934256055363 0.6527777777777778 0.37918108419838525 0.6527777777777778 0.37918108419838525 0.5723684210526315 0.3070934256055363 0.5723684210526315 0.3070934256055363 0.6527777777777778
0 0.17502883506343714 0.8852339181286549 0.2517301038062284 0.8852339181286549 0.2517301038062284 0.8055555555555556 0.17502883506343714 0.8055555555555556 0.17502883506343714 0.8852339181286549
0 0.24106113033448673 0.15716374269005848 0.32410611303344866 0.15716374269005848 0.32410611303344866 0.08187134502923976 0.24106113033448673 0.08187134502923976 0.24106113033448673 0.15716374269005848
0 0.08189158016147635 0.12719298245614036 0.1580161476355248 0.12719298245614036 0.1580161476355248 0.05043859649122807 0.08189158016147635 0.05043859649122807 0.08189158016147635 0.12719298245614036
0 0.47664359861591693 0.5950292397660819 0.5625720876585929 0.5950292397660819 0.5625720876585929 0.5029239766081871 0.47664359861591693 0.5029239766081871 0.47664359861591693 0.5950292397660819
0 0.6101499423298731 0.52046783625731 0.6920415224913494 0.52046783625731 0.6920415224913494 0.4407894736842105 0.6101499423298731 0.4407894736842105 0.6101499423298731 0.52046783625731
0 0.29786620530565167 0.5442251461988304 0.38494809688581316 0.5442251461988304 0.38494809688581316 0.4586988304093567 0.29786620530565167 0.4586988304093567 0.29786620530565167 0.5442251461988304
0 0.19117647058823528 0.3823099415204678 0.27479815455594003 0.3823099415204678 0.27479815455594003 0.3055555555555556 0.19117647058823528 0.3055555555555556 0.19117647058823528 0.3823099415204678
0 0.2577854671280277 0.43457602339181284 0.3350634371395617 0.43457602339181284 0.3350634371395617 0.3512426900584795 0.2577854671280277 0.3512426900584795 0.2577854671280277 0.43457602339181284
0 0.6335063437139562 0.1067251461988304 0.7148212226066898 0.1067251461988304 0.7148212226066898 0.017543859649122806 0.6335063437139562 0.017543859649122806 0.6335063437139562 0.1067251461988304
0 0.45213379469434833 0.8315058479532164 0.5334486735870819 0.8315058479532164 0.5334486735870819 0.7459795321637427 0.45213379469434833 0.7459795321637427 0.45213379469434833 0.8315058479532164
0 0.1375432525951557 0.4418859649122807 0.22462514417531718 0.4418859649122807 0.22462514417531718 0.36366959064327486 0.1375432525951557 0.36366959064327486 0.1375432525951557 0.4418859649122807
0 0.5144175317185697 0.24195906432748537 0.6014994232987313 0.24195906432748537 0.6014994232987313 0.1564327485380117 0.5144175317185697 0.1564327485380117 0.5144175317185697 0.24195906432748537
0 0.5285467128027682 0.11659356725146199 0.6110149942329873 0.11659356725146199 0.6110149942329873 0.031067251461988302 0.5285467128027682 0.031067251461988302 0.5285467128027682 0.11659356725146199
0 0.5622837370242214 0.3541666666666667 0.6464821222606689 0.3541666666666667 0.6464821222606689 0.26498538011695905 0.5622837370242214 0.26498538011695905 0.5622837370242214 0.3541666666666667
0 0.32410611303344866 0.3746345029239766 0.3990772779700115 0.3746345029239766 0.3990772779700115 0.29276315789473684 0.32410611303344866 0.29276315789473684 0.32410611303344866 0.3746345029239766
0 0.4979815455594002 0.41118421052631576 0.5764129181084199 0.41118421052631576 0.5764129181084199 0.3300438596491228 0.4979815455594002 0.3300438596491228 0.4979815455594002 0.41118421052631576
0 0.6294694348327566 0.2814327485380117 0.7015570934256056 0.2814327485380117 0.7015570934256056 0.2046783625730994 0.6294694348327566 0.2046783625730994 0.6294694348327566 0.2814327485380117
0 0.13321799307958476 0.3355263157894737 0.20876585928489041 0.3355263157894737 0.20876585928489041 0.2595029239766082 0.13321799307958476 0.2595029239766082 0.13321799307958476 0.3355263157894737
0 0.45876585928489044 0.19005847953216373 0.5343137254901961 0.19005847953216373 0.5343137254901961 0.09210526315789473 0.45876585928489044 0.09210526315789473 0.45876585928489044 0.19005847953216373
0 0.027970011534025375 0.08771929824561403 0.10813148788927336 0.08771929824561403 0.10813148788927336 0.0043859649122807015 0.027970011534025375 0.0043859649122807015 0.027970011534025375 0.08771929824561403
0 0.3627450980392157 0.6041666666666666 0.4417531718569781 0.6041666666666666 0.4417531718569781 0.5171783625730995 0.3627450980392157 0.5171783625730995 0.3627450980392157 0.6041666666666666
0 0.5282583621683967 0.5314327485380117 0.6043829296424452 0.5314327485380117 0.6043829296424452 0.4466374269005848 0.5282583621683967 0.4466374269005848 0.5282583621683967 0.5314327485380117
0 0.4218569780853518 0.41885964912280704 0.49855824682814304 0.41885964912280704 0.49855824682814304 0.33845029239766083 0.4218569780853518 0.33845029239766083 0.4218569780853518 0.41885964912280704
0 0 0.34247076023391815 0.00922722029988466 0.34247076023391815 0.00922722029988466 0.2817982456140351 0 0.2817982456140351 0 0.34247076023391815