0 0.7696998123827392 0.9984909456740443 0.8841463414634146 0.9984909456740443 0.8841463414634146 0.8697183098591549 0.7696998123827392 0.8697183098591549 0.7696998123827392 0.9984909456740443
0 0.6866791744840526 0.4904426559356137 0.7804878048780488 0.4904426559356137 0.7804878048780488 0.3717303822937626 0.6866791744840526 0.3717303822937626 0.6866791744840526 0.4904426559356137
0 0.017823639774859287 0.9079476861167002 0.1397748592870544 0.9079476861167002 0.1397748592870544 0.7761569416498993 0.017823639774859287 0.7761569416498993 0.017823639774859287 0.9079476861167002
0 0.9024390243902439 0.2917505030181087 0.9943714821763602 0.2917505030181087 0.9943714821763602 0.1790744466800805 0.9024390243902439 0.1790744466800805 0.9024390243902439 0.2917505030181087
0 0.7134146341463414 0.863682092555332 0.8175422138836773 0.863682092555332 0.8175422138836773 0.7278672032193159 0.7134146341463414 0.7278672032193159 0.7134146341463414 0.863682092555332
0 0.1430581613508443 0.710261569416499 0.2593808630393996 0.710261569416499 0.2593808630393996 0.5855130784708249 0.1430581613508443 0.5855130784708249 0.1430581613508443 0.710261569416499
0 0.5905253283302064 0.7369215291750503 0.6880863039399625 0.7369215291750503 0.6880863039399625 0.6101609657947686 0.5905253283302064 0.6101609657947686 0.5905253283302064 0.7369215291750503
0 0.6716697936210131 0.6413480885311871 0.7654784240150094 0.6413480885311871 0.7654784240150094 0.5145875251509054 0.6716697936210131 0.5145875251509054 0.6716697936210131 0.6413480885311871
0 0.7711069418386491 0.29074446680080485 0.8649155722326454 0.29074446680080485 0.8649155722326454 0.17404426559356137 0.7711069418386491 0.17404426559356137 0.7711069418386491 0.29074446680080485
0 0.00046904315196998124 0.5523138832997988 0.08395872420262664 0.5523138832997988 0.08395872420262664 0.4386317907444668 0.00046904315196998124 0.4386317907444668 0.00046904315196998124 0.5523138832997988
0 0.05347091932457786 0.783702213279678 0.1726078799249531 0.783702213279678 0.1726078799249531 0.6659959758551308 0.05347091932457786 0.6659959758551308 0.05347091932457786 0.783702213279678
0 0.18151969981238275 0.31338028169014087 0.2847091932457786 0.31338028169014087 0.2847091932457786 0.19567404426559357 0.18151969981238275 0.19567404426559357 0.18151969981238275 0.31338028169014087
0 0.42166979362101314 0.7997987927565392 0.5370544090056285 0.7997987927565392 0.5370544090056285 0.676056338028169 0.42166979362101314 0.676056338028169 0.42166979362101314 0.7997987927565392
0 0.8142589118198874 0.5462776659959758 0.9090056285178236 0.5462776659959758 0.9090056285178236 0.4225352112676056 0.8142589118198874 0.4225352112676056 0.8142589118198874 0.5462776659959758
0 0.400562851782364 0.9149899396378269 0.5112570356472795 0.9149899396378269 0.5112570356472795 0.7831991951710262 0.400562851782364 0.7831991951710262 0.400562851782364 0.9149899396378269
0 0.7631332082551595 0.41951710261569414 0.8531894934333959 0.41951710261569414 0.8531894934333959 0.3118712273641851 0.7631332082551595 0.3118712273641851 0.7631332082551595 0.41951710261569414
0 0.5192307692307693 0.3687122736418511 0.6102251407129456 0.3687122736418511 0.6102251407129456 0.24899396378269617 0.5192307692307693 0.24899396378269617 0.5192307692307693 0.3687122736418511
0 0.25609756097560976 0.5045271629778671 0.3714821763602251 0.5045271629778671 0.3714821763602251 0.3888329979879276 0.25609756097560976 0.3888329979879276 0.25609756097560976 0.5045271629778671
0 0.09615384615384616 0.6312877263581489 0.20684803001876173 0.6312877263581489 0.20684803001876173 0.5095573440643864 0.09615384615384616 0.5095573440643864 0.09615384615384616 0.6312877263581489
0 0.547373358348968 0.4984909456740443 0.6430581613508443 0.4984909456740443 0.6430581613508443 0.3827967806841046 0.547373358348968 0.3827967806841046 0.547373358348968 0.4984909456740443
0 0.6346153846153846 0.37072434607645877 0.7265478424015009 0.37072434607645877 0.7265478424015009 0.25201207243460766 0.6346153846153846 0.25201207243460766 0.6346153846153846 0.37072434607645877
0 0.8428705440900562 0.22585513078470826 0.9338649155722326 0.22585513078470826 0.9338649155722326 0.12122736418511067 0.8428705440900562 0.12122736418511067 0.8428705440900562 0.22585513078470826
0 0.6655722326454033 0.2716297786720322 0.7565666041275797 0.2716297786720322 0.7565666041275797 0.16700201207243462 0.6655722326454033 0.16700201207243462 0.6655722326454033 0.2716297786720322
0 0.3344277673545966 0.18209255533199195 0.4357410881801126 0.18209255533199195 0.4357410881801126 0.07545271629778671 0.3344277673545966 0.07545271629778671 0.3344277673545966 0.18209255533199195
0 0.4638836772983114 0.567907444668008 0.5670731707317073 0.567907444668008 0.5670731707317073 0.44818913480885314 0.4638836772983114 0.44818913480885314 0.4638836772983114 0.567907444668008
0 0.8738273921200751 0.7489939637826962 0.9695121951219512 0.7489939637826962 0.9695121951219512 0.619215291750503 0.8738273921200751 0.619215291750503 0.8738273921200751 0.7489939637826962
0 0.21388367729831145 0.4215291750503018 0.31144465290806755 0.4215291750503018 0.31144465290806755 0.3028169014084507 0.21388367729831145 0.3028169014084507 0.21388367729831145 0.4215291750503018
0 0.4451219512195122 0.6861167002012073 0.548311444652908 0.6861167002012073 0.548311444652908 0.5633802816901409 0.4451219512195122 0.5633802816901409 0.4451219512195122 0.6861167002012073
0 0 0.16498993963782696 0.09662288930581614 0.16498993963782696 0.09662288930581614 0.06237424547283702 0 0.06237424547283702 0 0.16498993963782696
0 0.31050656660412757 0.40090543259557343 0.41838649155722324 0.40090543259557343 0.41838649155722324 0.28822937625754524 0.31050656660412757 0.28822937625754524 0.31050656660412757 0.40090543259557343
0 0.9432457786116323 0.8687122736418511 0.9995309568480301 0.8687122736418511 0.9995309568480301 0.7369215291750503 0.9432457786116323 0.7369215291750503 0.9432457786116323 0.8687122736418511
0 0.7274859287054409 0.7414486921529175 0.8278611632270169 0.7414486921529175 0.8278611632270169 0.6046277665995976 0.7274859287054409 0.6046277665995976 0.7274859287054409 0.7414486921529175
0 0.012664165103189493 0.2701207243460765 0.11866791744840526 0.2701207243460765 0.11866791744840526 0.15040241448692154 0.012664165103189493 0.15040241448692154 0.012664165103189493 0.2701207243460765
0 0.09943714821763602 0.36971830985915494 0.2073170731707317 0.36971830985915494 0.2073170731707317 0.2590543259557344 0.09943714821763602 0.2590543259557344 0.09943714821763602 0.36971830985915494
0 0.8466228893058161 0.43661971830985913 0.9310506566604128 0.43661971830985913 0.9310506566604128 0.33098591549295775 0.8466228893058161 0.33098591549295775 0.8466228893058161 0.43661971830985913
0 0.8062851782363978 0.6720321931589537 0.9019699812382739 0.6720321931589537 0.9019699812382739 0.53420523138833 0.8062851782363978 0.53420523138833 0.8062851782363978 0.6720321931589537
0 0.3869606003752345 0.2575452716297787 0.47607879924953095 0.2575452716297787 0.47607879924953095 0.1448692152917505 0.3869606003752345 0.1448692152917505 0.3869606003752345 0.2575452716297787
0 0.8325515947467167 0.3506036217303823 0.9207317073170732 0.3506036217303823 0.9207317073170732 0.24899396378269617 0.8325515947467167 0.24899396378269617 0.8325515947467167 0.3506036217303823
0 0.4718574108818011 0.26609657947686116 0.5703564727954972 0.26609657947686116 0.5703564727954972 0.15140845070422534 0.4718574108818011 0.15140845070422534 0.4718574108818011 0.26609657947686116
0 0.2406191369606004 0.6398390342052314 0.34380863039399623 0.6398390342052314 0.34380863039399623 0.5191146881287726 0.2406191369606004 0.5191146881287726 0.2406191369606004 0.6398390342052314
0 0.40619136960600377 0.4859154929577465 0.5103189493433395 0.4859154929577465 0.5103189493433395 0.36619718309859156 0.40619136960600377 0.36619718309859156 0.40619136960600377 0.4859154929577465
0 0.5792682926829268 0.2857142857142857 0.6646341463414634 0.2857142857142857 0.6646341463414634 0.17303822937625754 0.5792682926829268 0.17303822937625754 0.5792682926829268 0.2857142857142857
0 0.1200750469043152 0.2575452716297787 0.23358348968105067 0.2575452716297787 0.23358348968105067 0.13682092555331993 0.1200750469043152 0.13682092555331993 0.1200750469043152 0.2575452716297787
0 0 0.6654929577464789 0.05909943714821764 0.6654929577464789 0.05909943714821764 0.5407444668008048 0 0.5407444668008048 0 0.6654929577464789
0 0.7664165103189493 0.16851106639839034 0.8696060037523452 0.16851106639839034 0.8696060037523452 0.06488933601609657 0.7664165103189493 0.06488933601609657 0.7664165103189493 0.16851106639839034
0 0.43386491557223267 0.36519114688128773 0.5211069418386491 0.36519114688128773 0.5211069418386491 0.24647887323943662 0.43386491557223267 0.24647887323943662 0.43386491557223267 0.36519114688128773
0 0.32598499061913694 0.5809859154929577 0.425422138836773 0.5809859154929577 0.425422138836773 0.45422535211267606 0.32598499061913694 0.45422535211267606 0.32598499061913694 0.5809859154929577
0 0.4652908067542214 0.16800804828973842 0.5553470919324578 0.16800804828973842 0.5553470919324578 0.07746478873239436 0.4652908067542214 0.07746478873239436 0.4652908067542214 0.16800804828973842
0 0.6571294559099438 0.17555331991951711 0.74812382739212 0.17555331991951711 0.74812382739212 0.08501006036217304 0.6571294559099438 0.08501006036217304 0.6571294559099438 0.17555331991951711
0 0.06144465290806754 0.4874245472837022 0.1674484052532833 0.4874245472837022 0.1674484052532833 0.37474849094567403 0.06144465290806754 0.37474849094567403 0.06144465290806754 0.4874245472837022
0 0.949812382739212 0.6710261569416499 0.9995309568480301 0.6710261569416499 0.9995309568480301 0.5331991951710262 0.949812382739212 0.5331991951710262 0.949812382739212 0.6710261569416499
0 0.009380863039399626 0.41448692152917505 0.11163227016885553 0.41448692152917505 0.11163227016885553 0.3008048289738431 0.009380863039399626 0.3008048289738431 0.009380863039399626 0.41448692152917505
0 0.2621951219512195 0.25100603621730383 0.3597560975609756 0.25100603621730383 0.3597560975609756 0.13028169014084506 0.2621951219512195 0.13028169014084506 0.2621951219512195 0.25100603621730383
0 0.31097560975609756 0.3028169014084507 0.4075984990619137 0.3028169014084507 0.4075984990619137 0.2062374245472837 0.31097560975609756 0.2062374245472837 0.31097560975609756 0.3028169014084507
0 0.1430581613508443 0.5201207243460765 0.2453095684803002 0.5201207243460765 0.2453095684803002 0.4084507042253521 0.1430581613508443 0.4084507042253521 0.1430581613508443 0.5201207243460765
0 0.5464352720450282 0.19567404426559357 0.6355534709193246 0.19567404426559357 0.6355534709193246 0.0880281690140845 0.5464352720450282 0.0880281690140845 0.5464352720450282 0.19567404426559357
0 0.9620075046904315 0.4170020120724346 0.9995309568480301 0.4170020120724346 0.9995309568480301 0.30331991951710263 0.9620075046904315 0.30331991951710263 0.9620075046904315 0.4170020120724346
0 0.9563789868667918 0.5367203219315896 0.9995309568480301 0.5367203219315896 0.9995309568480301 0.4341046277665996 0.9563789868667918 0.4341046277665996 0.9563789868667918 0.5367203219315896
0 0.2101313320825516 0.1936619718309859 0.3151969981238274 0.1936619718309859 0.3151969981238274 0.06891348088531186 0.2101313320825516 0.06891348088531186 0.2101313320825516 0.1936619718309859
0 0.0877110694183865 0.17706237424547283 0.18714821763602252 0.17706237424547283 0.18714821763602252 0.07645875251509054 0.0877110694183865 0.07645875251509054 0.0877110694183865 0.17706237424547283
0 0.00046904315196998124 0.9849094567404426 0.04455909943714822 0.9849094567404426 0.04455909943714822 0.852112676056338 0.00046904315196998124 0.852112676056338 0.00046904315196998124 0.9849094567404426
0 0.9695121951219512 0.1836016096579477 0.9995309568480301 0.1836016096579477 0.9995309568480301 0.08903420523138833 0.9695121951219512 0.08903420523138833 0.9695121951219512 0.1836016096579477
0 0 0.3611670020120724 0.012195121951219513 0.3611670020120724 0.012195121951219513 0.2947686116700201 0 0.2947686116700201 0 0.3611670020120724
0 0.00046904315196998124 0.24295774647887325 0.021106941838649154 0.24295774647887325 0.021106941838649154 0.15543259557344064 0.00046904315196998124 0.15543259557344064 0.00046904315196998124 0.24295774647887325
0 0.600375234521576 0.9984909456740443 0.7195121951219512 0.9984909456740443 0.7195121951219512 0.9723340040241448 0.600375234521576 0.9723340040241448 0.600375234521576 0.9984909456740443