0 0.7574257425742574 0.3064236111111111 0.8217821782178217 0.3064236111111111 0.8217821782178217 0.20572916666666666 0.7574257425742574 0.20572916666666666 0.7574257425742574 0.3064236111111111
0 0.8508663366336634 0.2282986111111111 0.911509900990099 0.2282986111111111 0.911509900990099 0.12760416666666666 0.8508663366336634 0.12760416666666666 0.8508663366336634 0.2282986111111111
0 0.6435643564356436 0.6614583333333334 0.7153465346534653 0.6614583333333334 0.7153465346534653 0.5503472222222222 0.6435643564356436 0.5503472222222222 0.6435643564356436 0.6614583333333334
0 0.37314356435643564 0.9565972222222222 0.4436881188118812 0.9565972222222222 0.4436881188118812 0.8420138888888888 0.37314356435643564 0.8420138888888888 0.37314356435643564 0.9565972222222222
0 0.7407178217821783 0.4713541666666667 0.8137376237623762 0.4713541666666667 0.8137376237623762 0.3637152777777778 0.7407178217821783 0.3637152777777778 0.7407178217821783 0.4713541666666667
0 0.24257425742574257 0.9904513888888888 0.30816831683168316 0.9904513888888888 0.30816831683168316 0.8776041666666666 0.24257425742574257 0.8776041666666666 0.24257425742574257 0.9904513888888888
0 0.5853960396039604 0.625 0.6522277227722773 0.625 0.6522277227722773 0.5190972222222222 0.5853960396039604 0.5190972222222222 0.5853960396039604 0.625
0 0.6386138613861386 0.15364583333333334 0.6955445544554455 0.15364583333333334 0.6955445544554455 0.0546875 0.6386138613861386 0.0546875 0.6386138613861386 0.15364583333333334
0 0.2716584158415842 0.8333333333333334 0.338490099009901 0.8333333333333334 0.338490099009901 0.71875 0.2716584158415842 0.71875 0.2716584158415842 0.8333333333333334
0 0.5241336633663366 0.5833333333333334 0.5946782178217822 0.5833333333333334 0.5946782178217822 0.4809027777777778 0.5241336633663366 0.4809027777777778 0.5241336633663366 0.5833333333333334
0 0.38551980198019803 0.8350694444444444 0.44492574257425743 0.8350694444444444 0.44492574257425743 0.71875 0.38551980198019803 0.71875 0.38551980198019803 0.8350694444444444
0 0.4665841584158416 0.5416666666666666 0.5321782178217822 0.5416666666666666 0.5321782178217822 0.4322916666666667 0.4665841584158416 0.4322916666666667 0.4665841584158416 0.5416666666666666
0 0.5965346534653465 0.3559027777777778 0.6596534653465347 0.3559027777777778 0.6596534653465347 0.2552083333333333 0.5965346534653465 0.2552083333333333 0.5965346534653465 0.3559027777777778
0 0.536509900990099 0.9262152777777778 0.6058168316831684 0.9262152777777778 0.6058168316831684 0.8064236111111112 0.536509900990099 0.8064236111111112 0.536509900990099 0.9262152777777778
0 0.49133663366336633 0.7612847222222222 0.556930693069307 0.7612847222222222 0.556930693069307 0.6553819444444444 0.49133663366336633 0.6553819444444444 0.49133663366336633 0.7612847222222222
0 0.5878712871287128 0.5164930555555556 0.6522277227722773 0.5164930555555556 0.6522277227722773 0.4210069444444444 0.5878712871287128 0.4210069444444444 0.5878712871287128 0.5164930555555556
0 0.47586633663366334 0.3940972222222222 0.5414603960396039 0.3940972222222222 0.5414603960396039 0.3090277777777778 0.47586633663366334 0.3090277777777778 0.47586633663366334 0.3940972222222222
0 0.32363861386138615 0.8967013888888888 0.3879950495049505 0.8967013888888888 0.3879950495049505 0.7786458333333334 0.32363861386138615 0.7786458333333334 0.32363861386138615 0.8967013888888888
0 0.18378712871287128 0.9644097222222222 0.24195544554455445 0.9644097222222222 0.24195544554455445 0.8637152777777778 0.18378712871287128 0.8637152777777778 0.18378712871287128 0.9644097222222222
0 0.5451732673267327 0.8151041666666666 0.619430693069307 0.8151041666666666 0.619430693069307 0.7039930555555556 0.5451732673267327 0.7039930555555556 0.5451732673267327 0.8151041666666666
0 0.4152227722772277 0.4947916666666667 0.4771039603960396 0.4947916666666667 0.4771039603960396 0.3923611111111111 0.4152227722772277 0.3923611111111111 0.4152227722772277 0.4947916666666667
0 0.4771039603960396 0.9973958333333334 0.5464108910891089 0.9973958333333334 0.5464108910891089 0.8810763888888888 0.4771039603960396 0.8810763888888888 0.4771039603960396 0.9973958333333334
0 0.5631188118811881 0.4539930555555556 0.6287128712871287 0.4539930555555556 0.6287128712871287 0.3498263888888889 0.5631188118811881 0.3498263888888889 0.5631188118811881 0.4539930555555556
0 0.4975247524752475 0.4626736111111111 0.5631188118811881 0.4626736111111111 0.5631188118811881 0.3654513888888889 0.4975247524752475 0.3654513888888889 0.4975247524752475 0.4626736111111111
0 0.7128712871287128 0.4131944444444444 0.7797029702970297 0.4131944444444444 0.7797029702970297 0.3107638888888889 0.7128712871287128 0.3107638888888889 0.7128712871287128 0.4131944444444444
0 0.6540841584158416 0.5034722222222222 0.7221534653465347 0.5034722222222222 0.7221534653465347 0.40625 0.6540841584158416 0.40625 0.6540841584158416 0.5034722222222222
0 0.22586633663366337 0.7725694444444444 0.2840346534653465 0.7725694444444444 0.2840346534653465 0.6701388888888888 0.22586633663366337 0.6701388888888888 0.22586633663366337 0.7725694444444444
0 0.42264851485148514 0.7378472222222222 0.49195544554455445 0.7378472222222222 0.49195544554455445 0.6493055555555556 0.42264851485148514 0.6493055555555556 0.42264851485148514 0.7378472222222222
0 0.7877475247524752 0.23697916666666666 0.8533415841584159 0.23697916666666666 0.8533415841584159 0.14322916666666666 0.7877475247524752 0.14322916666666666 0.7877475247524752 0.23697916666666666
0 0.6658415841584159 0.2204861111111111 0.7264851485148515 0.2204861111111111 0.7264851485148515 0.1388888888888889 0.6658415841584159 0.1388888888888889 0.6658415841584159 0.2204861111111111
0 0.7512376237623762 0.15364583333333334 0.8106435643564357 0.15364583333333334 0.8106435643564357 0.06684027777777778 0.7512376237623762 0.06684027777777778 0.7512376237623762 0.15364583333333334
0 0.6745049504950495 0.5763888888888888 0.7425742574257426 0.5763888888888888 0.7425742574257426 0.4809027777777778 0.6745049504950495 0.4809027777777778 0.6745049504950495 0.5763888888888888
0 0.45853960396039606 0.9001736111111112 0.5290841584158416 0.9001736111111112 0.5290841584158416 0.8012152777777778 0.45853960396039606 0.8012152777777778 0.45853960396039606 0.9001736111111112
0 0.14418316831683167 0.9982638888888888 0.20235148514851486 0.9982638888888888 0.20235148514851486 0.9427083333333334 0.14418316831683167 0.9427083333333334 0.14418316831683167 0.9982638888888888
0 0.8106435643564357 0.1449652777777778 0.8762376237623762 0.1449652777777778 0.8762376237623762 0.08072916666666667 0.8106435643564357 0.08072916666666667 0.8106435643564357 0.1449652777777778
0 0.4474009900990099 0.8211805555555556 0.5129950495049505 0.8211805555555556 0.5129950495049505 0.7239583333333334 0.4474009900990099 0.7239583333333334 0.4474009900990099 0.8211805555555556
0 0.8811881188118812 0 0.8811881188118812 0.057291666666666664 0.9393564356435643 0.057291666666666664 0.9393564356435643 0 0.8811881188118812 0
0 0.6986386138613861 0.1362847222222222 0.7506188118811881 0.1362847222222222 0.7506188118811881 0.042534722222222224 0.6986386138613861 0.042534722222222224 0.6986386138613861 0.1362847222222222
0 0.6478960396039604 0.3845486111111111 0.718440594059406 0.3845486111111111 0.718440594059406 0.2821180555555556 0.6478960396039604 0.2821180555555556 0.6478960396039604 0.3845486111111111
0 0.6361386138613861 0.2890625 0.6943069306930693 0.2890625 0.6943069306930693 0.1953125 0.6361386138613861 0.1953125 0.6361386138613861 0.2890625
0 0.6912128712871287 0.3151041666666667 0.755569306930693 0.3151041666666667 0.755569306930693 0.21961805555555555 0.6912128712871287 0.21961805555555555 0.6912128712871287 0.3151041666666667
0 0.7332920792079208 0.5625 0.7951732673267327 0.5625 0.7951732673267327 0.4600694444444444 0.7332920792079208 0.4600694444444444 0.7332920792079208 0.5625
0 0.630569306930693 0.4244791666666667 0.6837871287128713 0.4244791666666667 0.6837871287128713 0.3515625 0.630569306930693 0.3515625 0.630569306930693 0.4244791666666667
0 0.2939356435643564 0.9982638888888888 0.3558168316831683 0.9982638888888888 0.3558168316831683 0.9565972222222222 0.2939356435643564 0.9565972222222222 0.2939356435643564 0.9982638888888888
0 0.7252475247524752 0.2230902777777778 0.7896039603960396 0.2230902777777778 0.7896039603960396 0.15885416666666666 0.7252475247524752 0.15885416666666666 0.7252475247524752 0.2230902777777778
0 0.2079207920792079 0.9982638888888888 0.26485148514851486 0.9982638888888888 0.26485148514851486 0.9600694444444444 0.2079207920792079 0.9600694444444444 0.2079207920792079 0.9982638888888888
0 0.3743811881188119 0.9973958333333334 0.4275990099009901 0.9973958333333334 0.4275990099009901 0.9678819444444444 0.3743811881188119 0.9678819444444444 0.3743811881188119 0.9973958333333334