0 0.36757425742574257 0.9635416666666666 0.4368811881188119 0.9635416666666666 0.4368811881188119 0.8472222222222222 0.36757425742574257 0.8472222222222222 0.36757425742574257 0.9635416666666666
0 0.47648514851485146 0.8098958333333334 0.5457920792079208 0.8098958333333334 0.5457920792079208 0.6987847222222222 0.47648514851485146 0.6987847222222222 0.47648514851485146 0.8098958333333334
0 0.6157178217821783 0.7022569444444444 0.6862623762376238 0.7022569444444444 0.6862623762376238 0.5894097222222222 0.6157178217821783 0.5894097222222222 0.6157178217821783 0.7022569444444444
0 0.5693069306930693 0.8967013888888888 0.6423267326732673 0.8967013888888888 0.6423267326732673 0.7873263888888888 0.5693069306930693 0.7873263888888888 0.5693069306930693 0.8967013888888888
0 0.8186881188118812 0.5694444444444444 0.8941831683168316 0.5694444444444444 0.8941831683168316 0.4652777777777778 0.8186881188118812 0.4652777777777778 0.8186881188118812 0.5694444444444444
0 0.6893564356435643 0.1762152777777778 0.7438118811881188 0.1762152777777778 0.7438118811881188 0.07899305555555555 0.6893564356435643 0.07899305555555555 0.6893564356435643 0.1762152777777778
0 0.7660891089108911 0.53125 0.8279702970297029 0.53125 0.8279702970297029 0.4340277777777778 0.7660891089108911 0.4340277777777778 0.7660891089108911 0.53125
0 0.1974009900990099 0.9973958333333334 0.2592821782178218 0.9973958333333334 0.2592821782178218 0.8897569444444444 0.1974009900990099 0.8897569444444444 0.1974009900990099 0.9973958333333334
0 0.6992574257425742 0.5434027777777778 0.7636138613861386 0.5434027777777778 0.7636138613861386 0.4427083333333333 0.6992574257425742 0.4427083333333333 0.6992574257425742 0.5434027777777778
0 0.37004950495049505 0.5911458333333334 0.42698019801980197 0.5911458333333334 0.42698019801980197 0.4956597222222222 0.37004950495049505 0.4956597222222222 0.37004950495049505 0.5911458333333334
0 0.7506188118811881 0.4340277777777778 0.8224009900990099 0.4340277777777778 0.8224009900990099 0.3454861111111111 0.7506188118811881 0.3454861111111111 0.7506188118811881 0.4340277777777778
0 0.3688118811881188 0.8307291666666666 0.4405940594059406 0.8307291666666666 0.4405940594059406 0.7161458333333334 0.3688118811881188 0.7161458333333334 0.3688118811881188 0.8307291666666666
0 0.7846534653465347 0 0.7846534653465347 0.07291666666666667 0.844059405940594 0.07291666666666667 0.844059405940594 0 0.7846534653465347 0
0 0.8106435643564357 0.2144097222222222 0.8935643564356436 0.2144097222222222 0.8935643564356436 0.10503472222222222 0.8106435643564357 0.10503472222222222 0.8106435643564357 0.2144097222222222
0 0.6689356435643564 0.6319444444444444 0.7419554455445545 0.6319444444444444 0.7419554455445545 0.5104166666666666 0.6689356435643564 0.5104166666666666 0.6689356435643564 0.6319444444444444
0 0.5068069306930693 0.4262152777777778 0.5798267326732673 0.4262152777777778 0.5798267326732673 0.3289930555555556 0.5068069306930693 0.3289930555555556 0.5068069306930693 0.4262152777777778
0 0.6695544554455446 0.4513888888888889 0.7289603960396039 0.4513888888888889 0.7289603960396039 0.3802083333333333 0.6695544554455446 0.3802083333333333 0.6695544554455446 0.4513888888888889
0 0.5198019801980198 0.6189236111111112 0.5915841584158416 0.6189236111111112 0.5915841584158416 0.5199652777777778 0.5198019801980198 0.5199652777777778 0.5198019801980198 0.6189236111111112
0 0.43873762376237624 0.9696180555555556 0.5117574257425742 0.9696180555555556 0.5117574257425742 0.8532986111111112 0.43873762376237624 0.8532986111111112 0.43873762376237624 0.9696180555555556
0 0.3131188118811881 0.9548611111111112 0.3688118811881188 0.9548611111111112 0.3688118811881188 0.84375 0.3131188118811881 0.84375 0.3131188118811881 0.9548611111111112
0 0.635519801980198 0.18229166666666666 0.6887376237623762 0.18229166666666666 0.6887376237623762 0.0920138888888889 0.635519801980198 0.0920138888888889 0.635519801980198 0.18229166666666666
0 0.807549504950495 0.3359375 0.8780940594059405 0.3359375 0.8780940594059405 0.23177083333333334 0.807549504950495 0.23177083333333334 0.807549504950495 0.3359375
0 0.33601485148514854 0.7864583333333334 0.3941831683168317 0.7864583333333334 0.3941831683168317 0.671875 0.33601485148514854 0.671875 0.33601485148514854 0.7864583333333334
0 0.4207920792079208 0.8628472222222222 0.49257425742574257 0.8628472222222222 0.49257425742574257 0.7638888888888888 0.4207920792079208 0.7638888888888888 0.4207920792079208 0.8628472222222222
0 0.5439356435643564 0.703125 0.6157178217821783 0.703125 0.6157178217821783 0.5954861111111112 0.5439356435643564 0.5954861111111112 0.5439356435643564 0.703125
0 0.5476485148514851 0.8116319444444444 0.6219059405940595 0.8116319444444444 0.6219059405940595 0.7144097222222222 0.5476485148514851 0.7144097222222222 0.5476485148514851 0.8116319444444444
0 0.630569306930693 0.3880208333333333 0.6998762376237624 0.3880208333333333 0.6998762376237624 0.3185763888888889 0.630569306930693 0.3185763888888889 0.630569306930693 0.3880208333333333
0 0.13551980198019803 0.9973958333333334 0.19492574257425743 0.9973958333333334 0.19492574257425743 0.9401041666666666 0.13551980198019803 0.9401041666666666 0.13551980198019803 0.9973958333333334
0 0.0012376237623762376 0.9635416666666666 0.06064356435643564 0.9635416666666666 0.06064356435643564 0.8559027777777778 0.0012376237623762376 0.8559027777777778 0.0012376237623762376 0.9635416666666666
0 0.45792079207920794 0.5807291666666666 0.5297029702970297 0.5807291666666666 0.5297029702970297 0.4765625 0.45792079207920794 0.4765625 0.45792079207920794 0.5807291666666666
0 0.6732673267326733 0.2708333333333333 0.7289603960396039 0.2708333333333333 0.7289603960396039 0.17881944444444445 0.6732673267326733 0.17881944444444445 0.6732673267326733 0.2708333333333333
0 0.718440594059406 0.3715277777777778 0.7926980198019802 0.3715277777777778 0.7926980198019802 0.2760416666666667 0.718440594059406 0.2760416666666667 0.718440594059406 0.3715277777777778
0 0.5334158415841584 0.4861111111111111 0.6014851485148515 0.4861111111111111 0.6014851485148515 0.3958333333333333 0.5334158415841584 0.3958333333333333 0.5334158415841584 0.4861111111111111
0 0.6318069306930693 0.5303819444444444 0.6949257425742574 0.5303819444444444 0.6949257425742574 0.4435763888888889 0.6318069306930693 0.4435763888888889 0.6318069306930693 0.5303819444444444
0 0.5915841584158416 0.5989583333333334 0.6571782178217822 0.5989583333333334 0.6571782178217822 0.5190972222222222 0.5915841584158416 0.5190972222222222 0.5915841584158416 0.5989583333333334
0 0.8452970297029703 0 0.8452970297029703 0.08333333333333333 0.9071782178217822 0.08333333333333333 0.9071782178217822 0 0.8452970297029703 0
0 0.6027227722772277 0.4496527777777778 0.6670792079207921 0.4496527777777778 0.6670792079207921 0.3836805555555556 0.6027227722772277 0.3836805555555556 0.6027227722772277 0.4496527777777778
0 0.698019801980198 0.3211805555555556 0.7636138613861386 0.3211805555555556 0.7636138613861386 0.22569444444444445 0.698019801980198 0.22569444444444445 0.698019801980198 0.3211805555555556
0 0.8731435643564357 0.5034722222222222 0.9337871287128713 0.5034722222222222 0.9337871287128713 0.3975694444444444 0.8731435643564357 0.3975694444444444 0.8731435643564357 0.5034722222222222
0 0.5612623762376238 0.5277777777777778 0.6280940594059405 0.5277777777777778 0.6280940594059405 0.4427083333333333 0.5612623762376238 0.4427083333333333 0.5612623762376238 0.5277777777777778
0 0.7277227722772277 0.2552083333333333 0.7920792079207921 0.2552083333333333 0.7920792079207921 0.1597222222222222 0.7277227722772277 0.1597222222222222 0.7277227722772277 0.2552083333333333
0 0.9040841584158416 0 0.9040841584158416 0.0642361111111111 0.9622524752475248 0.0642361111111111 0.9622524752475248 0 0.9040841584158416 0
0 0.7438118811881188 0.18663194444444445 0.806930693069307 0.18663194444444445 0.806930693069307 0.0998263888888889 0.7438118811881188 0.0998263888888889 0.7438118811881188 0.18663194444444445
0 0.7877475247524752 0.2777777777777778 0.8570544554455446 0.2777777777777778 0.8570544554455446 0.18229166666666666 0.7877475247524752 0.18229166666666666 0.7877475247524752 0.2777777777777778
0 0.34282178217821785 0.9973958333333334 0.40470297029702973 0.9973958333333334 0.40470297029702973 0.9487847222222222 0.34282178217821785 0.9487847222222222 0.34282178217821785 0.9973958333333334
0 0.24133663366336633 0.9991319444444444 0.29826732673267325 0.9991319444444444 0.29826732673267325 0.9609375 0.24133663366336633 0.9609375 0.24133663366336633 0.9991319444444444
0 0.8539603960396039 0.15364583333333334 0.9146039603960396 0.15364583333333334 0.9146039603960396 0.07378472222222222 0.8539603960396039 0.07378472222222222 0.8539603960396039 0.15364583333333334
0 0.44863861386138615 0.4991319444444444 0.5068069306930693 0.4991319444444444 0.5068069306930693 0.4140625 0.44863861386138615 0.4140625 0.44863861386138615 0.4991319444444444
0 0.5507425742574258 0.9982638888888888 0.6051980198019802 0.9982638888888888 0.6051980198019802 0.9652777777777778 0.5507425742574258 0.9652777777777778 0.5507425742574258 0.9982638888888888