0 0.3261138613861386 0.9982638888888888 0.3941831683168317 0.9982638888888888 0.3941831683168317 0.9149305555555556 0.3261138613861386 0.9149305555555556 0.3261138613861386 0.9982638888888888
0 0.567450495049505 0.8810763888888888 0.6367574257425742 0.8810763888888888 0.6367574257425742 0.7630208333333334 0.567450495049505 0.7630208333333334 0.567450495049505 0.8810763888888888
0 0.1782178217821782 0.9982638888888888 0.2376237623762376 0.9982638888888888 0.2376237623762376 0.9045138888888888 0.1782178217821782 0.9045138888888888 0.1782178217821782 0.9982638888888888
0 0.40594059405940597 0.9140625 0.4752475247524752 0.9140625 0.4752475247524752 0.7960069444444444 0.40594059405940597 0.7960069444444444 0.40594059405940597 0.9140625
0 0.4931930693069307 0.5 0.5538366336633663 0.5 0.5538366336633663 0.4010416666666667 0.4931930693069307 0.4010416666666667 0.4931930693069307 0.5
0 0.7741336633663366 0.2664930555555556 0.838490099009901 0.2664930555555556 0.838490099009901 0.1657986111111111 0.7741336633663366 0.1657986111111111 0.7741336633663366 0.2664930555555556
0 0.8650990099009901 0.18663194444444445 0.9257425742574258 0.18663194444444445 0.9257425742574258 0.0876736111111111 0.8650990099009901 0.0876736111111111 0.8650990099009901 0.18663194444444445
0 0.27351485148514854 0.9574652777777778 0.34034653465346537 0.9574652777777778 0.34034653465346537 0.8428819444444444 0.27351485148514854 0.8428819444444444 0.27351485148514854 0.9574652777777778
0 0.3972772277227723 0.9982638888888888 0.47277227722772275 0.9982638888888888 0.47277227722772275 0.9322916666666666 0.3972772277227723 0.9322916666666666 0.3972772277227723 0.9982638888888888
0 0.5754950495049505 0.7690972222222222 0.6472772277227723 0.7690972222222222 0.6472772277227723 0.6631944444444444 0.5754950495049505 0.6631944444444444 0.5754950495049505 0.7690972222222222
0 0.6101485148514851 0.5815972222222222 0.6782178217821783 0.5815972222222222 0.6782178217821783 0.4774305555555556 0.6101485148514851 0.4774305555555556 0.6101485148514851 0.5815972222222222
0 0.35457920792079206 0.8576388888888888 0.4176980198019802 0.8576388888888888 0.4176980198019802 0.7430555555555556 0.35457920792079206 0.7430555555555556 0.35457920792079206 0.8576388888888888
0 0.7611386138613861 0.4262152777777778 0.8341584158415841 0.4262152777777778 0.8341584158415841 0.3237847222222222 0.7611386138613861 0.3237847222222222 0.7611386138613861 0.4262152777777778
0 0.3001237623762376 0.796875 0.36695544554455445 0.796875 0.36695544554455445 0.6857638888888888 0.3001237623762376 0.6857638888888888 0.3001237623762376 0.796875
0 0.6683168316831684 0.6163194444444444 0.7400990099009901 0.6163194444444444 0.7400990099009901 0.5052083333333334 0.6683168316831684 0.5052083333333334 0.6683168316831684 0.6163194444444444
0 0.5154702970297029 0.7161458333333334 0.5847772277227723 0.7161458333333334 0.5847772277227723 0.6085069444444444 0.5154702970297029 0.6085069444444444 0.5154702970297029 0.7161458333333334
0 0.5513613861386139 0.5425347222222222 0.619430693069307 0.5425347222222222 0.619430693069307 0.4401041666666667 0.5513613861386139 0.4401041666666667 0.5513613861386139 0.5425347222222222
0 0.7599009900990099 0.515625 0.8168316831683168 0.515625 0.8168316831683168 0.4149305555555556 0.7599009900990099 0.4149305555555556 0.7599009900990099 0.515625
0 0.4152227722772277 0.7890625 0.47339108910891087 0.7890625 0.47339108910891087 0.6779513888888888 0.4152227722772277 0.6779513888888888 0.4152227722772277 0.7890625
0 0.20915841584158415 0.9270833333333334 0.27351485148514854 0.9270833333333334 0.27351485148514854 0.8229166666666666 0.20915841584158415 0.8229166666666666 0.20915841584158415 0.9270833333333334
0 0.7320544554455446 0.3715277777777778 0.7976485148514851 0.3715277777777778 0.7976485148514851 0.2690972222222222 0.7320544554455446 0.2690972222222222 0.7320544554455446 0.3715277777777778
0 0.452970297029703 0.6970486111111112 0.5198019801980198 0.6970486111111112 0.5198019801980198 0.6067708333333334 0.452970297029703 0.6067708333333334 0.452970297029703 0.6970486111111112
0 0.6089108910891089 0.4730902777777778 0.6745049504950495 0.4730902777777778 0.6745049504950495 0.3810763888888889 0.6089108910891089 0.3810763888888889 0.6089108910891089 0.4730902777777778
0 0.2555693069306931 0.7447916666666666 0.31126237623762376 0.7447916666666666 0.31126237623762376 0.6336805555555556 0.2555693069306931 0.6336805555555556 0.2555693069306931 0.7447916666666666
0 0.6751237623762376 0.4609375 0.7431930693069307 0.4609375 0.7431930693069307 0.3637152777777778 0.6751237623762376 0.3637152777777778 0.6751237623762376 0.4609375
0 0.801980198019802 0.19618055555555555 0.8675742574257426 0.19618055555555555 0.8675742574257426 0.10590277777777778 0.801980198019802 0.10590277777777778 0.801980198019802 0.19618055555555555
0 0.6967821782178217 0.5329861111111112 0.7623762376237624 0.5329861111111112 0.7623762376237624 0.4375 0.6967821782178217 0.4375 0.6967821782178217 0.5329861111111112
0 0.7654702970297029 0.11979166666666667 0.8236386138613861 0.11979166666666667 0.8236386138613861 0.034722222222222224 0.7654702970297029 0.034722222222222224 0.7654702970297029 0.11979166666666667
0 0.4900990099009901 0.3611111111111111 0.5631188118811881 0.3611111111111111 0.5631188118811881 0.28125 0.4900990099009901 0.28125 0.4900990099009901 0.3611111111111111
0 0.23824257425742573 0.9982638888888888 0.2988861386138614 0.9982638888888888 0.2988861386138614 0.9236111111111112 0.23824257425742573 0.9236111111111112 0.23824257425742573 0.9982638888888888
0 0.614480198019802 0.3185763888888889 0.6763613861386139 0.3185763888888889 0.6763613861386139 0.21788194444444445 0.614480198019802 0.21788194444444445 0.614480198019802 0.3185763888888889
0 0.5185643564356436 0.421875 0.5829207920792079 0.421875 0.5829207920792079 0.3298611111111111 0.5185643564356436 0.3298611111111111 0.5185643564356436 0.421875
0 0.43564356435643564 0.4635416666666667 0.5024752475247525 0.4635416666666667 0.5024752475247525 0.3611111111111111 0.43564356435643564 0.3611111111111111 0.43564356435643564 0.4635416666666667
0 0.5068069306930693 0.9522569444444444 0.5798267326732673 0.9522569444444444 0.5798267326732673 0.8376736111111112 0.5068069306930693 0.8376736111111112 0.5068069306930693 0.9522569444444444
0 0.6714108910891089 0.3446180555555556 0.7357673267326733 0.3446180555555556 0.7357673267326733 0.2439236111111111 0.6714108910891089 0.2439236111111111 0.6714108910891089 0.3446180555555556
0 0.5847772277227723 0.4140625 0.6491336633663366 0.4140625 0.6491336633663366 0.3116319444444444 0.5847772277227723 0.3116319444444444 0.5847772277227723 0.4140625
0 0.7073019801980198 0.2760416666666667 0.7728960396039604 0.2760416666666667 0.7728960396039604 0.18055555555555555 0.7073019801980198 0.18055555555555555 0.7073019801980198 0.2760416666666667
0 0.6837871287128713 0.18055555555555555 0.7419554455445545 0.18055555555555555 0.7419554455445545 0.10416666666666667 0.6837871287128713 0.10416666666666667 0.6837871287128713 0.18055555555555555
0 0.6478960396039604 0.2482638888888889 0.7085396039603961 0.2482638888888889 0.7085396039603961 0.1597222222222222 0.6478960396039604 0.1597222222222222 0.6478960396039604 0.2482638888888889
0 0.47648514851485146 0.7803819444444444 0.5396039603960396 0.7803819444444444 0.5396039603960396 0.6831597222222222 0.47648514851485146 0.6831597222222222 0.47648514851485146 0.7803819444444444
0 0.6503712871287128 0.11979166666666667 0.7110148514851485 0.11979166666666667 0.7110148514851485 0.022569444444444444 0.6503712871287128 0.022569444444444444 0.6503712871287128 0.11979166666666667
0 0.4876237623762376 0.8532986111111112 0.5594059405940595 0.8532986111111112 0.5594059405940595 0.7578125 0.4876237623762376 0.7578125 0.4876237623762376 0.8532986111111112
0 0.650990099009901 0.3862847222222222 0.7042079207920792 0.3862847222222222 0.7042079207920792 0.3098958333333333 0.650990099009901 0.3098958333333333 0.650990099009901 0.3862847222222222
0 0.7419554455445545 0.1875 0.8001237623762376 0.1875 0.8001237623762376 0.1232638888888889 0.7419554455445545 0.1232638888888889 0.7419554455445545 0.1875
0 0.7122524752475248 0.1015625 0.7642326732673267 0.1015625 0.7642326732673267 0.011284722222222222 0.7122524752475248 0.011284722222222222 0.7122524752475248 0.1015625
0 0.8248762376237624 0.1076388888888889 0.8904702970297029 0.1076388888888889 0.8904702970297029 0.04513888888888889 0.8248762376237624 0.04513888888888889 0.8248762376237624 0.1076388888888889
0 0.06435643564356436 0.9982638888888888 0.125 0.9982638888888888 0.125 0.9496527777777778 0.06435643564356436 0.9496527777777778 0.06435643564356436 0.9982638888888888