0 0.6943069306930693 0.5798611111111112 0.7623762376237624 0.5798611111111112 0.7623762376237624 0.4739583333333333 0.6943069306930693 0.4739583333333333 0.6943069306930693 0.5798611111111112
0 0.7574257425742574 0.3767361111111111 0.823019801980198 0.3767361111111111 0.823019801980198 0.2777777777777778 0.7574257425742574 0.2777777777777778 0.7574257425742574 0.3767361111111111
0 0.5092821782178217 0.6571180555555556 0.5773514851485149 0.6571180555555556 0.5773514851485149 0.5477430555555556 0.5092821782178217 0.5477430555555556 0.5092821782178217 0.6571180555555556
0 0.4573019801980198 0.7239583333333334 0.5253712871287128 0.7239583333333334 0.5253712871287128 0.6128472222222222 0.4573019801980198 0.6128472222222222 0.4573019801980198 0.7239583333333334
0 0.5798267326732673 0.6527777777777778 0.6503712871287128 0.6527777777777778 0.6503712871287128 0.5451388888888888 0.5798267326732673 0.5451388888888888 0.5798267326732673 0.6527777777777778
0 0.3521039603960396 0.7743055555555556 0.4189356435643564 0.7743055555555556 0.4189356435643564 0.6684027777777778 0.3521039603960396 0.6684027777777778 0.3521039603960396 0.7743055555555556
0 0.4832920792079208 0.4461805555555556 0.5488861386138614 0.4461805555555556 0.5488861386138614 0.3420138888888889 0.4832920792079208 0.3420138888888889 0.4832920792079208 0.4461805555555556
0 0.9003712871287128 0.09114583333333333 0.9560643564356436 0.09114583333333333 0.9560643564356436 0.0008680555555555555 0.9003712871287128 0.0008680555555555555 0.9003712871287128 0.09114583333333333
0 0.7827970297029703 0.2690972222222222 0.8446782178217822 0.2690972222222222 0.8446782178217822 0.16666666666666666 0.7827970297029703 0.16666666666666666 0.7827970297029703 0.2690972222222222
0 0.6646039603960396 0.2569444444444444 0.7215346534653465 0.2569444444444444 0.7215346534653465 0.1736111111111111 0.6646039603960396 0.1736111111111111 0.6646039603960396 0.2569444444444444
0 0.5352722772277227 0.8472222222222222 0.6095297029702971 0.8472222222222222 0.6095297029702971 0.7326388888888888 0.5352722772277227 0.7326388888888888 0.5352722772277227 0.8472222222222222
0 0.39913366336633666 0.9982638888888888 0.47586633663366334 0.9982638888888888 0.47586633663366334 0.9201388888888888 0.39913366336633666 0.9201388888888888 0.39913366336633666 0.9982638888888888
0 0.7202970297029703 0.2847222222222222 0.7834158415841584 0.2847222222222222 0.7834158415841584 0.18055555555555555 0.7202970297029703 0.18055555555555555 0.7202970297029703 0.2847222222222222
0 0.2995049504950495 0.9175347222222222 0.36386138613861385 0.9175347222222222 0.36386138613861385 0.7960069444444444 0.2995049504950495 0.7960069444444444 0.2995049504950495 0.9175347222222222
0 0.5996287128712872 0.4748263888888889 0.6664603960396039 0.4748263888888889 0.6664603960396039 0.3741319444444444 0.5996287128712872 0.3741319444444444 0.5996287128712872 0.4748263888888889
0 0.5024752475247525 0.5460069444444444 0.5618811881188119 0.5460069444444444 0.5618811881188119 0.4418402777777778 0.5024752475247525 0.4418402777777778 0.5024752475247525 0.5460069444444444
0 0 0.9982638888888888 0.03341584158415842 0.9982638888888888 0.03341584158415842 0.9340277777777778 0 0.9340277777777778 0 0.9982638888888888
0 0.25123762376237624 0.8576388888888888 0.3094059405940594 0.8576388888888888 0.3094059405940594 0.7447916666666666 0.25123762376237624 0.7447916666666666 0.25123762376237624 0.8576388888888888
0 0.3694306930693069 0.8680555555555556 0.43254950495049505 0.8680555555555556 0.43254950495049505 0.7604166666666666 0.3694306930693069 0.7604166666666666 0.3694306930693069 0.8680555555555556
0 0.5501237623762376 0.4409722222222222 0.6058168316831684 0.4409722222222222 0.6058168316831684 0.3368055555555556 0.5501237623762376 0.3368055555555556 0.5501237623762376 0.4409722222222222
0 0.5154702970297029 0.7630208333333334 0.5847772277227723 0.7630208333333334 0.5847772277227723 0.6623263888888888 0.5154702970297029 0.6623263888888888 0.5154702970297029 0.7630208333333334
0 0.7716584158415841 0.125 0.8360148514851485 0.125 0.8360148514851485 0.029513888888888888 0.7716584158415841 0.029513888888888888 0.7716584158415841 0.125
0 0.4511138613861386 0.6102430555555556 0.5167079207920792 0.6102430555555556 0.5167079207920792 0.5078125 0.4511138613861386 0.5078125 0.4511138613861386 0.6102430555555556
0 0.8403465346534653 0.2482638888888889 0.8972772277227723 0.2482638888888889 0.8972772277227723 0.15625 0.8403465346534653 0.15625 0.8403465346534653 0.2482638888888889
0 0.39851485148514854 0.6727430555555556 0.47029702970297027 0.6727430555555556 0.47029702970297027 0.5685763888888888 0.39851485148514854 0.5685763888888888 0.39851485148514854 0.6727430555555556
0 0.43935643564356436 0.953125 0.5148514851485149 0.953125 0.5148514851485149 0.8472222222222222 0.43935643564356436 0.8472222222222222 0.43935643564356436 0.953125
0 0.3521039603960396 0.9826388888888888 0.41646039603960394 0.9826388888888888 0.41646039603960394 0.859375 0.3521039603960396 0.859375 0.3521039603960396 0.9826388888888888
0 0.43254950495049505 0.8550347222222222 0.5068069306930693 0.8550347222222222 0.5068069306930693 0.7526041666666666 0.43254950495049505 0.7526041666666666 0.43254950495049505 0.8550347222222222
0 0.838490099009901 0.1015625 0.8966584158415841 0.1015625 0.8966584158415841 0.006076388888888889 0.838490099009901 0.006076388888888889 0.838490099009901 0.1015625
0 0.6243811881188119 0.5815972222222222 0.6936881188118812 0.5815972222222222 0.6936881188118812 0.4704861111111111 0.6243811881188119 0.4704861111111111 0.6243811881188119 0.5815972222222222
0 0.4189356435643564 0.7690972222222222 0.484529702970297 0.7690972222222222 0.484529702970297 0.6875 0.4189356435643564 0.6875 0.4189356435643564 0.7690972222222222
0 0.19554455445544555 0.7986111111111112 0.2636138613861386 0.7986111111111112 0.2636138613861386 0.6701388888888888 0.19554455445544555 0.6701388888888888 0.19554455445544555 0.7986111111111112
0 0.8576732673267327 0.1684027777777778 0.9183168316831684 0.1684027777777778 0.9183168316831684 0.08506944444444445 0.8576732673267327 0.08506944444444445 0.8576732673267327 0.1684027777777778
0 0.806930693069307 0.1701388888888889 0.8638613861386139 0.1701388888888889 0.8638613861386139 0.10590277777777778 0.806930693069307 0.10590277777777778 0.806930693069307 0.1701388888888889
0 0.661509900990099 0.4817708333333333 0.7357673267326733 0.4817708333333333 0.7357673267326733 0.4053819444444444 0.661509900990099 0.4053819444444444 0.661509900990099 0.4817708333333333
0 0.27722772277227725 0.6935763888888888 0.34529702970297027 0.6935763888888888 0.34529702970297027 0.5980902777777778 0.27722772277227725 0.5980902777777778 0.27722772277227725 0.6935763888888888
0 0.28836633663366334 0.7743055555555556 0.3527227722772277 0.7743055555555556 0.3527227722772277 0.6770833333333334 0.28836633663366334 0.6770833333333334 0.28836633663366334 0.7743055555555556
0 0.5129950495049505 0.9487847222222222 0.5711633663366337 0.9487847222222222 0.5711633663366337 0.8307291666666666 0.5129950495049505 0.8307291666666666 0.5129950495049505 0.9487847222222222
0 0.5563118811881188 0.5685763888888888 0.6219059405940595 0.5685763888888888 0.6219059405940595 0.4765625 0.5563118811881188 0.4765625 0.5563118811881188 0.5685763888888888
0 0.7481435643564357 0.18663194444444445 0.8050742574257426 0.18663194444444445 0.8050742574257426 0.12760416666666666 0.7481435643564357 0.12760416666666666 0.7481435643564357 0.18663194444444445
0 0.739480198019802 0 0.739480198019802 0.050347222222222224 0.8001237623762376 0.050347222222222224 0.8001237623762376 0 0.739480198019802 0
0 0.8013613861386139 0 0.8013613861386139 0.034722222222222224 0.8595297029702971 0.034722222222222224 0.8595297029702971 0 0.8013613861386139 0
0 0.1676980198019802 0.9982638888888888 0.22215346534653466 0.9982638888888888 0.22215346534653466 0.9652777777777778 0.1676980198019802 0.9652777777777778 0.1676980198019802 0.9982638888888888