0 0.3743811881188119 0.7760416666666666 0.4412128712871287 0.7760416666666666 0.4412128712871287 0.6649305555555556 0.3743811881188119 0.6649305555555556 0.3743811881188119 0.7760416666666666
0 0.7611386138613861 0.8689236111111112 0.8304455445544554 0.8689236111111112 0.8304455445544554 0.7543402777777778 0.7611386138613861 0.7543402777777778 0.7611386138613861 0.8689236111111112
0 0.2988861386138614 0.9427083333333334 0.3681930693069307 0.9427083333333334 0.3681930693069307 0.8350694444444444 0.2988861386138614 0.8350694444444444 0.2988861386138614 0.9427083333333334
0 0.4771039603960396 0.7092013888888888 0.5414603960396039 0.7092013888888888 0.5414603960396039 0.6032986111111112 0.4771039603960396 0.6032986111111112 0.4771039603960396 0.7092013888888888
0 0.3186881188118812 0.8324652777777778 0.37933168316831684 0.8324652777777778 0.37933168316831684 0.7230902777777778 0.3186881188118812 0.7230902777777778 0.3186881188118812 0.8324652777777778
0 0.7258663366336634 0.6163194444444444 0.8001237623762376 0.6163194444444444 0.8001237623762376 0.5121527777777778 0.7258663366336634 0.5121527777777778 0.7258663366336634 0.6163194444444444
0 0.754950495049505 0.4357638888888889 0.8217821782178217 0.4357638888888889 0.8217821782178217 0.3298611111111111 0.754950495049505 0.3298611111111111 0.754950495049505 0.4357638888888889
0 0.48514851485148514 0.890625 0.5581683168316832 0.890625 0.5581683168316832 0.7743055555555556 0.48514851485148514 0.7743055555555556 0.48514851485148514 0.890625
0 0.5451732673267327 0.9982638888888888 0.6219059405940595 0.9982638888888888 0.6219059405940595 0.8993055555555556 0.5451732673267327 0.8993055555555556 0.5451732673267327 0.9982638888888888
0 0.525990099009901 0.8038194444444444 0.5952970297029703 0.8038194444444444 0.5952970297029703 0.6944444444444444 0.525990099009901 0.6944444444444444 0.525990099009901 0.8038194444444444
0 0.6868811881188119 0.4453125 0.7537128712871287 0.4453125 0.7537128712871287 0.3463541666666667 0.6868811881188119 0.3463541666666667 0.6868811881188119 0.4453125
0 0.4962871287128713 0.3758680555555556 0.5594059405940595 0.3758680555555556 0.5594059405940595 0.2769097222222222 0.4962871287128713 0.2769097222222222 0.4962871287128713 0.3758680555555556
0 0.6243811881188119 0.9973958333333334 0.6899752475247525 0.9973958333333334 0.6899752475247525 0.9019097222222222 0.6243811881188119 0.9019097222222222 0.6243811881188119 0.9973958333333334
0 0.5408415841584159 0.7065972222222222 0.6126237623762376 0.7065972222222222 0.6126237623762376 0.5954861111111112 0.5408415841584159 0.5954861111111112 0.5408415841584159 0.7065972222222222
0 0.6132425742574258 0.6996527777777778 0.6837871287128713 0.6996527777777778 0.6837871287128713 0.5868055555555556 0.6132425742574258 0.5868055555555556 0.6132425742574258 0.6996527777777778
0 0.42883663366336633 0.8263888888888888 0.4944306930693069 0.8263888888888888 0.4944306930693069 0.7170138888888888 0.42883663366336633 0.7170138888888888 0.42883663366336633 0.8263888888888888
0 0.6336633663366337 0.5520833333333334 0.6992574257425742 0.5520833333333334 0.6992574257425742 0.4461805555555556 0.6336633663366337 0.4461805555555556 0.6336633663366337 0.5520833333333334
0 0.17698019801980197 0.7795138888888888 0.23267326732673269 0.7795138888888888 0.23267326732673269 0.6770833333333334 0.17698019801980197 0.6770833333333334 0.17698019801980197 0.7795138888888888
0 0.531559405940594 0.5850694444444444 0.5983910891089109 0.5850694444444444 0.5983910891089109 0.4774305555555556 0.531559405940594 0.4774305555555556 0.531559405940594 0.5850694444444444
0 0.926980198019802 0.296875 0.9987623762376238 0.296875 0.9987623762376238 0.1996527777777778 0.926980198019802 0.1996527777777778 0.926980198019802 0.296875
0 0.017326732673267328 0.796875 0.08168316831683169 0.796875 0.08168316831683169 0.6892361111111112 0.017326732673267328 0.6892361111111112 0.017326732673267328 0.796875
0 0.5915841584158416 0.3515625 0.6571782178217822 0.3515625 0.6571782178217822 0.2543402777777778 0.5915841584158416 0.2543402777777778 0.5915841584158416 0.3515625
0 0.42264851485148514 0.9565972222222222 0.4944306930693069 0.9565972222222222 0.4944306930693069 0.8350694444444444 0.42264851485148514 0.8350694444444444 0.42264851485148514 0.9565972222222222
0 0.7054455445544554 0.5477430555555556 0.7710396039603961 0.5477430555555556 0.7710396039603961 0.4470486111111111 0.7054455445544554 0.4470486111111111 0.7054455445544554 0.5477430555555556
0 0.48514851485148514 0.5477430555555556 0.5457920792079208 0.5477430555555556 0.5457920792079208 0.4487847222222222 0.48514851485148514 0.4487847222222222 0.48514851485148514 0.5477430555555556
0 0.6274752475247525 0.21354166666666666 0.6893564356435643 0.21354166666666666 0.6893564356435643 0.11805555555555555 0.6274752475247525 0.11805555555555555 0.6274752475247525 0.21354166666666666
0 0.36695544554455445 0.8923611111111112 0.43254950495049505 0.8923611111111112 0.43254950495049505 0.7708333333333334 0.36695544554455445 0.7708333333333334 0.36695544554455445 0.8923611111111112
0 0.6540841584158416 0.3862847222222222 0.7246287128712872 0.3862847222222222 0.7246287128712872 0.2821180555555556 0.6540841584158416 0.2821180555555556 0.6540841584158416 0.3862847222222222
0 0.7964108910891089 0.3637152777777778 0.8632425742574258 0.3637152777777778 0.8632425742574258 0.2560763888888889 0.7964108910891089 0.2560763888888889 0.7964108910891089 0.3637152777777778
0 0.8762376237623762 0.2699652777777778 0.9306930693069307 0.2699652777777778 0.9306930693069307 0.1796875 0.8762376237623762 0.1796875 0.8762376237623762 0.2699652777777778
0 0.7283415841584159 0.7847222222222222 0.7964108910891089 0.7847222222222222 0.7964108910891089 0.6736111111111112 0.7283415841584159 0.6736111111111112 0.7283415841584159 0.7847222222222222
0 0.8459158415841584 0.18836805555555555 0.9164603960396039 0.18836805555555555 0.9164603960396039 0.1032986111111111 0.8459158415841584 0.1032986111111111 0.8459158415841584 0.18836805555555555
0 0.780940594059406 0.20833333333333334 0.8341584158415841 0.20833333333333334 0.8341584158415841 0.1440972222222222 0.780940594059406 0.1440972222222222 0.780940594059406 0.20833333333333334
0 0.7518564356435643 0.2786458333333333 0.8125 0.2786458333333333 0.8125 0.20572916666666666 0.7518564356435643 0.20572916666666666 0.7518564356435643 0.2786458333333333
0 0.6837871287128713 0.2864583333333333 0.7456683168316832 0.2864583333333333 0.7456683168316832 0.21006944444444445 0.6837871287128713 0.21006944444444445 0.6837871287128713 0.2864583333333333
0 0.7883663366336634 0.1015625 0.849009900990099 0.1015625 0.849009900990099 0.0078125 0.7883663366336634 0.0078125 0.7883663366336634 0.1015625
0 0.8149752475247525 0.2786458333333333 0.8719059405940595 0.2786458333333333 0.8719059405940595 0.1953125 0.8149752475247525 0.1953125 0.8149752475247525 0.2786458333333333
0 0.5829207920792079 0.6085069444444444 0.6571782178217822 0.6085069444444444 0.6571782178217822 0.5182291666666666 0.5829207920792079 0.5182291666666666 0.5829207920792079 0.6085069444444444
0 0.6540841584158416 0.2612847222222222 0.7110148514851485 0.2612847222222222 0.7110148514851485 0.1762152777777778 0.6540841584158416 0.1762152777777778 0.6540841584158416 0.2612847222222222
0 0.8155940594059405 0.1423611111111111 0.8811881188118812 0.1423611111111111 0.8811881188118812 0.046875 0.8155940594059405 0.046875 0.8155940594059405 0.1423611111111111
0 0.7209158415841584 0.3498263888888889 0.7753712871287128 0.3498263888888889 0.7753712871287128 0.2751736111111111 0.7209158415841584 0.2751736111111111 0.7209158415841584 0.3498263888888889
0 0.8898514851485149 0.09722222222222222 0.9579207920792079 0.09722222222222222 0.9579207920792079 0.003472222222222222 0.8898514851485149 0.003472222222222222 0.8898514851485149 0.09722222222222222
0 0.7172029702970297 0.21614583333333334 0.7778465346534653 0.21614583333333334 0.7778465346534653 0.15711805555555555 0.7172029702970297 0.15711805555555555 0.7172029702970297 0.21614583333333334
0 0.7351485148514851 0.1623263888888889 0.7995049504950495 0.1623263888888889 0.7995049504950495 0.09461805555555555 0.7351485148514851 0.09461805555555555 0.7351485148514851 0.1623263888888889
0 0.7530940594059405 0.05642361111111111 0.8087871287128713 0.05642361111111111 0.8087871287128713 0.0008680555555555555 0.7530940594059405 0.0008680555555555555 0.7530940594059405 0.05642361111111111
0 0.5736386138613861 0.2907986111111111 0.6293316831683168 0.2907986111111111 0.6293316831683168 0.21614583333333334 0.5736386138613861 0.21614583333333334 0.5736386138613861 0.2907986111111111
0 0.8688118811881188 0 0.8688118811881188 0.052083333333333336 0.9158415841584159 0.052083333333333336 0.9158415841584159 0 0.8688118811881188 0
0 0.9696782178217822 0.20399305555555555 0.9993811881188119 0.20399305555555555 0.9993811881188119 0.13975694444444445 0.9696782178217822 0.13975694444444445 0.9696782178217822 0.20399305555555555
0 0.8155940594059405 0 0.8155940594059405 0.03298611111111111 0.8675742574257426 0.03298611111111111 0.8675742574257426 0 0.8155940594059405 0