0 0.3353960396039604 0.6284722222222222 0.39851485148514854 0.6284722222222222 0.39851485148514854 0.5243055555555556 0.3353960396039604 0.5243055555555556 0.3353960396039604 0.6284722222222222
0 0.44554455445544555 0.859375 0.5136138613861386 0.859375 0.5136138613861386 0.7447916666666666 0.44554455445544555 0.7447916666666666 0.44554455445544555 0.859375
0 0.5866336633663366 0.7526041666666666 0.6571782178217822 0.7526041666666666 0.6571782178217822 0.6380208333333334 0.5866336633663366 0.6380208333333334 0.5866336633663366 0.7526041666666666
0 0.3310643564356436 0.9973958333333334 0.40160891089108913 0.9973958333333334 0.40160891089108913 0.8932291666666666 0.3310643564356436 0.8932291666666666 0.3310643564356436 0.9973958333333334
0 0.15903465346534654 0.9982638888888888 0.2233910891089109 0.9982638888888888 0.2233910891089109 0.9288194444444444 0.15903465346534654 0.9288194444444444 0.15903465346534654 0.9982638888888888
0 0.6138613861386139 0.2204861111111111 0.6707920792079208 0.2204861111111111 0.6707920792079208 0.1267361111111111 0.6138613861386139 0.1267361111111111 0.6138613861386139 0.2204861111111111
0 0.6745049504950495 0.5920138888888888 0.7363861386138614 0.5920138888888888 0.7363861386138614 0.4930555555555556 0.6745049504950495 0.4930555555555556 0.6745049504950495 0.5920138888888888
0 0.7889851485148515 0.6215277777777778 0.8681930693069307 0.6215277777777778 0.8681930693069307 0.515625 0.7889851485148515 0.515625 0.7889851485148515 0.6215277777777778
0 0.6410891089108911 0.6788194444444444 0.7128712871287128 0.6788194444444444 0.7128712871287128 0.5607638888888888 0.6410891089108911 0.5607638888888888 0.6410891089108911 0.6788194444444444
0 0.7673267326732673 0.11284722222222222 0.8304455445544554 0.11284722222222222 0.8304455445544554 0.017361111111111112 0.7673267326732673 0.017361111111111112 0.7673267326732673 0.11284722222222222
0 0.7400990099009901 0.5815972222222222 0.8044554455445545 0.5815972222222222 0.8044554455445545 0.4826388888888889 0.7400990099009901 0.4826388888888889 0.7400990099009901 0.5815972222222222
0 0.7920792079207921 0.3828125 0.8601485148514851 0.3828125 0.8601485148514851 0.2786458333333333 0.7920792079207921 0.2786458333333333 0.7920792079207921 0.3828125
0 0.5371287128712872 0.9513888888888888 0.6089108910891089 0.9513888888888888 0.6089108910891089 0.8420138888888888 0.5371287128712872 0.8420138888888888 0.5371287128712872 0.9513888888888888
0 0.33663366336633666 0.875 0.4084158415841584 0.875 0.4084158415841584 0.7621527777777778 0.33663366336633666 0.7621527777777778 0.33663366336633666 0.875
0 0.6720297029702971 0.2152777777777778 0.7264851485148515 0.2152777777777778 0.7264851485148515 0.11805555555555555 0.6720297029702971 0.11805555555555555 0.6720297029702971 0.2152777777777778
0 0.6448019801980198 0.4982638888888889 0.7054455445544554 0.4982638888888889 0.7054455445544554 0.4236111111111111 0.6448019801980198 0.4236111111111111 0.6448019801980198 0.4982638888888889
0 0.5173267326732673 0.7508680555555556 0.5866336633663366 0.7508680555555556 0.5866336633663366 0.6432291666666666 0.5173267326732673 0.6432291666666666 0.5173267326732673 0.7508680555555556
0 0.27103960396039606 0.9973958333333334 0.33292079207920794 0.9973958333333334 0.33292079207920794 0.8810763888888888 0.27103960396039606 0.8810763888888888 0.27103960396039606 0.9973958333333334
0 0.49133663366336633 0.6684027777777778 0.5631188118811881 0.6684027777777778 0.5631188118811881 0.5642361111111112 0.49133663366336633 0.5642361111111112 0.49133663366336633 0.6684027777777778
0 0.7258663366336634 0.4835069444444444 0.7976485148514851 0.4835069444444444 0.7976485148514851 0.3897569444444444 0.7258663366336634 0.3897569444444444 0.7258663366336634 0.4835069444444444
0 0.40284653465346537 0.9973958333333334 0.4746287128712871 0.9973958333333334 0.4746287128712871 0.8949652777777778 0.40284653465346537 0.8949652777777778 0.40284653465346537 0.9973958333333334
0 0.5142326732673267 0.8602430555555556 0.588490099009901 0.8602430555555556 0.588490099009901 0.7630208333333334 0.5142326732673267 0.7630208333333334 0.5142326732673267 0.8602430555555556
0 0.8502475247524752 0.5512152777777778 0.9121287128712872 0.5512152777777778 0.9121287128712872 0.4487847222222222 0.8502475247524752 0.4487847222222222 0.8502475247524752 0.5512152777777778
0 0.676980198019802 0.3654513888888889 0.7425742574257426 0.3654513888888889 0.7425742574257426 0.2682291666666667 0.676980198019802 0.2682291666666667 0.676980198019802 0.3654513888888889
0 0 0.9973958333333334 0.027227722772277228 0.9973958333333334 0.027227722772277228 0.8949652777777778 0 0.8949652777777778 0 0.9973958333333334
0 0.43564356435643564 0.6284722222222222 0.5 0.6284722222222222 0.5 0.5225694444444444 0.43564356435643564 0.5225694444444444 0.43564356435643564 0.6284722222222222
0 0.8904702970297029 0.10416666666666667 0.9498762376237624 0.10416666666666667 0.9498762376237624 0.005208333333333333 0.8904702970297029 0.005208333333333333 0.8904702970297029 0.10416666666666667
0 0.2995049504950495 0.8307291666666666 0.36014851485148514 0.8307291666666666 0.36014851485148514 0.7109375 0.2995049504950495 0.7109375 0.2995049504950495 0.8307291666666666
0 0.7957920792079208 0.2621527777777778 0.8787128712871287 0.2621527777777778 0.8787128712871287 0.14930555555555555 0.7957920792079208 0.14930555555555555 0.7957920792079208 0.2621527777777778
0 0.48576732673267325 0.4644097222222222 0.5563118811881188 0.4644097222222222 0.5563118811881188 0.3706597222222222 0.48576732673267325 0.3706597222222222 0.48576732673267325 0.4644097222222222
0 0.6540841584158416 0.3098958333333333 0.7097772277227723 0.3098958333333333 0.7097772277227723 0.21961805555555555 0.6540841584158416 0.21961805555555555 0.6540841584158416 0.3098958333333333
0 0.3879950495049505 0.9071180555555556 0.45853960396039606 0.9071180555555556 0.45853960396039606 0.8098958333333334 0.3879950495049505 0.8098958333333334 0.3879950495049505 0.9071180555555556
0 0.5637376237623762 0.6467013888888888 0.6280940594059405 0.6467013888888888 0.6280940594059405 0.5668402777777778 0.5637376237623762 0.5668402777777778 0.5637376237623762 0.6467013888888888
0 0.6113861386138614 0.4348958333333333 0.676980198019802 0.4348958333333333 0.676980198019802 0.3585069444444444 0.6113861386138614 0.3585069444444444 0.6113861386138614 0.4348958333333333
0 0.5785891089108911 0.4947916666666667 0.6417079207920792 0.4947916666666667 0.6417079207920792 0.4253472222222222 0.5785891089108911 0.4253472222222222 0.5785891089108911 0.4947916666666667
0 0.7258663366336634 0.23350694444444445 0.7926980198019802 0.23350694444444445 0.7926980198019802 0.13975694444444445 0.7258663366336634 0.13975694444444445 0.7258663366336634 0.23350694444444445
0 0.8323019801980198 0.12239583333333333 0.8966584158415841 0.12239583333333333 0.8966584158415841 0.03211805555555555 0.8323019801980198 0.03211805555555555 0.8323019801980198 0.12239583333333333
0 0.7091584158415841 0.2994791666666667 0.7722772277227723 0.2994791666666667 0.7722772277227723 0.20399305555555555 0.7091584158415841 0.20399305555555555 0.7091584158415841 0.2994791666666667
0 0.838490099009901 0.1970486111111111 0.8991336633663366 0.1970486111111111 0.8991336633663366 0.1154513888888889 0.838490099009901 0.1154513888888889 0.838490099009901 0.1970486111111111
0 0.6051980198019802 0.5798611111111112 0.6658415841584159 0.5798611111111112 0.6658415841584159 0.4913194444444444 0.6051980198019802 0.4913194444444444 0.6051980198019802 0.5798611111111112
0 0.6986386138613861 0.4184027777777778 0.7728960396039604 0.4184027777777778 0.7728960396039604 0.3211805555555556 0.6986386138613861 0.3211805555555556 0.6986386138613861 0.4184027777777778
0 0.7679455445544554 0.3237847222222222 0.8347772277227723 0.3237847222222222 0.8347772277227723 0.2230902777777778 0.7679455445544554 0.2230902777777778 0.7679455445544554 0.3237847222222222
0 0.5129950495049505 0.5277777777777778 0.5773514851485149 0.5277777777777778 0.5773514851485149 0.4392361111111111 0.5129950495049505 0.4392361111111111 0.5129950495049505 0.5277777777777778
0 0.5346534653465347 0.5763888888888888 0.6014851485148515 0.5763888888888888 0.6014851485148515 0.4878472222222222 0.5346534653465347 0.4878472222222222 0.5346534653465347 0.5763888888888888
0 0.4207920792079208 0.5451388888888888 0.48267326732673266 0.5451388888888888 0.48267326732673266 0.4635416666666667 0.4207920792079208 0.4635416666666667 0.4207920792079208 0.5451388888888888
0 0.838490099009901 0 0.838490099009901 0.034722222222222224 0.9016089108910891 0.034722222222222224 0.9016089108910891 0 0.838490099009901 0
0 0.9047029702970297 0.028645833333333332 0.9591584158415841 0.028645833333333332 0.9591584158415841 0.0008680555555555555 0.9047029702970297 0.0008680555555555555 0.9047029702970297 0.028645833333333332