0 0.47029702970297027 0.9409722222222222 0.5470297029702971 0.9409722222222222 0.5470297029702971 0.8246527777777778 0.47029702970297027 0.8246527777777778 0.47029702970297027 0.9409722222222222
0 0.30816831683168316 0.9973958333333334 0.3712871287128713 0.9973958333333334 0.3712871287128713 0.9036458333333334 0.30816831683168316 0.9036458333333334 0.30816831683168316 0.9973958333333334
0 0.7438118811881188 0.4809027777777778 0.8094059405940595 0.4809027777777778 0.8094059405940595 0.375 0.7438118811881188 0.375 0.7438118811881188 0.4809027777777778
0 0.5631188118811881 0.5642361111111112 0.629950495049505 0.5642361111111112 0.629950495049505 0.4583333333333333 0.5631188118811881 0.4583333333333333 0.5631188118811881 0.5642361111111112
0 0.265470297029703 0.7144097222222222 0.3248762376237624 0.7144097222222222 0.3248762376237624 0.6102430555555556 0.265470297029703 0.6102430555555556 0.265470297029703 0.7144097222222222
0 0.5346534653465347 0.3645833333333333 0.5915841584158416 0.3645833333333333 0.5915841584158416 0.2673611111111111 0.5346534653465347 0.2673611111111111 0.5346534653465347 0.3645833333333333
0 0.6974009900990099 0.1796875 0.755569306930693 0.1796875 0.755569306930693 0.09114583333333333 0.6974009900990099 0.09114583333333333 0.6974009900990099 0.1796875
0 0.7568069306930693 0.20052083333333334 0.8162128712871287 0.20052083333333334 0.8162128712871287 0.09809027777777778 0.7568069306930693 0.09809027777777778 0.7568069306930693 0.20052083333333334
0 0.6336633663366337 0.5590277777777778 0.7029702970297029 0.5590277777777778 0.7029702970297029 0.4513888888888889 0.6336633663366337 0.4513888888888889 0.6336633663366337 0.5590277777777778
0 0.36695544554455445 0.8289930555555556 0.4313118811881188 0.8289930555555556 0.4313118811881188 0.7161458333333334 0.36695544554455445 0.7161458333333334 0.36695544554455445 0.8289930555555556
0 0.5971534653465347 0.7465277777777778 0.6714108910891089 0.7465277777777778 0.6714108910891089 0.6336805555555556 0.5971534653465347 0.6336805555555556 0.5971534653465347 0.7465277777777778
0 0.5556930693069307 0.4565972222222222 0.6113861386138614 0.4565972222222222 0.6113861386138614 0.3576388888888889 0.5556930693069307 0.3576388888888889 0.5556930693069307 0.4565972222222222
0 0.594059405940594 0.3585069444444444 0.650990099009901 0.3585069444444444 0.650990099009901 0.2595486111111111 0.594059405940594 0.2595486111111111 0.594059405940594 0.3585069444444444
0 0.3155940594059406 0.7717013888888888 0.37376237623762376 0.7717013888888888 0.37376237623762376 0.6623263888888888 0.3155940594059406 0.6623263888888888 0.3155940594059406 0.7717013888888888
0 0.4350247524752475 0.7751736111111112 0.49814356435643564 0.7751736111111112 0.49814356435643564 0.6675347222222222 0.4350247524752475 0.6675347222222222 0.4350247524752475 0.7751736111111112
0 0.0853960396039604 0.9982638888888888 0.1485148514851485 0.9982638888888888 0.1485148514851485 0.9305555555555556 0.0853960396039604 0.9305555555555556 0.0853960396039604 0.9982638888888888
0 0.7982673267326733 0.2873263888888889 0.8613861386138614 0.2873263888888889 0.8613861386138614 0.1918402777777778 0.7982673267326733 0.1918402777777778 0.7982673267326733 0.2873263888888889
0 0.5798267326732673 0.8428819444444444 0.6379950495049505 0.8428819444444444 0.6379950495049505 0.7335069444444444 0.5798267326732673 0.7335069444444444 0.5798267326732673 0.8428819444444444
0 0.8168316831683168 0.18229166666666666 0.8762376237623762 0.18229166666666666 0.8762376237623762 0.08333333333333333 0.8168316831683168 0.08333333333333333 0.8168316831683168 0.18229166666666666
0 0.6491336633663366 0.3871527777777778 0.7110148514851485 0.3871527777777778 0.7110148514851485 0.2916666666666667 0.6491336633663366 0.2916666666666667 0.6491336633663366 0.3871527777777778
0 0.5142326732673267 0.6319444444444444 0.5823019801980198 0.6319444444444444 0.5823019801980198 0.5243055555555556 0.5142326732673267 0.5243055555555556 0.5142326732673267 0.6319444444444444
0 0.8712871287128713 0.16145833333333334 0.9282178217821783 0.16145833333333334 0.9282178217821783 0.07118055555555555 0.8712871287128713 0.07118055555555555 0.8712871287128713 0.16145833333333334
0 0.5742574257425742 0.6684027777777778 0.6448019801980198 0.6684027777777778 0.6448019801980198 0.5694444444444444 0.5742574257425742 0.5694444444444444 0.5742574257425742 0.6684027777777778
0 0.4152227722772277 0.6901041666666666 0.47957920792079206 0.6901041666666666 0.47957920792079206 0.5876736111111112 0.4152227722772277 0.5876736111111112 0.4152227722772277 0.6901041666666666
0 0.48205445544554454 0.6788194444444444 0.5464108910891089 0.6788194444444444 0.5464108910891089 0.5972222222222222 0.48205445544554454 0.5972222222222222 0.48205445544554454 0.6788194444444444
0 0.5123762376237624 0.8506944444444444 0.5816831683168316 0.8506944444444444 0.5816831683168316 0.7482638888888888 0.5123762376237624 0.7482638888888888 0.5123762376237624 0.8506944444444444
0 0.4189356435643564 0.8871527777777778 0.4870049504950495 0.8871527777777778 0.4870049504950495 0.7725694444444444 0.4189356435643564 0.7725694444444444 0.4189356435643564 0.8871527777777778
0 0.46472772277227725 0.5868055555555556 0.5278465346534653 0.5868055555555556 0.5278465346534653 0.4826388888888889 0.46472772277227725 0.4826388888888889 0.46472772277227725 0.5868055555555556
0 0.4969059405940594 0.7638888888888888 0.5711633663366337 0.7638888888888888 0.5711633663366337 0.6631944444444444 0.4969059405940594 0.6631944444444444 0.4969059405940594 0.7638888888888888
0 0.7079207920792079 0.3880208333333333 0.7797029702970297 0.3880208333333333 0.7797029702970297 0.3185763888888889 0.7079207920792079 0.3185763888888889 0.7079207920792079 0.3880208333333333
0 0.6757425742574258 0.4904513888888889 0.7425742574257426 0.4904513888888889 0.7425742574257426 0.3810763888888889 0.6757425742574258 0.3810763888888889 0.6757425742574258 0.4904513888888889
0 0.3564356435643564 0.6953125 0.4146039603960396 0.6953125 0.4146039603960396 0.5963541666666666 0.3564356435643564 0.5963541666666666 0.3564356435643564 0.6953125
0 0.5018564356435643 0.5217013888888888 0.5699257425742574 0.5217013888888888 0.5699257425742574 0.4175347222222222 0.5018564356435643 0.4175347222222222 0.5018564356435643 0.5217013888888888
0 0.2370049504950495 0.9861111111111112 0.30507425742574257 0.9861111111111112 0.30507425742574257 0.8819444444444444 0.2370049504950495 0.8819444444444444 0.2370049504950495 0.9861111111111112
0 0.8353960396039604 0.08506944444444445 0.8935643564356436 0.08506944444444445 0.8935643564356436 0.026041666666666668 0.8353960396039604 0.026041666666666668 0.8353960396039604 0.08506944444444445
0 0.33663366336633666 0.6119791666666666 0.40222772277227725 0.6119791666666666 0.40222772277227725 0.5199652777777778 0.33663366336633666 0.5199652777777778 0.33663366336633666 0.6119791666666666
0 0.04826732673267327 0.9852430555555556 0.10024752475247525 0.9852430555555556 0.10024752475247525 0.8602430555555556 0.04826732673267327 0.8602430555555556 0.04826732673267327 0.9852430555555556
0 0.19245049504950495 0.9982638888888888 0.24814356435643564 0.9982638888888888 0.24814356435643564 0.9548611111111112 0.19245049504950495 0.9548611111111112 0.19245049504950495 0.9982638888888888
0 0.8879950495049505 0.08333333333333333 0.9436881188118812 0.08333333333333333 0.9436881188118812 0.003472222222222222 0.8879950495049505 0.003472222222222222 0.8879950495049505 0.08333333333333333
0 0.6076732673267327 0.4652777777777778 0.6745049504950495 0.4652777777777778 0.6745049504950495 0.3975694444444444 0.6076732673267327 0.3975694444444444 0.6076732673267327 0.4652777777777778
0 0.7753712871287128 0.10243055555555555 0.8323019801980198 0.10243055555555555 0.8323019801980198 0.04861111111111111 0.7753712871287128 0.04861111111111111 0.7753712871287128 0.10243055555555555
0 0.7945544554455446 0.049479166666666664 0.8613861386138614 0.049479166666666664 0.8613861386138614 0.0008680555555555555 0.7945544554455446 0.0008680555555555555 0.7945544554455446 0.049479166666666664
0 0.25433168316831684 0.9982638888888888 0.30383663366336633 0.9982638888888888 0.30383663366336633 0.9722222222222222 0.25433168316831684 0.9722222222222222 0.25433168316831684 0.9982638888888888
0 0.36324257425742573 0.9991319444444444 0.41646039603960394 0.9991319444444444 0.41646039603960394 0.9748263888888888 0.36324257425742573 0.9748263888888888 0.36324257425742573 0.9991319444444444