0 0.3162128712871287 0.9097222222222222 0.3818069306930693 0.9097222222222222 0.3818069306930693 0.7916666666666666 0.3162128712871287 0.7916666666666666 0.3162128712871287 0.9097222222222222
0 0.7308168316831684 0.4852430555555556 0.7964108910891089 0.4852430555555556 0.7964108910891089 0.3862847222222222 0.7308168316831684 0.3862847222222222 0.7308168316831684 0.4852430555555556
0 0.4573019801980198 0.7048611111111112 0.5241336633663366 0.7048611111111112 0.5241336633663366 0.5920138888888888 0.4573019801980198 0.5920138888888888 0.4573019801980198 0.7048611111111112
0 0.682549504950495 0.6588541666666666 0.7543316831683168 0.6588541666666666 0.7543316831683168 0.5529513888888888 0.682549504950495 0.5529513888888888 0.682549504950495 0.6588541666666666
0 0.5823019801980198 0.6388888888888888 0.6503712871287128 0.6388888888888888 0.6503712871287128 0.53125 0.5823019801980198 0.53125 0.5823019801980198 0.6388888888888888
0 0.5043316831683168 0.9192708333333334 0.5748762376237624 0.9192708333333334 0.5748762376237624 0.8046875 0.5043316831683168 0.8046875 0.5043316831683168 0.9192708333333334
0 0.265470297029703 0.8498263888888888 0.32735148514851486 0.8498263888888888 0.32735148514851486 0.7282986111111112 0.265470297029703 0.7282986111111112 0.265470297029703 0.8498263888888888
0 0.5142326732673267 0.7543402777777778 0.5847772277227723 0.7543402777777778 0.5847772277227723 0.6484375 0.5142326732673267 0.6484375 0.5142326732673267 0.7543402777777778
0 0.39603960396039606 0.6892361111111112 0.45792079207920794 0.6892361111111112 0.45792079207920794 0.5885416666666666 0.39603960396039606 0.5885416666666666 0.39603960396039606 0.6892361111111112
0 0.40717821782178215 0.8888888888888888 0.47896039603960394 0.8888888888888888 0.47896039603960394 0.7690972222222222 0.40717821782178215 0.7690972222222222 0.40717821782178215 0.8888888888888888
0 0.7289603960396039 0.3220486111111111 0.8032178217821783 0.3220486111111111 0.8032178217821783 0.21961805555555555 0.7289603960396039 0.21961805555555555 0.7289603960396039 0.3220486111111111
0 0.3756188118811881 0.7864583333333334 0.43007425742574257 0.7864583333333334 0.43007425742574257 0.6701388888888888 0.3756188118811881 0.6701388888888888 0.3756188118811881 0.7864583333333334
0 0.5222772277227723 0.5972222222222222 0.5903465346534653 0.5972222222222222 0.5903465346534653 0.4930555555555556 0.5222772277227723 0.4930555555555556 0.5222772277227723 0.5972222222222222
0 0.4121287128712871 0.5104166666666666 0.4715346534653465 0.5104166666666666 0.4715346534653465 0.4166666666666667 0.4121287128712871 0.4166666666666667 0.4121287128712871 0.5104166666666666
0 0.6181930693069307 0.2682291666666667 0.6775990099009901 0.2682291666666667 0.6775990099009901 0.17100694444444445 0.6181930693069307 0.17100694444444445 0.6181930693069307 0.2682291666666667
0 0.20853960396039603 0.9973958333333334 0.27413366336633666 0.9973958333333334 0.27413366336633666 0.9296875 0.20853960396039603 0.9296875 0.20853960396039603 0.9973958333333334
0 0.5754950495049505 0.5277777777777778 0.6361386138613861 0.5277777777777778 0.6361386138613861 0.4253472222222222 0.5754950495049505 0.4253472222222222 0.5754950495049505 0.5277777777777778
0 0.8731435643564357 0.24479166666666666 0.9251237623762376 0.24479166666666666 0.9251237623762376 0.1527777777777778 0.8731435643564357 0.1527777777777778 0.8731435643564357 0.24479166666666666
0 0.31435643564356436 0.9982638888888888 0.37623762376237624 0.9982638888888888 0.37623762376237624 0.9288194444444444 0.31435643564356436 0.9288194444444444 0.31435643564356436 0.9982638888888888
0 0.5971534653465347 0.7604166666666666 0.6652227722772277 0.7604166666666666 0.6652227722772277 0.6510416666666666 0.5971534653465347 0.6510416666666666 0.5971534653465347 0.7604166666666666
0 0.7920792079207921 0.3420138888888889 0.8638613861386139 0.3420138888888889 0.8638613861386139 0.23958333333333334 0.7920792079207921 0.23958333333333334 0.7920792079207921 0.3420138888888889
0 0.46101485148514854 0.5546875 0.5327970297029703 0.5546875 0.5327970297029703 0.4522569444444444 0.46101485148514854 0.4522569444444444 0.46101485148514854 0.5546875
0 0.6714108910891089 0.4513888888888889 0.7332920792079208 0.4513888888888889 0.7332920792079208 0.3506944444444444 0.6714108910891089 0.3506944444444444 0.6714108910891089 0.4513888888888889
0 0.7326732673267327 0.5859375 0.7995049504950495 0.5859375 0.7995049504950495 0.4817708333333333 0.7326732673267327 0.4817708333333333 0.7326732673267327 0.5859375
0 0.4306930693069307 0.7881944444444444 0.49257425742574257 0.7881944444444444 0.49257425742574257 0.6770833333333334 0.4306930693069307 0.6770833333333334 0.4306930693069307 0.7881944444444444
0 0.3712871287128713 0.9513888888888888 0.4368811881188119 0.9513888888888888 0.4368811881188119 0.8645833333333334 0.3712871287128713 0.8645833333333334 0.3712871287128713 0.9513888888888888
0 0.6738861386138614 0.2960069444444444 0.7431930693069307 0.2960069444444444 0.7431930693069307 0.1987847222222222 0.6738861386138614 0.1987847222222222 0.6738861386138614 0.2960069444444444
0 0.5668316831683168 0.23697916666666666 0.6212871287128713 0.23697916666666666 0.6212871287128713 0.1484375 0.5668316831683168 0.1484375 0.5668316831683168 0.23697916666666666
0 0.6516089108910891 0.5824652777777778 0.7258663366336634 0.5824652777777778 0.7258663366336634 0.4782986111111111 0.6516089108910891 0.4782986111111111 0.6516089108910891 0.5824652777777778
0 0.6342821782178217 0.19270833333333334 0.6974009900990099 0.19270833333333334 0.6974009900990099 0.10416666666666667 0.6342821782178217 0.10416666666666667 0.6342821782178217 0.19270833333333334
0 0.3787128712871287 0.9982638888888888 0.4467821782178218 0.9982638888888888 0.4467821782178218 0.9444444444444444 0.3787128712871287 0.9444444444444444 0.3787128712871287 0.9982638888888888
0 0.7277227722772277 0.21875 0.7908415841584159 0.21875 0.7908415841584159 0.140625 0.7277227722772277 0.140625 0.7277227722772277 0.21875
0 0.48514851485148514 0.8185763888888888 0.5544554455445545 0.8185763888888888 0.5544554455445545 0.7265625 0.48514851485148514 0.7265625 0.48514851485148514 0.8185763888888888
0 0.6045792079207921 0.4270833333333333 0.6701732673267327 0.4270833333333333 0.6701732673267327 0.3576388888888889 0.6045792079207921 0.3576388888888889 0.6045792079207921 0.4270833333333333
0 0.6379950495049505 0.5138888888888888 0.6986386138613861 0.5138888888888888 0.6986386138613861 0.4166666666666667 0.6379950495049505 0.4166666666666667 0.6379950495049505 0.5138888888888888
0 0.6986386138613861 0.17447916666666666 0.7617574257425742 0.17447916666666666 0.7617574257425742 0.0859375 0.6986386138613861 0.0859375 0.6986386138613861 0.17447916666666666
0 0.7716584158415841 0.09722222222222222 0.8298267326732673 0.09722222222222222 0.8298267326732673 0.015625 0.7716584158415841 0.015625 0.7716584158415841 0.09722222222222222
0 0.7159653465346535 0.09027777777777778 0.7728960396039604 0.09027777777777778 0.7728960396039604 0.003472222222222222 0.7159653465346535 0.003472222222222222 0.7159653465346535 0.09027777777777778
0 0.8657178217821783 0.1545138888888889 0.9300742574257426 0.1545138888888889 0.9300742574257426 0.06944444444444445 0.8657178217821783 0.06944444444444445 0.8657178217821783 0.1545138888888889
0 0.8100247524752475 0.2612847222222222 0.8793316831683168 0.2612847222222222 0.8793316831683168 0.1779513888888889 0.8100247524752475 0.1779513888888889 0.8100247524752475 0.2612847222222222
0 0.6089108910891089 0.1467013888888889 0.6695544554455446 0.1467013888888889 0.6695544554455446 0.06684027777777778 0.6089108910891089 0.06684027777777778 0.6089108910891089 0.1467013888888889
0 0.7896039603960396 0.2109375 0.8527227722772277 0.2109375 0.8527227722772277 0.1171875 0.7896039603960396 0.1171875 0.7896039603960396 0.2109375
0 0.7611386138613861 0.14322916666666666 0.8118811881188119 0.14322916666666666 0.8118811881188119 0.07899305555555555 0.7611386138613861 0.07899305555555555 0.7611386138613861 0.14322916666666666
0 0.006806930693069307 0.9982638888888888 0.06126237623762376 0.9982638888888888 0.06126237623762376 0.9548611111111112 0.006806930693069307 0.9548611111111112 0.006806930693069307 0.9982638888888888
0 0.8310643564356436 0.12760416666666666 0.8892326732673267 0.12760416666666666 0.8892326732673267 0.03211805555555555 0.8310643564356436 0.03211805555555555 0.8310643564356436 0.12760416666666666
0 0.864480198019802 0 0.864480198019802 0.03125 0.9152227722772277 0.03125 0.9152227722772277 0 0.864480198019802 0
0 0.7982673267326733 0 0.7982673267326733 0.03125 0.8601485148514851 0.03125 0.8601485148514851 0 0.7982673267326733 0