0 0.4900990099009901 0.90625 0.5594059405940595 0.90625 0.5594059405940595 0.7916666666666666 0.4900990099009901 0.7916666666666666 0.4900990099009901 0.90625
0 0.5420792079207921 0.7751736111111112 0.6150990099009901 0.7751736111111112 0.6150990099009901 0.6623263888888888 0.5420792079207921 0.6623263888888888 0.5420792079207921 0.7751736111111112
0 0.8613861386138614 0.6588541666666666 0.9344059405940595 0.6588541666666666 0.9344059405940595 0.5477430555555556 0.8613861386138614 0.5477430555555556 0.8613861386138614 0.6588541666666666
0 0.39851485148514854 0.9973958333333334 0.46905940594059403 0.9973958333333334 0.46905940594059403 0.8984375 0.39851485148514854 0.8984375 0.39851485148514854 0.9973958333333334
0 0.7091584158415841 0.5190972222222222 0.7784653465346535 0.5190972222222222 0.7784653465346535 0.4114583333333333 0.7091584158415841 0.4114583333333333 0.7091584158415841 0.5190972222222222
0 0.42326732673267325 0.7777777777777778 0.4900990099009901 0.7777777777777778 0.4900990099009901 0.6736111111111112 0.42326732673267325 0.6736111111111112 0.42326732673267325 0.7777777777777778
0 0.8143564356435643 0.4314236111111111 0.8836633663366337 0.4314236111111111 0.8836633663366337 0.3272569444444444 0.8143564356435643 0.3272569444444444 0.8143564356435643 0.4314236111111111
0 0.6410891089108911 0.5286458333333334 0.7103960396039604 0.5286458333333334 0.7103960396039604 0.4227430555555556 0.6410891089108911 0.4227430555555556 0.6410891089108911 0.5286458333333334
0 0.6243811881188119 0.4227430555555556 0.6875 0.4227430555555556 0.6875 0.3203125 0.6243811881188119 0.3203125 0.6243811881188119 0.4227430555555556
0 0.43254950495049505 0.6744791666666666 0.4931930693069307 0.6744791666666666 0.4931930693069307 0.5703125 0.43254950495049505 0.5703125 0.43254950495049505 0.6744791666666666
0 0.6714108910891089 0.8159722222222222 0.744430693069307 0.8159722222222222 0.744430693069307 0.6961805555555556 0.6714108910891089 0.6961805555555556 0.6714108910891089 0.8159722222222222
0 0.5717821782178217 0.3923611111111111 0.6361386138613861 0.3923611111111111 0.6361386138613861 0.2986111111111111 0.5717821782178217 0.2986111111111111 0.5717821782178217 0.3923611111111111
0 0.3459158415841584 0.9461805555555556 0.41027227722772275 0.9461805555555556 0.41027227722772275 0.8385416666666666 0.3459158415841584 0.8385416666666666 0.3459158415841584 0.9461805555555556
0 0.8273514851485149 0.2664930555555556 0.8892326732673267 0.2664930555555556 0.8892326732673267 0.1640625 0.8273514851485149 0.1640625 0.8273514851485149 0.2664930555555556
0 0.48205445544554454 0.6102430555555556 0.5501237623762376 0.6102430555555556 0.5501237623762376 0.5043402777777778 0.48205445544554454 0.5043402777777778 0.48205445544554454 0.6102430555555556
0 0.760519801980198 0.2829861111111111 0.8261138613861386 0.2829861111111111 0.8261138613861386 0.1840277777777778 0.760519801980198 0.1840277777777778 0.760519801980198 0.2829861111111111
0 0.6349009900990099 0.6215277777777778 0.7017326732673267 0.6215277777777778 0.7017326732673267 0.5208333333333334 0.6349009900990099 0.5208333333333334 0.6349009900990099 0.6215277777777778
0 0.2790841584158416 0.6362847222222222 0.34220297029702973 0.6362847222222222 0.34220297029702973 0.5477430555555556 0.2790841584158416 0.5477430555555556 0.2790841584158416 0.6362847222222222
0 0.5736386138613861 0.2326388888888889 0.6342821782178217 0.2326388888888889 0.6342821782178217 0.1388888888888889 0.5736386138613861 0.1388888888888889 0.5736386138613861 0.2326388888888889
0 0.7568069306930693 0.8741319444444444 0.8285891089108911 0.8741319444444444 0.8285891089108911 0.7647569444444444 0.7568069306930693 0.7647569444444444 0.7568069306930693 0.8741319444444444
0 0.6008663366336634 0.7039930555555556 0.6726485148514851 0.7039930555555556 0.6726485148514851 0.5807291666666666 0.6008663366336634 0.5807291666666666 0.6008663366336634 0.7039930555555556
0 0.4832920792079208 0.7213541666666666 0.5513613861386139 0.7213541666666666 0.5513613861386139 0.6119791666666666 0.4832920792079208 0.6119791666666666 0.4832920792079208 0.7213541666666666
0 0.7159653465346535 0.3819444444444444 0.7827970297029703 0.3819444444444444 0.7827970297029703 0.2777777777777778 0.7159653465346535 0.2777777777777778 0.7159653465346535 0.3819444444444444
0 0.8279702970297029 0.5824652777777778 0.8935643564356436 0.5824652777777778 0.8935643564356436 0.4782986111111111 0.8279702970297029 0.4782986111111111 0.8279702970297029 0.5824652777777778
0 0.6646039603960396 0.20052083333333334 0.7264851485148515 0.20052083333333334 0.7264851485148515 0.11197916666666667 0.6646039603960396 0.11197916666666667 0.6646039603960396 0.20052083333333334
0 0.5816831683168316 0.5381944444444444 0.6435643564356436 0.5381944444444444 0.6435643564356436 0.4340277777777778 0.5816831683168316 0.4340277777777778 0.5816831683168316 0.5381944444444444
0 0.21844059405940594 0.9973958333333334 0.27784653465346537 0.9973958333333334 0.27784653465346537 0.9366319444444444 0.21844059405940594 0.9366319444444444 0.21844059405940594 0.9973958333333334
0 0.7258663366336634 0.2300347222222222 0.7926980198019802 0.2300347222222222 0.7926980198019802 0.1293402777777778 0.7258663366336634 0.1293402777777778 0.7258663366336634 0.2300347222222222
0 0.5383663366336634 0.6519097222222222 0.6051980198019802 0.6519097222222222 0.6051980198019802 0.5512152777777778 0.5383663366336634 0.5512152777777778 0.5383663366336634 0.6519097222222222
0 0.6775990099009901 0.4262152777777778 0.7493811881188119 0.4262152777777778 0.7493811881188119 0.3428819444444444 0.6775990099009901 0.3428819444444444 0.6775990099009901 0.4262152777777778
0 0.12933168316831684 0.6944444444444444 0.18997524752475248 0.6944444444444444 0.18997524752475248 0.5746527777777778 0.12933168316831684 0.5746527777777778 0.12933168316831684 0.6944444444444444
0 0.7889851485148515 0.3706597222222222 0.8508663366336634 0.3706597222222222 0.8508663366336634 0.2734375 0.7889851485148515 0.2734375 0.7889851485148515 0.3706597222222222
0 0.8353960396039604 0.0546875 0.8849009900990099 0.0546875 0.8849009900990099 0.0008680555555555555 0.8353960396039604 0.0008680555555555555 0.8353960396039604 0.0546875
0 0.8137376237623762 0.1189236111111111 0.8719059405940595 0.1189236111111111 0.8719059405940595 0.05295138888888889 0.8137376237623762 0.05295138888888889 0.8137376237623762 0.1189236111111111
0 0.9257425742574258 0.1032986111111111 0.9814356435643564 0.1032986111111111 0.9814356435643564 0.019965277777777776 0.9257425742574258 0.019965277777777776 0.9257425742574258 0.1032986111111111
0 0.6800742574257426 0 0.6800742574257426 0.07465277777777778 0.7481435643564357 0.07465277777777778 0.7481435643564357 0 0.6800742574257426 0
0 0.7462871287128713 0.7855902777777778 0.8106435643564357 0.7855902777777778 0.8106435643564357 0.6970486111111112 0.7462871287128713 0.6970486111111112 0.7462871287128713 0.7855902777777778
0 0.8607673267326733 0.17881944444444445 0.9288366336633663 0.17881944444444445 0.9288366336633663 0.0954861111111111 0.8607673267326733 0.0954861111111111 0.8607673267326733 0.17881944444444445
0 0.7518564356435643 0.1328125 0.8125 0.1328125 0.8125 0.06336805555555555 0.7518564356435643 0.06336805555555555 0.7518564356435643 0.1328125
0 0.7153465346534653 0.11631944444444445 0.7722772277227723 0.11631944444444445 0.7722772277227723 0.03298611111111111 0.7153465346534653 0.03298611111111111 0.7153465346534653 0.11631944444444445
0 0.7889851485148515 0.1840277777777778 0.8459158415841584 0.1840277777777778 0.8459158415841584 0.11805555555555555 0.7889851485148515 0.11805555555555555 0.7889851485148515 0.1840277777777778
0 0.8737623762376238 0.1076388888888889 0.9331683168316832 0.1076388888888889 0.9331683168316832 0.03993055555555555 0.8737623762376238 0.03993055555555555 0.8737623762376238 0.1076388888888889
0 0.6361386138613861 0.14322916666666666 0.6955445544554455 0.14322916666666666 0.6955445544554455 0.07552083333333333 0.6361386138613861 0.07552083333333333 0.6361386138613861 0.14322916666666666
0 0.4566831683168317 0.9973958333333334 0.5272277227722773 0.9973958333333334 0.5272277227722773 0.9592013888888888 0.4566831683168317 0.9592013888888888 0.4566831683168317 0.9973958333333334
0 0.7753712871287128 0.06684027777777778 0.8347772277227723 0.06684027777777778 0.8347772277227723 0.016493055555555556 0.7753712871287128 0.016493055555555556 0.7753712871287128 0.06684027777777778
0 0.9783415841584159 0.12239583333333333 0.9993811881188119 0.12239583333333333 0.9993811881188119 0.033854166666666664 0.9783415841584159 0.033854166666666664 0.9783415841584159 0.12239583333333333
0 0.28094059405940597 0.9973958333333334 0.3415841584158416 0.9973958333333334 0.3415841584158416 0.9661458333333334 0.28094059405940597 0.9661458333333334 0.28094059405940597 0.9973958333333334
0 0.9034653465346535 0 0.9034653465346535 0.03125 0.9579207920792079 0.03125 0.9579207920792079 0 0.9034653465346535 0