0 0.4944306930693069 0.9157986111111112 0.5637376237623762 0.9157986111111112 0.5637376237623762 0.7925347222222222 0.4944306930693069 0.7925347222222222 0.4944306930693069 0.9157986111111112
0 0.36695544554455445 0.8515625 0.4337871287128713 0.8515625 0.4337871287128713 0.7335069444444444 0.36695544554455445 0.7335069444444444 0.36695544554455445 0.8515625
0 0.16646039603960397 0.9010416666666666 0.22462871287128713 0.9010416666666666 0.22462871287128713 0.7951388888888888 0.16646039603960397 0.7951388888888888 0.16646039603960397 0.9010416666666666
0 0.5173267326732673 0.3255208333333333 0.5792079207920792 0.3255208333333333 0.5792079207920792 0.23697916666666666 0.5173267326732673 0.23697916666666666 0.5173267326732673 0.3255208333333333
0 0.6349009900990099 0 0.6349009900990099 0.07118055555555555 0.6955445544554455 0.07118055555555555 0.6955445544554455 0 0.6349009900990099 0
0 0.6429455445544554 0.6848958333333334 0.7172029702970297 0.6848958333333334 0.7172029702970297 0.5772569444444444 0.6429455445544554 0.5772569444444444 0.6429455445544554 0.6848958333333334
0 0.39851485148514854 0.9982638888888888 0.46534653465346537 0.9982638888888888 0.46534653465346537 0.8975694444444444 0.39851485148514854 0.8975694444444444 0.39851485148514854 0.9982638888888888
0 0.8137376237623762 0.12413194444444445 0.8768564356435643 0.12413194444444445 0.8768564356435643 0.03211805555555555 0.8137376237623762 0.03211805555555555 0.8137376237623762 0.12413194444444445
0 0.4251237623762376 0.9097222222222222 0.49566831683168316 0.9097222222222222 0.49566831683168316 0.7899305555555556 0.4251237623762376 0.7899305555555556 0.4251237623762376 0.9097222222222222
0 0.4040841584158416 0.6519097222222222 0.46967821782178215 0.6519097222222222 0.46967821782178215 0.5512152777777778 0.4040841584158416 0.5512152777777778 0.4040841584158416 0.6519097222222222
0 0.536509900990099 0.828125 0.6095297029702971 0.828125 0.6095297029702971 0.7152777777777778 0.536509900990099 0.7152777777777778 0.536509900990099 0.828125
0 0.7233910891089109 0.5269097222222222 0.786509900990099 0.5269097222222222 0.786509900990099 0.4175347222222222 0.7233910891089109 0.4175347222222222 0.7233910891089109 0.5269097222222222
0 0.693069306930693 0.4270833333333333 0.7636138613861386 0.4270833333333333 0.7636138613861386 0.3194444444444444 0.693069306930693 0.3194444444444444 0.693069306930693 0.4270833333333333
0 0.46101485148514854 0.7022569444444444 0.5266089108910891 0.7022569444444444 0.5266089108910891 0.5928819444444444 0.46101485148514854 0.5928819444444444 0.46101485148514854 0.7022569444444444
0 0.6448019801980198 0.5338541666666666 0.7103960396039604 0.5338541666666666 0.7103960396039604 0.4366319444444444 0.6448019801980198 0.4366319444444444 0.6448019801980198 0.5338541666666666
0 0.22400990099009901 0.9279513888888888 0.28589108910891087 0.9279513888888888 0.28589108910891087 0.8064236111111112 0.22400990099009901 0.8064236111111112 0.22400990099009901 0.9279513888888888
0 0.5030940594059405 0.578125 0.5662128712871287 0.578125 0.5662128712871287 0.4722222222222222 0.5030940594059405 0.4722222222222222 0.5030940594059405 0.578125
0 0.5185643564356436 0.4904513888888889 0.5829207920792079 0.4904513888888889 0.5829207920792079 0.3862847222222222 0.5185643564356436 0.3862847222222222 0.5185643564356436 0.4904513888888889
0 0.7933168316831684 0.4253472222222222 0.8626237623762376 0.4253472222222222 0.8626237623762376 0.3246527777777778 0.7933168316831684 0.3246527777777778 0.7933168316831684 0.4253472222222222
0 0.754950495049505 0.109375 0.8217821782178217 0.109375 0.8217821782178217 0.015625 0.754950495049505 0.015625 0.754950495049505 0.109375
0 0.5841584158415841 0.4956597222222222 0.6472772277227723 0.4956597222222222 0.6472772277227723 0.3914930555555556 0.5841584158415841 0.3914930555555556 0.5841584158415841 0.4956597222222222
0 0.5495049504950495 0.6692708333333334 0.6212871287128713 0.6692708333333334 0.6212871287128713 0.5581597222222222 0.5495049504950495 0.5581597222222222 0.5495049504950495 0.6692708333333334
0 0.5724009900990099 0.3611111111111111 0.6429455445544554 0.3611111111111111 0.6429455445544554 0.2604166666666667 0.5724009900990099 0.2604166666666667 0.5724009900990099 0.3611111111111111
0 0.869430693069307 0.140625 0.9362623762376238 0.140625 0.9362623762376238 0.041666666666666664 0.869430693069307 0.041666666666666664 0.869430693069307 0.140625
0 0.16584158415841585 0.9982638888888888 0.2202970297029703 0.9982638888888888 0.2202970297029703 0.9375 0.16584158415841585 0.9375 0.16584158415841585 0.9982638888888888
0 0.8236386138613861 0.2638888888888889 0.8879950495049505 0.2638888888888889 0.8879950495049505 0.18055555555555555 0.8236386138613861 0.18055555555555555 0.8236386138613861 0.2638888888888889
0 0.6949257425742574 0.09027777777777778 0.7530940594059405 0.09027777777777778 0.7530940594059405 0.001736111111111111 0.6949257425742574 0.001736111111111111 0.6949257425742574 0.09027777777777778
0 0.635519801980198 0.3914930555555556 0.7060643564356436 0.3914930555555556 0.7060643564356436 0.2942708333333333 0.635519801980198 0.2942708333333333 0.635519801980198 0.3914930555555556
0 0.8391089108910891 0.3602430555555556 0.8997524752475248 0.3602430555555556 0.8997524752475248 0.2560763888888889 0.8391089108910891 0.2560763888888889 0.8391089108910891 0.3602430555555556
0 0.7660891089108911 0.24479166666666666 0.8242574257425742 0.24479166666666666 0.8242574257425742 0.1527777777777778 0.7660891089108911 0.1527777777777778 0.7660891089108911 0.24479166666666666
0 0.46720297029702973 0.8020833333333334 0.5340346534653465 0.8020833333333334 0.5340346534653465 0.7152777777777778 0.46720297029702973 0.7152777777777778 0.46720297029702973 0.8020833333333334
0 0.27042079207920794 0.9930555555555556 0.3372524752475248 0.9930555555555556 0.3372524752475248 0.8697916666666666 0.27042079207920794 0.8697916666666666 0.27042079207920794 0.9930555555555556
0 0.22153465346534654 0.9982638888888888 0.2896039603960396 0.9982638888888888 0.2896039603960396 0.9461805555555556 0.22153465346534654 0.9461805555555556 0.22153465346534654 0.9982638888888888
0 0.32425742574257427 0.9982638888888888 0.40594059405940597 0.9982638888888888 0.40594059405940597 0.9375 0.32425742574257427 0.9375 0.32425742574257427 0.9982638888888888
0 0.6212871287128713 0.5928819444444444 0.6881188118811881 0.5928819444444444 0.6881188118811881 0.5060763888888888 0.6212871287128713 0.5060763888888888 0.6212871287128713 0.5928819444444444
0 0.7017326732673267 0.2309027777777778 0.7623762376237624 0.2309027777777778 0.7623762376237624 0.1701388888888889 0.7017326732673267 0.1701388888888889 0.7017326732673267 0.2309027777777778
0 0.7382425742574258 0.3072916666666667 0.7976485148514851 0.3072916666666667 0.7976485148514851 0.21354166666666666 0.7382425742574258 0.21354166666666666 0.7382425742574258 0.3072916666666667
0 0.567450495049505 0.5755208333333334 0.6243811881188119 0.5755208333333334 0.6243811881188119 0.4678819444444444 0.567450495049505 0.4678819444444444 0.567450495049505 0.5755208333333334
0 0.6738861386138614 0.3185763888888889 0.739480198019802 0.3185763888888889 0.739480198019802 0.2300347222222222 0.6738861386138614 0.2300347222222222 0.6738861386138614 0.3185763888888889
0 0.5160891089108911 0.7230902777777778 0.5878712871287128 0.7230902777777778 0.5878712871287128 0.6501736111111112 0.5160891089108911 0.6501736111111112 0.5160891089108911 0.7230902777777778
0 0.7574257425742574 0.3576388888888889 0.8304455445544554 0.3576388888888889 0.8304455445544554 0.2638888888888889 0.7574257425742574 0.2638888888888889 0.7574257425742574 0.3576388888888889
0 0.8657178217821783 0 0.8657178217821783 0.046875 0.942450495049505 0.046875 0.942450495049505 0 0.8657178217821783 0
0 0.9399752475247525 0 0.9399752475247525 0.04513888888888889 0.9845297029702971 0.04513888888888889 0.9845297029702971 0 0.9399752475247525 0
0 0.7988861386138614 0 0.7988861386138614 0.027777777777777776 0.8595297029702971 0.027777777777777776 0.8595297029702971 0 0.7988861386138614 0