0 0.8185975609756098 0.38848920863309355 0.16463414634146342 0.23381294964028776
0 0.6610772357723578 0.4568345323741007 0.14227642276422764 0.2068345323741007
0 0.33384146341463417 0.5674460431654677 0.1676829268292683 0.22122302158273383
0 0.07774390243902439 0.31744604316546765 0.15345528455284552 0.20323741007194246
0 0.828760162601626 0.10881294964028777 0.13922764227642276 0.21762589928057555
0 0.1991869918699187 0.25359712230215825 0.10670731707317073 0.22841726618705036
0 0.011686991869918699 0.3192446043165468 0.023373983739837397 0.16007194244604317
0 0.6717479674796748 0.2239208633093525 0.13008130081300814 0.19784172661870503
0 0.7464430894308943 0.17266187050359713 0.09552845528455285 0.16906474820143885
0 0.8328252032520326 0.06564748201438848 0.14126016260162602 0.13129496402877697
0 0.6951219512195121 0.08183453237410072 0.1016260162601626 0.16366906474820145
0 0.7154471544715447 0.039568345323741004 0.10365853658536585 0.07913669064748201
0 0.6392276422764228 0.08273381294964029 0.0975609756097561 0.16546762589928057
0 0.5767276422764228 0.1528776978417266 0.12804878048780488 0.21402877697841727
0 0.4954268292682927 0.1196043165467626 0.0782520325203252 0.17985611510791366
0 0.31859756097560976 0.2670863309352518 0.13516260162601626 0.21762589928057555
0 0.3851626016260163 0.23381294964028776 0.1016260162601626 0.20503597122302158
0 0.445630081300813 0.11241007194244604 0.08231707317073171 0.17266187050359713
0 0.35010162601626016 0.11510791366906475 0.0975609756097561 0.17805755395683454
0 0.11788617886178862 0.23741007194244604 0.09044715447154472 0.14568345323741008
0 0.16869918699186992 0.1366906474820144 0.09552845528455285 0.1223021582733813