0 0.3323170731707317 0.4919064748201439 0.1443089430894309 0.22661870503597123
0 0.21341463414634146 0.4172661870503597 0.11991869918699187 0.23201438848920863
0 0.4054878048780488 0.38848920863309355 0.1524390243902439 0.29136690647482016
0 0.27540650406504064 0.23111510791366907 0.12804878048780488 0.18165467625899281
0 0.6641260162601627 0.14298561151079137 0.09959349593495935 0.1906474820143885
0 0.7748983739837398 0.16996402877697842 0.07520325203252033 0.17086330935251798
0 0.8622967479674797 0.17985611510791366 0.07215447154471545 0.19424460431654678
0 0.4481707317073171 0.15737410071942445 0.12398373983739837 0.21402877697841727
0 0.19258130081300814 0.1303956834532374 0.11382113821138211 0.19244604316546762
0 0.12347560975609756 0.06564748201438848 0.06808943089430894 0.13129496402877697
0 0.07723577235772358 0.06744604316546762 0.07723577235772358 0.13489208633093525
0 0.2601626016260163 0.07284172661870504 0.07926829268292683 0.14568345323741008
0 0.3252032520325203 0.08992805755395683 0.10772357723577236 0.1474820143884892
0 0.36585365853658536 0.1960431654676259 0.11585365853658537 0.17266187050359713