0 0.8216463414634146 0.5782374100719424 0.16666666666666666 0.23741007194244604
0 0.6600609756097561 0.552158273381295 0.1443089430894309 0.210431654676259
0 0.33028455284552843 0.4685251798561151 0.1676829268292683 0.22661870503597123
0 0.13516260162601626 0.09352517985611511 0.15447154471544716 0.18705035971223022
0 0.883130081300813 0.3192446043165468 0.1402439024390244 0.22122302158273383
0 0.05945121951219512 0.06025179856115108 0.051829268292682924 0.12050359712230216
0 0.2601626016260163 0.10431654676258993 0.10772357723577236 0.20863309352517986
0 0.36941056910569103 0.17805755395683454 0.14227642276422764 0.23381294964028776
0 0.42835365853658536 0.1672661870503597 0.08130081300813008 0.18705035971223022
0 0.5630081300813008 0.13399280575539568 0.09044715447154472 0.18525179856115107
0 0.6275406504065041 0.20863309352517986 0.11890243902439024 0.210431654676259