0 0.2094512195121951 0.46028776978417263 0.12841463414634147 0.24453237410071943
0 0.37657520325203253 0.3892446043165467 0.15778455284552845 0.2787230215827338
0 0.34213414634146344 0.5147302158273381 0.1498780487804878 0.19156474820143884
0 0.6402439024390244 0.1328956834532374 0.0956910569105691 0.17611510791366908
0 0.7528861788617887 0.14140287769784174 0.06690040650406504 0.17510791366906475
0 0.8351524390243902 0.14989208633093526 0.07628048780487805 0.17411870503597124
0 0.2528760162601626 0.25568345323741004 0.11158536585365854 0.16627697841726619
0 0.33446138211382115 0.22442446043165468 0.08166666666666667 0.12892086330935254
0 0.4259756097560976 0.1564748201438849 0.12447154471544716 0.24483812949640288
0 0.1653556910569106 0.15678057553956834 0.11949186991869919 0.18429856115107912
0 0.09207317073170732 0.1033273381294964 0.05828252032520325 0.13136690647482016
0 0.04769308943089431 0.0875 0.07927845528455285 0.1750179856115108
0 0.23434959349593495 0.08451438848920864 0.058292682926829265 0.16901079136690647