0 0.8244613821138211 0.47812949640287766 0.1496849593495935 0.1937589928057554
0 0.6626930894308943 0.5018884892086332 0.1286788617886179 0.17406474820143886
0 0.32955284552845526 0.5212230215827338 0.1521951219512195 0.18212230215827338
0 0.09971544715447155 0.20285971223021584 0.1404878048780488 0.16685251798561151
0 0.8598983739837398 0.20257194244604315 0.12453252032520326 0.19109712230215828
0 0.0208739837398374 0.1825 0.03747967479674797 0.15176258992805755
0 0.22470528455284555 0.1739388489208633 0.08885162601626016 0.20588129496402877
0 0.341290650406504 0.2317086330935252 0.12447154471544716 0.15429856115107915
0 0.689989837398374 0.2786510791366907 0.11590447154471545 0.21223021582733814
0 0.7832012195121951 0.2511870503597122 0.10111788617886179 0.17526978417266187
0 0.5947357723577236 0.16526978417266186 0.11443089430894308 0.18329136690647482
0 0.5301524390243902 0.13339928057553957 0.07875 0.159136690647482
0 0.48040650406504065 0.10483812949640288 0.07885162601626017 0.15235611510791366