0 0.4171747967479675 0.5197841726618705 0.2032520325203252 0.30755395683453235
0 0.49034552845528456 0.4181654676258993 0.2032520325203252 0.28597122302158273
0 0.28302845528455284 0.49280575539568344 0.19410569105691056 0.2823741007194245
0 0.27997967479674796 0.30305755395683454 0.1910569105691057 0.26798561151079137
0 0.054878048780487805 0.3462230215827338 0.10975609756097561 0.24280575539568344
0 0.2682926829268293 0.15377697841726617 0.10670731707317073 0.23201438848920863
0 0.16971544715447154 0.17535971223021582 0.13109756097560976 0.23741007194244604
0 0.4730691056910569 0.19694244604316546 0.17378048780487804 0.2517985611510791
0 0.7484756097560976 0.2778776978417266 0.20833333333333334 0.3147482014388489
0 0.9227642276422764 0.1223021582733813 0.12195121951219512 0.2446043165467626
0 0.6798780487804879 0.12769784172661872 0.17886178861788618 0.25539568345323743