0 0.7967479674796748 0.6088129496402878 0.1717479674796748 0.25539568345323743
0 0.33434959349593496 0.4523381294964029 0.17682926829268292 0.2392086330935252
0 0.6336382113821138 0.5584532374100719 0.1524390243902439 0.2302158273381295
0 0.12957317073170732 0.0710431654676259 0.1676829268292683 0.1420863309352518
0 0.6920731707317073 0.3579136690647482 0.14735772357723578 0.22661870503597123
0 0.3673780487804878 0.1618705035971223 0.1443089430894309 0.2014388489208633
0 0.25965447154471544 0.09532374100719425 0.133130081300813 0.1906474820143885
0 0.5558943089430894 0.1420863309352518 0.09552845528455285 0.18884892086330934
0 0.6138211382113821 0.21223021582733814 0.13617886178861788 0.23201438848920863
0 0.7860772357723578 0.38219424460431656 0.13414634146341464 0.22661870503597123
0 0.8638211382113821 0.35611510791366907 0.1443089430894309 0.2302158273381295
0 0.7596544715447154 0.23111510791366907 0.12296747967479675 0.2014388489208633
0 0.40802845528455284 0.06115107913669065 0.11077235772357724 0.1223021582733813