0 0.3412195121951219 0.5251079136690647 0.15103658536585365 0.17149280575539566
0 0.7825914634146341 0.4745863309352518 0.1526321138211382 0.19568345323741007
0 0.6151422764227642 0.4955935251798561 0.12576219512195122 0.1768884892086331
0 0.6449491869918699 0.27784172661870504 0.13100609756097562 0.17318345323741008
0 0.8154979674796748 0.20239208633093525 0.12078252032520324 0.19426258992805756
0 0.06380081300813008 0.19787769784172662 0.12388211382113822 0.16748201438848923
0 0.7202947154471544 0.25339928057553956 0.13376016260162601 0.2448021582733813
0 0.294989837398374 0.2329136690647482 0.13801829268292684 0.16388489208633095
0 0.17518292682926828 0.16577338129496402 0.08629065040650406 0.23823741007194246
0 0.5606910569105691 0.16836330935251798 0.10121951219512194 0.19309352517985612
0 0.48226626016260166 0.1223201438848921 0.06835365853658537 0.16931654676258992
0 0.4369918699186992 0.09174460431654675 0.07535569105691058 0.1585431654676259
0 0.33903455284552847 0.08451438848920864 0.09284552845528456 0.16901079136690647