2 0.4608739837398374 0.5241935483870968 0.03556910569105691 0.05555555555555555
2 0.4928861788617886 0.32437275985663083 0.01524390243902439 0.03046594982078853
2 0.546239837398374 0.32974910394265233 0.018292682926829267 0.026881720430107527
2 0.6925813008130082 0.5716845878136201 0.012195121951219513 0.035842293906810034
2 0.6961382113821138 0.3270609318996416 0.017276422764227643 0.026881720430107527
2 0.6209349593495935 0.26881720430107525 0.01524390243902439 0.026881720430107527
2 0.4380081300813008 0.5053763440860215 0.024390243902439025 0.05555555555555555
2 0.4923780487804878 0.5421146953405018 0.019308943089430895 0.03763440860215054
2 0.20477642276422764 0.3163082437275986 0.026422764227642278 0.035842293906810034
2 0.3861788617886179 0.2831541218637993 0.014227642276422764 0.02867383512544803
2 0.4608739837398374 0.5241935483870968 0.03556910569105691 0.05555555555555555
2 0.4928861788617886 0.32437275985663083 0.01524390243902439 0.03046594982078853
2 0.546239837398374 0.32974910394265233 0.018292682926829267 0.026881720430107527
2 0.6925813008130082 0.5716845878136201 0.012195121951219513 0.035842293906810034
2 0.6961382113821138 0.3270609318996416 0.017276422764227643 0.026881720430107527
2 0.6209349593495935 0.26881720430107525 0.01524390243902439 0.026881720430107527
2 0.4380081300813008 0.5053763440860215 0.024390243902439025 0.05555555555555555
2 0.4923780487804878 0.5421146953405018 0.019308943089430895 0.03763440860215054
2 0.20477642276422764 0.3163082437275986 0.026422764227642278 0.035842293906810034
2 0.3861788617886179 0.2831541218637993 0.014227642276422764 0.02867383512544803
2 0.5625 0.3324372759856631 0.018292682926829267 0.025089605734767026
2 0.5442073170731707 0.5403225806451613 0.013211382113821139 0.02867383512544803
2 0.5045731707317073 0.23207885304659498 0.021341463414634148 0.03763440860215054
2 0.9817073170731707 0.6379928315412187 0.027439024390243903 0.05555555555555555
2 0.5289634146341463 0.2992831541218638 0.013211382113821139 0.026881720430107527
2 0.23932926829268292 0.3172043010752688 0.017276422764227643 0.04121863799283154
2 0.4222560975609756 0.49910394265232977 0.01524390243902439 0.04121863799283154
2 0.32723577235772355 0.3109318996415771 0.016260162601626018 0.026881720430107527
2 0.9263211382113821 0.6299283154121864 0.022357723577235773 0.026881720430107527
2 0.5914634146341463 0.25268817204301075 0.013211382113821139 0.01971326164874552
2 0.570630081300813 0.739247311827957 0.04065040650406504 0.04121863799283154
2 0.5177845528455285 0.28584229390681004 0.012195121951219513 0.021505376344086023
2 0.2693089430894309 0.31272401433691754 0.01524390243902439 0.03046594982078853
2 0.556910569105691 0.5448028673835126 0.009146341463414634 0.026881720430107527
2 0.9867886178861789 0.23655913978494625 0.012195121951219513 0.023297491039426525
2 0.49796747967479676 0.289426523297491 0.018292682926829267 0.021505376344086023
2 0.37652439024390244 0.31899641577060933 0.017276422764227643 0.03225806451612903
2 0.961890243902439 0.6908602150537635 0.021341463414634148 0.034050179211469536
2 0.9598577235772358 0.2625448028673835 0.012195121951219513 0.026881720430107527
2 0.586890243902439 0.27060931899641577 0.019308943089430895 0.026881720430107527
2 0.5030487804878049 0.28584229390681004 0.02032520325203252 0.021505376344086023
2 0.30691056910569103 0.31272401433691754 0.016260162601626018 0.034050179211469536
2 0.17123983739837398 0.3046594982078853 0.016260162601626018 0.021505376344086023
2 0.12754065040650406 0.3154121863799283 0.02032520325203252 0.03046594982078853
2 0.3394308943089431 0.3163082437275986 0.016260162601626018 0.03225806451612903
2 0.6122967479674797 0.23476702508960573 0.013211382113821139 0.023297491039426525
2 0.2865853658536585 0.31272401433691754 0.01524390243902439 0.03763440860215054
2 0.9486788617886179 0.8198924731182796 0.03861788617886179 0.06810035842293907
2 0.16615853658536586 0.31989247311827956 0.012195121951219513 0.02867383512544803
2 0.9822154471544715 0.26344086021505375 0.01524390243902439 0.034050179211469536
2 0.3714430894308943 0.5008960573476703 0.028455284552845527 0.05555555555555555
2 0.34959349593495936 0.31362007168458783 0.017276422764227643 0.04121863799283154
2 0.06402439024390244 0.7078853046594982 0.01524390243902439 0.026881720430107527
2 0.09502032520325203 0.31272401433691754 0.022357723577235773 0.04121863799283154