2 0.49823170731707317 0.3064516129032258 0.013384146341463414 0.03394265232974911
2 0.6935264227642276 0.2782078853046595 0.017479674796747967 0.0253584229390681
2 0.5092987804878049 0.5265412186379929 0.01806910569105691 0.04021505376344086
2 0.476219512195122 0.5130465949820788 0.036819105691056904 0.05261648745519713
2 0.4513109756097561 0.49881720430107523 0.020436991869918698 0.05224014336917562
2 0.5667886178861788 0.3049283154121864 0.017865853658536584 0.027025089605734767
2 0.2101219512195122 0.34881720430107527 0.0291260162601626 0.03329749103942652
2 0.31670731707317074 0.32912186379928315 0.014308943089430894 0.03564516129032258
2 0.24501016260162603 0.34627240143369176 0.01709349593495935 0.04055555555555555
2 0.5508130081300813 0.3048028673835126 0.0166260162601626 0.02618279569892473
2 0.1036890243902439 0.3593189964157706 0.016880081300813008 0.027383512544802865
2 0.6275000000000001 0.23713261648745518 0.015071138211382114 0.02543010752688172
2 0.7101016260162601 0.5227419354838709 0.012123983739837398 0.03137992831541219
2 0.9824593495934959 0.7274193548387097 0.03475609756097561 0.06388888888888888
2 0.37939024390243903 0.3169354838709677 0.015873983739837397 0.0353584229390681
2 0.4376727642276423 0.2819713261648746 0.01616869918699187 0.037096774193548385
2 0.3323678861788618 0.3218996415770609 0.015071138211382114 0.026129032258064518
2 0.09333333333333334 0.7615591397849463 0.016016260162601628 0.02403225806451613
2 0.38891260162601626 0.2881541218637993 0.012113821138211382 0.02860215053763441
2 0.5552439024390244 0.5173655913978494 0.012703252032520325 0.02575268817204301
2 0.4221544715447154 0.2773655913978495 0.019522357723577237 0.03525089605734767
2 0.5089735772357723 0.21327956989247313 0.020203252032520325 0.027634408602150537
2 0.35528455284552846 0.32039426523297493 0.016321138211382112 0.041308243727598566
2 0.5305386178861788 0.281326164874552 0.014634146341463415 0.02521505376344086
2 0.6027743902439024 0.3099641577060932 0.011310975609756099 0.02521505376344086
2 0.6665752032520325 0.19627240143369176 0.014471544715447154 0.03114695340501792
2 0.1408739837398374 0.35693548387096774 0.01861788617886179 0.02870967741935484
2 0.5964126016260163 0.7119354838709677 0.030934959349593498 0.03603942652329749
2 0.9846951219512196 0.6012007168458782 0.017550813008130082 0.02844086021505376
2 0.385599593495935 0.2917921146953405 0.01040650406504065 0.02657706093189964
2 0.17789634146341465 0.34480286738351257 0.015264227642276423 0.020304659498207884
2 0.2923170731707317 0.3350358422939068 0.014532520325203253 0.03879928315412186
2 0.7307825203252033 0.19322580645161289 0.014847560975609755 0.0271326164874552
2 0.2913922764227643 0.3206810035842294 0.012703252032520325 0.016397849462365593
2 0.5969207317073171 0.22202508960573478 0.012449186991869919 0.014713261648745521
2 0.27535569105691055 0.3352867383512545 0.01532520325203252 0.030250896057347668
2 0.5953963414634147 0.24078853046594983 0.015436991869918698 0.023548387096774193
2 0.4354979674796748 0.4936021505376344 0.015670731707317073 0.0356989247311828
2 0.3401117886178862 0.34440860215053765 0.0195630081300813 0.030376344086021505
2 0.17427845528455285 0.355089605734767 0.015802845528455286 0.028207885304659498
2 0.5754878048780487 0.5239426523297491 0.012916666666666668 0.04096774193548387