2 0.8897357723577236 0.9507168458781362 0.041666666666666664 0.07526881720430108
2 0.6341463414634146 0.3270609318996416 0.016260162601626018 0.02867383512544803
2 0.4146341463414634 0.5053763440860215 0.027439024390243903 0.06093189964157706
2 0.4639227642276423 0.5474910394265233 0.021341463414634148 0.04838709677419355
2 0.5553861788617886 0.3664874551971326 0.022357723577235773 0.03763440860215054
2 0.540650406504065 0.36200716845878134 0.022357723577235773 0.034050179211469536
2 0.19766260162601626 0.24551971326164876 0.03353658536585366 0.04838709677419355
2 0.4847560975609756 0.33602150537634407 0.017276422764227643 0.03225806451612903
2 0.3465447154471545 0.28225806451612906 0.019308943089430895 0.04659498207885305
2 0.49847560975609756 0.5654121863799283 0.013211382113821139 0.02867383512544803
2 0.6595528455284553 0.38530465949820786 0.011178861788617886 0.021505376344086023
2 0.5167682926829268 0.3055555555555556 0.016260162601626018 0.023297491039426525
2 0.9136178861788617 0.8270609318996416 0.022357723577235773 0.035842293906810034
2 0.49339430894308944 0.29659498207885304 0.01524390243902439 0.021505376344086023
2 0.32215447154471544 0.27419354838709675 0.02032520325203252 0.034050179211469536
2 0.3048780487804878 0.2777777777777778 0.02032520325203252 0.03942652329749104
2 0.38058943089430897 0.26881720430107525 0.014227642276422764 0.03046594982078853
2 0.4369918699186992 0.5259856630824373 0.04369918699186992 0.06630824372759857
2 0.5025406504065041 0.31989247311827956 0.02032520325203252 0.03225806451612903
2 0.5101626016260162 0.5698924731182796 0.01016260162601626 0.026881720430107527
2 0.9415650406504065 0.7876344086021505 0.028455284552845527 0.05197132616487455
2 0.49034552845528456 0.3010752688172043 0.012195121951219513 0.01971326164874552
2 0.38871951219512196 0.2482078853046595 0.013211382113821139 0.021505376344086023
2 0.5259146341463414 0.767921146953405 0.04369918699186992 0.05913978494623656
2 0.027947154471544715 0.5940860215053764 0.019308943089430895 0.03225806451612903
2 0.28353658536585363 0.27060931899641577 0.022357723577235773 0.053763440860215055
2 0.5884146341463414 0.3100358422939068 0.02032520325203252 0.03046594982078853
2 0.5127032520325203 0.30824372759856633 0.016260162601626018 0.025089605734767026
2 0.6615853658536586 0.2956989247311828 0.02032520325203252 0.043010752688172046
2 0.5193089430894309 0.5761648745519713 0.018292682926829267 0.03225806451612903
2 0.6285569105691057 0.39695340501792115 0.019308943089430895 0.034050179211469536
2 0.5884146341463414 0.3163082437275986 0.016260162601626018 0.025089605734767026
2 0.6554878048780488 0.3826164874551971 0.014227642276422764 0.023297491039426525
2 0.32672764227642276 0.30286738351254483 0.022357723577235773 0.043010752688172046
2 0.3673780487804878 0.2939068100358423 0.022357723577235773 0.044802867383512544
2 0.9690040650406504 0.41935483870967744 0.022357723577235773 0.04838709677419355
2 0.17276422764227642 0.22849462365591397 0.017276422764227643 0.035842293906810034
2 0.6300813008130082 0.29121863799283154 0.011178861788617886 0.023297491039426525
2 0.09400406504065041 0.21415770609318996 0.021341463414634148 0.03763440860215054
2 0.4110772357723577 0.2732974910394265 0.018292682926829267 0.02867383512544803
2 0.7271341463414634 0.33064516129032256 0.018292682926829267 0.02867383512544803
2 0.3465447154471545 0.4731182795698925 0.032520325203252036 0.05913978494623656