2 0.524390243902439 0.7338709677419355 0.041666666666666664 0.05555555555555555
2 0.4949186991869919 0.26344086021505375 0.018292682926829267 0.03046594982078853
2 0.2886178861788618 0.36379928315412186 0.01524390243902439 0.03046594982078853
2 0.3988821138211382 0.3655913978494624 0.017276422764227643 0.035842293906810034
2 0.3699186991869919 0.5609318996415771 0.02540650406504065 0.05734767025089606
2 0.49136178861788615 0.26881720430107525 0.019308943089430895 0.03225806451612903
2 0.915650406504065 0.4838709677419355 0.028455284552845527 0.05913978494623656
2 0.9080284552845529 0.6729390681003584 0.03048780487804878 0.05734767025089606
2 0.38109756097560976 0.34229390681003585 0.022357723577235773 0.025089605734767026
2 0.4446138211382114 0.5797491039426523 0.024390243902439025 0.043010752688172046
2 0.866869918699187 0.08781362007168458 0.012195121951219513 0.023297491039426525
2 0.2606707317073171 0.4050179211469534 0.018292682926829267 0.044802867383512544
2 0.37601626016260165 0.3449820788530466 0.018292682926829267 0.021505376344086023
2 0.2190040650406504 0.4229390681003584 0.017276422764227643 0.03225806451612903
2 0.5528455284552846 0.25089605734767023 0.01524390243902439 0.02867383512544803
2 0.23577235772357724 0.4166666666666667 0.017276422764227643 0.03225806451612903
2 0.4679878048780488 0.3467741935483871 0.022357723577235773 0.043010752688172046
2 0.6778455284552846 0.5286738351254481 0.018292682926829267 0.03225806451612903
2 0.4268292682926829 0.31272401433691754 0.012195121951219513 0.025089605734767026
2 0.15040650406504066 0.4551971326164875 0.02032520325203252 0.04121863799283154
2 0.4420731707317073 0.30824372759856633 0.009146341463414634 0.025089605734767026
2 0.2611788617886179 0.3521505376344086 0.02032520325203252 0.03225806451612903
2 0.33790650406504064 0.3503584229390681 0.01524390243902439 0.035842293906810034
2 0.27947154471544716 0.4014336917562724 0.017276422764227643 0.034050179211469536
2 0.19664634146341464 0.4175627240143369 0.01524390243902439 0.021505376344086023
2 0.2301829268292683 0.3664874551971326 0.012195121951219513 0.01971326164874552
2 0.20020325203252032 0.4399641577060932 0.017276422764227643 0.03225806451612903
2 0.3201219512195122 0.34767025089605735 0.019308943089430895 0.025089605734767026
2 0.39634146341463417 0.5707885304659498 0.039634146341463415 0.06093189964157706
2 0.9908536585365854 0.46863799283154123 0.018292682926829267 0.05555555555555555
2 0.011686991869918699 0.503584229390681 0.017276422764227643 0.026881720430107527
2 0.5528455284552846 0.2921146953405018 0.013211382113821139 0.02867383512544803
2 0.9014227642276422 0.5421146953405018 0.02032520325203252 0.03225806451612903
2 0.5548780487804879 0.2114695340501792 0.014227642276422764 0.035842293906810034
2 0.4532520325203252 0.3521505376344086 0.021341463414634148 0.035842293906810034
2 0.18292682926829268 0.43548387096774194 0.016260162601626018 0.03225806451612903
2 0.11128048780487805 0.471326164874552 0.02540650406504065 0.035842293906810034
2 0.7693089430894309 0.5259856630824373 0.023373983739837397 0.04121863799283154
2 0.037601626016260166 0.49910394265232977 0.011178861788617886 0.025089605734767026
2 0.046747967479674794 0.4910394265232975 0.01524390243902439 0.02867383512544803
2 0.33434959349593496 0.3870967741935484 0.026422764227642278 0.043010752688172046
2 0.8678861788617886 0.12275985663082438 0.019308943089430895 0.043010752688172046
2 0.32215447154471544 0.3611111111111111 0.021341463414634148 0.034050179211469536