2 0.19359756097560976 0.4775985663082437 0.029471544715447155 0.05017921146953405
2 0.2306910569105691 0.496415770609319 0.027439024390243903 0.04121863799283154
2 0.17123983739837398 0.24731182795698925 0.022357723577235773 0.02867383512544803
2 0.2708333333333333 0.25448028673835127 0.022357723577235773 0.03225806451612903
2 0.17682926829268292 0.25089605734767023 0.021341463414634148 0.02867383512544803
2 0.0391260162601626 0.30913978494623656 0.019308943089430895 0.034050179211469536
2 0.12296747967479675 0.2625448028673835 0.024390243902439025 0.03763440860215054
2 0.20121951219512196 0.271505376344086 0.017276422764227643 0.03046594982078853
2 0.3622967479674797 0.16845878136200718 0.014227642276422764 0.021505376344086023
2 0.08434959349593496 0.30197132616487454 0.018292682926829267 0.03225806451612903
2 0.09247967479674797 0.26433691756272404 0.01524390243902439 0.034050179211469536
2 0.0625 0.253584229390681 0.019308943089430895 0.02867383512544803
2 0.25558943089430897 0.2589605734767025 0.019308943089430895 0.03225806451612903
2 0.7007113821138211 0.6173835125448028 0.026422764227642278 0.03942652329749104
2 0.3170731707317073 0.6550179211469535 0.04065040650406504 0.05197132616487455
2 0.49441056910569103 0.45340501792114696 0.021341463414634148 0.035842293906810034
2 0.019817073170731708 0.31899641577060933 0.021341463414634148 0.035842293906810034
2 0.061483739837398375 0.30286738351254483 0.023373983739837397 0.034050179211469536
2 0.29776422764227645 0.16845878136200718 0.012195121951219513 0.017921146953405017
2 0.25203252032520324 0.21594982078853048 0.011178861788617886 0.025089605734767026
2 0.14227642276422764 0.25268817204301075 0.017276422764227643 0.03942652329749104
2 0.11788617886178862 0.2974910394265233 0.022357723577235773 0.03225806451612903
2 0.35365853658536583 0.20878136200716846 0.017276422764227643 0.023297491039426525
2 0.042682926829268296 0.33691756272401435 0.02540650406504065 0.034050179211469536
2 0.16565040650406504 0.46415770609318996 0.02540650406504065 0.044802867383512544
2 0.13567073170731708 0.2921146953405018 0.029471544715447155 0.03942652329749104
2 0.7134146341463414 0.4292114695340502 0.026422764227642278 0.053763440860215055
2 0.2967479674796748 0.1917562724014337 0.017276422764227643 0.025089605734767026
2 0.676829268292683 0.02867383512544803 0.012195121951219513 0.02867383512544803
2 0.10010162601626016 0.4767025089605735 0.026422764227642278 0.05017921146953405
2 0.630589430894309 0.4345878136200717 0.026422764227642278 0.025089605734767026
2 0.19766260162601626 0.22849462365591397 0.013211382113821139 0.025089605734767026
2 0.041158536585365856 0.25268817204301075 0.012195121951219513 0.021505376344086023
2 0.3638211382113821 0.23118279569892472 0.017276422764227643 0.02867383512544803
2 0.14989837398373984 0.460573476702509 0.017276422764227643 0.03046594982078853
2 0.6590447154471545 0.4390681003584229 0.017276422764227643 0.026881720430107527
2 0.003556910569105691 0.3485663082437276 0.007113821138211382 0.034050179211469536
2 0.35365853658536583 0.1460573476702509 0.019308943089430895 0.023297491039426525
2 0.17835365853658536 0.47580645161290325 0.019308943089430895 0.044802867383512544
2 0.7774390243902439 0.42383512544802865 0.028455284552845527 0.043010752688172046
2 0.22865853658536586 0.22401433691756273 0.01524390243902439 0.025089605734767026
2 0.358739837398374 0.1335125448028674 0.02032520325203252 0.03046594982078853
2 0.35010162601626016 0.21505376344086022 0.02032520325203252 0.023297491039426525
2 0.16717479674796748 0.4982078853046595 0.023373983739837397 0.043010752688172046