2 0.8617343749999999 0.253453125 0.0775 0.096109375
2 0.77928125 0.269046875 0.054468749999999996 0.12979687499999998
2 0.901828125 0.218671875 0.05596875 0.143890625
2 0.79559375 0.354359375 0.121359375 0.099046875
2 0.860015625 0.447359375 0.09615625 0.17146875
2 0.93125 0.350703125 0.09621874999999999 0.21395312500000002
2 0.191234375 0.513953125 0.06737499999999999 0.11046875
2 0.98615625 0.181 0.027687499999999997 0.166859375
2 0.70621875 0.308921875 0.06348437500000001 0.11285937500000001
2 0.6183125 0.345140625 0.058140625 0.11253125
2 0.948265625 0.20740625000000001 0.057234375000000004 0.15628124999999998
2 0.6638437500000001 0.332421875 0.054953125000000005 0.11126562499999999