2 0.691421875 0.4653125 0.06442187499999999 0.12409375
2 0.617046875 0.46428125 0.07290624999999999 0.128390625
2 0.32090625 0.5485156250000001 0.05603125 0.1295
2 0.950921875 0.39128124999999997 0.08284375000000001 0.14078125
2 0.50215625 0.498203125 0.054906250000000004 0.11370312499999999
2 0.781359375 0.43959374999999995 0.059781249999999994 0.140171875
2 0.093328125 0.569296875 0.055874999999999994 0.08946875
2 0.22360937500000003 0.5876875 0.046140625000000005 0.11173437500000001
2 0.030890624999999998 0.66090625 0.060484375 0.14775
2 0.13273437500000002 0.627484375 0.078984375 0.0838125
2 0.8780468750000001 0.42434374999999996 0.080984375 0.1045625
2 0.03025 0.5552343750000001 0.059640625 0.09284375
2 0.91040625 0.40828125000000004 0.141171875 0.14475