2 0.135359375 0.18940625 0.043265625 0.051125
2 0.36 0.368796875 0.043234375000000005 0.043875
2 0.31796875 0.4335625 0.049078125 0.050390625
2 0.261265625 0.20232812500000003 0.029109375 0.04259375
2 0.197484375 0.20415624999999998 0.0224375 0.04034375
2 0.19953125 0.32037499999999997 0.0418125 0.039296874999999995
2 0.431671875 0.446546875 0.0376875 0.0475625
2 0.257421875 0.33503125 0.046015625 0.049359375
2 0.44659375 0.31970312500000003 0.019640625000000002 0.044546875
2 0.27803125 0.48051562499999995 0.04525 0.053890625000000004
2 0.387625 0.48775 0.04184375 0.04509375
2 0.388171875 0.25375000000000003 0.0319375 0.038093749999999996
2 0.332421875 0.212203125 0.03790625 0.04165625
2 0.2066875 0.40615625 0.049859375 0.045171875
2 0.354515625 0.5145625 0.046203125 0.0411875
2 0.385453125 0.41974999999999996 0.03775 0.037890625
2 0.061875 0.561625 0.056484374999999996 0.0505
2 0.20459375 0.45746875 0.045265625 0.052375000000000005
2 0.228859375 0.2619375 0.039828125 0.04184375
2 0.47828125000000005 0.36659375 0.02684375 0.045078125000000004
2 0.4926875 0.38471875 0.030296875 0.04596875
2 0.293328125 0.36126562500000003 0.041625 0.029265625